Pedestrian -1.0 -1 0.7920757437787007 165.03258998809227 147.63638860129186 258.8405593861103 357.9023270206266 1.8 0.5843683637678623 0.46580094173550607 -3.6401588443524386 1.5844803204843974 6.519616315595038 0.28285245498153144 0.9999995231628418 
Pedestrian -1.0 -1 0.4324418412880098 738.6688720945898 155.89739897628442 794.7734950367706 284.983914236957 1.8 0.6086289443075656 0.5980883285403251 2.2262426288362467 1.563912711997116 10.481251935012097 0.6417338093135017 0.9999994039535522 
Pedestrian -1.0 -1 -2.0626246498202736 536.0973148126976 173.19434355140703 556.6250545479122 217.92807686780188 1.8 0.4921789772808552 0.8513300240039825 -2.649609398181787 1.814519149979325 29.528902598502786 -2.1521143476155147 0.9999991655349731 
Cyclist -1.0 -1 1.7021465227492785 446.45265049297694 184.55337965644398 478.4436621204739 246.12964897676338 1.4 0.5471516892313957 1.732269351184368 -3.6335887889878133 1.7004527294567402 17.621483754702755 1.4987944801661628 0.9999990463256836 
Cyclist -1.0 -1 1.659016165886058 494.2112296017206 183.4421369395953 516.1981340145086 227.39837690564147 1.4 0.5879279717803001 1.691349458694458 -3.5549521365806345 1.768949190937825 24.254107400754226 1.5134813030573981 0.9999921321868896 
Pedestrian -1.0 -1 0.9661792193401004 166.24838950994058 148.2410680554229 266.0807930144539 355.38520821229383 1.8 0.6614789858460426 0.4680059410631657 -3.683284424338547 1.5864813265458453 6.667466652708548 0.4614750583979743 0.999913215637207 
Pedestrian -1.0 -1 -2.0248220631053355 540.134720066428 173.21037910396112 561.9844405188194 217.5857654707879 1.8 0.5979704231023788 0.8220105923712253 -2.477499501777193 1.8153175408915827 29.779242792488102 -2.1078264276173457 0.9997768998146057 
Pedestrian -1.0 -1 -2.016359070001407 528.8130653222603 173.26249019921528 549.5067286159023 218.05447783261368 1.8 0.5228910155594348 0.8567791923880577 -2.9420729878685554 1.8173466862522096 29.50381400683023 -2.1157488981869563 0.9993734955787659 
Pedestrian -1.0 -1 3.553435390382818 221.61455036927842 145.58294108926282 322.7137386282451 363.7027104761799 1.8 0.6891053661704063 0.5746893145143985 -2.984523295630674 1.5753076567921027 6.304728382335406 3.1113108277281345 0.982233464717865 
Pedestrian -1.0 -1 0.5983563394896165 187.71780561269352 144.5475406371318 287.4696854876002 370.4297544091871 1.8 0.5850050158798694 0.5052342571318149 -3.1708391962889384 1.574790658997612 6.06695094816878 0.11676017840835026 0.7326037287712097 
