Car -1.0 -1 1.7648063545117454 434.34014494838186 180.8020202005842 493.9486225869928 222.2101162382172 1.5 1.5831590190529823 4.099484768509865 -5.815242642954076 1.8421820826403414 28.97584078621395 1.5667447288844245 0.9999997615814209 
Car -1.0 -1 -1.702385846428016 665.531758882962 178.67994091091725 714.8593602415007 216.7921392858206 1.5 1.5912412226200103 3.902351346611977 3.3352324336209698 1.7663267391140187 30.96735003916287 -1.5950978277858836 0.9999978542327881 
Car -1.0 -1 1.8115226988765691 388.75444586198535 180.94305925028067 465.6135490642141 233.59073118891087 1.5 1.5211988732218742 3.7503498166799547 -5.776793582110821 1.7794323831098768 23.01135949271357 1.5655645569178718 0.9999971389770508 
Car -1.0 -1 2.818468449588676 779.2032985147704 177.43021800277003 878.0688873119826 215.2275330740336 1.5 1.6141796976327896 3.5655087351799013 8.908484386596196 1.6942427758809915 29.704055070824996 3.109840857978684 0.9999963045120239 
Car -1.0 -1 2.7884649945706883 812.227526061624 176.81082967463504 945.0281086457181 222.2600335206536 1.5 1.5838632851839065 3.963713210821152 9.095226072900955 1.6404108878836567 24.742636300708885 3.1407263159712375 0.9999926090240479 
Car -1.0 -1 2.7752216407604893 803.0818130750688 177.12769463597618 901.9235583832879 218.3565894168077 1.5 1.618363757431507 3.1757267683744432 9.08628542169194 1.6673507318947784 27.310968599040933 3.0963996529539646 0.9999767541885376 
Car -1.0 -1 -0.7583605329532431 1214.690670509609 172.42966779250085 1241.0 219.0888823938521 1.5 1.7005103200674057 4.258244347572327 22.959541409690377 1.4867163736832947 24.0516069859529 0.0038118799540655993 0.9999594688415527 
Car -1.0 -1 1.9972957956444464 173.1544842765879 181.30177361996897 366.90368521283494 284.34192139469957 1.5 1.5969912081956863 3.897134077548981 -5.808325412010378 1.672712129310009 12.769427741099186 1.5704061230036872 0.9998169541358948 
Car -1.0 -1 -0.7897528544724829 1155.8817210648199 173.21729344340255 1241.0 215.33900537509894 1.5 1.7436856895685195 4.463338342308998 23.018770585428026 1.5143573328193438 26.755917337735028 -0.07929535309341976 0.9997574687004089 
Car -1.0 -1 1.7523340112168981 477.5662673840176 180.659682704482 523.8327001268124 212.8275681097512 1.5 1.6114524126052856 4.1222433120012285 -5.538207463422938 1.9204188552368144 36.74086021070918 1.6027233481367649 0.9997372031211853 
Car -1.0 -1 -0.7017492047795547 1105.2455670475701 173.8106448106082 1241.0 211.59256354118676 1.5 1.77650326192379 4.9497275173664095 23.377116906231187 1.5409826985780917 29.665392113962522 -0.03435190121201106 0.9994484782218933 
Car -1.0 -1 -0.622542511183162 1077.1554071007697 174.24680737233743 1209.601774317958 208.89556022998852 1.5 1.7353741943836212 4.608261075615883 23.682841974208362 1.5642462850728152 32.20005519217492 0.011607809862818041 0.9991956353187561 
Car -1.0 -1 1.8897781823482456 317.3222460452211 181.0555739028688 431.7305599543113 249.87113679259815 1.5 1.571771179139614 3.9263817042112352 -5.822537184887915 1.7292540110589265 18.164496688671413 1.5795810103376926 0.991710364818573 
Car -1.0 -1 1.8079688270995822 491.22035037920455 180.6796423558735 531.7840870722479 208.3930595373764 1.5 1.4891716212034225 3.837898609042168 -5.737753663090749 1.9791327150131903 42.15640144572803 1.6726937174757541 0.9754669666290283 
