Car -1.0 -1 -1.3145632415844752 338.7472822038061 177.9846910791078 486.0758345840267 278.03729560738117 1.5 1.5569709733128547 3.8677512228488924 -3.257317124679357 1.4639513124184547 12.530542851222277 -1.568884653216463 0.9999998807907104 
Pedestrian -1.0 -1 0.13258473166141635 559.2140319313676 165.46871018236692 598.0577066586211 231.9684086257257 1.8 0.7295086540281772 0.98701226785779 -0.7552484785672295 1.3947174994654736 19.54272885121113 0.09395794471236638 0.9999978542327881 
Pedestrian -1.0 -1 0.29417380734044674 388.84147786992554 165.89560810660677 436.7024219824249 242.4799385519715 1.8 0.5949434384703636 0.9764149345457553 -4.631319125367687 1.4583505129701806 16.92372418515166 0.027055307230676926 0.9999978542327881 
Cyclist -1.0 -1 -0.34497969418169083 1089.2367272069478 173.73793002404622 1190.261294037477 240.77640689411842 1.4 0.5329994976520538 1.6560199230909347 11.468530550037817 1.2604062973777592 15.259651742089488 0.2995185097071784 0.9999966621398926 
Pedestrian -1.0 -1 3.516690767431327 213.7343872038339 169.6344851465492 260.14362709894425 237.92650473900582 1.8 0.553443332016468 0.9696173973381519 -9.896187503450738 1.5151993091833194 18.9574665679543 3.035582292075974 0.9999945163726807 
Cyclist -1.0 -1 -0.5938001793568188 790.903477381525 176.0334782744598 832.9848925924679 208.8657637145567 1.4 0.5726236410439014 1.7285235717892646 8.960320582099895 1.2110216806480456 30.680333507664677 -0.30964894691971373 0.999996542930603 
Pedestrian -1.0 -1 -2.7717302955606353 329.2898802776985 168.61672067164236 367.0887402161102 234.4227097222585 1.8 0.4902197539806366 0.8667299084365367 -7.145436688350295 1.476534513988019 19.588799035968883 -3.121503547826086 0.9999916553497314 
Cyclist -1.0 -1 -1.4830693581561205 858.6839130793436 175.3937797944232 883.6811055418673 212.49617874329448 1.4 0.7664992034435272 1.7443100482225418 10.388820992824233 1.208835759935517 27.626515386374454 -1.12338258425263 0.9999905824661255 
Pedestrian -1.0 -1 3.271134656914819 208.07281412842588 169.1626933319963 257.73698017316474 240.50611373885528 1.8 0.5735271170735359 1.0735714368522167 -9.648557379016964 1.5155523446288608 18.289752551799737 2.7856993555983127 0.9999756813049316 
Cyclist -1.0 -1 -0.5206861356657264 987.4585939547921 174.25404239788358 1064.158939555745 223.04940662216472 1.4 0.649009507894516 1.8438950672745704 12.222561913663004 1.2223662663673427 20.6189043541522 0.01441077788802556 0.9999731779098511 
Car -1.0 -1 -0.6649244416943128 1033.3122026530336 169.80119974349398 1158.277516018893 208.776730760337 1.5 1.6336452707648277 3.9125832289457323 19.450558638735284 1.0897552318744097 28.13916637405719 -0.06011052528885433 0.9999558925628662 
Pedestrian -1.0 -1 -2.65880610175678 236.98789235488255 169.99859737194313 278.55016809907823 234.62546609593346 1.8 0.5839990943670272 0.88597112596035 -9.846196794761745 1.5090890525059744 19.9909312845693 -3.1164624253895625 0.9999468326568604 
Pedestrian -1.0 -1 0.5909350016047907 189.12807444929513 171.33192851139742 231.21060481373658 231.85690242336457 1.8 0.5644165471196174 0.9577665038406848 -11.946305559962628 1.528907151781997 21.342383678002694 0.0806403597209113 0.9999171495437622 
Pedestrian -1.0 -1 0.5327710858733041 185.13985026714323 171.24843811685602 225.24675874203734 232.60648775717124 1.8 0.5007479831576347 0.9090969830751419 -11.900976942399708 1.5301624803207228 20.995124730950046 0.0170872648570197 0.9999001026153564 
Cyclist -1.0 -1 -0.37145339304980407 283.53215176417655 183.78508580761917 363.5022762599221 244.22703862904913 1.4 0.6099418297410011 1.7111853256821632 -6.8935864601991055 1.4855874264450208 17.266633660575472 -0.751307205357824 0.999862551689148 
Car -1.0 -1 -0.6906617237506225 1141.0588878498468 168.27085611090249 1223.0 206.761657467482 1.5 1.696111124753952 4.3573691070079805 24.376329376926837 1.0249286662746442 28.43614328429544 0.01801507075759343 0.9987063407897949 
Cyclist -1.0 -1 -2.0486380747562127 1035.064787962591 173.0135167714744 1080.4909421351376 211.57475881854586 1.4 0.6845699183642864 1.798994143307209 16.976266043993185 1.1297168924813554 26.591778172084048 -1.480458782115255 0.5008448362350464 
