Car -1.0 -1 -1.597763210127942 670.1880067048261 178.43836755919816 720.127707138042 226.29228715719358 1.5 1.5919022753834724 3.8549753397703173 2.850133308769126 1.7097807211927714 25.067215449920536 -1.4845497618105752 0.9999961853027344 
Car -1.0 -1 1.201845578763852 811.9565433969905 175.7800977833771 998.4389319577751 273.2437120407969 1.5 1.6716564565896987 4.368182134628296 5.157469494826383 1.5636519784393699 13.418994522994259 1.5687803467127936 0.9999942779541016 
Car -1.0 -1 1.6761810116453926 491.60917993974016 180.11920945434602 548.7932146924036 227.49078655405364 1.5 1.5875110894441604 4.026934739947319 -3.1370080650528607 1.7774811009483762 25.49279581372909 1.5537418564173835 0.9999943971633911 
Car -1.0 -1 1.7766925627011638 452.2645801920814 180.15599305726963 532.3364570960905 239.86021890056392 1.5 1.5131807446479797 3.6887696504592897 -3.285362747745576 1.7264646880361976 20.46204419215531 1.6174924254377903 0.9999905824661255 
Car -1.0 -1 -1.0654105588703922 717.059138436187 178.16910576949638 780.0914116233376 213.25025332459123 1.5 1.4767593264579773 3.1928988665342333 6.343640401044316 1.756444863188162 33.062635257847724 -0.8758469382908686 0.9999926090240479 
Car -1.0 -1 -1.2970504412954802 684.2461897755657 178.41140153563913 741.9256845130271 218.54483951219746 1.5 1.4961392179131507 3.2355605185031893 4.183074440146056 1.7393207872155052 29.24059827705662 -1.1549574593689782 0.9999926090240479 
Car -1.0 -1 1.8657544997006819 345.3790020046619 180.28314468884878 481.6406628987921 270.56744401156413 1.5 1.5586091697216033 3.6685286581516268 -3.7357938821558823 1.6652800434527406 14.153166407334979 1.6076857924421848 0.999976634979248 
Car -1.0 -1 2.048481328654174 60.95809022503999 180.20867474333764 397.91921286280757 362.7989544927624 1.5 1.594310675561428 3.9654745280742647 -3.8683335307906765 1.6033425129662295 8.093562445859027 1.602627265449387 0.9998779296875 
Car -1.0 -1 -0.26945257682033774 784.6657951811299 176.4401784659075 985.5529627794197 242.36244028965066 1.5 1.6383465871214866 4.272034999728203 6.493846583228684 1.5924234416064278 17.522316978643254 0.08545879920455388 0.999847412109375 
Car -1.0 -1 2.654236202894614 0.0 179.8962500408061 134.1474704204937 374.0 1.5 1.6844859838485717 4.398291420936585 -4.041999784438108 1.5460093603755163 2.432897123273616 1.6252584338148655 0.9896470904350281 
Car -1.0 -1 1.5088119456770148 530.4710345628517 180.33738535882227 562.5410476642329 209.225134511194 1.5 1.5629629164934158 3.44787375330925 -3.6108801590673814 1.9365208663246778 40.22937297979335 1.419294520220484 0.5023664832115173 
