Car -1.0 -1 -1.6994313546474549 676.6431109376286 178.10352395395654 749.5246118230353 237.1227867291239 1.5 1.574803565442562 3.5783673197031023 2.783901807741855 1.6622092639654102 20.449051688354384 -1.5641247416522843 0.9999969005584717 
Car -1.0 -1 0.30959062669032766 303.59736084251267 181.4847711474203 464.37776583111525 245.51342307775096 1.5 1.533065040409565 3.5047496229410173 -5.570076541235128 1.7237299083894349 17.891169074923713 0.007771058878626147 0.9999954700469971 
Car -1.0 -1 0.3598365409963371 341.7513288270051 181.3423725710291 490.64615105353874 231.8330804870434 1.5 1.651947994530201 4.236512494087219 -6.109544656563127 1.780829282296338 22.808680159264387 0.09811989863845282 0.999993085861206 
Car -1.0 -1 -0.19286893839755928 733.7833396637033 177.68897483724317 852.4523756502713 222.07494775555816 1.5 1.598166723549366 3.820967909693718 6.347349117630335 1.677070371574308 25.47252589718428 0.051341696581568036 0.9999933242797852 
Car -1.0 -1 -1.985565320691021 778.9824589456496 174.44193004686846 1131.2345613022699 374.0 1.5 1.547156323492527 3.4304949015378954 2.7266207939450617 1.5188822279525043 6.67887729283875 -1.597971129291926 0.9999911785125732 
Car -1.0 -1 0.6313558353517557 0.0 183.03545676152123 282.61632691797365 334.58600103470815 1.5 1.5942734226584434 3.871961173415184 -6.0126856720670245 1.6256833616186173 8.0635724981179 -0.009362057843480787 0.9999867677688599 
Car -1.0 -1 0.3125166602795604 332.5491173505934 181.4712090393079 466.51450552689437 237.2940142437665 1.5 1.5513396382331848 3.33302119076252 -5.950169764066455 1.754644968426492 20.46467921404913 0.02956466277572087 0.9999868869781494 
Car -1.0 -1 -2.5368096323855944 0.0 182.92732388155434 294.0629247162548 296.25893603792633 1.5 1.5556544557213783 3.4639085203409197 -6.739229437500544 1.659196706926121 10.535494925552241 -3.1058879653599605 0.9999823570251465 
Car -1.0 -1 -2.9146203935630135 390.841263602953 181.28242581672353 502.9587331682226 221.90018412323693 1.5 1.6092809408903122 3.9531516402959825 -6.265104128688155 1.8346102356157037 27.796742832736875 -3.136305884518896 0.9999715089797974 
Car -1.0 -1 -0.1544075665458249 685.2525136081489 178.7222708043773 756.8870368426055 205.9359572995324 1.5 1.6254053011536598 3.81011278629303 6.227734210735761 1.8400126421647767 40.94052004480897 -0.0034482041981560804 0.9999624490737915 
Car -1.0 -1 3.5728600247787976 115.95773869418726 182.47215126140964 344.75963092665506 272.6633099835467 1.5 1.5809938803315162 3.305957329273224 -6.782743658538696 1.6859561608259928 13.051624431147285 3.0935881018599094 0.9999560117721558 
Car -1.0 -1 0.3633612826775181 251.63286289424792 181.73120420583265 434.34402892686205 254.90747119370772 1.5 1.499820177257061 3.4308502942323686 -5.784737276366239 1.703548332164008 15.743407525579338 0.011236115297998705 0.9999573230743408 
Car -1.0 -1 0.18515110949614197 434.83066783462 181.13741287726108 525.0212032260101 211.21165079711358 1.5 1.7229170098900795 4.3522319316864015 -6.7170421626135095 1.9391909492735981 37.34532320077367 0.007190867266382494 0.9999412298202515 
Car -1.0 -1 0.8905605469354241 0.0 184.17414463476788 147.54068531092713 374.0 1.5 1.6327986985445022 4.259731855988503 -6.1328024708497395 1.5988581944555997 5.375768873912171 0.03947703441115789 0.9999233484268188 
