Car -1.0 -1 -1.7132342049460252 693.4152405676716 177.40230430139917 799.7039041049047 258.70166247319906 1.5 1.6383275881409645 4.182105001807213 2.758739349948678 1.612446552817645 15.662757727416869 -1.5388887460019929 0.9999992847442627 
Car -1.0 -1 2.231899956397406 0.0 181.24110370520106 274.4208527431495 374.0 1.5 1.5135266378521919 3.8840057820081713 -5.088786378358319 1.6060351801218826 7.117621524002862 1.6112067580183567 0.9999986886978149 
Car -1.0 -1 1.9675273359063705 193.7659084116777 180.85535507217858 396.87076516857655 291.2298114028616 1.5 1.5928786739706993 4.226787623763085 -5.088019355201121 1.6594112775452357 12.224955447247634 1.5731344103773655 0.9999972581863403 
Car -1.0 -1 1.8679078380647138 340.6118539345082 180.81381502287798 452.4473790476848 251.46011255816825 1.5 1.5495932221412658 3.880707782506943 -5.139532682052857 1.7172728017492864 17.70857434942049 1.5854396700819553 0.9999970197677612 
Pedestrian -1.0 -1 0.7944388025268057 655.340050349739 173.37584574531576 673.3765543317731 209.83938447735517 1.8 0.446973417699337 0.8280972510576248 2.6790920409233636 1.8267938687932745 36.08913406863334 0.8685383041712897 0.9999972581863403 
Car -1.0 -1 -1.679309273197993 680.4912134127954 178.08579471123082 750.3932508460427 235.37939304784868 1.5 1.5982784822583198 3.846389663219452 2.9557677039130716 1.668134268211755 21.189614837143502 -1.540712251388703 0.9999949932098389 
Cyclist -1.0 -1 2.062951627109517 45.64537013225845 192.46579081172467 249.18172989301505 374.0 1.4 0.5613192476332187 1.6542798399925231 -3.4066395071869815 1.570399770886463 5.4085380145190145 1.5008627613398688 0.9999936819076538 
Car -1.0 -1 1.7690671407323473 430.75084070118703 180.66804779206345 497.33911334547565 229.1736187894209 1.5 1.5189283087849617 3.832312908768654 -4.982384327515493 1.7901970973174208 24.844168832821392 1.571147191520554 0.999993085861206 
Car -1.0 -1 -2.0582595344110715 838.6432947948771 172.98460773438956 1241.0 374.0 1.5 1.5308155238628387 3.3146417260169985 2.8393511497042017 1.5015908831500653 5.138532766574037 -1.5534524778511865 0.9999747276306152 
Car -1.0 -1 -1.8132106589316637 727.8458795550646 176.1688655476525 917.2778040005844 307.7487839910783 1.5 1.5954403698444366 3.9600765824317934 2.72462568531055 1.5569151627772597 10.315519690706688 -1.5549791521069152 0.9999291896820068 
Pedestrian -1.0 -1 0.6524423421461183 659.1190993323428 173.36374646947647 679.012269507893 209.63157210805988 1.8 0.534832340478897 0.8466232128441333 2.933198884996832 1.8263474235069292 36.30325621992164 0.733064337572779 0.9996844530105591 
Car -1.0 -1 1.7504623167759452 527.3941616802272 180.4122653348322 562.4984496217955 204.86869560122884 1.5 1.6203385338187217 3.9882233858108522 -4.274590346574522 2.0203987765163918 47.58324491419786 1.660868871208054 0.9995080232620239 
Pedestrian -1.0 -1 -2.323706956801818 1196.4245676857558 124.78364844271026 1241.0 374.0 1.8 0.7718443430960178 0.5805848658084869 4.694703637580581 1.4813602551238518 5.078308742784509 -1.5775401243616385 0.9993565678596497 
Pedestrian -1.0 -1 0.45745337682551146 652.4386145212586 173.28444101490575 674.4958375860174 210.3206658572311 1.8 0.4796324323862791 0.9711617164313793 2.5941326663037167 1.821823779132351 35.5277680811093 0.530341072878565 0.9991076588630676 
