Car -1.0 -1 -1.73926915330981 678.4414408881955 178.32251735802924 742.2891823050522 226.46336860431725 1.5 1.582968470454216 3.4733089178800585 3.3078791610691454 1.700513391065178 24.643257041510477 -1.6058361316707475 0.9999996423721313 
Car -1.0 -1 -1.8497396713366105 748.3803152777114 176.17438235881718 926.0993278434399 294.16274670060767 1.5 1.5702059984207153 3.7685616433620455 3.23113484208872 1.560421326790161 11.162904276728103 -1.5679869957410288 0.9999985694885254 
Car -1.0 -1 -2.0355966888595223 833.2937171859753 173.57059413915434 1241.0 374.0 1.5 1.5860967829823494 3.5366843014955522 3.1474380385761695 1.508164041855165 6.078788703978169 -1.557831288376127 0.9999946355819702 
Car -1.0 -1 3.5302995907979735 194.91613578352755 182.0798930740211 403.00492963419055 259.09249690815386 1.5 1.5428709357976913 3.6741970598697664 -6.420404295112232 1.7029181561577982 15.040628250763868 3.126845467086655 0.9999722242355347 
Car -1.0 -1 -2.828476174737194 300.13984601081313 181.65585205670163 456.5309021003428 239.7229874869157 1.5 1.5364887684583663 3.7653720498085024 -6.27439322023453 1.7495244223923998 19.64708680716874 -3.1375938216832027 0.9999527931213379 
Car -1.0 -1 0.27109011930234916 390.37687407961147 181.14670273716132 506.2988782169018 227.52229083064685 1.5 1.5421486020088195 3.559628736972809 -5.481067986409141 1.791908144553335 24.5038309254188 0.05103044112655095 0.9999421834945679 
Car -1.0 -1 3.687138057688012 0.0 182.9222772573584 307.90494913181607 311.49184456865515 1.5 1.6212162122130394 4.2665163546800615 -6.500298402980125 1.6457177840582546 9.487444794059684 3.086449968810898 0.999922513961792 
Car -1.0 -1 0.35441496224865965 266.07664867235604 181.65034178320872 452.5615867894532 248.49899536782522 1.5 1.6053002819418907 3.89948548078537 -5.9476627593370335 1.721087330942271 17.256711556361612 0.02250711520644597 0.9998821020126343 
Car -1.0 -1 -3.0020632178672284 483.1020672443318 180.88816057856434 551.9245201841549 204.02380030737734 1.5 1.7121585577726364 4.372595858573914 -6.178928628172439 2.0477375807872846 48.27400558759748 -3.12936802307633 0.9997839331626892 
Car -1.0 -1 0.29954850528997934 363.14884825180206 181.24350170817354 494.0529426847512 232.80602010334024 1.5 1.551413957774639 3.599446502327919 -5.552300618024792 1.7679788802127119 22.142490816285154 0.05386106570693425 0.9994251728057861 
Car -1.0 -1 -3.354564791847139 723.4912062019635 178.08175575157725 818.2921048237472 213.20681383576445 1.5 1.5105080351233482 3.8431337594985964 7.000905800646608 1.7362988277652314 31.799558332860858 -3.137864426770483 0.5707470774650574 
