Car -1.0 -1 -1.3384598770645202 377.45882912554185 180.3089975279578 502.80128615986774 264.57886939811 1.5 1.5958175554871559 4.092742738127709 -3.3337238972955157 1.4137921297229703 14.847209778545684 -1.5593320439246041 0.9999998807907104 
Car -1.0 -1 -1.1501815570904368 233.41976079804587 181.82253716753252 365.6735730054125 249.45151628853526 1.5 1.567147721350193 3.871256348490715 -7.542485244728786 1.4258714129490615 17.892488036541263 -1.5491219806161267 0.9999988079071045 
Car -1.0 -1 -1.298811169907152 362.20710839777456 181.2704452074552 431.64282157832446 223.91812308965598 1.5 1.5927479162812233 3.633928906917572 -7.901411978012511 1.3623691278711119 27.105878669745874 -1.5824533161383612 0.9999986886978149 
Car -1.0 -1 -1.4227131694357613 463.5103451134127 180.45093272559959 519.6374049285937 218.55434411790912 1.5 1.721888829767704 4.3660166233778 -4.878439582018848 1.31355878714077 30.487106060008657 -1.5813845061373455 0.9999974966049194 
Car -1.0 -1 -1.1065769762155282 207.6285226372606 182.4507822176382 304.67096040077456 227.94328626144505 1.5 1.590956051647663 3.7420785546302797 -12.427331692427954 1.4099650888681676 25.579097665223536 -1.5588320093837125 0.9999964237213135 
Car -1.0 -1 -0.9057653458834765 0.0 184.39668111428384 116.56124723814756 268.8991405730039 1.5 1.5796777352690696 4.067397353053093 -12.306616125179168 1.4865928434460174 14.811803093162895 -1.5990454247829062 0.9999948740005493 
Car -1.0 -1 -1.5414360099509419 577.7023450887906 179.7024970845024 612.0980255343751 210.68123580517312 1.5 1.6467825070023536 3.871283170580864 -0.642345411996612 1.2341803002679834 36.748737230424595 -1.5589136174556357 0.9999779462814331 
Car -1.0 -1 -1.5109315938682841 513.4928566287967 180.18091802165685 551.6339924241848 205.2972958710604 1.5 2.062879365682602 6.154006582498551 -4.757982622051536 1.2004441052763253 46.046317523329854 -1.613896534838949 0.9999686479568481 
Car -1.0 -1 -1.1695282181008402 291.0095274580808 181.9375724007018 361.88181606383114 216.69305558827944 1.5 1.582091723382473 4.038200017809868 -12.875725706465026 1.3596516749838103 33.062931773876166 -1.540890188017164 0.9999369382858276 
Car -1.0 -1 -0.669649500566533 0.0 185.3595725778703 204.44345900903934 375.0 1.5 1.6102916121482849 3.839716923236847 -3.521313804382321 1.5020787855294515 2.808122774876153 -1.567252831128661 0.9998306035995483 
