Car -1.0 -1 -1.7528769402585018 699.6985236738651 177.2631269952236 814.1882311828643 263.2795574905357 1.5 1.5610483035445213 3.901079159975052 2.795443035641843 1.602360781139753 14.734936831165678 -1.565389783648078 0.9999994039535522 
Car -1.0 -1 1.6617590861923437 511.3638351358743 180.13997890948056 559.3991784523943 220.8664247811519 1.5 1.5903056159615516 3.846445170044899 -2.9972884633519152 1.8147096201614121 29.195714467519124 1.5594555576655524 0.9999988079071045 
Car -1.0 -1 -1.618144712780924 637.2290908776763 179.29014210763535 667.1830983870556 205.9675982442932 1.5 1.6069651141762733 4.0535206466913225 2.4740826249188226 1.9072896139463413 43.58305394132143 -1.5614384944227082 0.9999970197677612 
Car -1.0 -1 -1.6913879784286276 653.7364299628653 178.70418151081822 705.5362512390142 220.69010261034995 1.5 1.542551864683628 3.9606145143508913 2.6220104305323417 1.7463384874688614 28.33417184323049 -1.599111973368798 0.9999966621398926 
Car -1.0 -1 -1.7771580556816053 678.484707402535 178.00099827694146 759.99676564963 241.8854669002401 1.5 1.4850782722234726 3.031219404935837 2.707880612041797 1.6452472898728348 18.749441079621892 -1.6337252269175393 0.9999958276748657 
Car -1.0 -1 0.18315425520662676 391.85525151461445 181.84336886588304 457.4030904189922 205.1258557543126 1.5 1.5661698326468467 4.0161462992429735 -12.349425880736513 2.111211295331545 48.109891740639284 -0.06811280647781916 0.9999206066131592 
Car -1.0 -1 0.3449064533401265 305.9461591405945 182.7518201070859 371.32903037860336 206.00575340018204 1.5 1.6161134958267211 3.754398462176323 -18.078673334251164 2.1715002511431827 48.08707367143738 -0.014702991643224441 0.9998279809951782 
Pedestrian -1.0 -1 -1.7815106304799042 760.6827010521417 166.32605266132242 794.4311178055771 235.7178612539117 1.8 0.7358856990933418 0.7052989237010479 4.372935439239491 1.631025083990236 19.071710294697404 -1.5561175225910289 0.9997497200965881 
Car -1.0 -1 -1.862907841917386 746.0867867000429 175.97912436413594 943.2697751162319 307.51327392792126 1.5 1.5518708646297454 3.7288295596838 3.0049740065482236 1.5525656702727293 10.182755507229526 -1.575948629123394 0.9996384382247925 
Car -1.0 -1 -1.6312015639962991 649.0507890088961 178.95594950446187 688.5337744201746 214.09190876872574 1.5 1.5804185092449188 3.846714508533478 2.630162331867555 1.7993171386897215 33.41094572520902 -1.5526419999685628 0.9995287656784058 
