Car -1.0 -1 -1.4715479851447286 522.9258363460243 180.21421448773606 564.4429673453112 216.42787809959398 1.5 1.528947477042675 3.2805534571409227 -2.9528120575620718 1.8456345067151358 32.199291194486904 -1.5629964634452505 0.9999998807907104 
Car -1.0 -1 -1.2564224101638544 277.2426205562967 179.6799176460129 483.9968053032531 324.36491791707266 1.5 1.5330415710806846 3.39674488902092 -2.7889194286484367 1.6051391622789954 9.356449451640026 -1.5461117989060027 0.9999996423721313 
Car -1.0 -1 -2.0542669706191647 819.1557315594542 173.42979273199236 1241.0 374.0 1.5 1.4974669113755226 3.265359488129616 2.7877801551310317 1.5060732575549014 5.515242689691848 -1.5862543248247845 0.9999994039535522 
Car -1.0 -1 -1.561053016641809 570.1351020425634 179.3395641049357 625.425200521143 231.1480557847512 1.5 1.6347816705703735 3.489963573217392 -0.42286313116150076 1.7235700429688614 23.078332249772128 -1.5793739166718466 0.9999994039535522 
Car -1.0 -1 -1.5319721055381772 585.1787826459312 179.64681686335817 621.0623782023288 212.72023360115855 1.5 1.6178232178092002 3.7144868195056917 -0.3299722610202539 1.8511116074039444 35.37428269021607 -1.541299861916576 0.9999984502792358 
Pedestrian -1.0 -1 2.54547024794845 730.4628232962679 170.79019467864714 754.0582161952985 217.22650214447413 1.8 0.7137201286852359 0.6197304025292396 5.163802691332859 1.7203589605548701 28.41775063154557 2.7252194762190403 0.9999972581863403 
Car -1.0 -1 -1.6633302930498457 655.030802137286 178.52241520209543 714.654933705981 229.10762550848773 1.5 1.5948633223772049 3.6010275155305864 2.328496959608824 1.6999830548081036 23.60262533393078 -1.5649943412889284 0.9999983310699463 
Car -1.0 -1 2.14487670251252 74.157030253007 183.72464853088033 201.75891923607728 235.92848263301374 1.5 1.5481099978089332 4.017594319581986 -15.293647114011396 1.8858813555066327 23.57647061923886 1.5694281299922126 0.9999845027923584 
Car -1.0 -1 -1.104561099294154 0.0 178.8132175960229 397.7878873429127 374.0 1.5 1.574193176627159 3.6634432643651964 -2.6411364932220844 1.5537596367607218 4.590274408362929 -1.62667835975555 0.9999743700027466 
Car -1.0 -1 1.2122077791440669 143.6429492826891 181.7001613331357 328.2686110019292 296.60104636053535 1.5 1.4569253221154213 3.3873213946819307 -6.008012037182428 1.6599024348018072 11.342078253055782 0.7250756462428228 0.9999551773071289 
Car -1.0 -1 0.8623865986842749 339.0414978483823 181.23599899037242 465.0353257366779 235.82182327912804 1.5 1.5599234521389007 3.857312959432602 -6.439346313296236 1.776452502782646 22.05660676437333 0.5783347328517097 0.9998788833618164 
Car -1.0 -1 1.9875912853381044 289.4730570602496 182.56879664850294 348.5470740715568 213.06158278601444 1.5 1.5639123067259788 3.700303149223328 -15.514631913352664 2.0448542946950448 38.5622559366475 1.605080592628342 0.9998202919960022 
Car -1.0 -1 0.8203663548285314 458.5679602121117 180.89964396472004 528.0097351793249 207.96150534728616 1.5 1.6705552607774734 4.207623985409737 -7.035297733534917 2.002677371483734 43.097478051122536 0.658552094301905 0.999777615070343 
Car -1.0 -1 0.7531235372708522 370.8600849892138 181.18634003348458 481.71632390509274 228.66161735332597 1.5 1.512925934791565 3.6544787257909777 -6.395946904829478 1.8054782570716141 24.877402551918518 0.5014750202510017 0.9996137022972107 
Car -1.0 -1 1.114846164341046 215.5840385635236 181.6382147616757 373.1989811422342 268.79769090845804 1.5 1.5149567767977714 3.4385553121566774 -6.424494380912917 1.6966619892151333 14.437958872173228 0.6961809833857673 0.9994725584983826 
Car -1.0 -1 0.9297668465579592 418.7677237511907 181.05653523509176 498.30328200829854 217.04650390534684 1.5 1.539299127459526 3.8365679353475572 -6.954054862884518 1.893707444219648 32.75430229226911 0.7205635746333259 0.9994412064552307 
