Car -1.0 -1 -1.5885785074841123 596.827830070275 178.85974868546765 660.4969439937925 239.44318640907397 1.5 1.6097950309515 3.7993895381689073 0.4298160619415903 1.683867072409356 20.141729776282254 -1.567242165389706 0.999998927116394 
Car -1.0 -1 1.9649833323244814 281.8307916487817 182.06415375733417 369.4791250770516 227.60722967393673 1.5 1.5748937174677848 4.032596063613892 -10.412309720676399 1.8660867519441755 26.616423967225344 1.592087256904465 0.999998927116394 
Car -1.0 -1 1.8476794847182187 355.41073009917596 181.10473782661566 444.1805852247283 237.2638038531847 1.5 1.5575407564640045 3.912580993771553 -6.278958867672236 1.7721181779820876 21.80404529608406 1.5672935684535163 0.9999977350234985 
Car -1.0 -1 2.3584667551925578 0.0 184.54336071811045 115.83697871439824 249.091642822009 1.5 1.4434051260352134 3.0759526908397676 -14.92443329237742 1.833757895751953 18.962929919435105 1.6916832804640354 0.999993085861206 
Car -1.0 -1 2.1050321885162355 163.26013403289562 182.4331742583299 308.8636064372305 244.26447325462843 1.5 1.6256049767136573 4.417569425702095 -10.43261108461593 1.8019050366263512 20.455558929825933 1.6334059119185032 0.9999855756759644 
Car -1.0 -1 2.51151875730255 14.513669175207864 184.4972680080722 148.1526986900217 226.6114152860468 1.5 1.657104355096817 4.187269371747971 -21.267114769285833 2.0076188459401165 29.18567010044759 1.8818004012068332 0.999950647354126 
Car -1.0 -1 1.8103986339959324 484.4487858032546 180.61330888073132 532.845418548279 211.33059014449177 1.5 1.6336218014359474 4.059041899442673 -5.365049838754427 1.9358766335797268 38.39474149200569 1.6715636134108127 0.9999496936798096 
Car -1.0 -1 1.9850952898780962 386.31238022831184 181.4531601536856 450.6327610662776 213.53893424493774 1.5 1.61238634288311 4.2857835561037065 -9.816419629460654 1.9701328697602065 37.17293318746925 1.7269146323164524 0.9999372959136963 
Car -1.0 -1 -1.2512617378638267 840.3079141086644 174.70397534509434 1064.3280225518806 312.9388940707827 1.5 1.6158484414219856 3.8260313242673876 4.730447185637497 1.5304968221735626 9.815393362449639 -0.8021648685124261 0.999776303768158 
Car -1.0 -1 -0.9549472488485868 678.1839685430405 178.2436983930595 767.7964228113947 221.52622447792254 1.5 1.5423646688461303 3.6199627935886385 4.278793364454567 1.7179759458088417 27.295256597428747 -0.7994530955937249 0.9996157884597778 
Car -1.0 -1 -1.0234049853119793 715.1649907614815 177.50991411837475 826.0196963451872 235.53435847361047 1.5 1.4840273678302764 3.5373008370399477 4.624510440080975 1.6456510380633451 20.725268915746362 -0.8038674155857903 0.9995924830436707 
Car -1.0 -1 1.9999669089138261 475.96909590871115 180.9205233658869 520.4156356540005 204.33641111765692 1.5 1.623651434481144 3.7116045624017717 -7.668857025002544 2.077417788334303 49.60762895587297 1.8465907454451145 0.769335150718689 
