Car -1.0 -1 -1.3097825677300752 236.38481951733354 179.16866858830647 487.56878185922915 357.05398017491086 1.5 1.595514503121376 4.254352164268494 -2.5642649048449724 1.5926509172795562 8.388748984865558 -1.6064413311567647 0.9999998807907104 
Car -1.0 -1 -1.3353518897385341 397.2478462812759 179.5885818357849 535.7143601878627 276.5027288861297 1.5 1.59727284014225 4.14139800965786 -2.5556708711213996 1.6466681177668232 13.5653290648374 -1.5215664888408524 0.9999995231628418 
Car -1.0 -1 -1.6665029603379542 666.3369310609716 178.52687670459827 719.4161196813872 222.80123504190195 1.5 1.5762791529297828 4.018611323833466 2.981680173985712 1.728393357386523 26.980868605504753 -1.5564386658978207 0.9999994039535522 
Car -1.0 -1 -1.8148342224208986 713.1704731346617 176.52161777735762 880.1499169801978 295.14251485657866 1.5 1.533311654627323 3.895833578705788 2.6212658715367056 1.5672627859830894 11.201020714828449 -1.5849509221178038 0.999997615814209 
Car -1.0 -1 -1.9574769511184245 771.2189251101346 173.93607170897806 1229.5047004810262 374.0 1.5 1.569080401957035 3.8254907846450807 2.398645346066132 1.5117409865369889 5.664170144887052 -1.556897070319627 0.999995231628418 
Car -1.0 -1 -1.4991006175858546 554.1910909381102 180.0587358254029 588.9016451888331 208.72953465223694 1.5 1.68423583060503 3.825853255391121 -2.1556374864768397 1.9254826398369274 40.6441934878395 -1.5520877605911834 0.9999929666519165 
Pedestrian -1.0 -1 -1.327216664347852 423.26251864294437 169.81516790850708 439.93343976288105 239.98822414091393 1.8 0.3463576573878527 0.34702341333031655 -4.665551846080227 1.722409137547131 18.679042086885755 -1.571983254691821 0.9999598264694214 
Car -1.0 -1 -1.6512537172992992 652.7909681409825 179.06061382440063 687.9420695855505 208.57378204319355 1.5 1.6003577530384063 3.8193537414073946 3.2128442537631767 1.855586033969775 39.38319778027904 -1.5698549115357479 0.9998923540115356 
Pedestrian -1.0 -1 -1.273903036709671 400.4295679802194 167.64118173352506 435.708341493062 251.09475550267743 1.8 0.6410302154719829 0.46042735017836095 -4.2486964960586455 1.6879231986266363 15.801058143820917 -1.536577050634895 0.9997397065162659 
Pedestrian -1.0 -1 -1.1938850417356512 430.28540339933267 169.5786209444503 447.8200210704423 240.64009179678482 1.8 0.34987647347152234 0.30302908532321454 -4.418579341313887 1.7173918801397288 18.448657957351955 -1.4289636472847802 0.9997356534004211 
Pedestrian -1.0 -1 -1.3036031386082827 403.439769019131 167.87216526191168 432.1937668272992 249.94307363722277 1.8 0.5254589512944221 0.4232699543237686 -4.317531767130038 1.6910949771295924 16.03493212993599 -1.5666231448438508 0.999221920967102 
Pedestrian -1.0 -1 -1.246314534904852 419.8177700352204 170.0091211127268 435.69323745366694 239.3776569817587 1.8 0.30358899645507337 0.3656377110630274 -4.824271697047396 1.726537873658869 18.91362011831336 -1.496057980754648 0.9985246062278748 
Pedestrian -1.0 -1 -1.2371685386924292 431.0020615721105 169.93902424972626 448.2801020264378 239.00072908569194 1.8 0.343192557618022 0.3645246408879757 -4.533292324874588 1.7243829219815583 19.00155558048133 -1.471365504958902 0.6676333546638489 
