Car -1.0 -1 -2.311030294497109 725.9384763585338 177.80642501532492 817.5096256047799 219.87421818338464 1.5 1.5109386786818504 3.487246346473694 6.1747306877775765 1.7059097619995514 28.057155692161707 -2.0944066802647456 0.9999995231628418 
Car -1.0 -1 0.6023515766775625 0.0 182.37869260558534 347.79821525791215 309.24330432199616 1.5 1.5700895830988884 3.859173369407654 -5.746588574976397 1.6385743450271504 9.565822243780815 0.061386867365564625 0.9999977350234985 
Car -1.0 -1 -1.7079004579340427 627.6771810329823 179.32903734951248 664.6817833877728 208.12649813403613 1.5 1.582334053516388 3.553796049952507 1.939428334561245 1.8780819200561152 40.24832431333346 -1.6597511405732972 0.9999969005584717 
Car -1.0 -1 -2.8747590372268905 340.79090011977826 181.45539002354784 486.85248046006063 229.61419580602785 1.5 1.7079661160707473 4.320851203799248 -6.387428694444872 1.7924392801809035 23.63855679641837 -3.138668731847082 0.9999935626983643 
Car -1.0 -1 -2.391185017822747 934.1287581900992 151.25548240876807 1241.0 374.0 1.5 1.5673611804842948 3.9339909821748735 2.8840726013106646 1.4764242401158376 2.776009676208357 -1.586697061606918 0.9999924898147583 
Car -1.0 -1 -2.8201764855025524 314.3938976388077 181.71911598384972 446.04280528670716 235.41708614964588 1.5 1.5364757299423217 3.3751680076122286 -6.733085519096386 1.7706634064886673 21.205864742969972 -3.127619580426489 0.999992847442627 
Car -1.0 -1 -2.7658792436458017 278.279120012815 181.9159195911141 419.71804190317164 241.73237865483813 1.5 1.5126603215932846 3.1967832267284395 -6.902347129378201 1.750833934454057 19.137675833396976 -3.11202605167893 0.9999850988388062 
Car -1.0 -1 3.8675198761336853 0.0 184.1075522985183 155.04736415247336 368.0963572274588 1.5 1.5459908664226532 3.7365401655435564 -6.752669449600487 1.620868290114257 6.854982609074406 3.0896403670271457 0.9999755620956421 
Car -1.0 -1 3.5784523601915836 90.35775816274166 182.47006069943518 341.7397258154467 281.34891285335743 1.5 1.4712635919451713 3.3430668085813524 -6.425427929237671 1.670500875863285 11.934148541865238 3.0845533490141452 0.9999133348464966 
Car -1.0 -1 -1.5438399679957224 612.3179964001758 179.67112207785252 635.7065017220804 202.8157710563114 1.5 1.5156973645091056 3.5722511380910875 0.9631000602897248 1.9866778801622007 49.65102993693575 -1.5244450169291837 0.534398078918457 
