Car -1.0 -1 -1.6937689741805526 659.9107374905307 178.47024896082462 720.868459974166 228.47946647684023 1.5 1.5474522978067398 3.6906088262796404 2.542159071985302 1.7009910396879595 23.91501583741659 -1.5878669610854728 0.9999994039535522 
Car -1.0 -1 -2.051967609054336 816.7542666602803 173.56740576528867 1241.0 374.0 1.5 1.566639219224453 3.823812168836594 2.994626076331602 1.5081135211264545 5.919503251273674 -1.583617956438337 0.9999994039535522 
Car -1.0 -1 -1.8193729795876457 725.8954222829399 176.2278927647147 911.1517531775079 305.3444311502859 1.5 1.5732720986008644 3.8829012334346773 2.710982372293562 1.5582278740864648 10.427318695230676 -1.565015744478677 0.999998927116394 
Car -1.0 -1 -1.6659942019836338 649.4858877798833 178.79167325743663 698.2644585206119 219.44115176503138 1.5 1.582576011121273 3.9213913053274156 2.4742501136583535 1.7566021379165262 29.16676204027006 -1.5813656636190159 0.9999979734420776 
Car -1.0 -1 1.7272469788655047 466.19106523225696 180.07555893893425 541.717273308572 237.5055315629012 1.5 1.6155304878950119 3.8551399976015093 -3.0727603490399873 1.7326446141949559 21.268169763814793 1.583762872215134 0.9999909400939941 
Car -1.0 -1 0.23147291250194632 366.03943340651693 182.0488087205654 436.8464077880788 207.65076289342488 1.5 1.4967507243156433 3.883200374245644 -12.630123388312041 2.068311017145426 43.721857739860305 -0.04974587360886165 0.9999897480010986 
Car -1.0 -1 -1.8048403417084364 693.0423380277949 177.4614079574171 797.8377254365828 261.9087336519298 1.5 1.4303790897130966 2.747386929392815 2.5523355428350953 1.6012284662812166 14.380890108152037 -1.629188363501106 0.9999969005584717 
Car -1.0 -1 0.3528836466604761 271.2595511069271 182.99104246329063 348.7352045042631 208.61218183133448 1.5 1.5730642274022102 4.049350184202194 -18.197226524365284 2.127900978404953 43.796050567648614 -0.04091234604385921 0.9999784231185913 
Car -1.0 -1 -1.630781523269167 636.6519756893671 179.2068887270651 670.8714511116966 208.9456427875842 1.5 1.6081640988588333 4.077873241901398 2.299748132624565 1.8643931681938763 39.30289118833722 -1.5723347068440658 0.9998977184295654 
Pedestrian -1.0 -1 -1.8448132626104021 787.1573240752501 162.96842311795618 832.2186852448232 249.37146027534078 1.8 0.7567119345068931 0.7243167169392108 4.199389027208649 1.5944155667367226 15.393822471771744 -1.5784962881032867 0.9996944665908813 
