Car -1.0 -1 -1.893089446629964 784.9686593624255 175.720836638315 981.4508676283873 298.5836271314644 1.5 1.58997033983469 3.622107443213463 3.756449342860137 1.5501804349281443 10.714097840265609 -1.5558730047803861 0.9999997615814209 
Car -1.0 -1 1.8098931296694285 406.50728632531485 180.50122982819096 497.20025175633674 238.97481069657366 1.5 1.6384259358048439 4.220047828555107 -4.561963973831919 1.7476182670842013 21.19553102086637 1.5978948950728 0.9999996423721313 
Car -1.0 -1 -1.8085759801570516 725.650576264749 177.1058025442897 842.8304268955008 255.96110053482568 1.5 1.5837932497262954 3.944416579604149 3.6354096668613907 1.6058611514235914 15.91880354873398 -1.5840543071415765 0.9999994039535522 
Car -1.0 -1 -1.7075341999535114 705.5272422694723 177.8238020401068 779.3244012034759 235.27033066467223 1.5 1.5918847665190696 3.822579097747803 3.7293346686579087 1.6591653338364662 21.113415101729462 -1.5327040935542924 0.9999988079071045 
Car -1.0 -1 -1.6980398398260328 697.6001386352792 178.22038036082097 754.0529057926193 222.7574555612291 1.5 1.5852481618523597 3.6729882031679155 4.154822722107092 1.7120594186613607 26.603913770000695 -1.5431179078903539 0.9999980926513672 
Car -1.0 -1 -2.1662584961117344 918.4293620332691 171.31908981110004 1241.0 374.0 1.5 1.5802357837557792 3.8398759931325914 3.7761753667480997 1.4932325613209356 5.285760573405291 -1.5459298296507937 0.9999972581863403 
Car -1.0 -1 1.869921595033366 327.53662518073867 180.63395728593633 456.1044184449951 261.66119522914204 1.5 1.5754906952381134 3.90459657907486 -4.62345907960499 1.69075756607785 15.693440802639998 1.5834162116011203 0.999991774559021 
Car -1.0 -1 -1.6894311712478585 685.0007022452392 178.53342760629874 731.4194559433163 215.12002317724077 1.5 1.58768170773983 3.8686300188302996 4.2705989276224585 1.7685764219057702 32.127985680042904 -1.5572812762719137 0.9998904466629028 
Car -1.0 -1 1.9835004106496028 131.16364454296036 180.80446848215823 374.2252614062948 317.6507241253829 1.5 1.5536975607275962 3.9029161006212236 -4.72732411182983 1.6334447094272893 10.105267606048935 1.5459365089747565 0.9998846054077148 
Car -1.0 -1 1.7395806167399324 510.6699645511621 180.4380916958269 551.7676181575152 211.86558357166686 1.5 1.559733648598194 3.312243011593819 -4.026888078881426 1.9067016992905481 36.95606272843612 1.6310446143110813 0.9995256662368774 
