Car -1.0 -1 -1.4379605011360652 458.3379255696769 180.21595648569615 531.0809332447217 235.58974780609984 1.5 1.6217219203710556 4.0463658541440966 -3.32288225085498 1.365695044411573 21.50837989197415 -1.5912411185589177 0.9999998807907104 
Car -1.0 -1 -0.8024332537673924 0.0 184.7511231719825 121.29400343302386 359.7719697691898 1.5 1.5458211794495582 3.8409216821193697 -7.6178116646002305 1.4971495881479957 8.087345348137367 -1.5579435360294325 0.9999992847442627 
Car -1.0 -1 -1.1698481667249085 264.4714198797624 181.69005327111296 381.2117450403425 241.38976926876813 1.5 1.584985715150833 3.998006743192673 -7.843414021148344 1.4125467199671362 20.078822335604055 -1.5422519734737021 0.999998927116394 
Car -1.0 -1 -0.9279521555511783 0.0 183.69024252355058 180.44391497542497 255.3934744836995 1.5 1.5563834950327873 3.7976844727993013 -12.065224928792482 1.4692193247876655 16.951544354741454 -1.5465191333231074 0.9999985694885254 
Car -1.0 -1 -1.1409855360440144 38.75752534106018 180.67769925705133 416.82386225991064 375.0 1.5 1.580245842039585 3.9318642139434816 -3.2013563615283864 1.469791530714979 6.928969006935226 -1.5737942702278984 0.9999980926513672 
Car -1.0 -1 -1.570735219266621 561.7291766455409 179.56343782661472 614.0205370191189 227.048029903935 1.5 1.6530178979039192 3.6950065314769747 -0.7242575815508464 1.3225808340162872 24.575304333083125 -1.6001976421710593 0.9999974966049194 
Car -1.0 -1 -1.246731817077243 360.36130717397134 181.53116884628557 409.5785412482573 209.12536301817138 1.5 1.5530283123254776 3.7969472378492357 -12.668032416805518 1.3008428911932963 40.9894977497284 -1.5464756256577117 0.9999897480010986 
Car -1.0 -1 -1.4716192986618986 525.7723978311823 180.2552329352905 555.5323839299851 204.00022119995123 1.5 1.5679231405258178 3.9983349412679674 -4.407620305537567 1.1877725150949325 47.411439705500435 -1.5643181931835157 0.9999759197235107 
Car -1.0 -1 -1.0967703805440896 232.50558829519488 182.30758674305102 320.5158647447375 224.9151789982812 1.5 1.5260985612869262 3.6345383644104006 -12.443228171308169 1.398751140025497 27.152832856207795 -1.5264772596445424 0.9999704360961914 
Car -1.0 -1 -1.296292847155243 394.53668221447566 181.12417606567138 452.0901501499984 216.32058914741205 1.5 1.5799897283315658 3.6844028651714327 -8.299575385480818 1.3267587789352082 32.49335794291153 -1.5463696672257525 0.999930739402771 
Car -1.0 -1 -1.472095206810598 501.28328617287355 180.3313536881814 541.7161189755084 213.07975219176072 1.5 1.6027041271328926 3.4832248955965044 -4.145085705779903 1.2774098081670515 34.680021458619514 -1.5910546025868995 0.9997062087059021 
