Pedestrian -1.0 -1 2.3105840368509014 912.2218747499066 171.98016349712677 919.6950009161715 201.0626749698394 1.8 0.41222051046788694 0.18283673822879792 18.999036656852653 1.7462734393661832 44.88074707152544 2.711033093925339 0.9999998807907104 
Pedestrian -1.0 -1 2.38475102768014 915.2072878794439 171.94174844510184 923.0415447322043 201.0574600376026 1.8 0.426713240146637 0.21221488974988462 19.17891384021646 1.7439602043982572 44.841244738916785 2.7889122843702854 0.9999991655349731 
Car -1.0 -1 -1.5709365619489075 564.5234718572402 178.5905247235531 656.2079488838298 264.8423746701729 1.5 1.6260641187429428 3.684015062451363 -0.05218211051311139 1.631409683859241 14.635893758396337 -1.5745018986661476 0.999998927116394 
Car -1.0 -1 -0.9882688764366552 742.1738347328534 176.1887588128371 948.3422286163781 272.4348593038837 1.5 1.6431129097938537 4.053621602058411 4.366286914199038 1.5705317400787333 13.277515781898085 -0.6705603758480889 0.9999979734420776 
Pedestrian -1.0 -1 2.6035914549202968 914.9096815839353 170.09066379077774 928.6614621509651 209.47593570509437 1.8 0.5117183111608028 0.3715528201311827 14.32772055659761 1.6740667536693523 33.251189580675025 3.0104433178862156 0.9999922513961792 
Car -1.0 -1 -1.404475982909594 966.4256381200626 172.0928441305871 1241.0 374.0 1.5 1.5531125038862228 3.4309940904378893 4.444065061575072 1.4956768350468401 6.194665386087292 -0.7821660796788079 0.9999911785125732 
Car -1.0 -1 -1.2125867221870519 814.0754516025139 174.92171046338396 1045.3431956384225 311.20262045724695 1.5 1.628766444325447 3.925204885005951 4.494167591004601 1.5345580808452985 9.965123560858558 -0.7889101068165643 0.9999598264694214 
Pedestrian -1.0 -1 -0.8019630252384342 673.6251438135955 171.40377196168708 700.3098107874451 217.81026533257113 1.8 0.6436767548322677 0.8425920762121677 2.998561605333008 1.7441068012692904 28.501256249035556 -0.6971405903485162 0.9999479055404663 
Car -1.0 -1 2.1819622755739765 0.0 183.2733613807192 175.4442987714354 287.15914951242775 1.5 1.5825074657797813 3.914674606919289 -9.675648393790597 1.7138705091780573 12.798271540494195 1.5346245010707038 0.9999313354492188 
Pedestrian -1.0 -1 2.6241557499223527 48.791321585788786 173.62209989148369 70.88989818950242 244.75226825175702 1.8 0.43054619133472444 0.27219634763896466 -14.133079300783894 1.820245389883853 18.470018892062306 1.9710035204847873 0.999955415725708 
Car -1.0 -1 -0.9648015891604487 728.4781702199886 176.9779538422851 875.6635905518773 249.04332364945736 1.5 1.5769843503832817 3.602995213866234 4.530299626148979 1.607552748429515 16.98513545402006 -0.7041480700161797 0.9996520280838013 
Car -1.0 -1 1.9658786562131303 122.49260301489358 182.71005381757467 261.6548300598825 252.96578413819762 1.5 1.5773630261421203 4.012412813305855 -10.319250670208236 1.7758408143112787 18.076538950583917 1.4471580227229255 0.9992532134056091 
Pedestrian -1.0 -1 2.0057049907236264 906.896060855906 172.0599225456439 915.7410927223275 200.9775446276536 1.8 0.48036347404122354 0.17783362679183484 18.82188885033786 1.7509297118879055 45.147169437596276 2.4006955504377903 0.5619530081748962 
