Car -1.0 -1 -1.4152729278530682 456.88934828420196 179.63102405231237 555.8384275163266 258.8589315969659 1.5 1.5824007362127304 3.706006196141243 -2.20016834469514 1.66672854379847 15.843853447818658 -1.553256235146199 0.9999998807907104 
Car -1.0 -1 -1.9491103029355776 777.0518040717689 174.6368416012311 1106.3978584288504 374.0 1.5 1.5654780462384223 3.5762617856264116 2.779880028800953 1.5222109921055131 7.051175222874724 -1.5735762513384712 0.9999997615814209 
Car -1.0 -1 -1.585839417558566 591.9055629707458 179.32824496066638 639.5563114647687 224.97344475504508 1.5 1.5962686881422996 3.1468632191419603 0.13149936651636965 1.7455176507407166 25.738400000164074 -1.5807303889330966 0.9999986886978149 
Pedestrian -1.0 -1 -2.432245656635881 868.5251698597597 156.54098891243586 938.3072127575829 273.72469798049684 1.8 0.728006337583065 0.742549405246973 4.648687146293484 1.549781910888221 11.577784603697786 -2.0504314760353908 0.9999910593032837 
Car -1.0 -1 -1.4498265280031004 502.22945661331295 179.75831353016542 571.5310718037592 237.74485005538403 1.5 1.5616214394569397 3.748752784729004 -2.086590583276999 1.71945895024932 21.003434819532856 -1.5488468288120372 0.9999866485595703 
Car -1.0 -1 2.105810971015753 69.30110852416627 183.79160421770885 192.04468214603423 238.05554662933542 1.5 1.5246455118060112 3.691318866610527 -14.888445997710381 1.8711894168771 22.580424371828475 1.522889538607325 0.9999831914901733 
Car -1.0 -1 0.9084605418723475 393.7568403192063 180.94898107414096 500.1711176742406 225.9282279861516 1.5 1.608562146127224 4.169181597232819 -6.127504491542196 1.8216613983480439 26.696987687748532 0.6828476627680915 0.9999783039093018 
Car -1.0 -1 -1.5315931372460694 581.2955462204793 179.7492496273552 614.436019051894 211.0656523579188 1.5 1.5692672252655029 3.6016615599393846 -0.6214466351212913 1.8730257105091597 37.17622989115213 -1.5483078165587527 0.9999700784683228 
Car -1.0 -1 1.0680236656182935 264.5610731175356 181.4009641009982 412.0630588263848 257.5137273228953 1.5 1.5197620287537574 3.71395820081234 -6.287771198298413 1.715681748628404 16.395793894524683 0.7018226822230476 0.9999685287475586 
Car -1.0 -1 1.1920470417138718 0.0 181.97277579954863 268.2974656500692 341.16590384213407 1.5 1.519668523967266 3.5389112800359728 -5.849823690845025 1.6295965318748644 8.602560394972734 0.5948638161036628 0.9999301433563232 
Car -1.0 -1 1.9688062733152822 287.7451534024284 182.4821465814339 352.1432315499409 214.5778961178959 1.5 1.6260341301560401 4.026728358864784 -14.807501417844795 2.0206503304955663 36.96135213015193 1.5877644896467746 0.9998931884765625 
Car -1.0 -1 -1.6674291939934227 653.5098811539154 178.87087550845743 696.5366108183047 216.8227994407346 1.5 1.495460656285286 3.38613637983799 2.6804366530946364 1.7710189271678796 30.754433989446838 -1.580492774085377 0.9983280301094055 
