Car -1.0 -1 -1.6688893269252123 633.0021849327694 178.90138768129862 683.9620473287548 221.26738919030532 1.5 1.5817663192749023 4.005341094732285 1.7794539297195557 1.753337809711741 28.152206307122512 -1.6057649749007565 0.9999998807907104 
Car -1.0 -1 2.493968464232875 862.6599995441002 174.18928208279314 1220.20266228556 297.8301926056149 1.5 1.6039517268538475 4.044011470675469 5.682136129285273 1.5204628071974287 9.817329756639525 3.0186436057051242 0.9999980926513672 
Cyclist -1.0 -1 1.6955156764963193 464.39026144813545 184.2694869483777 495.8352795625988 242.1060606737062 1.4 0.6032064117491245 1.6405333325266838 -3.3841294858412496 1.7083415214615145 18.628351164797735 1.515809937319483 0.9999985694885254 
Car -1.0 -1 0.5672119064975394 0.0 183.0484429146474 319.60051526752824 290.4009546776702 1.5 1.6930915907025337 4.555508729815483 -7.139183046352289 1.6693051481140917 11.098336010816528 -0.004414872327123366 0.999997615814209 
Car -1.0 -1 -0.43375989437662654 798.471005933279 175.63743311959806 1064.7331897186007 268.04595482447314 1.5 1.571078833937645 3.9557384818792345 5.429279340344032 1.5522023951398907 12.598325566053171 -0.0268582860615594 0.9999966621398926 
Car -1.0 -1 3.4167563963450633 301.8009607911338 181.78719396363743 448.099729884797 233.0400977006031 1.5 1.5893960863351821 4.017010566592217 -7.219559562298862 1.7871171904738923 22.288323743823717 3.1035046458204807 0.9999954700469971 
Car -1.0 -1 -0.7788072715172835 1014.640047929485 171.82661082856112 1241.0 341.10363586466485 1.5 1.491778765618801 3.010544788837433 5.932504198102562 1.4912539768857687 7.275939295544771 -0.09477086464432308 0.9999972581863403 
Car -1.0 -1 -0.40521032685707015 780.2156809632106 176.2917733690779 988.2811277513786 253.20663177217904 1.5 1.6047847017645835 3.724321958422661 5.566830968561112 1.5763206159943248 15.04477417229039 -0.05081494251755305 0.9999945163726807 
Car -1.0 -1 3.769245788690427 0.0 183.58378595430574 227.7350902073335 327.24820203117486 1.5 1.581393976509571 3.9148347944021227 -6.979265677276638 1.64112971616595 8.564390582675927 3.0854751944502414 0.9999881982803345 
Car -1.0 -1 3.3876580209880283 346.2329594653906 181.55118280801074 473.9751157162793 227.12982823259486 1.5 1.6007468596100807 3.9812202125787737 -6.8722128502538435 1.8108737167510371 24.91221535683439 3.118495094772202 0.9999301433563232 
Car -1.0 -1 -1.615265341874296 618.0942481791561 179.52668159161462 646.5911109051781 206.1332794500154 1.5 1.549001832306385 3.482070800662041 1.273554897809498 1.9170864316365488 43.30691504928277 -1.585866157957588 0.9995216131210327 
