Car -1.0 -1 -1.6238276207342486 569.618447353231 176.95606490872058 758.2911840517347 362.0878054904006 1.5 1.5525347113609314 3.838593748211861 0.3788248013377281 1.5559440302952587 7.851632196327352 -1.5756171020355565 0.9999994039535522 
Car -1.0 -1 2.1409588810497144 39.266725720022826 183.01500761625707 229.68314045189288 263.5832938517068 1.5 1.5690990284085273 4.027236488461495 -10.301096489466843 1.753476274936204 15.955244243529188 1.5676657398554938 0.9999983310699463 
Car -1.0 -1 1.8537121348780705 401.3056113470781 181.4630810692203 451.265900498376 211.97615522162044 1.5 1.5473803997039794 3.955810379981995 -9.79790885760818 1.9848667791945953 38.601254360908186 1.6051380515059055 0.9999977350234985 
Car -1.0 -1 2.1943910886391658 233.19211955963786 182.8367662710233 314.5096782572636 221.22922851839363 1.5 1.4905151471495628 3.3312129348516466 -14.34764911479544 1.9523024922870347 30.88721593928389 1.7595302939375461 0.9999983310699463 
Car -1.0 -1 -1.0065782230578726 719.8341334369994 177.40937545239734 841.7804797702869 233.58366030804822 1.5 1.6454384222626686 4.036722940206528 5.133491882581593 1.6492780490754921 21.58671390725027 -0.7731069485333306 0.9999946355819702 
Car -1.0 -1 1.9371712726102663 351.33365007651275 181.58103188773202 427.0303618407625 218.87956052545292 1.5 1.7285453647375106 4.568508130311966 -9.85550648595809 1.9211787799537117 32.44992720449377 1.6423103690107883 0.9999920129776001 
Car -1.0 -1 -0.9870532446259023 687.855703567019 178.3930422583646 759.0574219594993 214.27761232425075 1.5 1.5070271238684654 3.4690341472625734 5.1089101395476835 1.763603751520655 32.49955270659244 -0.8311298648503168 0.999991774559021 
Car -1.0 -1 -1.605493231635705 1148.209961492523 162.96633742948623 1241.0 374.0 1.5 1.638650943338871 4.13909615278244 4.2985896885306625 1.4739088464604977 3.965057680638613 -0.7797556082394463 0.9999513626098633 
Car -1.0 -1 1.900020682273892 458.2183447074491 181.07032455921646 501.41063995414794 205.0210484076768 1.5 1.6300108775496482 4.129363831877709 -8.78424468475504 2.081122628981776 48.83471678777181 1.7220468401869358 0.9998134970664978 
Car -1.0 -1 1.7733268123532229 508.63116304284443 180.60616489173503 544.6869807984576 205.57859230431117 1.5 1.597185668349266 3.6865761995315554 -5.350215583631775 2.0196769423328327 46.427016360007975 1.6585936427076877 0.9996390342712402 
Car -1.0 -1 2.388419255231136 223.32516292667248 183.1092716148239 303.43358482903864 211.45400602652228 1.5 1.661456425487995 4.21609343290329 -20.161017492390854 2.1307767067761807 42.08630708334794 1.941679942603928 0.999193012714386 
Car -1.0 -1 -0.9370022782583736 669.0185275612093 178.74191449913428 732.6051911840941 208.35698342910302 1.5 1.5768487498164176 3.636167061328888 4.92536510272064 1.8350041329899867 39.145002399189266 -0.8118364373829705 0.967140793800354 
