Cyclist -1.0 -1 1.9097798616967085 423.9423746553074 184.4440066184495 465.0251515717016 238.6032767125295 1.4 0.5674344979226589 1.7231634378433227 -4.593626423109143 1.7345865329008276 19.916766271499366 1.6831025958021701 0.9999991655349731 
Pedestrian -1.0 -1 1.3768526707569748 857.8589763920588 151.79818792414255 909.9329188433649 296.468494230596 1.8 0.5287730626761913 0.5443859405815601 3.4606450193087177 1.538379711055385 9.286128531864719 1.7335774779280246 0.9999988079071045 
Pedestrian -1.0 -1 0.8163026938124689 27.191782460581393 170.27264450678737 85.54985957879013 261.381581214254 1.8 0.5923128247261047 0.738277056068182 -11.2487439957821 1.7493591219054807 14.6035325431793 0.15995101531478337 0.9999884366989136 
Car -1.0 -1 -1.3062247240398954 510.75981432988624 179.97548523303357 582.2964493292035 216.54935873552486 1.5 1.9929627448320388 5.2358201265335085 -2.8602666450598466 1.8573694165697368 33.415523533307315 -1.3916135291245324 0.9999721050262451 
Cyclist -1.0 -1 -0.8085954978252088 597.2778772114216 181.86439358208153 637.1836678166046 215.69287045255868 1.4 0.6582053869962692 1.8119186654686927 0.2835787700785 1.8010557245191425 31.20550932654647 -0.7995082894947869 0.9999344348907471 
Pedestrian -1.0 -1 0.6354930911683223 134.5726997282917 161.97427112112578 212.3006838993877 293.4260243262091 1.8 0.7467281565070152 0.6277479723095893 -6.254850591986711 1.6513791685108357 10.277158762954297 0.08876185019942694 0.999923825263977 
Pedestrian -1.0 -1 1.2071530126626921 866.0145244151335 152.9687677140922 933.0508755845344 290.3370376891404 1.8 0.6085096418857574 0.778079268336296 3.879341257011193 1.5397924766816593 9.844479647415646 1.582530486579758 0.9999434947967529 
Pedestrian -1.0 -1 2.6986164090765747 839.0487326473817 146.5601222424913 916.1862959994315 321.34214903707715 1.8 0.6886058047413826 0.5346982300281524 2.8206360311131653 1.5295692890787027 7.79634622019993 3.045755255218369 0.9998058676719666 
Pedestrian -1.0 -1 2.492026846845085 887.3153634369221 154.39017280596764 968.507138204909 281.95950158234933 1.8 0.5886546827852726 0.9207815423607826 4.596483421259886 1.5398337376798843 10.57326628583884 2.90210734605394 0.9997000694274902 
Pedestrian -1.0 -1 -1.0358822046258511 53.248496692483535 163.99719440529768 134.76078641324526 289.7382259014152 1.8 0.5644193410873413 1.0069911859929561 -7.786356124876112 1.6735714922668987 10.852383452492623 -1.6582429046419007 0.9993040561676025 
Pedestrian -1.0 -1 2.414931016704883 878.5050010906818 154.7702446244672 960.7209825709219 280.79220864311816 1.8 0.586447075754404 0.984763403236866 4.548994658567732 1.5420635340980529 10.738595273288512 2.8156251788099826 0.9766502380371094 
Cyclist -1.0 -1 2.0950478316548957 432.430344149913 184.04041241959158 479.5725871540097 231.53250481848136 1.4 0.6673375636339187 1.7396573469042778 -4.854098433358112 1.7657582230388573 22.635733626198846 1.8838031172712864 0.746086597442627 
