Car -1.0 -1 -2.1169416706201636 955.8572796782804 170.46098987676407 1066.5571528694293 217.90399202284246 1.5 1.62117840051651 3.625447538495064 13.728893217891994 1.1841490277112037 24.1858318483391 -1.6006547278401 0.9999984502792358 
Pedestrian -1.0 -1 2.1627228617369143 227.80160502241827 174.018110463721 250.0634795725126 216.90509703436229 1.8 0.574106865376234 0.6524873457849025 -15.565666288390808 1.5294329420007764 30.02712507186392 1.6844742178877414 0.9999977350234985 
Pedestrian -1.0 -1 1.0740605234408471 432.49104501318044 161.31591341790246 500.868421772905 259.8645782176999 1.8 0.8492288671433925 1.141288273781538 -2.716232331299756 1.4512404616112096 13.619593727695024 0.8772076805445808 0.9999998807907104 
Car -1.0 -1 -2.2694582343747998 1033.5498905126913 169.32541865441596 1155.831734788481 217.55529137809862 1.5 1.5902933225035667 3.335380044579506 16.266617846719658 1.154013389899134 23.722229777008035 -1.668386028209005 0.9999924898147583 
Pedestrian -1.0 -1 1.936380737404951 264.8103249972454 171.27672390445352 299.6312626861809 226.71766660617558 1.8 0.7050462558865547 1.1124911278486251 -10.758942734134697 1.50209372754376 23.5282084506822 1.5074905594203132 0.999993085861206 
Car -1.0 -1 0.8804568173046107 1093.5656174822998 168.26046760383915 1223.0 215.36237185606674 1.5 1.642717470228672 4.057174783945084 19.210324812560607 1.111771488994127 24.561306988855208 1.5442108352992194 0.9999911785125732 
Pedestrian -1.0 -1 0.6361424720564655 690.8210477735025 152.04604112156818 779.6216581501781 282.71395723605116 1.8 0.7599264875054359 1.0315987773239612 1.8568323837951377 1.4097050953302923 10.370724703419473 0.8133107860896247 0.9999914169311523 
Pedestrian -1.0 -1 1.0171465591522404 393.15971222768866 159.63703977177227 463.32670625010735 270.84948397679625 1.8 0.7552349500358104 0.9823113240301609 -3.062319962672903 1.4639812265624093 12.051635336788491 0.7683128555628912 0.9999938011169434 
Pedestrian -1.0 -1 0.8008389676746839 552.0326117017638 155.68190185591322 625.6024445373038 277.15644785848565 1.8 0.604654711484909 1.0251707889139652 -0.30640607667927633 1.433909688623 11.046378190835599 0.7731079300257819 0.9999812841415405 
Pedestrian -1.0 -1 1.0428609274498062 447.0252442354522 160.21845529972472 521.780998680874 263.6515309124148 1.8 0.8998074129223823 1.1486665837466716 -2.2744501361581713 1.4486944443719818 13.02857522196362 0.8700286587092536 0.9999804496765137 
Pedestrian -1.0 -1 0.8849026571447008 505.17267676030497 154.83087338632564 594.7876942139628 283.9987156021937 1.8 0.7276716202497482 1.2089857392013073 -0.8784697250617742 1.4439596468268554 10.535400395400067 0.8017124374720709 0.9999630451202393 
Car -1.0 -1 -1.6081454775450976 605.3177970930326 176.11960798163662 637.1201861494745 206.14233468691074 1.5 1.5331998959183692 3.2627961158752443 0.7991841360462127 1.2825762534683345 36.96397933341347 -1.5865282258626563 0.9999620914459229 
Cyclist -1.0 -1 1.2892490151823282 585.1926492903514 179.54230980518383 619.9267599864131 226.12071800478355 1.4 0.6292669594287872 1.7249629393219947 -0.1262990644176398 1.3727764298166991 22.162973906339147 1.2835504253718513 0.9999815225601196 
Pedestrian -1.0 -1 0.6599888638521139 637.9462954539371 150.96511429722207 734.188158111918 291.5561709447402 1.8 0.7801318101584911 1.0544103130698204 1.0583583219472907 1.4235377621778658 9.694337590351639 0.7687310417506354 0.9999297857284546 
Pedestrian -1.0 -1 0.9110679901068632 457.6335014451396 154.3230802248741 547.00986809417 290.18174279278645 1.8 0.7285013355314731 1.0998555950820446 -1.5085539327572552 1.4548529623970516 10.005849266870564 0.7614278038355964 0.9998748302459717 
Pedestrian -1.0 -1 1.9564794212051233 246.11676838510493 173.73737943046896 271.60778034445366 216.75488093856677 1.8 0.7130606591701507 0.8314671486616134 -14.712352736058957 1.5185124312044445 30.020043005817 1.5007957657191413 0.9998629093170166 
Pedestrian -1.0 -1 1.0780973627040822 379.53181244559715 162.42332639941503 446.1951674618869 258.8016695032656 1.8 0.8773265898227691 1.0322912156581878 -3.817972069581131 1.4640296714530088 13.87643125284565 0.8096002777430671 0.9997346997261047 
Pedestrian -1.0 -1 -1.443339839412009 194.79876465576257 174.4919266100303 213.7492881128244 217.24578719853537 1.8 0.6418395347893238 0.5274811320006847 -17.094813282174865 1.5485333278693632 30.128507630525238 -1.9594412008908135 0.9995742440223694 
Pedestrian -1.0 -1 0.9826063951576252 441.3206909314585 154.0304984857668 529.904448141664 292.882238016729 1.8 0.7672368109226226 1.027389758080244 -1.7096178603897332 1.4585379923540027 9.797385080066856 0.8098484714839118 0.9990170001983643 
Pedestrian -1.0 -1 0.9903747483332076 417.45764767275284 162.4796622493122 481.61040750899997 255.70721442057447 1.8 0.8850200593471527 0.9600299902260303 -3.187665355178795 1.4537031787169958 14.29831724435993 0.7710220058772222 0.9988683462142944 
