Car -1.0 -1 -1.557546447978628 561.0775822104105 178.21857185927598 672.0759795818728 284.2226334066783 1.5 1.6014781340956687 3.6194852113723757 0.07533914598181678 1.6047786751484174 12.216961437023015 -1.551379759856735 0.9999996423721313 
Pedestrian -1.0 -1 -0.81355319506991 772.2679275710141 167.74459134041217 805.0371306344824 228.5889277005386 1.8 0.5771104738116264 0.7891090147197246 5.351009130122634 1.6492026484701412 21.79935206455031 -0.5728459517147881 0.999993085861206 
Pedestrian -1.0 -1 2.2054632459588266 984.0366225813434 170.0454656154987 993.6817669260589 205.64110140973278 1.8 0.42507536970078946 0.15503200963139535 19.237822797491752 1.6583357716073102 36.708988307444486 2.688175427909714 0.9999816417694092 
Car -1.0 -1 -1.209794199043031 853.4846866100827 174.242801597079 1115.7895125138152 330.6842228347938 1.5 1.5814556300640106 3.8033878922462465 4.638266580209021 1.5208695977645164 8.801174675229797 -0.7247764031079156 0.9999669790267944 
Pedestrian -1.0 -1 2.592453939241601 1015.4339650488616 166.72242384295538 1034.1603354737276 218.84447719448062 1.8 0.5100912906229496 0.3513060536235571 14.426490270852861 1.5886079402571447 25.17506674106142 3.112819063659531 0.9999436140060425 
Car -1.0 -1 -1.4130429258218842 992.3676332514424 169.5155452631924 1241.0 374.0 1.5 1.6234053790569305 3.882976856827736 4.28612134911337 1.4855942187747013 5.0704098511740785 -0.7112718383458001 0.9999226331710815 
Car -1.0 -1 0.42459604455071287 67.83718240720353 184.79342592694 165.4991851032411 216.5271919264683 1.5 1.5195793032646179 3.7266938507556917 -24.568466252169475 2.113527690445665 35.98131863613078 -0.17450077930954522 0.9997050166130066 
Pedestrian -1.0 -1 1.974630324584124 919.3217510299398 168.61183233102946 944.2490263338456 215.90184816470688 1.8 0.5907489478588104 0.8657592840492725 12.434613153242275 1.6388881390592305 27.97218123234678 2.3929302573164524 0.9995369911193848 
Car -1.0 -1 2.2303373185976216 0.0 184.03871179158142 44.62545771536905 328.26040776356126 1.5 1.6121432676911354 4.261290517449379 -10.196538285312347 1.6907958240263292 10.064206736152157 1.438407822451319 0.9982702732086182 
Pedestrian -1.0 -1 2.1305303261416153 984.8048564583412 170.0366810025237 996.2468421771775 205.60138998132038 1.8 0.5047793060541153 0.16542743220925332 19.35737368921601 1.657767663588783 36.77547070967562 2.615047919746262 0.9903057813644409 
