Pedestrian -1.0 -1 -1.4432237598153097 279.53303005613105 160.79233285018313 330.31605745702603 274.86295790623006 1.8 0.6846210479736328 0.7046212933957576 -4.94844712228377 1.4906748720768492 11.584334020207825 -1.8469285825875146 1.0 
Pedestrian -1.0 -1 1.1903488649404335 764.1699297847114 153.2447226134525 815.9634857228124 273.59943972519216 1.8 0.5197769522666931 0.7899231769144535 2.8198229783412168 1.3940371157800497 10.99469354505599 1.4414087971064704 0.9999990463256836 
Pedestrian -1.0 -1 -1.122269455649157 615.3128422212876 167.49761188235536 639.3108558857504 218.7245251343063 1.8 0.6135075844824314 0.7061779990792274 0.773662466871521 1.3446529544914052 25.29390501209451 -1.0916920761254174 0.9999991655349731 
Pedestrian -1.0 -1 -2.282630383977984 647.0419336046278 165.1665092734682 673.1377125405079 227.34285351753718 1.8 0.4902952842414379 0.6059125557541847 1.5900051293188215 1.3576656066230537 20.85336840335693 -2.206530706086431 0.999997615814209 
Pedestrian -1.0 -1 1.0717050795288048 822.9403004173264 138.28676961345508 921.0566564899407 337.31962846569786 1.8 0.5432009257376194 0.8511419899761676 2.5107318327806634 1.4199352329143369 6.850307987179129 1.423015042147364 0.9999910593032837 
Pedestrian -1.0 -1 1.1758296924495841 481.90403749253636 166.32114489339463 516.0520506687761 233.84990121484876 1.8 0.601322066783905 0.9620649300515651 -2.952500268360897 1.4236422575356427 19.408857445443836 1.0248657902094978 0.9999711513519287 
Pedestrian -1.0 -1 1.0984323824547682 412.4410080621333 165.64469708564695 452.98138815780203 242.0950332358363 1.8 0.6361092932522296 0.855258435755968 -4.227434884267895 1.451840995853752 17.173753935424628 0.8570741852137702 0.9999039173126221 
Pedestrian -1.0 -1 1.180239504586015 396.6924085639743 167.26044429870285 433.21631217943127 235.7705207628958 1.8 0.6326652623713016 0.9683415785431861 -5.188680170562771 1.4537370078676761 19.148344282133646 0.9156212051722662 0.999882698059082 
Pedestrian -1.0 -1 1.3086882598082838 489.35275789683106 166.4565360017815 521.2594975480137 232.7560190278366 1.8 0.6774192236363887 0.8692605912685394 -2.8226106741696806 1.4203072956567913 19.72390007805821 1.1665472229334968 0.9996453523635864 
Car -1.0 -1 -1.1665470862624476 0.0 181.28905512335137 289.7108123466382 369.0 1.5 1.9636020556092262 5.156933751702309 -3.127663645762454 1.5089244167510254 3.716308815216079 -1.8661471168187005 0.9973887801170349 
Pedestrian -1.0 -1 1.1986104451925994 475.49134556396734 166.45531756624936 504.3544329082892 233.9675271324493 1.8 0.5384673856198787 0.7564414784312248 -3.1826731151367054 1.4271268744399461 19.30891649959916 1.0352501114222663 0.9845709204673767 
Pedestrian -1.0 -1 1.1923784674302949 745.6290682363265 153.4090361818492 796.6486274659068 274.2636067776521 1.8 0.5132924325764179 0.7825439356267452 2.5157273142696037 1.3981707303077147 10.951506192192697 1.4181763370844978 0.9826135039329529 
