Car -1.0 -1 -1.773119153166547 707.7329813984636 177.3082437292668 816.4650101576816 259.1126638404162 1.5 1.5523136153817176 3.3249637603759767 3.0030236235419987 1.603733518008298 15.076076821589199 -1.5765012922373158 0.9999995231628418 
Car -1.0 -1 0.4705806867527704 142.47506523294004 182.0429792911269 395.20377808940486 276.46966228650456 1.5 1.5284326419234275 3.647010263800621 -5.814534676528234 1.669381414335853 12.44449812435355 0.03348497947188787 0.9999992847442627 
Car -1.0 -1 0.33588200516736255 223.4094976524069 181.7980055241803 420.62103787712033 260.5147916176243 1.5 1.5437501043081283 3.4349361926317217 -5.835312190859367 1.6939900671927521 14.777838513639347 -0.04019339481857844 0.9999986886978149 
Car -1.0 -1 0.23369521449937822 382.7785649678194 181.39084748993756 495.42512591333127 220.39387924827125 1.5 1.643107135593891 4.128095743060112 -6.831878285076529 1.8524759992556994 28.933125748243086 0.0018159588191168688 0.9999903440475464 
Car -1.0 -1 -1.6577489417929752 632.88448777004 179.1202714392942 676.8908979961113 207.3970223970629 1.5 2.0639587685465814 5.9629498541355135 2.52748168390996 1.8966096220272475 42.61525780625376 -1.598509023958121 0.9999904632568359 
Car -1.0 -1 3.7109796185756054 0.0 183.02523244160653 292.8525150847323 302.45305940919184 1.5 1.5610725179314613 3.7473733097314836 -6.672968064074884 1.653039862435406 10.013434382595575 3.123160588737351 0.9999567270278931 
Car -1.0 -1 3.3521639496245967 301.83318607257104 181.62959120216652 445.178705158598 240.30214054972214 1.5 1.5372619524598121 3.4689182907342913 -6.402366513418076 1.751127206366363 19.67108036277961 3.0375060915907444 0.9999494552612305 
Car -1.0 -1 3.3068299736798847 441.20035064887975 181.13889404388917 524.3816866606322 210.22951757493234 1.5 1.605222237110138 4.163722556829453 -6.775554957434296 1.9517848827573134 38.491059922300366 3.1325857520063938 0.9999336004257202 
Car -1.0 -1 0.6665691471933706 0.0 183.3735008879336 249.56956669576707 346.6029228340121 1.5 1.5801087513566017 4.011298578977585 -6.242784818651559 1.6229702319304506 7.571435186299114 -0.0229440490391595 0.999932050704956 
Car -1.0 -1 -3.3951688238741733 753.061104488525 177.2975799253763 893.0510398656246 227.81442879735988 1.5 1.5639244139194488 3.8982956230640413 6.489529262821981 1.6435158970765702 22.40603307833572 -3.1132498542454585 0.9999045133590698 
Car -1.0 -1 3.1350761110301857 468.4731262240191 180.93038762876984 540.1075059056705 206.88046147349795 1.5 1.6881295040249824 4.199315470457077 -6.408438874380973 2.0010532834711707 43.575686343281994 2.9890582442244114 0.9998457431793213 
Car -1.0 -1 -2.717454811629827 0.0 0.0 1241.0 374.0 1.5 1.5351100385189056 3.6673298597335817 3.0467129362589898 1.4615170826471808 1.5142090197096771 -1.6079012910511834 0.9941917061805725 
