Car -1.0 -1 -1.8445567761343133 738.9385724171766 175.76012822416538 966.0152332212158 326.47119445618443 1.5 1.5918856978416442 4.15576012134552 2.759429058051527 1.5464282643811613 9.347401785867946 -1.5575019643318397 1.0 
Car -1.0 -1 -1.6749975917116868 671.7903904854431 178.34137040550274 733.0107065785845 228.29374149245885 1.5 1.609319870173931 3.85152907371521 2.9501958512095343 1.6978835322650772 24.030132855236044 -1.552838214733873 0.9999998807907104 
Car -1.0 -1 1.8256376649947157 346.78480654060814 180.51791815858294 467.7574064070646 259.60047830917813 1.5 1.622711730003357 3.979473423957825 -4.398381619337403 1.6923174607167806 16.070171077132017 1.5584818561885017 0.999998927116394 
Car -1.0 -1 -1.726408694099159 703.064719757414 177.3782855936493 805.7152110356443 257.4035751421591 1.5 1.5847545608878135 3.6777547121047975 2.938470502510973 1.6098360167623922 15.594664626089875 -1.5401644716647012 0.999998927116394 
Car -1.0 -1 1.698703340142791 471.58083021134235 180.37909785228473 528.30821430074 224.8762624089849 1.5 1.5961623311042785 4.0565724045038225 -4.090401799973203 1.8039091995927174 27.057579025320937 1.548665448031153 0.9999974966049194 
Car -1.0 -1 1.7573996626309798 421.32767163623595 180.5194814064509 499.0403265387898 237.45155725626742 1.5 1.5787283450365066 3.784824025630951 -4.393363502749345 1.7482370188332914 21.42513781770999 1.555146857104029 0.9999970197677612 
Car -1.0 -1 -1.737074243534547 659.4682866652555 178.68689555150561 713.2384973166934 217.77990821143098 1.5 1.5889319151639938 4.029490661621094 3.098660295414686 1.7624751169553872 30.359749249198796 -1.63536170224217 0.999996542930603 
Car -1.0 -1 0.7124252340913915 0.0 184.19392793475794 188.0527836051512 287.64208759573074 1.5 1.5207484856247901 3.8123691946268083 -9.103405927276121 1.6940846746584552 11.483720019112214 0.04213742812606267 0.9999947547912598 
Car -1.0 -1 -1.688310866650235 644.371659368038 178.87422957725957 700.5057615997941 210.73917946691398 1.5 2.258315359055996 5.7850080102682115 3.1410620374088274 1.8418887024835484 38.00020412944247 -1.605839272090469 0.9999784231185913 
Car -1.0 -1 -2.5999904297966845 0.0 0.0 1241.0 374.0 1.5 1.50373415350914 3.322151538729668 3.0030631550505413 1.4636028881085876 1.669642395142255 -1.5366167212512833 0.9993466734886169 
