Car -1.0 -1 1.9587014911670266 295.4544498875248 182.15754959565234 371.94247605028164 221.93415466070934 1.5 1.6378434866666793 3.852936860918999 -11.453435954231663 1.913105260529665 30.06244358992182 1.5946912646254123 0.9999992847442627 
Car -1.0 -1 -1.612958428431665 600.4001989877037 178.59827368976485 677.4515439686982 250.7799343825024 1.5 1.6333267584443092 3.568282958865166 0.5444843082403547 1.6505399766436937 17.069183387872272 -1.581070567541991 0.9999991655349731 
Pedestrian -1.0 -1 -0.07037631329132646 495.6343739586193 171.16712139969084 519.2304301754423 229.5938816416333 1.8 0.5839312009513378 0.6905539453029632 -3.260374170910989 1.7483887866512464 22.58480717781907 -0.2137472192433221 0.999998927116394 
Car -1.0 -1 -1.6184593490517472 670.6529870778995 178.5217038844355 721.7504478550737 219.60308302086364 1.5 1.826755565404892 4.426900160312653 3.3710999289987904 1.7478790701078326 29.238690697339624 -1.5036703358080727 0.9999986886978149 
Car -1.0 -1 -2.378051899882878 508.4115207482574 180.50202957982188 568.5459639031938 206.17831759906116 1.5 1.5853753805160522 3.638417509198189 -4.507332716382134 1.9951639792372002 44.933759620941714 -2.4780280748989925 0.9998433589935303 
Car -1.0 -1 -2.3078613146946623 478.7309388018382 180.5595070868292 555.9673824419041 211.5519128084754 1.5 1.631970752775669 4.178377476334572 -4.939588675212124 1.9259488705079937 37.87496743392135 -2.4375476400044307 0.9996848106384277 
Car -1.0 -1 -1.511219953347973 580.6048816779931 179.4987657716201 625.4044015166747 220.1269569502288 1.5 1.5967378884553909 3.487782043218613 -0.27050537492707694 1.7838686606097203 29.001170161411935 -1.5205470780518395 0.9996699094772339 
Car -1.0 -1 -2.325118739822701 457.4357516354054 180.65703483141763 538.9733508460599 218.1205301838583 1.5 1.5428599461913108 3.4492942065000536 -4.908295115950655 1.8563597631095368 31.24891904928422 -2.480916694798742 0.9995505213737488 
Car -1.0 -1 1.804875593075464 401.8847367049189 181.60011638342172 444.7720232609822 207.99659258470732 1.5 1.671239410340786 3.995671358704567 -11.446589707535612 2.062332309948329 44.346103645039406 1.5522698601100104 0.9986869692802429 
Cyclist -1.0 -1 -3.408713171816898 800.8845169312276 180.51398325797305 878.7488325590167 230.3128411198114 1.4 0.7986360721290111 2.0035770282149317 6.572274363064024 1.6264160894142252 20.853706069327462 -3.1034059087422237 0.9968810081481934 
Car -1.0 -1 2.278772683542059 1241.0 170.79936655914747 1241.0 239.26717868171764 1.5 1.6998559728264808 4.283597928285599 18.65746238628277 1.4553447169243439 16.701988342947914 3.1194172978361667 0.5364457964897156 
