Car -1.0 -1 -2.0107162198608624 802.9750323084533 173.75622518470266 1241.0 374.0 1.5 1.587482963502407 4.07299944460392 2.8868791433461896 1.5104604007158222 6.03512882116248 -1.5645414693888766 0.9999998807907104 
Car -1.0 -1 -1.829599003444516 743.4804183616114 176.17045183959314 921.1202698379725 298.61023308530946 1.5 1.5596446141600608 3.755408388376236 3.051298866185831 1.5588306824442133 10.828959193545337 -1.5549477646735055 0.9999997615814209 
Car -1.0 -1 1.8002098844339651 404.450450696819 181.20205469965927 462.4126753797904 218.82273005834728 1.5 1.5896950408816337 4.066305470466614 -7.719544658404758 1.8909028041764315 31.712273150425478 1.5614294250819343 0.9999995231628418 
Car -1.0 -1 -1.745343446856003 667.8557067742537 178.36919664919625 733.7333577739149 227.44444332786847 1.5 1.5479194492101669 3.8659027338027956 2.948049942643562 1.7024716761891765 24.466917440128267 -1.6254302533951146 0.999998927116394 
Car -1.0 -1 -1.5603396513807766 593.7370299137929 179.73073527454505 621.8824468916999 206.88701829789753 1.5 1.593172413110733 3.8612230241298677 -0.1453643964166821 1.9264518882613286 42.76877176721457 -1.5637384825993819 0.9999897480010986 
Car -1.0 -1 1.7925315301204987 444.246860508456 181.06360538784003 490.08134223288437 210.87761482090534 1.5 1.6106192514300346 4.038205233216286 -7.7849433055367205 1.9726057372259997 39.46279540506128 1.5977594733198703 0.9999758005142212 
Pedestrian -1.0 -1 1.3369926125503964 738.5490051678139 168.86216059811775 759.8889448741294 225.6822767222635 1.8 0.5167576044797897 0.7356010869145393 4.432539502630203 1.6739006362315807 23.233912325199856 1.5255061825129645 0.9999241828918457 
Car -1.0 -1 -1.5686077692762106 644.4538343878397 179.29619983076014 669.7242090571539 203.39495738640602 1.5 1.6087430089712143 3.898587313294411 3.101580417479374 1.946574399102879 47.97571159860622 -1.5040486390378816 0.9999076128005981 
Car -1.0 -1 1.8237602681229121 367.4496823759905 181.36831226577945 436.1778973205726 227.1710045550323 1.5 1.5367771059274673 3.5984514772892 -7.495123111510589 1.8301016192289767 26.122177210183715 1.5443410118434089 0.9998747110366821 
Car -1.0 -1 -1.635159235905052 655.2497564376706 178.83089367679014 697.7125205259124 218.3555542825967 1.5 1.5114680424332618 3.2899467766284944 2.631853571454464 1.7589037096772338 29.546251310816455 -1.5463179918613774 0.9990155696868896 
