Pedestrian -1.0 -1 0.7700491876378983 592.2972354523384 150.801388193979 690.7958314219796 295.80338313579045 1.8 0.7611957870423793 1.0878765515983104 0.4300084199480766 1.4330107951924504 9.428999722443676 0.8156224926325935 0.9999997615814209 
Car -1.0 -1 -2.141875896055959 956.4260672654967 170.46639584470205 1067.1354915345885 217.87111342072345 1.5 1.6239390268921852 3.5152776658535005 13.743442312797354 1.1840635793833545 24.166670574824593 -1.6247936012831075 0.999998927116394 
Pedestrian -1.0 -1 1.973623856393729 238.0333397747383 170.7492300080383 277.11303815550986 231.0966697405081 1.8 0.7082947090268135 1.0819321058690547 -10.654591596211592 1.51072414275356 21.643868938331554 1.516180678209986 0.9999995231628418 
Pedestrian -1.0 -1 0.5801133333325255 772.1959104841202 146.8895129706566 878.9152288301324 299.6938120536536 1.8 0.7874795727431774 1.0306650333106517 2.7405431840450754 1.4057584161150836 8.97186909957073 0.8765713413569587 0.9999967813491821 
Cyclist -1.0 -1 1.1648563643745722 645.2955955195524 179.40685965908554 696.4983246192995 239.22163374718846 1.4 0.6328738786280155 1.6981976598501205 1.563306636592074 1.3760199276701461 17.449340802790385 1.2542089660975593 0.9999977350234985 
Car -1.0 -1 -1.5973486411170497 607.0453730171237 176.10367839239265 638.5986437136361 206.1843907893945 1.5 1.5520070239901542 3.1630738198757173 0.880783514614138 1.2822044253974294 36.83621199417024 -1.5734423904821766 0.9999947547912598 
Car -1.0 -1 -2.2663514044717736 1032.6830156458225 169.32283067365134 1155.9957170245862 217.49639261501983 1.5 1.6039008766412735 3.382316467165947 16.284761608058023 1.1535263205806903 23.7702475756007 -1.6657023216274125 0.9999947547912598 
Pedestrian -1.0 -1 0.9439645639817474 513.838682444383 157.73516212391257 588.5013739156376 270.2598020647958 1.8 0.7735017247498035 1.076988086849451 -0.9646397870904402 1.4374968255655367 11.965956383488539 0.8635231693598883 0.999992847442627 
Pedestrian -1.0 -1 0.9640043146608335 448.1946056971447 157.09916880561704 525.6680146035628 278.28532127036425 1.8 0.7811848565936088 0.9800484895706176 -1.9079318220532275 1.4540852182530115 11.120228613948235 0.7940856655451911 0.9999892711639404 
Car -1.0 -1 0.8793959293595609 1094.0343218103876 168.25114629082321 1223.0 215.39736354589712 1.5 1.6487038254737854 4.052952539920807 19.214269835757456 1.1118414755144679 24.538505591937437 1.543700381121363 0.9999880790710449 
Pedestrian -1.0 -1 0.700544660445356 623.3135143201508 151.82523454100868 712.6726499884041 289.0495759008283 1.8 0.6809046052396297 1.052336723357439 0.8250159348134077 1.42554068161208 9.882118377764954 0.7838372429225104 0.9999791383743286 
Pedestrian -1.0 -1 1.0283538080280294 455.07139205456974 160.62267207425705 520.2831370908297 261.5729175238235 1.8 0.8283324100077152 0.9561324052512645 -2.244403977859377 1.447218350671537 13.234624090608783 0.8603662689540045 0.9999784231185913 
Pedestrian -1.0 -1 1.9802808329652233 238.39539362539136 173.443674620973 267.1842143848521 218.61653738285202 1.8 0.7221463628113269 0.9645727023482322 -14.29696493406026 1.5203239730023452 28.66953828215921 1.5176886757228034 0.9999755620956421 
Pedestrian -1.0 -1 -1.447720800179633 193.48264192136782 174.46666220316945 213.28756646818965 217.4409757285648 1.8 0.6649914689362049 0.588102501630783 -17.064438658097995 1.548774138397404 30.00927774113234 -1.9647613028672082 0.9999496936798096 
Pedestrian -1.0 -1 0.7365873796058422 544.7731250158223 150.0223079928388 645.6954569970598 303.14616927264603 1.8 0.771630697697401 1.021281585842371 -0.17548911082867202 1.4434114518985497 8.932885953908176 0.7169446190211433 0.9985629916191101 
Pedestrian -1.0 -1 0.5383026087183502 746.7509654730346 146.5350716218323 850.9837355710598 303.51033628589795 1.8 0.7794934816658496 0.9812167406082153 2.338936327267809 1.412216218432958 8.726085881582259 0.8001863201472419 0.9976293444633484 
Pedestrian -1.0 -1 1.0248728107522735 426.4993629672245 160.5271995130124 492.17841282007055 264.22190451206274 1.8 0.7535761713981628 1.0164212927222251 -2.7069166689228434 1.4549446376794117 12.896924274828146 0.8179873665187019 0.9966509938240051 
Pedestrian -1.0 -1 0.8853622131659231 503.6219525275696 158.17489170426606 580.3671205767749 268.8764526100757 1.8 0.7621842928230762 1.1433711767196655 -1.1367915978702468 1.4386479601119184 12.166209676098358 0.7921942909571784 0.995908260345459 
Pedestrian -1.0 -1 0.9783914015539101 470.79553217450376 160.7298040534039 534.442141358742 259.9206353418609 1.8 0.7634216479957103 1.010353446751833 -1.9973707653594566 1.4428737119879325 13.456182730508424 0.8310322006556647 0.9891164898872375 
Pedestrian -1.0 -1 1.9263503028589348 262.23697379158557 173.17522020452623 290.8299624250291 218.11051123938395 1.8 0.7334271006286144 1.0729494996368885 -13.431112862855388 1.508082386965712 28.88169846778373 1.4910606582972663 0.9859132170677185 
