Car -1.0 -1 -1.7399709299223303 704.9117518664046 177.2134313798159 818.5961236883838 263.0191342542671 1.5 1.5861159682273864 3.9883213609457018 2.9098950200203983 1.6021278082902581 14.828328405201658 -1.5461944034930808 1.0 
Car -1.0 -1 2.034444898399772 79.70517448760381 180.0817484454692 412.5237049174873 359.10959549584425 1.5 1.6297368824481964 4.137815770506859 -3.7770569977410813 1.6046379152700956 8.309751411462795 1.6078276514967502 0.9999978542327881 
Car -1.0 -1 2.0038221791800774 927.1071775354667 175.1613277555275 1057.0302232657477 248.59872496285558 1.5 1.4525024712085723 3.058656540513039 8.632571045451003 1.5574135693323838 16.33455735226866 2.4899973750074924 0.9999973773956299 
Car -1.0 -1 1.7664058649948053 475.7186856611171 180.12086277303578 548.9489587288007 229.057464188058 1.5 1.7041797310113906 4.278019678592682 -3.3169282426804214 1.7737348036981617 24.952531588621415 1.6342511057814182 0.9999948740005493 
Car -1.0 -1 1.8311540727497124 426.1492396976179 180.1975383354148 522.0385503814606 244.53313752491522 1.5 1.5589353188872337 3.887339544296265 -3.5543987298809685 1.7168974455310024 19.274810509754058 1.6487963080366672 0.9999878406524658 
Car -1.0 -1 2.1536636792630404 884.2699423014726 175.76335027105668 1013.5243133306179 236.42819979503045 1.5 1.52352215051651 3.4495240569114687 9.152443068498744 1.5853999471424638 19.537501204813086 2.591758477683884 0.9999849796295166 
Car -1.0 -1 2.2046818098479664 820.0771275363978 176.6493715011988 935.9753528817396 223.30563950724132 1.5 1.6427329301834106 4.208914053440094 9.406032929418387 1.6433361727568112 25.336644701103392 2.56015394925676 0.9999794960021973 
Car -1.0 -1 2.2153508921027782 847.4213937918089 176.30967641400767 964.2014986225455 229.0102375122515 1.5 1.5348723649978637 3.520197656750679 9.116980714393463 1.6146493322426811 22.299983860193173 2.60344909429155 0.9999717473983765 
Car -1.0 -1 -1.711808706226894 686.3464649824963 178.04119693403044 757.6852476742165 236.18461665373005 1.5 1.5267400562763214 3.441995990276337 3.0730322614329038 1.661210990860375 20.645779288049436 -1.5640480011377973 0.9998728036880493 
Car -1.0 -1 2.4630878409910864 0.0 180.29859776102677 165.4547800467635 374.0 1.5 1.544780333340168 3.609517452120781 -3.8540207590415494 1.551030594818809 3.1032815424127222 1.570198937258448 0.9997829794883728 
Car -1.0 -1 -3.3587432971728415 743.1713511024018 177.9431843240739 830.4896125728424 210.85808003665457 1.5 1.6196586683392524 3.731176492571831 8.240288529936374 1.7460985399321245 33.989794018862376 -3.120897964635168 0.9997677206993103 
Car -1.0 -1 1.9009749647542522 1006.9334398709211 174.04163530164786 1166.471361371108 263.3706790313099 1.5 1.5021538853645324 3.4797011435031893 9.128829304916003 1.5258278119271407 13.814292567716793 2.4849223971327365 0.9994770884513855 
Car -1.0 -1 1.7478126077547138 1182.1744978460238 171.93803991715933 1241.0 275.58170800067495 1.5 1.5816867843270301 3.811672565340996 11.221044725028422 1.4871014879558984 12.223967095789275 2.490459191795212 0.9972358345985413 
