Pedestrian -1.0 -1 1.3208690333332662 903.6873029477921 150.58349237832374 971.1230470689972 293.7644916912864 1.8 0.6580729529261589 0.6417024441063404 4.3354193443262 1.4126692100776295 9.403063858071938 1.7528860449751438 0.999984860420227 
Pedestrian -1.0 -1 2.861368101913367 597.1195061388033 166.73434630269966 639.524078546927 237.92065597603215 1.8 0.7469871573150157 0.9281790375709533 0.39850286549818886 1.427820109037978 18.640875926684817 2.882742750640732 0.9999841451644897 
Pedestrian -1.0 -1 1.7866506486137397 558.840751628798 163.77579043438604 609.5499478022401 253.92096742545567 1.8 0.8624859645962715 0.9913278304040432 -0.38163085045521195 1.447332511732599 14.909222917423923 1.7610592722853244 0.9999831914901733 
Car -1.0 -1 1.8127516612022159 397.81972417690366 179.6412671798201 550.1949225340685 269.18850032515115 1.5 1.9041758522391319 4.666655746102333 -2.3607112535973913 1.4701495665304465 14.431979776243534 1.650612580772263 0.999972939491272 
Pedestrian -1.0 -1 3.0381654893678416 609.330964671857 165.6695542604943 653.7089929712636 242.144538012469 1.8 0.8307709850370883 0.9876289896667003 0.6804762508985516 1.4285993215964992 17.351139089957613 3.0773633599241794 0.9999217987060547 
Car -1.0 -1 1.697107674183508 503.1206851587934 179.19647950404908 586.8378965896665 237.5596040801449 1.5 1.820179496705532 4.831295323371887 -1.5359016006886879 1.4419726772585624 20.91991568037957 1.6238210082014621 0.9999245405197144 
Pedestrian -1.0 -1 -2.358146585232327 843.4562002906964 133.83934566738992 1015.2648621644443 371.55961852018345 1.8 0.8673673056066036 0.9945170514285564 2.678794460948196 1.440514245502627 6.057212720235449 -1.9417573074486596 0.9999239444732666 
Pedestrian -1.0 -1 -2.4865741155093675 1118.1014640141238 108.49529591130522 1237.0 373.0 1.8 0.7545756667852401 1.0059194199740886 3.716190192824081 1.4349031816333668 4.168351730913374 -1.7584610591318948 0.9998688697814941 
Pedestrian -1.0 -1 -0.19929141155610555 774.2142411335005 153.7684845690649 857.1773070701353 286.4614161523304 1.8 0.8034883558750152 0.9827779166400432 2.9677816290099184 1.4251417039031424 10.183396388622844 0.084287687144007 0.977277934551239 
Pedestrian -1.0 -1 1.6495577703938806 954.4916986541132 148.34940868506177 1033.9943022377508 300.0186598350826 1.8 0.8309598572552204 0.6209325537085533 4.88314725797392 1.4079158036635604 9.009109896910799 2.146256196494919 0.9764304757118225 
Pedestrian -1.0 -1 1.3433151781581751 886.7735617206769 151.47325241041378 950.6711262877847 290.80649640760987 1.8 0.6574909694492816 0.6252898395061492 4.199104781467692 1.4134262618996831 9.644606560558147 1.7539479613264621 0.9469581842422485 
