Car -1.0 -1 -1.6002569806595521 603.5447100759553 178.62799345469938 676.7431426251827 247.7872600221262 1.5 1.6180597737431526 3.5736481219530107 0.6265974775993894 1.656657035267104 17.73740459177664 -1.5649453309041006 0.9999995231628418 
Pedestrian -1.0 -1 -0.01310217141804973 517.0672519563001 172.7851828258349 533.8127178182408 220.9136666759135 1.8 0.6034745395183563 0.6206894785165786 -3.2485186888538546 1.7977840263138443 27.322494879995386 -0.1314420262959344 0.9999984502792358 
Car -1.0 -1 1.8981107750687365 338.29143039555225 181.94039044042125 400.46246109786057 216.16933980600822 1.5 1.649964091181755 3.944627058506012 -11.508373443350294 1.9615804527569864 34.64459934131438 1.5773951888044895 0.9999933242797852 
Car -1.0 -1 -1.6284604108557512 660.099686844655 178.78357987288481 704.6435478818021 213.85537871278362 1.5 1.812109214067459 4.413511466979981 3.2876795684792732 1.7970134560541937 33.855123770648675 -1.5316537069764478 0.9999685287475586 
Cyclist -1.0 -1 -3.368370895208411 774.2234717786863 180.43845419126222 833.430128018141 221.148505101276 1.4 0.8020068079233169 1.879882861673832 6.7629031617621775 1.671961914200521 25.403807452121182 -3.1081891814854488 0.9999853372573853 
Car -1.0 -1 -1.514746017829422 584.1045144900083 179.4591935796928 629.0332671963716 220.04009423951797 1.5 1.6149854779243469 3.539932382106781 -0.1265917348431643 1.783025039550712 29.06591811320676 -1.5191013226893288 0.9999703168869019 
Pedestrian -1.0 -1 0.8681740944945231 1122.3967316150095 152.8475283705323 1202.553357364399 274.6908296271546 1.8 0.6040233679115772 0.7961058549582958 8.40414971745433 1.5048008009634617 11.070154398614218 1.5175193985316413 0.9999581575393677 
Car -1.0 -1 2.3601369794503233 1146.429635515355 173.02272052666382 1241.0 226.20969370076796 1.5 1.6199365749955177 4.237260532379151 18.45671704958276 1.5055623370359794 21.30347158918813 3.0740589976271213 0.9999427795410156 
Car -1.0 -1 -2.318518745232328 476.35263586716235 180.62173597426914 547.7760226581179 213.0610041936259 1.5 1.538737167418003 3.5132339715957643 -4.935084454613359 1.9051318675337525 35.88793102608069 -2.4551754156735286 0.9996830224990845 
Car -1.0 -1 -2.370109349004924 493.08339681428333 180.57038114198448 560.5333889243875 207.94812878821452 1.5 1.5401667475700378 3.9886324226856233 -4.949389223193088 1.9731896655979337 42.384648241180805 -2.48635603586701 0.960748016834259 
