Car -1.0 -1 3.699363440212715 36.605737035847625 183.371908277689 272.9240791275059 268.23486095600646 1.5 1.5856840208172798 3.501723197102547 -8.593528700967024 1.712308075396319 13.74252545266092 3.1405312895735324 0.9999978542327881 
Car -1.0 -1 -2.768715458257418 251.44412314606276 182.25723964815575 406.8738301481081 233.8032470525497 1.5 1.6700022414326667 4.121364516019821 -8.576891437756961 1.7999397930409815 22.143178408848506 -3.138258771100317 0.9999897480010986 
Car -1.0 -1 3.5600914842106244 141.4598978450444 182.8437082219288 326.05084753225043 252.59820785380708 1.5 1.5384929746389389 3.4467289716005327 -8.612789807274678 1.742718337235761 16.63244578558735 3.082281339164597 0.9999699592590332 
Car -1.0 -1 0.43987412087613587 200.53616287847137 182.5255162198445 371.8727713962787 242.40952273262593 1.5 1.6220724701881408 3.834330525994301 -8.571012846039416 1.769050347466409 19.1938878154851 0.019893689951624192 0.999951958656311 
Car -1.0 -1 3.352294503252062 393.04027401757503 181.58477361673405 475.9876222651663 213.10113311939023 1.5 1.5904710188508033 3.7336746722459795 -8.66149418003808 1.9420530690405848 35.653824276854074 3.1139780163725437 0.9999176263809204 
Car -1.0 -1 3.40995524232221 305.6113347665899 181.99215714182813 425.76939940848814 227.57637615950492 1.5 1.5761688843369484 3.655364227294922 -8.43235771166454 1.8281546016156918 24.988609773005155 3.0845060229261936 0.999863862991333 
Car -1.0 -1 2.954834820272437 443.22938230237315 181.18914058857322 509.9773012559207 206.29562332079212 1.5 1.582181316614151 3.913918372988701 -8.447997372701133 2.0428342695038824 45.51147727428702 2.771300303932053 0.9998341798782349 
Car -1.0 -1 -2.7890312925489367 338.8504275074539 181.88709630310305 441.86569200798544 220.46656810483069 1.5 1.5747931346297264 3.6948016405105593 -8.931794533755289 1.8791293437824155 29.36063054510861 -3.084345893063818 0.9997879862785339 
Car -1.0 -1 3.2521965847393286 429.57669807003316 181.31958057042362 501.59777675553374 208.82228773623706 1.5 1.632019554078579 3.8507195681333544 -8.17898015092502 1.9921305457092064 40.93249251189134 3.054977643485886 0.9997759461402893 
Car -1.0 -1 3.876108434738562 0.0 184.96010436855298 77.46493328561274 337.7509894648651 1.5 1.53622557669878 3.5126785308122637 -8.393914866300271 1.6512977610745605 8.107347871209331 3.0733456492384494 0.9992865920066833 
Car -1.0 -1 3.35081058562146 410.23112089066984 181.49106231699983 486.4421009839781 210.93427788792155 1.5 1.5858149647712707 3.673248600959778 -8.518774308432544 1.9655557036048217 38.04660267846169 3.1305398821791233 0.9984305500984192 
Car -1.0 -1 3.404658864514838 363.1661362186263 181.81447590173752 450.47969043529184 216.6351203899236 1.5 1.5691157922148704 3.4746340036392214 -9.086816462726853 1.9114625108125538 32.297299722943684 3.130399572845322 0.9975405931472778 
