Pedestrian -1.0 -1 1.2313254158026403 599.5083948711709 149.25724989720993 667.7115964528032 304.12230431515763 1.8 0.56867306381464 0.8999462731182575 0.28769613018729245 1.4385481839501635 8.727865115745695 1.2642764290187019 1.0 
Pedestrian -1.0 -1 0.948508559552296 826.3401450188825 138.4052123476355 931.9083430169063 336.15820291295995 1.8 0.6041817858815193 0.7998357087373733 2.6007124789574094 1.4185421379389822 6.895211010776532 1.3091861446711677 0.9999998807907104 
Pedestrian -1.0 -1 0.7504197248308973 240.07147697330785 161.13540986543734 303.41194211479836 275.8039228246469 1.8 0.6237934835255146 0.6931687265634536 -5.4577144973950515 1.4976823123841814 11.49596327945264 0.3071749647471564 0.9999994039535522 
Pedestrian -1.0 -1 -2.7620658260847453 657.4103230884581 165.77924849188173 681.0509668681717 223.7854347358042 1.8 0.5321453817188739 0.5882591500878334 1.9970584409583325 1.3447529515765195 22.305850276679426 -2.6727731982853755 0.9999985694885254 
Pedestrian -1.0 -1 0.9969001815709784 749.4400935484747 140.57674613118226 852.8484325780182 331.8612400595369 1.8 0.6449732489883899 0.8528617702424526 1.9122326832259922 1.4260174762444349 7.153355919574395 1.258112116656031 0.9999911785125732 
Pedestrian -1.0 -1 1.2679561477902925 596.8540664839676 159.42378600262077 642.557764779063 257.272100727439 1.8 0.6272601455450058 0.9128542177379131 0.22730336670906467 1.4139243784793272 13.528145260817858 1.2847568233821052 0.999988317489624 
Pedestrian -1.0 -1 1.4232950367646824 493.2798801422063 160.50755702420435 530.658831022107 260.4585555659147 1.8 0.578946017473936 0.7844217613339424 -1.7866943901036965 1.441600778982797 13.185450101340935 1.2886103828761237 0.9999790191650391 
Pedestrian -1.0 -1 0.8075277029373555 993.4288426209712 134.60421341077924 1118.0274393795655 339.9997314704051 1.8 0.5253362961113452 0.8825381778180599 4.174285829347659 1.399490876104078 6.67672256635812 1.3662707050654548 0.9999492168426514 
Pedestrian -1.0 -1 -3.335132128733691 881.3900939372181 159.95994965613133 930.8855264146046 233.5115922434232 1.8 0.5335647173225879 1.0536238111555576 7.476469714041668 1.2989300150169916 17.667614911151173 -2.9348094026234492 0.9999427795410156 
Pedestrian -1.0 -1 1.184436107225986 652.6060137269926 149.68238707932636 716.9545843492294 298.26477831798434 1.8 0.5399122394621372 0.8296548880636692 0.9564641354889545 1.4283404360066314 9.033964526103583 1.2899173935267585 0.999914288520813 
Pedestrian -1.0 -1 1.2790946670060255 712.3024413487309 142.00693704391654 805.5854858556768 328.5784533137213 1.8 0.6977200999855995 0.9265820987522602 1.5129524788038515 1.4303240111937012 7.308498807742995 1.483224078020777 0.9999101161956787 
Pedestrian -1.0 -1 0.6741398491649253 1093.0891572259284 62.332360843128946 1223.0 369.0 1.8 0.5900004439055919 0.8943996883928775 2.3931424470996543 1.4438043842873542 2.6246105098881425 1.4134408672663825 0.9998878240585327 
Pedestrian -1.0 -1 1.1493025618374355 659.6568244305579 158.68829080715793 706.8350785461205 255.86374574591645 1.8 0.5589166216552257 0.9556565925478935 1.4542172945444978 1.3976152142385927 13.63275670627981 1.2555715282771247 0.9998747110366821 
Pedestrian -1.0 -1 0.9220835561966094 905.9529935205269 135.75313041540988 1030.5812510048268 341.4922094156511 1.8 0.6511094540357589 0.8663581244647502 3.3435035396850057 1.410214432531025 6.666344583881354 1.3869702061030524 0.9998576641082764 
Pedestrian -1.0 -1 1.27374108413009 521.3380741845341 148.10756489360418 589.664791796413 315.6836184782589 1.8 0.5513152599334716 0.8426726356148719 -0.6302196085259258 1.453749366343351 8.08272159676367 1.1959273060176032 0.9998185038566589 
Pedestrian -1.0 -1 1.2132109800345179 604.3924315369363 159.50691100590515 648.0357178124171 256.4541732061153 1.8 0.5886199444532394 0.8153938248753547 0.3565929425239026 1.4118630989523153 13.603928042674807 1.2394174774500983 0.9996525049209595 
Pedestrian -1.0 -1 1.2539399199941321 496.3588178503303 146.26674363217063 585.177425020296 325.385610755876 1.8 0.6963451884686946 0.9361420318484306 -0.765694442677568 1.457677179615842 7.669189909229984 1.1544293602320808 0.9995312690734863 
Pedestrian -1.0 -1 1.3440058638581849 564.9805848238741 159.63249618205316 610.0583778431724 258.7765324574364 1.8 0.6682225994765758 0.8697156354784965 -0.38370366737893785 1.4227822537477126 13.336976661921597 1.3152438839289802 0.9994799494743347 
Pedestrian -1.0 -1 1.2615574868071169 658.1039383021299 150.41746352578406 726.7743597933678 294.1737937171193 1.8 0.6608381427824497 0.8740880087018013 1.0896573026635001 1.4250083476457398 9.340446384606574 1.3776926239344733 0.9994787573814392 
Pedestrian -1.0 -1 1.185101898366689 553.3117995800241 148.82749946707366 629.1723331917367 309.37429799154677 1.8 0.597904485464096 0.9280627153813839 -0.23067431764268892 1.4465840137420112 8.467229705459204 1.1578654487940925 0.9993709921836853 
Pedestrian -1.0 -1 1.2471857532380939 803.2529879101447 140.26747162811574 894.0972805711716 330.12126820297345 1.8 0.625337616354227 0.8348921805620193 2.3762895144427976 1.4202537349200348 7.116402232229856 1.569461747011866 0.9973008036613464 
Car -1.0 -1 -1.1992158420546992 0.0 181.30315748029943 277.5175406948301 369.0 1.5 1.95206408649683 5.140657958388329 -3.1245684457380114 1.5090196256709745 3.6908030832621774 -1.9017223874714715 0.9968642592430115 
Pedestrian -1.0 -1 1.1139015287627936 629.0042275483087 149.04922760792485 707.177433833788 302.43772120657 1.8 0.6741715155541896 0.8170095764100551 0.7220837129948668 1.4326106805784051 8.795757743367803 1.1958123882624763 0.524551272392273 
