Car -1.0 -1 -1.7693772763207096 698.2645945456396 177.78143392639888 804.8366055888498 253.92637997057557 1.5 1.6155558198690414 3.5314256817102434 3.0101188476277927 1.3546815913467554 15.932321553643702 -1.5826467155155284 0.9999998807907104 
Car -1.0 -1 -1.1181829934383598 214.44511720568136 181.96419339510746 351.8794897330396 249.75111410033486 1.5 1.555822466313839 3.8894178837537767 -7.935200560155227 1.4291813580947137 17.873777249026773 -1.5360007705774648 0.9999969005584717 
Car -1.0 -1 -1.2972864953257903 361.94978580525986 181.31023331070318 428.3627631609307 222.46857716201058 1.5 1.5824465572834014 3.5283299654722216 -8.228851878773096 1.3587980196447054 27.968670477256488 -1.583429165245269 0.9999957084655762 
Car -1.0 -1 -1.1004476962420517 35.871748890726444 181.11290123589907 395.32037974837664 375.0 1.5 1.584571649134159 3.774780642986298 -3.6051570775044173 1.4699149284444102 7.364817706817199 -1.555668708929096 0.9999929666519165 
Car -1.0 -1 -1.3226577901864283 408.3599308735494 180.44369177995455 508.3271248855792 248.21793179762486 1.5 1.5912341445684433 3.4899266928434374 -3.604399147838209 1.3955156940397524 17.686646732582286 -1.5236969413843495 0.9999920129776001 
Car -1.0 -1 -1.394242937505333 422.01426568741505 180.99715122468731 465.4924199441489 211.66969494905416 1.5 1.5483825027942657 3.772053357958794 -8.431270547180377 1.2948287486510646 37.07128868611415 -1.6178728612747533 0.9999799728393555 
Car -1.0 -1 -1.528479607631502 527.6229033273102 180.279863467308 553.2446065681695 203.2566891895427 1.5 1.5793746829032898 3.6989106357097628 -4.559809589131971 1.1789042494051405 48.81260671157411 -1.6216238896038873 0.9999648332595825 
Car -1.0 -1 -1.3831954311108148 468.00675073348907 180.3177541346116 532.0988225060345 224.9312367612683 1.5 1.591578733921051 3.980177503824234 -3.876193902816326 1.336451906681201 26.18646694386141 -1.5301511185851437 0.9998507499694824 
Car -1.0 -1 -1.6451648088538209 649.6672020910502 179.02972361456585 690.5151317044442 212.83361640237425 1.5 1.615663108229637 3.955001246929169 2.8483784974461743 1.2266372984515488 33.87953275182781 -1.561288337284003 0.9952574372291565 
Car -1.0 -1 -1.4264631738786715 497.1500492155201 180.37156396303115 538.4272929308438 211.23703158073903 1.5 1.5824344500899314 3.695892405509949 -4.584007430404269 1.265715947438444 36.79487823642519 -1.5504073249783856 0.9632505178451538 
