Car -1.0 -1 1.738789749058891 388.72583852347407 180.76059485050482 468.38835381557055 238.10940608013053 1.5 1.6356435164809227 4.112995651364327 -5.353460368830673 1.7598340628087645 21.5642402189403 1.4954528053614753 0.9999996423721313 
Car -1.0 -1 2.634531586510743 784.2666066541166 175.43757804718157 1101.2345223883933 273.74283713528035 1.5 1.6794726744294166 4.601181161403656 5.389739101401804 1.5474137038799813 12.100220805347819 3.053574311729294 0.999997615814209 
Car -1.0 -1 -0.300264802886554 782.0543587020239 177.28238465440876 907.3669310774729 214.09126223084834 1.5 1.7679062232375145 4.729075965285301 9.811463592280806 1.6933218573427635 30.528620380847016 0.010694666704859057 0.9999926090240479 
Car -1.0 -1 1.4810338976048991 645.8386647406776 179.1157574955117 681.8611390675655 208.5328663281086 1.5 1.6118361175060272 4.002456602454186 2.875023831058426 1.8620665229979383 39.66174815199159 1.5533959110591071 0.9999916553497314 
Car -1.0 -1 -1.9981175615434192 924.0940476465847 176.21268208601543 985.7678355643583 204.79658663395998 1.5 1.6996799528598785 3.7243279188871385 19.09293590361882 1.6961264754823306 40.178030742405454 -1.5544992397215707 0.9999914169311523 
Car -1.0 -1 -0.7156009857103072 1096.1821822491365 173.9165924589755 1241.0 213.37131325271008 1.5 1.7443614572286605 4.491288450360298 21.94485105138242 1.5437909747214562 28.486425284579287 -0.05919523636368343 0.9999896287918091 
Car -1.0 -1 1.7068940847896052 485.324579685581 180.04875496090628 554.4935391522101 229.1048512276608 1.5 1.7900087431073188 4.31668074131012 -3.04710921905467 1.7699949480559907 24.867449826859797 1.5849678397139133 0.9999772310256958 
Car -1.0 -1 -0.7312100869989925 1139.260887248912 173.39202445435967 1241.0 216.17824403327043 1.5 1.6751908257603645 4.2423444360494615 21.905775689170397 1.5205971571475434 26.227948705358905 -0.03536684910324641 0.9999673366546631 
Car -1.0 -1 1.7806030042186285 433.4885218818312 180.72619781801743 498.3953747227686 223.82986576257534 1.5 1.6214503467082977 4.230621692538262 -5.541070825181959 1.8291938700854649 28.01035654769723 1.5853023409803928 0.9999512434005737 
Car -1.0 -1 -2.015836424393971 963.5031343155453 175.80243576700826 1027.5164379656508 204.10705024246352 1.5 1.6516987726092338 3.9032480239868166 21.588823565544217 1.6745274126082277 40.63429677278306 -1.5274669016387803 0.9999336004257202 
Car -1.0 -1 -0.5689231323930177 1053.5399570562167 174.4085015393301 1198.2211239019211 210.432247212376 1.5 1.8084414795041084 4.878262665867806 22.131375394831228 1.5696799155106327 31.151779236080028 0.0487732132289069 0.6418465375900269 
