Car -1.0 -1 -2.3793363404452994 83.09945368336166 182.00230135635655 364.59840646587674 292.1873679745589 1.5 1.6049519672989845 3.8532963514328005 -6.06333867750783 1.6602777692130164 11.322066517222439 -2.8710045377400264 0.9999992847442627 
Car -1.0 -1 -1.5162941796528675 560.3467432989594 179.42004003843576 617.9236734260396 230.28397768076923 1.5 1.6854577258229255 3.525071081519127 -0.6563100003193598 1.7306604732605066 23.52073025235754 -1.5441904115167004 0.9999986886978149 
Car -1.0 -1 -2.3165512791488805 347.15653523893667 181.16085109859802 476.34762973734786 234.31531887627648 1.5 1.6237780943512916 3.9951837182044985 -6.300551929764412 1.7811245223371301 22.643868820496166 -2.5879321853306636 0.9999953508377075 
Car -1.0 -1 -1.493807849730157 582.5247708510801 179.61459569759015 622.5681763593014 215.1085957393904 1.5 1.568096925318241 3.4667017430067064 -0.3335958836236947 1.8258161181847274 32.950568767720874 -1.5039316351201875 0.9999935626983643 
Car -1.0 -1 -1.5452753361223899 518.6570619383226 180.17759682765333 557.6518498142134 217.89135517637405 1.5 1.5881220370531082 3.826563295722008 -3.1200056168584545 1.839310377646002 31.42526575409365 -1.6442343826082093 0.9999611377716064 
Car -1.0 -1 -2.2726650400009856 391.3676193972564 180.97918190122152 497.12962387619734 227.43068420060666 1.5 1.5709493800997734 3.8160017251968386 -5.982624668068497 1.8095592396893585 25.685593678352618 -2.501502589383398 0.9999579191207886 
Car -1.0 -1 -1.769934485984609 656.4795444959404 177.84879356013093 773.0374169981924 244.0142921271778 1.5 2.0206135258078577 5.460138109326363 2.579223906260017 1.6551719589143403 19.568909144683023 -1.638887711861406 0.9999780654907227 
Cyclist -1.0 -1 2.065099075211217 162.9340894488195 186.4039263821416 197.12284869669443 220.7340603986308 1.4 0.5778092451393604 1.5785202875733375 -18.410723012738824 1.9948952665488413 30.855438180102833 1.5271267135951179 0.9999291896820068 
Car -1.0 -1 1.896008491024874 301.32149271498395 181.70812551212023 397.79680725702286 227.06118152749707 1.5 1.9378182038664817 4.974443700909615 -9.746040943854027 1.8666350278138315 27.342297954803243 1.5536030968043464 0.9999315738677979 
Car -1.0 -1 2.1445981045472875 185.7438853036229 183.15676482708386 276.9285562391198 223.5149757639292 1.5 1.521521669626236 3.7772173553705217 -15.547577657420208 1.9532126324327586 29.761482995931264 1.6631867766340793 0.80433189868927 
