Car -1.0 -1 -1.6779000197841385 673.7845530777053 178.33693681023544 734.2020026597797 227.2764866246959 1.5 1.6037460908293724 3.9496055364608766 3.069857923093288 1.7020151248424145 24.54635392380079 -1.553482302525316 0.9999998807907104 
Car -1.0 -1 1.811317619684456 403.6015272682367 180.2046590282538 509.1163382359819 250.62445713364133 1.5 1.6003255292773246 4.161697861552239 -3.7143213503555974 1.7043749239518828 17.915126004572233 1.6068851828535617 0.9999986886978149 
Car -1.0 -1 1.7504050845962673 498.09648687023576 180.20940389536827 554.2046023395761 221.23275422607168 1.5 1.5733622506260871 3.909132120013237 -3.350147932637619 1.8174288088060648 29.09921602160957 1.635781276222092 0.9999971389770508 
Car -1.0 -1 1.7251118422669656 519.2610050102375 180.14941167899272 568.9309326642887 214.44326387478753 1.5 1.731685598194599 4.350189727544785 -3.138299068422556 1.874049930423204 34.73035286044455 1.634994733329636 0.9999910593032837 
Car -1.0 -1 1.8371138910194862 313.85802647202115 180.3420242730825 458.6532941948237 282.25587109083864 1.5 1.523648065328598 3.550452229380608 -3.803261066265562 1.650537515229444 12.674538809177232 1.5455919941279548 0.9999864101409912 
Car -1.0 -1 -2.3194230778351357 971.4372436202852 173.83843493712163 1241.0 280.5254023095019 1.5 1.6543765112757682 4.019186881184578 8.177267491989271 1.5200277456873865 12.297618116428247 -1.7326117763903481 0.999941349029541 
Car -1.0 -1 -2.5094850311790267 1138.8162749405737 171.8350115014488 1241.0 280.28320433212383 1.5 1.5953671678900718 3.5878273218870165 10.97093605282143 1.4862637447807023 11.891026095799369 -1.764310614266668 0.9999008178710938 
Car -1.0 -1 -3.3206386213384818 716.6790883618621 178.4266709002434 787.671664506658 203.95175192405398 1.5 1.632583749294281 3.980659556388855 8.519185526694354 1.8437195088486449 43.611205792183405 -3.1277240077641353 0.9998588562011719 
Car -1.0 -1 -2.2752597433363477 892.040168741745 164.973239504465 1241.0 374.0 1.5 1.5699776381254196 3.525034946203232 2.7310038543221276 1.4835847056310278 3.3063488459444983 -1.5848722179096681 0.9998156428337097 
Car -1.0 -1 2.2651396374762953 796.6435269846979 177.15860825747694 886.919043727951 216.93015971375357 1.5 1.4976805567741394 3.6335362613201143 9.348933666732002 1.6839521245061622 29.16471201223046 2.575347173210007 0.9997449517250061 
Car -1.0 -1 2.2208065859820474 812.7555351877508 176.9305744425395 902.4717672739947 221.62136309427453 1.5 1.4770979553461074 3.1059736877679827 8.882627222084869 1.6554170012128429 25.96340947605127 2.550445067878586 0.999631404876709 
Car -1.0 -1 2.296697945675458 0.0 178.48327406437954 402.28549076186175 374.0 1.5 1.621747624874115 4.1105619192123415 -2.742036528085418 1.5468224115400786 3.824598327833195 1.6746880888899387 0.9994970560073853 
Car -1.0 -1 1.989527710638413 931.2718525643417 175.49484920256631 1037.5371919040058 229.43607239994773 1.5 1.5177300691604614 3.6549950510263445 11.39265158398361 1.5871021341550715 21.964603933646032 2.468009221549851 0.9991458654403687 
Car -1.0 -1 1.928805522426894 908.6246500206828 175.78632088462274 1003.0230318120172 228.84714002488107 1.5 1.5105242401361465 3.4882145494222643 10.706763280248298 1.598291649792708 22.34186918687583 2.3756947398146213 0.9951386451721191 
Car -1.0 -1 2.0987740615738506 848.0870290026929 176.44193753176822 944.2413744430918 226.67046314915098 1.5 1.4985763028264045 3.1734096378088 9.237702660334197 1.624229688482607 23.33856628102826 2.4756655573805393 0.9668580293655396 
