Pedestrian -1.0 -1 -2.1339054269706788 827.1515692673237 139.21651992801847 948.2791123207727 349.94385421113157 1.8 0.6940561838448047 0.8325548402965068 2.5558847780531297 1.4402064029384805 6.608681075101255 -1.7648763666537148 0.9999998807907104 
Pedestrian -1.0 -1 -2.4228267946745996 758.9700670351052 156.04553907417716 841.2815374720572 276.281584039659 1.8 0.799919993430376 0.9690149247646331 3.0937192554328465 1.4202394761754566 11.376152431084774 -2.157300428548132 0.9999990463256836 
Pedestrian -1.0 -1 -2.319107033700698 847.6397200769413 148.10388843216336 953.0829279981134 307.11852356616714 1.8 0.766866610199213 0.9022024020552635 3.547536525397466 1.423316989316651 8.686102434361326 -1.9313672641899926 0.9999980926513672 
Car -1.0 -1 1.6635382285067508 533.0682356345515 179.03351058659595 599.9248013353366 233.78743574883936 1.5 1.6442006945610046 4.1118091464042665 -0.9932231900253068 1.433584937454473 21.768751620554482 1.6179437518080295 0.9999961853027344 
Pedestrian -1.0 -1 -1.823047702850965 491.6153014346685 162.14180974991422 550.1862698458524 265.7919781361131 1.8 0.8511480435729026 0.9231850996613502 -1.5160863979490125 1.4651011530897293 13.055823753749818 -1.938653306165014 0.9999951124191284 
Pedestrian -1.0 -1 -2.1786099032917057 972.6782756693374 98.89586612465823 1237.0 373.0 1.8 0.7387725196778774 0.9814965099096298 2.403378446187989 1.4509639832542562 3.5400656740890435 -1.5821804311734182 0.999936580657959 
Pedestrian -1.0 -1 -2.3625976857479714 655.0414601932035 147.9579792417721 766.8955489192283 320.0458665357159 1.8 0.78655896037817 0.9829699553549289 1.1816869492505584 1.4505200012101476 8.140236591239505 -2.2184385220196585 0.9999469518661499 
Pedestrian -1.0 -1 -2.586299430673309 790.6498240842394 156.5223488023606 867.4784811664291 272.211834940249 1.8 0.7345051065087318 0.9577425688505172 3.683407121970318 1.4126751031590896 11.776344475714458 -2.2831593314793452 0.9997391104698181 
Pedestrian -1.0 -1 -2.2318060041820815 824.0971737738439 142.770153881192 943.2786983317476 333.2321564096748 1.8 0.7053658857941627 0.9328025884926319 2.80560851889349 1.4353498860257743 7.335087245362666 -1.8664836744454247 0.999711811542511 
Pedestrian -1.0 -1 -2.4716001689243874 740.1426057188146 155.48468157293482 819.3547786052585 280.3120078592699 1.8 0.7009593330323696 0.9382063083350658 2.6642392842285023 1.4261747382057828 10.941168601210157 -2.2327428619053706 0.9994770884513855 
Pedestrian -1.0 -1 -1.9978462466139537 774.2722824434383 137.67210654936193 910.7850600310492 359.96688071968816 1.8 0.7910594835877418 1.0078982010483741 2.0419359174030784 1.4465006450542488 6.360476343281196 -1.6872046674278123 0.9983921647071838 
Pedestrian -1.0 -1 -2.0909088846255752 932.4535380115875 125.17607611363715 1112.1159374092435 373.0 1.8 0.6879196062684059 0.9891273945569992 2.867512087349611 1.4413555545912626 5.0862844208310305 -1.5775525863890094 0.9971093535423279 
Pedestrian -1.0 -1 -1.9727926419399804 820.5343035592068 149.27476711074522 909.3186019171175 304.3089017711304 1.8 0.7270668193697929 0.8883067898452282 3.1565050290769605 1.427201717816677 8.801869506321918 -1.6284614252534253 0.9776872992515564 
Pedestrian -1.0 -1 -2.0187194753322952 786.8837104726149 134.64663077949285 917.8030194374849 373.0 1.8 0.6547131136059761 0.974364348500967 1.981990518151668 1.4484163160144243 5.933473002739858 -1.696337119736944 0.8764371871948242 
Pedestrian -1.0 -1 -2.523554683370851 754.365131078591 155.60040683470663 831.9373170603988 278.91805374824867 1.8 0.6800351224839687 0.9321142479777336 2.900815581805334 1.4232692369753286 11.058180003736256 -2.267011896767889 0.6852003335952759 
