Car -1.0 -1 -1.9181076515096536 759.6677476887292 173.82729795990986 1015.9668133784363 328.98248613194613 1.5 1.6164970144629478 3.807174277305603 3.1438950899782796 1.4271938589499469 8.850454858802117 -1.5767864245597762 0.9999996423721313 
Pedestrian -1.0 -1 1.7552277791606463 419.413276264549 162.56397896334275 465.1681817308693 268.86100390640746 1.8 0.6661890566349029 0.6868653491139411 -2.8038145468124607 1.4806262954703446 12.516620503314366 1.5348583896968024 0.9999947547912598 
Pedestrian -1.0 -1 1.734325579056923 454.36777429052796 165.37499930217473 487.5583764556695 253.74291095206618 1.8 0.5872413076460361 0.6282090701162815 -2.7462622450412955 1.4727845663451304 14.94881087485339 1.5526403625819343 0.9999901056289673 
Pedestrian -1.0 -1 1.9319959488571485 294.3252413053521 164.23121928925354 336.1030947394812 269.0371205566205 1.8 0.5525147102773189 0.46331808231770993 -5.0448217846428465 1.5046954150951148 12.571754554373744 1.5503846844050544 0.9999891519546509 
Pedestrian -1.0 -1 -1.3883191704449647 294.0553664225462 162.915981321556 350.07527232896564 274.8694798435254 1.8 0.778936643898487 0.5530406281352043 -4.655012329972307 1.502497508608929 11.892154699496473 -1.7614206830647332 0.9998335838317871 
Pedestrian -1.0 -1 -1.36513726576415 404.87714820359764 161.63098010687204 456.8699299006911 274.0011822997363 1.8 0.7065086185932159 0.7207457467913627 -2.849222541303588 1.4830224960344898 11.874768916999566 -1.6006247560170037 0.9996167421340942 
Pedestrian -1.0 -1 1.6550404922318167 434.9072118577478 163.0149144434422 468.87763263397227 266.1252062356045 1.8 0.5479955606162548 0.629648894816637 -2.715456336625217 1.4785816718269174 12.883560332156835 1.447311802706446 0.9990596175193787 
Pedestrian -1.0 -1 -1.3614065024055921 440.5822009032658 161.23737086565197 493.9174738233996 273.5284406272295 1.8 0.7288082063198089 0.7620021261274814 -2.252229304555361 1.476488604168674 11.901182033145412 -1.548438851782356 0.993310809135437 
Pedestrian -1.0 -1 1.7846570088729174 453.07384377191954 165.32706905422413 485.67659983513414 254.0984653128112 1.8 0.5754038251936435 0.47211796306073667 -2.7557513049065046 1.4733067273307892 14.80746503134971 1.6006564974745334 0.9645473957061768 
Pedestrian -1.0 -1 1.735653253800746 464.44614216053884 165.26543109521575 501.69664887109565 253.49364433577406 1.8 0.6737677872180938 0.6290636517107486 -2.496473620922168 1.470028732032427 14.967267786261687 1.5703791817042487 0.5275038480758667 
