Car -1.0 -1 -1.7149140103934066 660.1858796952215 178.41332314937804 725.9903231617116 228.7114300994527 1.5 1.5913809210062027 4.013826560974121 2.6284261692486433 1.7009487763287061 23.998165437895693 -1.6058227131750924 0.9999997615814209 
Car -1.0 -1 -1.1522810520972786 0.0 178.78440643289025 431.3283546900024 374.0 1.5 1.6047027453780174 4.226869580149651 -2.651304464028294 1.5624911932221706 5.415356342995566 -1.6075660559025151 0.9999996423721313 
Car -1.0 -1 -1.5030715827439451 540.8722373271931 180.12791079346928 577.710642615531 211.25344842533087 1.5 1.6606824964284896 3.8077237576246263 -2.6285218659589256 1.8983023221222257 37.56585837797111 -1.5729287572347117 0.9999995231628418 
Car -1.0 -1 -1.305928738471596 317.38366326850485 179.476887511995 507.4228355716382 310.7355937719427 1.5 1.583292756974697 4.135820505023003 -2.6683467001180916 1.6161709279404557 10.533739226384263 -1.5540242950108392 0.9999992847442627 
Pedestrian -1.0 -1 -1.2814887528534789 383.9274633880843 168.09403817188894 410.11075495648754 250.13978377350668 1.8 0.46191839762032033 0.40747388526797296 -4.779109150446473 1.6959291324677688 16.030890451762914 -1.5712187448251085 0.9999979734420776 
Car -1.0 -1 -2.2856292890043854 860.1613633733211 156.46020676636374 1241.0 374.0 1.5 1.5936621025204658 3.8695244610309603 2.375252319923999 1.4816286294955725 2.759638807277296 -1.5749495351363463 0.9999892711639404 
Car -1.0 -1 -1.8763239656711321 737.5544351341392 175.44760818849275 996.8485255607906 350.8542649776553 1.5 1.5330423161387443 3.8515138000249864 2.508335033471953 1.5366261184907075 8.155829125829603 -1.577953943112169 0.9999884366989136 
Pedestrian -1.0 -1 -1.2252972505884632 348.53283906675085 165.26130250532185 390.5507443166885 265.0619639807261 1.8 0.6160554967820644 0.4520181592553854 -4.4596837323855425 1.6634163245615299 13.243202812162213 -1.5501220329341037 0.9999876022338867 
Car -1.0 -1 -1.35866934062905 397.58067267530555 180.07866393316468 509.81837972808773 260.4043182865296 1.5 1.5980639055371284 3.875417497754097 -3.314806668391982 1.6776492600906565 15.762050596658023 -1.5659517278571171 0.9998890161514282 
Pedestrian -1.0 -1 -1.1872037073713282 381.0159119622444 168.41572816206087 402.65977407302574 248.87292039750318 1.8 0.37548840306699277 0.3232947111129761 -4.982103662173087 1.7010641770488042 16.316993431423395 -1.4835452298310143 0.9996793270111084 
Car -1.0 -1 -1.7050124710710968 642.5474090143292 179.04483448335083 685.4245980718101 211.33743346124234 1.5 1.6132731482386589 4.079091784358025 2.626943447377606 1.8305764267076172 36.398307865805656 -1.6329652602460725 0.9993354678153992 
Pedestrian -1.0 -1 -1.303503699402725 389.72750799684144 167.75633260481953 418.74156533222816 251.5060326432978 1.8 0.4869856432080269 0.5370820432901382 -4.5446763890874315 1.6907956440792085 15.776712026787106 -1.5839728406306846 0.999127209186554 
