Pedestrian -1.0 -1 2.477214186201654 698.9200941547199 168.3601465693949 725.1580527118898 208.30288793492414 1.8 0.6150209836661815 1.0275882229208946 4.8838104374374085 1.2543858934368994 32.3784373281452 2.6269209265669407 1.0 
Pedestrian -1.0 -1 1.851521780726686 668.139988215313 168.3210431194868 689.3594449348418 210.95528596647267 1.8 0.7033329017460346 0.8364519596099853 3.1507092210612258 1.287290721895324 30.365879908463445 1.9549100279768528 0.9999951124191284 
Cyclist -1.0 -1 -1.8749224586404132 804.5242782617449 178.9858621466713 862.0283748621541 269.63707404405307 1.4 0.40166829973459245 1.7277852192521095 3.7242066828222145 1.3782740690234154 11.778867029359605 -1.5686912532572193 0.9999909400939941 
Pedestrian -1.0 -1 -1.4386180776395057 652.0991365010485 169.01588880036505 668.4105513334055 209.21336508307726 1.8 0.6695184417068958 0.5546927943825721 2.484337019453586 1.2872180878180546 31.996878374884222 -1.361130432286535 0.9999936819076538 
Pedestrian -1.0 -1 2.2530061229545786 699.2358158552829 168.48912895179942 724.0862188854611 207.65879597415218 1.8 0.5573833853006362 1.1383189380168914 4.976043541372742 1.249509857207149 33.0761225592204 2.402328479286057 0.9999986886978149 
Pedestrian -1.0 -1 -0.8649152378498233 825.6235544505729 160.6905186483155 856.0141892329117 234.94833729200087 1.8 0.6293693117797374 0.36060139797627927 5.7956457694155565 1.3214207214140192 17.496369934074593 -0.5450422326710564 0.9999685287475586 
Pedestrian -1.0 -1 2.699069740068558 712.8674093836248 168.01554428617902 739.7717764585951 208.9496436050134 1.8 0.6101156145334243 1.0185732997953891 5.3863029122839565 1.252489179557411 31.517362964799425 2.8683340430220188 0.9999631643295288 
Cyclist -1.0 -1 -1.285135877306263 473.5732788894021 180.7866709165951 506.56888074980685 223.71030934103877 1.4 0.6237263351678848 1.8111588925123214 -3.912060307765502 1.4116420581805038 24.005633868588404 -1.4466800625112397 0.9999220371246338 
Pedestrian -1.0 -1 -1.0526573633489997 636.149063572048 157.99894873539108 689.7192846020982 260.5520326670979 1.8 0.6080181829631328 0.913040854781866 1.0259921588292582 1.406708318300801 12.953523902626586 -0.9736167351391657 0.9997231364250183 
Pedestrian -1.0 -1 -1.3961881092801798 659.3039795393214 168.95912465992475 673.8779587127198 209.05773742998855 1.8 0.5918645791709423 0.4332427892833948 2.7721736899183753 1.2834013749901543 32.01963399755846 -1.309826151528631 0.9941591024398804 
Pedestrian -1.0 -1 2.496659484742728 711.214238592387 168.25890394277312 732.1859519721877 208.16090626594297 1.8 0.5199644275009632 0.7919366031885147 5.31353459660095 1.2492599293358315 32.30427336014317 2.65968369245134 0.6207975745201111 
