Car -1.0 -1 -1.7951057808035775 655.848359841258 177.96194316730526 754.9806937171833 251.27592660816597 1.5 1.5530894070863723 3.307916831970215 2.0547663322810275 1.630983069828324 16.72464106855855 -1.6728597740319116 0.9999997615814209 
Car -1.0 -1 1.1865536520036088 763.9684925538354 174.9796501158388 1072.2678172703536 361.9389155630943 1.5 1.5628440797328949 3.91324260532856 2.869658823479638 1.529215643834757 7.812061479823647 1.5385891636225837 0.9999992847442627 
Car -1.0 -1 -1.8132972769597921 606.5091979363455 178.92665564852473 678.5089158427796 229.55781614767486 1.5 1.547880519926548 3.507586804032326 0.9444691945894685 1.7155879347607852 23.696681578487524 -1.7734617600825173 0.9999986886978149 
Cyclist -1.0 -1 1.655202061109673 457.75607514307137 183.8760701777072 483.15161111430734 231.12933869767954 1.4 0.6373240172863006 1.8402519196271896 -4.4328413826516995 1.7626748594241068 22.766522675371522 1.462899370989527 0.9999991655349731 
Car -1.0 -1 -2.3648354971052292 934.4148677655141 135.40082360233197 1241.0 374.0 1.5 1.6654465839266777 4.272108387947083 2.8684885386289034 1.4752043755423971 2.6435523673200976 -1.5386518175390107 0.9999945163726807 
Car -1.0 -1 -1.7299064397515802 558.5578944925627 179.89013419043067 602.6315600138107 212.81169876119694 1.5 1.6162023440003395 3.5837481290102007 -1.5380981904549593 1.8663384641493013 35.60996274134561 -1.7730725268509728 0.9999852180480957 
Car -1.0 -1 -1.454550547687643 346.9364272377116 181.09600735099193 425.7631873104815 245.06300225532328 1.5 1.6094444811344146 3.4992190569639208 -5.918192401421272 1.7417594634511007 19.264227246484115 -1.7526102075960976 0.999998927116394 
Car -1.0 -1 -1.7583829026461948 534.0207634681791 180.37556351445514 568.3030503455518 205.63646933959802 1.5 1.5680686131119728 3.3203354597091677 -3.7941712009749926 1.9959426554943336 45.72907233615751 -1.841163949170385 0.9997344613075256 
Cyclist -1.0 -1 1.6914754652846955 431.03665149450967 184.35579619539874 458.87284490428266 236.0978360392844 1.4 0.5848153054714202 1.6990501925349235 -4.785276227260298 1.7456865845236003 20.785015478794783 1.4651912887904304 0.9958891272544861 
Cyclist -1.0 -1 1.679066178768603 461.1594663227019 183.88396785353987 485.7748612752556 230.37811246798248 1.4 0.6005811065435409 1.6241631031036377 -4.375347966493011 1.7640132687096965 22.952680467083468 1.4907013614985603 0.5636242628097534 
