Car -1.0 -1 -1.4186174504299085 492.6732872037428 180.21561968712564 546.8805227771848 219.3873217288313 1.5 1.6169947132468223 4.048905012011528 -3.581196505456147 1.309663431307267 29.572372706196997 -1.5391300256040437 0.9999997615814209 
Car -1.0 -1 -1.3396706291746796 398.89482859475595 180.45381531033203 501.50765174129697 250.39403077501495 1.5 1.5779179081320762 3.7835127234458925 -3.70959052094151 1.3990036137736086 17.320707997532978 -1.5506541254606587 0.9999996423721313 
Car -1.0 -1 -1.1863256278100265 250.5058280012016 181.7708070553785 371.29091725901293 243.34755551508132 1.5 1.6101463258266449 4.077540573477745 -7.9471145133037915 1.4172141732142338 19.547554307689907 -1.5724682444150118 0.9999994039535522 
Car -1.0 -1 -0.8499111263943886 0.0 181.34107099711056 325.790575225925 375.0 1.5 1.594492469727993 4.03836430311203 -3.0387689478770152 1.4930820856334952 3.515086691413636 -1.5627593622219307 0.999997615814209 
Car -1.0 -1 -0.8924712573191924 0.0 184.293723414628 124.58800333303047 267.6649887502791 1.5 1.5365010619163513 3.8649214923381807 -12.101374896693455 1.4845431895717156 14.86595409476316 -1.5757104331303877 0.9999969005584717 
Car -1.0 -1 -1.2734084521020963 359.3309735594319 181.24202658560606 433.6140311398549 225.38328606834682 1.5 1.5566040322184562 3.8240524500608446 -7.685876565553358 1.3660986209994417 26.346642026623208 -1.5572529072549683 0.999992847442627 
Car -1.0 -1 -1.0057869864833664 33.70358499566315 183.01433487503056 247.75570491374782 276.2101147675723 1.5 1.5564194440841674 3.772830453515053 -8.511533014650034 1.4656999136181055 13.453442930098827 -1.569879793331728 0.9999887943267822 
Car -1.0 -1 -1.0770631878144148 132.98335452839416 182.8779338069812 257.7504784645106 237.89142602042554 1.5 1.566377703845501 3.925386306643486 -12.251269554313746 1.4373896106427948 21.576523885351474 -1.593473822870527 0.9999840259552002 
Car -1.0 -1 -1.5454044148371768 574.5748902972367 179.6189274237678 615.5021419685095 216.27863584659084 1.5 1.6752874970436096 3.9085278779268267 -0.5416819430547627 1.272128921843449 31.37055458750317 -1.5626699086886389 0.9995738863945007 
Car -1.0 -1 -1.3862433450874942 460.8791037787595 180.76844077929462 497.6761243265735 206.13674174356223 1.5 1.58998244702816 3.6666526019573213 -7.90403896244941 1.238169696901437 44.34113845165972 -1.5626457380738599 0.9953256845474243 
