Car -1.0 -1 3.524814567703272 143.15503073072466 182.11021258622898 392.7426362983785 270.3944507615759 1.5 1.5942605704069137 3.856020283699036 -6.223191619922923 1.6830952177003577 13.343472017348965 3.0884189486464084 0.9999992847442627 
Car -1.0 -1 -3.642460355603837 858.3190780087104 174.58324264259596 1190.8555979885837 280.83286514954625 1.5 1.6333500415086746 4.144771632552147 6.09928121943922 1.5287897414452742 11.035600322736638 -3.137553171315466 0.999997615814209 
Car -1.0 -1 -0.15136685967513966 703.7268983075971 178.2166313157177 803.3958251831536 215.04004716215684 1.5 1.6185775890946388 3.9344275861978533 5.974108365085318 1.7339741043083334 30.53933120021854 0.041813774904932294 0.9999960660934448 
Car -1.0 -1 -1.5885065127145486 646.2463198832 179.23418012752308 673.1331911669909 204.972866016642 1.5 1.5973048776388168 4.004204136133194 3.035574081928609 1.9171838863670758 45.09716934573368 -1.521296043941055 0.9999886751174927 
Car -1.0 -1 3.473797497086191 236.01291193495916 181.7011714288177 447.09696022318235 255.26019810400925 1.5 1.5723515793681144 4.0227706104516985 -5.78484930339089 1.703470957916759 15.735891804207759 3.1215114474257053 0.9999779462814331 
Car -1.0 -1 0.30589257727691166 338.46231305472753 181.29349147424466 491.5156644203801 237.35560314777825 1.5 1.5658412620425224 3.893663224577904 -5.495589818886538 1.7494758851235874 20.429605370119216 0.04311184485885075 0.9999657869338989 
Car -1.0 -1 0.1477327055425923 455.67938679613485 180.99679763638642 538.2032893983751 209.8898618581606 1.5 1.6067957997322082 4.187157613039017 -6.0595125973053605 1.9467892031452483 38.73684448147492 -0.007437423863683424 0.9999563694000244 
Car -1.0 -1 -0.33357105355026295 792.9251050041149 176.59024612528376 962.7006434028491 237.7272150640677 1.5 1.5609296530485153 3.80148985683918 6.764138699437007 1.6009176742697944 18.608164069976144 0.015082879862512865 0.9999558925628662 
Car -1.0 -1 -0.696538832629954 1068.9305190093887 170.10493351634645 1241.0 359.8815477052191 1.5 1.5528025597333908 3.6077948778867723 6.473594534374775 1.478629193065532 6.6150080592371046 0.07805542548629216 0.9998927116394043 
Car -1.0 -1 -0.32396824175916894 766.022308548561 177.0892161372604 910.4042826501719 231.08084380329566 1.5 1.5630465492606163 3.6987221360206606 6.520619983877955 1.6284475053393355 20.995845418953685 -0.022845224538121902 0.9998620748519897 
Car -1.0 -1 -2.8965511663067707 373.67576009389956 181.32930910684547 496.56814849618894 225.79674748714797 1.5 1.5873866647481918 3.9471978813409807 -6.1481500125291 1.808894586655562 25.45470357912432 -3.1335451165821895 0.9967711567878723 
Car -1.0 -1 -2.565442116960181 0.0 0.0 1241.0 374.0 1.5 1.6032053649425506 4.197666656970978 2.766249531479061 1.4679085429187744 1.8422145202563047 -1.5821597502243263 0.9966126084327698 
Car -1.0 -1 0.7709188128275046 0.0 183.8807980985461 259.6370601886912 374.0 1.5 1.901668918132782 6.1709149301052095 -6.464308135555003 1.6071292790616984 5.832010319909015 -0.06585581699875422 0.7399672865867615 
