Car -1.0 -1 -1.5988104454530951 589.1760529758709 178.85824826461018 658.433224777505 243.65631512384394 1.5 1.6370468333363533 3.576367583870888 0.251055140848302 1.6720825050760084 18.83360579665847 -1.5854810663175327 0.9999991655349731 
Car -1.0 -1 -1.779953571339035 732.2057263500409 176.62349912102647 886.7852375555505 274.1248242206727 1.5 1.8258322522044181 4.468730700016022 3.4504139798312217 1.582977361596052 13.542501249249208 -1.5304773199048383 0.999998927116394 
Car -1.0 -1 -2.123761834805437 311.67279318342685 180.79893531182313 472.7820446026998 260.26918380049597 1.5 1.6141402095556259 3.801606458425522 -4.905191520873624 1.6953260520719682 15.845757394319538 -2.423964814343725 0.9999954700469971 
Car -1.0 -1 -2.212086545491128 466.67908860371597 180.48943949351636 548.3893744395493 220.61412833725606 1.5 1.5289927393198013 3.4534534931182863 -4.256389090644675 1.8301797485213216 29.403146819462915 -2.3558475534108028 0.9999958276748657 
Car -1.0 -1 2.2199043694177165 0.0 183.74055660445777 150.57127048473885 273.644515397308 1.5 1.6003450870513916 3.9227622121572496 -11.304081760500523 1.7487086485570564 14.485369239342724 1.5572423179957526 0.9999938011169434 
Car -1.0 -1 2.0398694301061253 174.00127108279804 182.66529776860725 295.10092524634706 239.54710007687794 1.5 1.584787529706955 4.006349530816078 -11.184234195316465 1.8231192882476213 21.72546300926756 1.5644532879206794 0.9999933242797852 
Car -1.0 -1 -1.5371384199207307 590.0941861579337 179.49870885067006 630.7868749831173 216.83231022318873 1.5 1.6551867619156837 3.468952563405037 0.026549522269261723 1.8055594681503586 31.376600263816716 -1.5362922633674485 0.9999879598617554 
Car -1.0 -1 -2.364823322374636 508.2851164796251 180.471770452535 569.5471520334429 207.4651280087176 1.5 1.552700114250183 3.538564082980156 -4.2693154259363055 1.9700703661521162 42.773593852977356 -2.4643057743695125 0.9999877214431763 
Car -1.0 -1 -2.2863389282205846 392.1156768011176 180.66013653704206 520.7544980502003 235.83749725747572 1.5 1.6110525026917457 3.972574931383133 -4.770244863994785 1.7578621047662306 21.96505557380585 -2.5001923600819453 0.9999767541885376 
Car -1.0 -1 -1.6917642422301524 692.497101856244 178.15767837936005 754.0106400882247 227.09713213585638 1.5 1.59224723726511 3.8011281311511995 3.7116705878758913 1.6942555942589217 24.452690977259447 -1.5411242796715838 0.9999704360961914 
Car -1.0 -1 -2.2213627060230703 359.82280315319724 180.7619794898516 497.2232210744528 245.11633953729066 1.5 1.6253809005022049 3.6487708359956743 -4.879527170075725 1.7282233797050928 19.019026088998835 -2.4725061813977107 0.9998486042022705 
Pedestrian -1.0 -1 0.32365517887650075 256.4550335124305 150.57653747592684 338.6338587302987 338.5880064435875 1.8 0.6197485633194446 0.5928037248551845 -3.172864329427564 1.5870760470867067 7.240262677546728 -0.08936365047958919 0.9997451901435852 
Car -1.0 -1 1.9864436510407673 263.38143006592156 182.51736074437963 341.8560193331581 217.44047270794738 1.5 1.7738229155540466 4.5260249197483065 -14.625106584035208 1.9932466245280789 34.52395741354945 1.5857407927473606 0.9994984865188599 
Car -1.0 -1 -1.7043324486403162 672.5453860166401 178.5863650410439 724.2103951207964 215.94964749664263 1.5 1.6807251170277595 4.345310714840889 3.780113612547276 1.7705406665220043 31.82015782131463 -1.5860904092576844 0.9992454051971436 
Car -1.0 -1 -1.3967189783769767 664.5990767775799 178.98106866628035 695.8924283595743 214.16632753727308 1.5 1.1321771450340747 1.5388140946626663 3.084322167954857 1.779363405388307 31.96098112118 -1.300514147677694 0.9999994039535522 
Pedestrian -1.0 -1 -1.1108089332125228 655.7159228048448 172.51191328183248 679.8984412799285 213.8107893035294 1.8 0.8237608268857002 0.7449647903442382 2.5235533728612074 1.7854480026354804 31.97631478131268 -1.0320527116444451 0.996258020401001 
