Car -1.0 -1 1.63255521359358 539.2296014205322 179.51312589246746 572.2351346708266 207.98441978069278 1.5 1.5859816715121269 3.9696863412857057 -2.4903053764055434 1.3961686815021301 39.82799919036589 1.570110007128443 0.9999929666519165 
Pedestrian -1.0 -1 -1.567370142976671 603.8364318134146 168.80406513830667 634.6422558131131 228.07770044065091 1.8 0.935719583928585 0.9590323574841022 0.5256714953417759 1.4155733724594124 22.303487738578912 -1.5438054791328055 0.9999929666519165 
Pedestrian -1.0 -1 -1.6866154866108698 695.421247953093 164.61674210251644 731.3420620387081 241.88973788328914 1.8 0.7462589561939239 0.9099366635084152 2.634220901761935 1.4079259806462503 17.198469838489036 -1.5346306497838837 0.9999855756759644 
Pedestrian -1.0 -1 -1.6324661194489583 672.0784749436161 161.42638035689382 708.7765661254954 258.34917847653116 1.8 0.6397701360285282 0.9373251840472221 1.6609208209757849 1.4284659924398693 13.82431954263977 -1.5128944004562241 0.9999752044677734 
Pedestrian -1.0 -1 -2.357512621565117 201.4291441173382 165.8617699628012 266.0165541496454 266.6231042760846 1.8 0.693991270661354 0.8102241463959217 -6.832189900424189 1.5219102270084863 13.28348458146177 -2.8325640718129024 0.9999719858169556 
Pedestrian -1.0 -1 -1.6219169370246294 683.3933230615206 164.1653444233764 716.0515657520746 244.845499161009 1.8 0.6930637665092945 0.9442854233086109 2.2140472610370745 1.4144755200790242 16.52263526702249 -1.488709599771772 0.9999697208404541 
Pedestrian -1.0 -1 -1.656977831769196 661.0968449854371 161.63166141766857 699.6827049823399 258.07588460476836 1.8 0.6622733108699321 0.8773562058806419 1.4709519236441377 1.4304462684377626 13.84922368469269 -1.5511626722898824 0.9999680519104004 
Pedestrian -1.0 -1 3.497046685438429 168.94210303129793 140.2129819086285 305.37981688149193 373.0 1.8 0.5891654200851917 0.7866429656744003 -2.835867657834774 1.5016485089546598 5.551076374752345 3.0247424721678318 0.9999655485153198 
Pedestrian -1.0 -1 -1.8021841763440072 703.0387996362491 165.13628547747504 744.5710182489446 238.78403216683665 1.8 0.8441607028245925 0.8848252266645431 3.0251939517747126 1.4012511269177963 18.022899474350176 -1.6358816559102876 0.9999349117279053 
Pedestrian -1.0 -1 2.1356014033060395 0.0 95.41465080151723 216.16512783421382 373.0 1.8 0.6432483464479446 0.7497982613742351 -2.1163896651948484 1.5017565557891803 2.893633487589445 1.5041140755030769 0.9999297857284546 
Pedestrian -1.0 -1 -1.6156413259956905 621.5127813433497 162.09759747188238 666.0058447072071 258.1721900893759 1.8 0.8143841780722141 0.9849090620875358 0.7673943067072122 1.4377482609308139 13.952251714176395 -1.5606952217083914 0.9998911619186401 
Pedestrian -1.0 -1 -1.830225128880271 733.433452474155 166.7899356560543 768.5454680966498 229.30605065047686 1.8 0.8181178502738475 0.8506212875247001 4.360404854983181 1.3775974415398382 21.127602860118184 -1.62669845397142 0.999864935874939 
Pedestrian -1.0 -1 1.8940077088032896 418.9778741378545 170.23340862182528 449.48886892873855 233.03508370969672 1.8 0.6571236558258533 0.7792208835482597 -4.9113017656807925 1.4782205220985218 21.00464635848617 1.6643144965132297 0.9998264908790588 
Pedestrian -1.0 -1 2.367344210663741 430.8654532342047 169.5624240024746 470.4350591053469 235.1650014921518 1.8 0.7336377657949924 0.8101063340902328 -4.277295045694523 1.4736120554900194 20.24755089889597 2.159155118461472 0.999821126461029 
Pedestrian -1.0 -1 1.360469649671629 720.7727935971704 166.96082538828784 753.5604216367632 229.4138024093213 1.8 0.7974231176078319 0.7889738798141479 3.950629856894164 1.3820942300368486 21.10545113988727 1.5455135544154304 0.9843850135803223 
Pedestrian -1.0 -1 1.3900949889047662 706.9360021040769 167.11061964150554 740.533199072131 229.51437256259896 1.8 0.8276308447122573 0.8866631917655468 3.5649302699014638 1.3860841390801213 21.1663592144883 1.5569533546778815 0.9820895195007324 
Pedestrian -1.0 -1 2.4749403164210517 0.0 36.22658102025935 101.9283900762566 373.0 1.8 0.48215617686510087 0.7973481461405754 -1.919620406384286 1.5025822506689712 1.8986336453378976 1.684045779701096 0.7636027336120605 
Pedestrian -1.0 -1 -1.623243634125953 648.6071615201669 164.92591428149782 685.3155537005558 243.35251465559455 1.8 0.8106722056865692 0.9701245956122875 1.5016700955431226 1.420810979756526 16.983414364304497 -1.5350531833854062 0.5914209485054016 
