Car -1.0 -1 -1.629147168265458 646.5237379883874 178.95144079445555 686.7414148896597 214.84258852550388 1.5 1.5811086192727088 4.004559156298638 2.4828368972887027 1.7950396463168912 32.85280596936592 -1.5537159825351579 0.9999997615814209 
Car -1.0 -1 -1.7636722774241211 676.0817731609663 177.78929096475395 772.1347720250775 248.39389563353845 1.5 1.5615487962961196 3.870183464884758 2.603714223280742 1.634023828947443 17.57039400344205 -1.616555334129606 0.9999995231628418 
Car -1.0 -1 -1.6897856754510074 664.5837377516706 178.33415418476667 729.5765818382881 231.54344223270138 1.5 1.554618266224861 3.8918016970157625 2.6051186214393565 1.687509876264857 22.68889118780011 -1.5754671670172853 0.999997615814209 
Car -1.0 -1 1.8800745916176773 258.799235662311 179.6594429156288 478.43689267561047 326.779574515135 1.5 1.5738770857453346 3.810027849674225 -2.9250673296462026 1.6074788667315822 9.442682775665427 1.579678046699387 0.9999955892562866 
Car -1.0 -1 -1.9227770787162828 768.2812314314378 175.26635650074027 1002.1422885790063 343.610526285698 1.5 1.442010936141014 2.805662949383259 2.7277394486123154 1.531457990920542 7.883147083322947 -1.5896508461472136 0.9999996423721313 
Car -1.0 -1 -2.179772325804248 858.0982183058856 169.09188163832468 1241.0 374.0 1.5 1.5491322174668312 3.941602122783661 2.7537521046877087 1.4900405392693787 3.9469790094664003 -1.570601052126966 0.9999911785125732 
Car -1.0 -1 0.2565088676669687 332.8859645681365 182.26078439496644 412.49633415798957 212.26036085118875 1.5 1.4193073406815528 3.682549160718918 -12.296529700958121 1.9988125225448305 37.410023067379115 -0.06106241146591731 0.9999881982803345 
Car -1.0 -1 0.5051242288720708 218.41465441255622 183.3638349445009 310.9876251832224 213.53573572399222 1.5 1.4979709431529045 4.111180689930916 -17.868607132735203 2.0569704779394424 37.34218640097751 0.058815999827112476 0.9999799728393555 
Pedestrian -1.0 -1 -2.0044423816411943 877.1952918120859 153.17012817298905 952.7830401049906 288.4063641622754 1.8 0.7221035219728946 0.7266258381307125 4.1469185229128005 1.5383647116415897 9.978332696117757 -1.6105670231070859 0.9998261332511902 
Car -1.0 -1 -1.511800403176548 590.9881221874933 179.87873982352227 616.6568985129832 203.1012275352858 1.5 1.5582528457045555 3.5037240505218508 -0.4228105797833518 1.999473697226669 49.47443650275678 -1.5203462364759786 0.9962737560272217 
