Pedestrian -1.0 -1 2.2476590971191497 386.1351082488349 150.18893702149333 473.29368198879683 315.47692297486793 1.8 0.5896567858755588 0.835904062539339 -2.0674823314270814 1.4715981989384608 8.197636838763298 2.0006065249403537 0.9999996423721313 
Pedestrian -1.0 -1 2.476105732139253 1073.4554745136634 153.34927137392103 1126.5829218611514 250.44229367598746 1.8 0.4672823499888182 0.6782671928405761 9.302837315911955 1.2982924257940405 13.355558923015959 3.084513652320725 0.9999914169311523 
Cyclist -1.0 -1 -0.8747479612092892 866.2931892777352 177.2737556981535 947.4923794935468 253.28562425049128 1.4 0.44015799909830094 1.7187638700008392 5.77958887600866 1.3422169364702055 13.605016375568553 -0.47303564945725035 0.9999954700469971 
Pedestrian -1.0 -1 -1.5731422179305412 941.9027602754271 161.36667287781032 964.235081128635 223.42015931276006 1.8 0.5845275267958641 0.5161026053130626 10.23703748295376 1.2465636139310345 20.86461904993064 -1.117009804644857 0.9999831914901733 
Pedestrian -1.0 -1 -3.3894233313097892 803.4908062585125 159.356197625582 859.087257881745 242.0136658346792 1.8 0.6216348640620708 1.0565799221396446 4.983633341007775 1.3411758043530637 15.733549457123878 -3.0826694528248653 0.9999957084655762 
Pedestrian -1.0 -1 2.429529656349258 1090.172879287617 151.60389581785486 1155.1167357512802 256.69339475796846 1.8 0.5562657982110977 0.7351583361625671 9.035887653894003 1.3067070819278372 12.413135362545646 3.05875538587175 0.9999253749847412 
Pedestrian -1.0 -1 2.063471376391173 463.62273723459333 147.22961629072526 553.6673312161538 323.16813025234336 1.8 0.6230993688106536 0.9188882566988468 -1.0890105785177657 1.461308365119839 7.767605420761635 1.9241802573164524 0.9997860789299011 
Pedestrian -1.0 -1 2.267266198836455 372.2728756724507 151.9108051447099 459.02321670404245 308.37490516419115 1.8 0.5740382269024848 0.9185504660010337 -2.353179978883315 1.4727872967063544 8.666288712614232 2.002126443382126 0.9997491240501404 
Pedestrian -1.0 -1 2.503660112621974 1080.4006712928801 153.04559651891674 1130.4030732586339 251.63822659496674 1.8 0.4115779910236597 0.6374316781759262 9.236503419204004 1.3004060664723005 13.117088192878626 3.1171712756117405 0.9995684027671814 
Pedestrian -1.0 -1 2.15773387096219 426.19031045308486 148.395959163147 516.5933786217851 320.6068721135751 1.8 0.5879163302481174 0.9189913541078567 -1.5283745017251604 1.4661300613205541 7.922669163992507 1.9671633124311985 0.9995033740997314 
Pedestrian -1.0 -1 2.5454905524950506 1060.1271563845196 153.83839603848074 1111.1041048763987 248.99485025397186 1.8 0.6159468114376068 0.5666676469147205 9.247314787940102 1.297298534661057 13.678148632941431 3.1399713635405124 0.9993232488632202 
Pedestrian -1.0 -1 -2.006377362934793 957.5991321089193 161.2695554551308 987.1043262029041 222.5648652220231 1.8 0.5813005872070789 0.5977986872196197 10.909621074825672 1.236844298820261 21.06914809678884 -1.5285907621171815 0.9891424179077148 
