Car -1.0 -1 -1.901667047293606 750.6096307377178 175.21233681707102 1041.0664116206535 356.72130759244715 1.5 1.5851662054657936 4.195052248239517 2.740173400353134 1.5337644174542355 8.116373226923146 -1.5760719311099989 1.0 
Car -1.0 -1 -1.7346768708203442 690.1913634903481 177.93717580360098 767.5007793916487 238.71916676922766 1.5 1.5383538350462913 3.3772560328245165 3.1207487486022103 1.6516708071200876 19.78128647927138 -1.5782038421046478 0.9999998807907104 
Car -1.0 -1 1.9426088679363682 172.6452985611364 179.9868657050902 435.37845695989023 336.7839506538506 1.5 1.591431026160717 4.093627867102623 -3.5561003559583346 1.6109120499185798 9.13333393629383 1.5713136076887668 0.9999996423721313 
Car -1.0 -1 -1.8000867973752195 709.4188114810445 177.00649272037666 843.9211253173215 267.4484238859481 1.5 1.5992317840456962 4.316019129753113 3.061448476401255 1.5953846037059867 14.336377561829568 -1.5897026518967492 0.9999995231628418 
Car -1.0 -1 -3.5156860769854807 896.8828610857394 176.00363380796506 1025.547915700926 218.03218773828146 1.5 1.6591197371482849 3.976189208030701 12.950814286932605 1.6219297059470452 26.87148795903815 -3.0665794173863277 0.9999995231628418 
Car -1.0 -1 1.7867583275367276 361.6896356883328 180.34918684841972 474.93895406869166 266.6780388392777 1.5 1.4844529822468757 3.5209933787584307 -3.798569764071402 1.670949279087555 14.632099695859335 1.5327600677821296 0.9999985694885254 
Car -1.0 -1 -1.7900295405381517 641.5228555579456 179.19347926285337 681.7365717152047 207.20927522588465 1.5 1.5805157393217086 3.417884793877602 2.873748448514799 1.8787338412619128 41.25504247422367 -1.720483765998159 0.9999963045120239 
Car -1.0 -1 1.783367238726831 427.4386640699459 180.24399002468965 516.4037709824709 244.0338699508205 1.5 1.5561596050858497 3.8638266295194628 -3.637273227725438 1.7187520920956154 19.36848291171523 1.5977358698805393 0.9999855756759644 
Car -1.0 -1 2.331678802104408 0.0 179.5565296992585 259.5799594979195 374.0 1.5 1.5715323880314827 3.9659781873226168 -3.496441371584245 1.551821090231556 3.540326472060666 1.5525171001765388 0.9999586343765259 
Car -1.0 -1 -2.4640048049395307 970.0564597709406 126.82877884939477 1241.0 374.0 1.5 1.537112009525299 3.5486175239086153 2.713557297527268 1.4723700577677803 2.215795509839557 -1.5779686417107028 0.9989084005355835 
