Car -1.0 -1 -1.5479077292931505 586.446563021663 179.28028005935894 638.5808794123745 226.82892018242393 1.5 1.6799824804067611 3.3725137382745745 0.0784383650639153 1.7376123196135411 24.92845648738427 -1.5447612004962308 0.9999995231628418 
Car -1.0 -1 -1.5134744500527886 593.8604206296799 179.63423929799922 628.5219068909356 210.091562503306 1.5 1.6346440210938453 3.538936984539032 0.06771627859233958 1.875975770863968 38.15502549080045 -1.5116996849563462 0.9999957084655762 
Pedestrian -1.0 -1 -1.3806965054881932 143.32661910760626 175.3152996194535 172.2768997102223 231.11050947047718 1.8 0.727417741715908 0.4817632518708706 -14.869566543280472 1.882299708087884 23.662442051880504 -1.9417396942761285 0.999982476234436 
Car -1.0 -1 -1.9011259571546675 63.794783592864015 181.03265718057585 339.83873339458586 360.24727954841836 1.5 1.550900612771511 3.472299736738205 -4.637450336770954 1.6095856862927587 7.913483100096176 -2.4312017718937735 0.9999607801437378 
Pedestrian -1.0 -1 -2.0365698304149076 952.0755692726297 140.2917502420692 1071.6165049510023 342.46146017501 1.8 0.6318145923316478 0.9563384138047695 3.7535266252726345 1.5104428027958514 6.9093942889958555 -1.5389239313688619 0.9999661445617676 
Car -1.0 -1 1.9372893886368754 261.95208377484147 181.91819414980617 365.69727320190435 239.7325655818324 1.5 1.5714401870965957 3.7540590882301332 -8.615304741344262 1.790516705924532 21.202834172744613 1.5513397892329353 0.9999288320541382 
Car -1.0 -1 2.2481168067650144 30.57999399041857 183.97500590831015 172.95749856884987 243.62988553582804 1.5 1.4785750329494476 3.449576583504677 -14.37394156645817 1.84474967941982 20.570927821687878 1.6382300734480442 0.9998691082000732 
Car -1.0 -1 2.0161251024704026 118.52284567401922 182.22860514396433 291.7986253381359 267.83393591310204 1.5 1.5604140728712081 4.035344955325127 -8.304939621874693 1.7239635342039794 15.149304384151534 1.5146602829310554 0.9998416900634766 
Car -1.0 -1 -2.0662239346984617 306.93653324629287 180.82015905948245 464.61205736196234 261.5652873618345 1.5 1.6023263826966285 3.8843514889478685 -5.0156568912253645 1.6950207759951554 15.704900267336068 -2.3753543059018 0.9998277425765991 
Car -1.0 -1 -2.3690602109482337 444.3803528215456 180.54755601527972 549.5836797959954 221.79460511475983 1.5 1.6154464825987815 4.213257741928101 -4.59580874601435 1.827570241275589 28.81042936773624 -2.527246371903692 0.9998088479042053 
Pedestrian -1.0 -1 -0.9354656462392079 236.19223416433766 176.80638532652856 258.3041028925161 218.54244256232664 1.8 0.7130765847861766 0.48528597950935365 -15.861492653936264 1.9744027689363208 31.471485923192393 -1.4023046801474435 0.9995266199111938 
Car -1.0 -1 -2.3183386944216196 420.08627944253413 180.68385065151136 528.6034365184887 226.70173304649805 1.5 1.5837356939911842 3.920222681760788 -4.9586438971523235 1.8012777853432844 25.92826748685554 -2.5073017040875296 0.9987683892250061 
Car -1.0 -1 -1.6941759082410521 0.0 181.06611186118224 193.73142428858392 374.0 1.5 1.5788015469908714 3.843783822655678 -4.575975680436999 1.579300987506512 5.078242164993898 -2.4275953332569937 0.9986680746078491 
Car -1.0 -1 -2.1749683520414202 359.83794393141704 180.49569505209854 518.2629132946886 249.49302232470774 1.5 1.660211992263794 4.416837406158447 -4.462261008260556 1.7156041137311984 18.233469590742555 -2.4149800697949275 0.9981702566146851 
Car -1.0 -1 2.2751423400317012 0.0 184.84633001579965 42.312177728864604 271.7908089847519 1.5 1.5546422943472862 4.144016888737679 -14.289093412023247 1.7870582642293793 15.13727606916724 1.5185600956294196 0.993099570274353 
