Car -1.0 -1 -1.703883697993678 685.5003044135241 178.19802693788145 749.1159646273557 230.59770860541906 1.5 1.5373547121882438 3.253511202335358 3.2463230488934287 1.6800085812495007 22.619319198826815 -1.5613371749084932 1.0 
Car -1.0 -1 0.3645213408918282 204.26228764972285 181.90096658749957 427.3692872684112 258.3806138102479 1.5 1.5825016915798187 4.047808286547661 -6.10993382342042 1.7010206982621425 15.17289876295131 -0.01829953590897151 0.9999998807907104 
Car -1.0 -1 -1.9008687015589387 768.065599705296 175.4809631894578 1004.0815967289468 324.3656254164054 1.5 1.5714278936386108 3.780377519130707 3.1669226195160003 1.5408344552998672 9.224102135174764 -1.5701471608507005 0.9999995231628418 
Car -1.0 -1 -2.213991773179714 900.4879335779559 169.45476849445384 1241.0 374.0 1.5 1.5378561362624168 3.4225767970085146 3.0873175032796847 1.4888018158111318 4.165614278811027 -1.57618303044257 0.9999978542327881 
Car -1.0 -1 0.2969103178888979 333.19238329608356 181.38609507452423 478.7726846120536 238.10858026396613 1.5 1.5668590113520622 3.61266830265522 -5.670868465624116 1.7484037674883668 20.149874634694644 0.022571965059961598 0.999992847442627 
Car -1.0 -1 0.26914716318813703 363.7986029935743 181.2830060054863 492.1256014061521 231.75650721123702 1.5 1.570274543762207 3.6003461599349977 -5.667836301783654 1.7733775843437134 22.54221594898265 0.022821112475122727 0.9999897480010986 
Car -1.0 -1 -3.3507785415626214 727.4170480588524 177.95026509837876 831.1664485690336 215.37401019972089 1.5 1.5872307613492012 3.949374940991402 6.931851904060913 1.7179323318752167 29.972617427628563 -3.1235016147282466 0.999963641166687 
Car -1.0 -1 3.4797718976754934 260.1866456917796 181.824621569219 436.8545336683136 246.5421313006184 1.5 1.5424851819872856 3.783504155278206 -6.3766827099755234 1.730495813141545 17.72320837435774 3.134399759765488 0.9999332427978516 
Car -1.0 -1 3.2702752676346196 476.85845561017913 180.93690764132404 546.0368310678108 205.0081637491049 1.5 1.6748469814658165 4.227313634753227 -6.326477377796042 2.0295405955359804 46.38394465244681 3.1347180485685886 0.99986732006073 
Car -1.0 -1 3.544844897590956 128.79043303843673 182.2760248612065 370.7795770712452 272.22185582807845 1.5 1.556551505625248 3.6075355976819994 -6.440489473244791 1.6827199562650632 13.087940202267799 3.087542521949631 0.9998565912246704 
Car -1.0 -1 3.8059966822552886 0.0 183.5806295043008 236.24444188451756 349.1024167604613 1.5 1.6265105947852134 4.36887466609478 -6.60215448768717 1.6268749395662763 7.581776767104349 3.0895546555479587 0.9943848848342896 
Car -1.0 -1 0.1291703662868717 440.92006056047114 181.06937416286203 527.9247342725887 211.72191299846108 1.5 1.6756313413381576 4.183184963464737 -6.374407796084186 1.9291281656381027 36.72891578983344 -0.042670802274022784 0.6161620616912842 
