Car -1.0 -1 -1.3956515976703214 460.2903085900827 180.48382658413854 517.777218808721 221.95668237097013 1.5 1.5759718164801597 3.702261906862259 -4.565821804396253 1.3299877390991 27.856952458808248 -1.5581095340338094 0.9999990463256836 
Car -1.0 -1 -1.5583892264611878 580.9946803654991 179.1745702840154 644.6273007264649 237.1320335974309 1.5 1.6482502713799476 3.86441410779953 0.12019057418846 1.3447804517486595 20.547898437084942 -1.5525400052454812 0.9999988079071045 
Car -1.0 -1 -1.3105207950923954 370.4220639640721 180.53545506037443 488.47981211234634 257.22686788130045 1.5 1.5853124231100082 3.9026448994874956 -3.8647001255543634 1.4095907576268873 16.025768944563218 -1.5471579274770362 0.9999986886978149 
Car -1.0 -1 -0.8336795020851533 0.0 182.70564247406858 295.8275853498876 375.0 1.5 1.996488918364048 5.913490664958954 -4.293403463217898 1.4954514459410988 4.593750703222607 -1.5852948632698995 0.9999963045120239 
Car -1.0 -1 -1.4742082917166874 516.542099417949 180.3371286209184 546.0194090697786 204.08011891838126 1.5 1.561351728439331 3.941504892706871 -5.024100758317135 1.192920032175354 47.38878315892749 -1.5798325082894904 0.9999620914459229 
Car -1.0 -1 -1.1545669879006741 244.35429035651262 181.93836198123748 355.70493817273 243.412628810566 1.5 1.5048977479338645 3.35164689719677 -8.146910102727928 1.4211626942626996 19.223832230084398 -1.555414171018873 0.9999568462371826 
Car -1.0 -1 -1.4130822650187553 491.5588758192014 180.4454434332108 531.269597275472 209.56967517611824 1.5 1.5651936203241348 3.727756303548813 -5.1928147717612285 1.2554463459597056 38.902695002100664 -1.5457799966123444 0.9999279975891113 
Car -1.0 -1 -1.2695843359120538 345.7403886506309 181.39396772396628 417.6457930529226 222.69857760249704 1.5 1.5706833943724632 3.966997426748276 -8.772407911751426 1.362342905484134 28.086570283887756 -1.5723185195263965 0.9998766183853149 
Car -1.0 -1 -1.013665014877678 10.0647129373661 183.07112840508447 241.64489191991285 283.4593328967398 1.5 1.5613478168845176 3.8506420820951464 -8.238562735489191 1.4690870351526937 12.677280896899052 -1.5899476325747115 0.9997484087944031 
Car -1.0 -1 -1.2389653542256838 308.2206533728803 181.85223197530655 369.9156302126046 214.84799045522792 1.5 1.5724597990512847 3.994079914689064 -12.914334217745782 1.3482267026114423 34.69142344927315 -1.5953343278404815 0.9995403289794922 
