Cyclist -1.0 -1 1.9920259485702767 230.50869069847198 187.52298188947228 315.82840086890707 280.86720366042414 1.4 0.6134182706475257 1.7770099014043808 -5.599605101673758 1.6623911025881717 11.99296255161884 1.555200978121485 0.9999973773956299 
Pedestrian -1.0 -1 0.5324598703741568 136.02434700345898 170.59471798118182 190.91181927151672 253.01892117951897 1.8 0.5729388006031513 0.8681790463626384 -9.973794244405585 1.7510190860395847 16.050977010115734 -0.02353377739456721 0.9999939203262329 
Pedestrian -1.0 -1 2.6138292191859387 971.327595112982 162.61038720900535 1008.6587609058507 239.91764164151687 1.8 0.4977908477187157 0.6133028797805309 8.93044396614587 1.5618484859531017 17.059921375120748 3.096080052848679 0.9999923706054688 
Cyclist -1.0 -1 2.195241177624966 134.56107993021595 189.16086899665189 267.01553207410893 313.85236314527003 1.4 0.5539816364645958 1.7527536049485206 -5.216595789419172 1.6295257564139287 9.23581346143991 1.6810891509016574 0.9999774694442749 
Car -1.0 -1 -2.6579259163446696 380.7368990400295 181.7192115298438 457.5785258112927 211.78016993812716 1.5 1.5144691362977027 3.6025116711854936 -10.020687100957662 1.9789751128381152 37.81242190817458 -2.916981414952551 0.9999760389328003 
Pedestrian -1.0 -1 -3.296756018341708 810.2303679650047 167.74412388041526 851.2501841807267 225.88999036283988 1.8 0.5241376839578151 1.1646406285464763 6.881865721971114 1.642173268411167 22.674129447040077 -3.00208051601914 0.9999788999557495 
Pedestrian -1.0 -1 2.6127453691524547 963.1735910317027 162.82815390095314 1002.6992231925349 239.35474713962557 1.8 0.5162545971572399 0.6698332287371158 8.858661788060825 1.564537550913289 17.244635011074966 3.087297070022446 0.9998867511749268 
Pedestrian -1.0 -1 -1.981126691408966 891.701658221005 165.23617735357672 929.8222424800405 232.84331689163818 1.8 0.6386372752487659 0.9329406104981899 8.144409636119534 1.597537812460766 19.67989360462433 -1.5887429295715434 0.9998458623886108 
Car -1.0 -1 -1.2402268159597043 449.70187989901916 180.0853850720527 553.1473813552128 229.58919390181572 1.5 2.003600311279297 5.2040284991264345 -3.6974571163657926 1.7824736603030342 25.403976004714227 -1.38475833932427 0.9997581839561462 
Cyclist -1.0 -1 -1.0106401574291342 628.782687628384 181.78474888848257 670.8140765080793 222.16794028572332 1.4 0.6602774865925312 1.8377762779593467 1.4271893015927408 1.7384198182237813 26.368937783296012 -0.9565690318730218 0.9995183944702148 
Pedestrian -1.0 -1 2.771988578591423 815.1725494272824 167.20390883331953 864.7906254704264 227.77356683192184 1.8 0.5121606893837451 1.3288837417960166 6.875491949568865 1.6324492503071 21.73737817000495 3.078329908843857 0.9996414184570312 
Pedestrian -1.0 -1 -3.4011189358203175 804.3734441324499 167.99296285802492 852.944332866641 224.7607958795918 1.8 0.4805202156305313 1.41438530087471 6.958438891031348 1.6462235622963637 23.139021197288415 -3.1089988509800777 0.9988741278648376 
