Car -1.0 -1 -1.5822215203925414 596.0181770291609 179.3903093257466 637.9815013252992 219.08180558581253 1.5 1.6211133942008018 3.6468429982662203 0.22036971154891433 1.7859192423073942 29.693495480073494 -1.5748001756754262 0.9999997615814209 
Car -1.0 -1 -0.8742773783100289 685.7040463427608 177.9044276524946 801.2211975775737 228.1628491793544 1.5 1.5894977867603302 3.9342044413089754 4.403875739805703 1.679841926696896 23.773351682525604 -0.6911094943669184 0.9999923706054688 
Car -1.0 -1 -1.1610362559774967 752.3210903013227 176.13888298255245 934.2272263724516 274.6527688806029 1.5 1.635775764286518 4.157230865955353 4.350094525774672 1.5700968542208078 13.21954352353183 -0.8431317369129998 0.9999922513961792 
Car -1.0 -1 -1.3774901779726818 971.6565453247252 171.98343108513953 1241.0 374.0 1.5 1.5247628584504127 3.3946322768926622 4.515619957015693 1.494944704703736 6.196944435007207 -0.7477708617833001 0.9999877214431763 
Car -1.0 -1 -1.2431876137118754 841.4112163389485 174.6325028503904 1076.8603951789707 313.34111209748 1.5 1.6546005874872207 4.082150992751122 4.868354521957489 1.5297174966220597 9.88022177812164 -0.7853669683125359 0.9999853372573853 
Car -1.0 -1 -0.8119943970210932 675.8785250820902 178.36636162219716 767.3624168960168 216.14495004894945 1.5 1.5818959593772888 3.984019395709038 4.797270155068527 1.7515241828575518 31.028900342080185 -0.6586023728039605 0.999906063079834 
Car -1.0 -1 -0.9899570277548659 699.95284834812 177.52083422257772 826.9767746290978 237.30844120561102 1.5 1.6241876900196075 3.911440682411194 4.352992061505579 1.6446671372637687 20.35670533757149 -0.7792939106610162 0.9998883008956909 
Car -1.0 -1 -1.0663747342991075 718.3517246486045 177.0026782288831 863.997454964917 252.07088222464117 1.5 1.6199717789888382 3.765283015370369 4.190942217432469 1.6066523863069053 16.555996990034107 -0.8184454003956658 0.9997244477272034 
Car -1.0 -1 2.3502065865214474 0.0 184.18539171793051 56.17427669373602 319.9335491268824 1.5 1.612618987262249 4.277784612774849 -10.528695542247462 1.6985895111629374 10.474116377497104 1.5622097690913337 0.999152421951294 
Car -1.0 -1 -0.7905701541080805 657.4178734299342 178.83418380726556 730.3999515623424 206.74878122558638 1.5 1.6764885306358337 4.249333080649376 4.837689923398659 1.8615951455234536 41.60038197506289 -0.6748005906727654 0.9986279010772705 
Car -1.0 -1 -0.8827816763782093 643.3512546235502 179.1470793855168 700.2810745908171 202.94944816815735 1.5 1.6390160217881202 4.016964000463486 4.162678887592181 1.941261152499845 48.53987366952186 -0.7972330609944207 0.9902190566062927 
