Car -1.0 -1 -1.5716339376228865 592.5436375416533 179.2547817674815 641.0357010896281 225.3657132935352 1.5 1.6119996577501297 3.661142897605896 0.19245066342644604 1.74567021754225 25.814601737094893 -1.5641789669778687 0.9999971389770508 
Car -1.0 -1 -0.9868988172565758 706.2408410481 177.17472598300358 855.315750009824 247.62336888517265 1.5 1.6060155376791954 3.961041805148125 4.181958504009373 1.6170156095155928 17.538379511419873 -0.7528236071255547 0.9999887943267822 
Car -1.0 -1 1.9255073522236514 370.9024910182469 181.6383196614494 432.73681674142983 212.93211932289506 1.5 1.7166382193565368 4.392911356687546 -10.939894665465731 1.9917241300920732 38.103063208674314 1.6459147810896457 0.9999854564666748 
Car -1.0 -1 -0.9701295526475076 660.4327474960664 178.46651085631328 752.1870598437217 215.52806133277087 1.5 1.7799065008759498 4.579753664135933 4.327254520782981 1.7686444230128284 32.19175510124384 -0.8365093032505853 0.9999843835830688 
Car -1.0 -1 1.9725518425259398 350.7098721750246 182.2091062165698 393.9755853631001 207.4493093925974 1.5 1.4662780359387397 3.2196080803871157 -15.064619702916547 2.1155192354223686 45.77770220929249 1.6546323180159153 0.9999831914901733 
Car -1.0 -1 -1.119045681840468 785.8262772543635 175.2883844925063 1023.8794180813455 298.3041818955809 1.5 1.6472159445285797 4.177571696043015 4.519406659978339 1.5438170055355136 10.876446538512738 -0.7252299944546563 0.9999555349349976 
Car -1.0 -1 1.8201453398059915 412.3224274641798 181.48533755072202 454.2909334642839 207.79781958079684 1.5 1.530354519188404 4.209280622005463 -10.900906318515256 2.0595108896191525 44.627714927314685 1.5805733084639133 0.9999275207519531 
Car -1.0 -1 -0.917556321787085 701.115072354654 177.6010339205592 825.0596817047352 234.24547025766677 1.5 1.5925851210951805 3.7957316756248476 4.516745250884794 1.6522931409253705 21.251805469910444 -0.7081377665188653 0.9999226331710815 
Car -1.0 -1 -0.8432308277945733 649.8746656552886 178.88239069239594 721.723876517454 208.4083489878284 1.5 1.6151518121361732 4.057637465000153 4.143720648918648 1.8461138619783575 39.41785047602117 -0.7384925643589837 0.9997782111167908 
Car -1.0 -1 -0.8597767220715511 698.3200032933829 177.9326816823466 800.8163720365294 224.8259707844489 1.5 1.6142128527164459 3.5076676428318025 4.857275267692665 1.6896631210190498 25.171223548883265 -0.669150427975927 0.9992400407791138 
Car -1.0 -1 1.92944791342531 267.92249068126904 181.48093503253645 390.8583992963437 250.626925376929 1.5 1.5903970718383789 3.9008966207504274 -6.919879668301622 1.7401041170688396 18.093419936624034 1.5641593178126472 0.9878182411193848 
