Car -1.0 -1 -1.802357461141169 732.0938268494672 177.28472937471 834.5385620611595 243.87196708588033 1.5 1.6413772970438003 4.0335292488336565 4.263037253038966 1.6266443155431343 18.541518935946897 -1.5763665293951077 0.9999996423721313 
Car -1.0 -1 -1.5767609326873224 598.2597631347098 178.9969386446672 656.1001643491876 234.19376340020216 1.5 1.603497241437435 3.462832283973694 0.4541278893450425 1.7002803130230655 21.736578002493395 -1.5558716357362015 0.9999991655349731 
Car -1.0 -1 -1.8499693691723222 770.1701047137608 176.32662018468397 920.9500286513284 272.8011475567381 1.5 1.5916277214884758 3.811078754067421 4.082226338567425 1.5735014919714676 13.274526340610777 -1.5516248224910838 0.9999991655349731 
Car -1.0 -1 -2.0613657726886725 853.7459889159759 174.15025519048427 1196.915958372591 352.3020098572741 1.5 1.5783068284392356 3.79187525510788 4.109030981896977 1.518180082362028 8.008949532276947 -1.5873288540777308 0.9999985694885254 
Car -1.0 -1 -1.5511342203147587 601.9585615246019 179.49940361582293 637.0132104327383 212.32084937291643 1.5 1.6392823800444603 3.5859616965055467 0.46223241135588095 1.8443505641739266 35.52815243321561 -1.5381246405330045 0.9999958276748657 
Car -1.0 -1 -2.2475939025064813 260.81437673868896 180.62169218450964 478.95752486756254 285.84901241146986 1.5 1.5436595797538757 3.619022157788277 -4.142287892533178 1.6485631839548345 12.142986490272262 -2.576341346898351 0.9999955892562866 
Car -1.0 -1 2.194384339013878 144.89707902201738 182.2511339218647 312.28042466610657 263.1287845553366 1.5 1.5074458464980125 3.351528432965279 -8.095118968773882 1.7260002492228461 15.556232110479414 1.7145676493605198 0.9999961853027344 
Car -1.0 -1 -2.15044663634362 389.7482639981568 180.66429155588412 506.20249954535774 240.85476735198412 1.5 1.5125448375940322 3.4730593234300615 -4.632948954282987 1.7377629714222815 20.1809155833053 -2.376107350983892 0.9999876022338867 
Car -1.0 -1 -0.3786861968868589 790.8854205403601 177.29901334361236 892.0715468883205 214.43688923076868 1.5 1.6203661009669303 3.7096923708915712 9.634184989208242 1.6928530937096076 30.30459186341086 -0.07087870041397638 0.9999872446060181 
Car -1.0 -1 -0.4494137933325424 887.4539539050791 175.9082637265518 1066.3376473365051 213.31265563108013 1.5 2.4271684259176256 6.290956449508667 15.262751331103582 1.6344089914750624 30.402147697521002 0.01585547526809148 0.9999836683273315 
Car -1.0 -1 1.971874807400252 251.14487552087607 181.98851523204894 357.03383669661537 243.36096370608286 1.5 1.4502758651971817 3.4396647036075594 -8.345990901699352 1.7737114368394244 19.86725719599312 1.5741722464521946 0.9999595880508423 
Car -1.0 -1 -2.2122696081071833 426.8734031551452 180.53351498019427 531.4059720690899 232.1424561390106 1.5 1.5331214785575866 3.46802571117878 -4.303046922277187 1.7661097265509 23.22632827788568 -2.395458475747381 0.9999229907989502 
Car -1.0 -1 2.266545593756855 0.0 184.6980608557419 65.62979558341507 267.3106010115823 1.5 1.5356375396251678 3.9311698198318483 -14.066365397474605 1.790183646425817 15.661403853907498 1.5347508629176276 0.9999167919158936 
Pedestrian -1.0 -1 -1.6379350749683237 692.3201227206355 171.8834873476386 711.8651000142712 214.68170783243042 1.8 0.7599790140986442 1.0354670256376266 3.893721558554834 1.75954011309649 30.882548262206537 -1.5125152478602273 0.9998834133148193 
Car -1.0 -1 -2.2171981255209623 509.5409470424106 180.32615000105199 580.789359884892 207.04021630185744 1.5 1.8339369937777519 4.780839619040489 -4.064421401401406 1.9831448936480651 44.23154353712968 -2.308830455937658 0.9998500347137451 
Car -1.0 -1 -2.241616462077814 465.7496845702143 180.51177931734543 549.4903348315812 218.8957677364924 1.5 1.5643824383616447 3.707535055279732 -4.448240726378463 1.8464922352364017 30.769872278825925 -2.3851866284993037 0.9996906518936157 
Car -1.0 -1 2.3169725216041708 0.0 182.82044919670585 194.70281591446133 317.4416491245024 1.5 1.5728556111454963 3.834124517440796 -7.995896256457296 1.6700900480800422 10.307520193928129 1.6572039008101047 0.999521017074585 
