Car -1.0 -1 -1.221835975843411 217.30886835225 178.5025837940369 454.5533552286619 324.9753422999172 1.5 1.5816618248820304 3.8493892669677736 -3.2184780283054684 1.4812373372005432 9.1693566186631 -1.5594046731155855 0.9999994039535522 
Cyclist -1.0 -1 -0.6768042013097681 898.5565866794402 174.76614154047877 948.465714324485 210.79735972529298 1.4 0.6048658423125743 1.8256333217024803 12.5847864220299 1.1787132572955237 27.989873192969867 -0.2542669335987908 0.9999988079071045 
Pedestrian -1.0 -1 3.539807267342941 221.5289947680632 167.5963597150324 271.4706237444387 246.9092552280535 1.8 0.5446824736893177 0.8893616057932376 -8.318690750583384 1.5087631028018376 16.34530850232711 3.0690376639326633 0.9999943971633911 
Pedestrian -1.0 -1 0.9339265317206242 130.64975657751893 169.66166903984828 173.11610054105626 244.2691592131087 1.8 0.44983895756304265 0.8724811978638172 -11.202068813310632 1.5401123258908322 17.418445919406942 0.36240641673537666 0.9999915361404419 
Cyclist -1.0 -1 -1.5427310895602677 897.1764537506034 175.18203463533754 922.098411325839 217.60129655759704 1.4 0.7402909480035305 1.7071608945727348 10.436914751614939 1.2260286425792124 24.260471426074847 -1.1364621678974969 0.9999960660934448 
Pedestrian -1.0 -1 0.36867089395872865 587.4143194742262 162.16062218428138 643.6701497289504 244.6311722141932 1.8 0.7213863104581832 1.08422641903162 0.20366912877439486 1.4013411920484107 15.963629663316208 0.38142852385970527 0.9999767541885376 
Pedestrian -1.0 -1 0.24385065791270463 392.32259632494475 162.4828645053393 447.0827801438553 258.1387229354367 1.8 0.6288771077990531 0.8972026899456977 -3.6012705079854292 1.4625991630083495 13.620856159837054 -0.014628605046544754 0.9999637603759766 
Cyclist -1.0 -1 -0.5917525828852157 1184.7484896370408 172.0694999557433 1223.0 232.2215847118659 1.4 0.6596399031579494 1.8594630554318428 15.074875839934576 1.205392073783597 16.904389700219834 0.1364984949443 0.9999490976333618 
Car -1.0 -1 -0.6972968671344814 1094.2774853856386 168.80441691681017 1223.0 212.67124621765768 1.5 1.645873536169529 3.871169921755791 19.80030289476647 1.1016107678314602 25.049740173500716 -0.028412775197301586 0.9998865127563477 
Pedestrian -1.0 -1 0.5927587966852437 143.57296804795646 169.78135137451395 192.52352459287016 242.3965008362878 1.8 0.5109820075333118 0.9201882898807525 -11.028911393884362 1.5359002098570107 17.79425378842934 0.03790621360274724 0.9999405145645142 
Cyclist -1.0 -1 -0.17469233789510885 296.9893878495998 184.15861180820391 384.5978671216259 254.64414757856923 1.4 0.5851501159369945 1.6387943670153617 -5.5546456711072905 1.481566569593195 14.776963534015312 -0.5342509309437615 0.9998195767402649 
Pedestrian -1.0 -1 3.5485321434170873 119.04452005603684 168.9347078533163 173.1480065031136 248.11554796887742 1.8 0.49675288870930673 0.9328327633440494 -10.669038563921415 1.5386988145501066 16.391935494524898 2.971544730659348 0.9985643029212952 
Pedestrian -1.0 -1 3.428460362897954 60.31060469459573 167.7345014676179 115.62843697858031 258.3107231883345 1.8 0.5147078566253185 0.7994193144142627 -10.57791277413024 1.5479431055995954 14.423675850438663 2.795686709876877 0.9984316229820251 
Pedestrian -1.0 -1 3.6105140019552353 62.51750991055344 167.9384887108444 135.71305173404093 256.48529274692976 1.8 0.6377181529998779 1.0719544745981693 -10.588461399598776 1.5462725338771293 14.765002234952949 2.9883820891340793 0.9983844757080078 
Pedestrian -1.0 -1 0.4897327997383478 153.12903496110215 169.8768386841666 198.56821430820057 241.37012768602202 1.8 0.5737256750464439 0.8226584203541278 -11.019855710163508 1.5341324829334952 18.106362509867115 -0.05699928204086849 0.5363733172416687 
