Car -1.0 -1 -1.5400578111419725 663.1198192629281 178.56600025633492 709.9496888014218 223.3501010714387 1.5 1.5985822796821594 3.598858278989792 2.823184337580395 1.7254445923537063 26.538559580671254 -1.4340759376671655 0.9999996423721313 
Car -1.0 -1 1.682680471847401 498.16895247156054 180.12414151529532 553.2124603728962 224.66330233882343 1.5 1.5977198749780654 4.093844306468964 -3.1222120472065056 1.7932447379401502 27.015877699464742 1.567621393999781 0.9999988079071045 
Car -1.0 -1 1.7733591681935796 466.4063896747569 180.16362789572503 539.2325635088786 235.18599254394687 1.5 1.4984168604016304 3.6027560502290727 -3.225871698251121 1.7418890084140062 21.997837965701958 1.6277520537336887 0.9999978542327881 
Car -1.0 -1 1.8285218678694932 377.0656550975823 180.23653003652834 495.03669410107096 260.662896781825 1.5 1.5523257225751876 3.8730593889951708 -3.696408001233229 1.6817722404366657 15.770804330365241 1.5982947230299533 0.9999961853027344 
Car -1.0 -1 2.396725859405315 0.0 180.1055352656129 244.8533975793327 374.0 1.5 1.6366838037967681 4.28998903632164 -4.044662685428362 1.5624127399807217 3.9995376901212905 1.6057181239088596 0.9999909400939941 
Car -1.0 -1 1.2623383310051655 793.309303314162 176.20748940460868 949.3927114110738 261.5872368601556 1.5 1.7270302891731262 4.485019531846047 5.179624446704684 1.5811138403316514 15.111985646639225 1.5925392985304416 0.9999905824661255 
Car -1.0 -1 -1.2119259567129441 677.0993566188905 178.50490899913987 738.069591902806 216.4800130987388 1.5 1.5216988071799278 3.302391853928566 4.178206445785343 1.756218721725037 30.85232477603045 -1.0773188928749902 0.9999818801879883 
Car -1.0 -1 2.001738111195171 168.94720849724126 180.248741395388 425.6675137291896 326.25592408251066 1.5 1.5764540553092956 3.908841919898987 -3.8752807708422106 1.6191721296339157 9.600980065421234 1.6181030154188694 0.9999610185623169 
Car -1.0 -1 -1.0256599978479413 712.7337201934495 178.26324442193274 773.6290595852014 211.67076597539716 1.5 1.4720688134431839 3.110318493843079 6.3729107377957295 1.7719954476568731 34.5799638092245 -0.843410090604101 0.9999266862869263 
Car -1.0 -1 -0.2514957482002529 771.4933805713187 176.73180158126405 956.2003706378222 236.93297761755616 1.5 1.655452375113964 4.33174469769001 6.54466032883111 1.6083662814033408 19.098947723903894 0.07863525947066716 0.9999059438705444 
Car -1.0 -1 1.3433661436224857 527.0715376282889 180.3118303004657 569.7247339048073 208.16378039359248 1.5 1.6622830674052238 3.7516309440135958 -3.664528064070757 1.955494867785872 41.99041596830439 1.2563161094996589 0.8984360694885254 
