Car -1.0 -1 1.821736396285698 399.75497476872573 180.2512743015 505.075357230834 252.6463241436339 1.5 1.5503766506910324 3.8261527687311174 -3.6882799122302963 1.6975385811961576 17.287405394221892 1.6115372061689914 0.9999995231628418 
Car -1.0 -1 2.227176842959468 0.0 180.19624942952626 311.3968297420785 374.0 1.5 1.6121253862977027 4.234043744206429 -4.041848188536385 1.5778312089241784 5.477486795768675 1.5914635539015354 0.9999977350234985 
Car -1.0 -1 -1.548945114154667 663.7447783493228 178.64956092101164 707.4201416070414 220.65940608165295 1.5 1.5871093168854713 3.425804015994072 2.9294759372881494 1.7401802219427103 28.055768290164977 -1.444905952611242 0.9999974966049194 
Car -1.0 -1 1.7671970440526197 477.2251993579191 180.18396419511575 543.5184101435324 231.11093810917862 1.5 1.4798218876123428 3.5548897951841356 -3.2238971186570677 1.7585309119639303 23.59198567364346 1.6313860297163547 0.9999961853027344 
Car -1.0 -1 1.308553024426605 781.9666540211961 176.53430934431955 911.226768382765 253.17766780068484 1.5 1.680031467974186 4.415001210570336 5.185169358053926 1.596334472347441 16.573767163097365 1.6117603659590305 0.9999865293502808 
Car -1.0 -1 -1.1648106351141974 676.2461248920338 178.57210422346526 735.2793745822052 214.64242476836156 1.5 1.484842275083065 3.1834906458854677 4.288006595655715 1.7702326862221722 32.30403708146333 -1.0328430692341668 0.9999860525131226 
Car -1.0 -1 1.9492216491857626 244.89050535052462 180.26268535851477 448.28018751923247 300.69589780156593 1.5 1.5804343417286872 3.9432870715856554 -3.8836075176153155 1.6363547580807813 11.236447718320768 1.6164488673170627 0.9999353885650635 
Car -1.0 -1 -1.0151940943260067 709.7034180536098 178.33320664561398 768.743960220975 210.1785785884721 1.5 1.4974402755498886 3.1212816506624224 6.475874718209143 1.7880098627353844 36.216152207775224 -0.838252321877752 0.9999392032623291 
Car -1.0 -1 1.6766486020681124 507.1870851945901 180.12729377385293 557.651599706163 221.78576718400168 1.5 1.5751738592982292 4.068339106440544 -3.0597365874701903 1.8104229735055624 28.72248719612136 1.5705212791773933 0.9996657371520996 
Car -1.0 -1 -0.2531085246363085 759.1130781668235 177.01965572177204 926.7057992215337 232.10084945015666 1.5 1.6722655415534973 4.297830399870873 6.537550086634352 1.6255644486950578 20.73713155886248 0.05228714545699529 0.9978641867637634 
