Car -1.0 -1 -1.3905550530986115 378.1677462196789 181.28311830925242 440.3351284657904 225.08085586321747 1.5 1.5931115046143531 4.007312145829201 -7.625676334662933 1.8466265803635191 27.57118668517622 -1.660390847423349 0.9999998807907104 
Car -1.0 -1 -1.5790184672798226 468.4730934852539 180.0605828265092 533.4054779289401 238.0734260840752 1.5 1.722281102836132 4.270049419999123 -3.3097653290853284 1.7371231473312445 21.457087966500236 -1.7320627133038384 0.9999996423721313 
Car -1.0 -1 -1.2270451599868648 188.16821166116407 182.32189509186952 307.8892518231036 243.99717951233043 1.5 1.6364597275853157 4.414928567409516 -10.160712061101094 1.7998640801285648 20.5351153195633 -1.686521657803331 0.999995231628418 
Car -1.0 -1 -1.1001545782431184 53.22705452362405 183.4204858437592 202.63825386710056 246.33958341953075 1.5 1.640777525305748 4.429073122143746 -13.348600494867794 1.8306783033219802 20.261047402675537 -1.6827126602318627 0.9999923706054688 
Car -1.0 -1 -1.8861763828876248 730.7148761393917 177.58585859328664 820.8872246318477 228.12647577356248 1.5 1.6433828070759773 4.3246476471424105 5.354880796742437 1.6728019115613204 24.061036596858507 -1.667191260555063 0.9999899864196777 
Car -1.0 -1 -1.5516604321749978 528.9451741553444 180.24605558473465 561.0035161159352 210.25352177755272 1.5 1.64828063249588 4.415613275766373 -3.5475723854292522 1.9275933796292575 39.43925629676068 -1.6413692916419846 0.9999881982803345 
Car -1.0 -1 0.8208039078771748 1139.0918482586428 173.17470901210078 1241.0 221.13237439098694 1.5 2.1818656966090204 5.655946445465088 21.882243150156075 1.5129568038938779 25.47320134759327 1.530517025789942 0.9999682903289795 
Car -1.0 -1 -2.25356565974308 1093.8511289193407 132.41222864266012 1241.0 374.0 1.5 1.7235255360603332 4.414305326342583 3.80289443278951 1.4681983217338028 2.917709085535429 -1.3372091362860543 0.9998588562011719 
Car -1.0 -1 -0.6693115264670888 843.8732466754484 175.29257987331744 1136.2131837996621 243.325334269728 1.5 2.053547513484955 6.4570947110652925 9.163333878312658 1.565457878504061 17.640626005687725 -0.19022925297287532 0.99982750415802 
Car -1.0 -1 -1.9856061115361296 801.8439397275506 176.86782988426907 902.5594352535923 226.60223093491646 1.5 1.6361190497875213 4.197329518198967 7.9650431295532025 1.647489191445002 24.277513511879977 -1.6685881401088578 0.9997873902320862 
Car -1.0 -1 -1.7989459099950167 667.2981664039564 178.17328307371787 751.4119303022039 230.90302914671915 1.5 1.6810162484645843 4.535690185427666 3.0411733340803977 1.6896497590491293 23.334351301306704 -1.6693460951235635 0.9993036985397339 
Car -1.0 -1 -1.7262162688310894 1156.703046528906 170.3846841491746 1241.0 374.0 1.5 1.7094834268093109 4.363211479783058 6.707912111334575 1.483228019100791 7.291816028858076 -0.9825021783497675 0.9972749352455139 
Car -1.0 -1 1.5699460663128884 520.6666722030491 180.31784787462928 553.4852212010784 206.305064437491 1.5 1.9715451195836067 6.151620161533356 -4.748083557040845 2.0153407523894837 46.62076221233799 1.468451186022486 0.5294013619422913 
