Car -1.0 -1 -3.516475519490454 822.3063175286793 176.25702354162198 1009.2176168930885 233.63199538111698 1.5 1.719122987985611 4.416167226433754 8.256559679328621 1.5983312892139359 19.86916026123905 -3.1226392547276363 0.9999996423721313 
Car -1.0 -1 -1.6746146748881967 662.5992301199444 178.4037792008265 725.1594227233131 228.9132974138457 1.5 1.6258910790085792 4.020719838142395 2.6441563469672045 1.6995841278045967 23.88350679712855 -1.5643531401318056 0.9999994039535522 
Car -1.0 -1 -1.3286638643422786 414.1756042594351 180.9786419901115 478.87557450927847 223.26461498266653 1.5 1.5930163234472274 3.8563894599676134 -6.36555809250872 1.8407607904628969 28.28364206306713 -1.5500368150558812 0.9999984502792358 
Car -1.0 -1 2.025289271868839 104.59752745240358 180.40507900791187 389.96879959955857 352.4400998794121 1.5 1.491323721408844 3.3490585654973986 -3.8107250231248955 1.6030373177274477 8.122590843211675 1.5866236567457737 0.9999974966049194 
Car -1.0 -1 2.646918946259909 846.7203942799729 175.60302996860685 1082.4267949812718 244.32161030801237 1.5 1.6959935918450355 4.681272295117378 8.076115174637744 1.567931269992593 16.778370830303626 3.095528113838059 0.9999972581863403 
Car -1.0 -1 1.9427928069022475 271.6855136810394 181.33318864402094 400.5331562065658 254.78975709010865 1.5 1.5567683175206184 3.81975234746933 -6.370679020071691 1.7238807041514341 17.096400667383474 1.5860991358717502 0.9999643564224243 
Car -1.0 -1 1.762906414450538 470.3139058871374 180.81439009308838 514.3421900779962 210.52411017248244 1.5 1.6454650580883026 4.017309707403183 -6.425580845300452 1.9591499744571819 39.54941788244737 1.6018440604170383 0.9996833801269531 
Car -1.0 -1 -0.7406849781771722 1144.1485562060218 173.17758859835757 1241.0 216.36780709082632 1.5 1.9092223167419433 5.16904094517231 22.542345401531637 1.5125243742321426 26.09901728824278 -0.028277234235082348 0.9995719790458679 
Car -1.0 -1 -3.41747589394444 770.1602411878898 177.29074017878085 898.176911564314 220.66212721944285 1.5 1.6409650936722755 4.10991073846817 7.955525050144869 1.665511305853781 25.99209172819988 -3.1204552213337764 0.9981570839881897 
Car -1.0 -1 -0.570054330894278 1052.6726908835794 174.5235930096488 1180.0614487557043 209.14988516346762 1.5 1.721896280348301 4.441810634732247 22.54104963442263 1.5772809414721147 32.293050205305555 0.03933851321669987 0.9980883002281189 
Car -1.0 -1 -0.5115159424687787 1007.5535583197758 175.0906437151824 1124.0711931016838 206.30622338158645 1.5 1.7081495866179466 4.6437716603279116 22.486214322314407 1.6142674380968522 35.776171208988764 0.04961411555739812 0.9887579679489136 
