Car -1.0 -1 -1.781471732138021 714.6512316244709 176.66476085475517 870.4278210140584 284.41621425176186 1.5 1.6437719136476516 4.25552376806736 2.83751646073074 1.576813507586518 12.333321890815473 -1.5553377019849164 0.9999998807907104 
Car -1.0 -1 -1.936903194955752 767.1141150061839 174.70520395886862 1109.4970476526657 374.0 1.5 1.5902953714132309 3.955199804902077 2.7325020415274053 1.5237991078311899 7.155225772226853 -1.5721065713467566 0.9999995231628418 
Car -1.0 -1 2.0878425258749624 10.12212921054083 180.91240911885785 344.6847496640373 341.21778524831217 1.5 1.6156163558363914 4.295839604735375 -5.0308119257707 1.626395720598525 9.124136835754564 1.5839450240095676 0.9999994039535522 
Car -1.0 -1 1.9205134806523714 274.68018938673373 180.86067990816727 424.7303756927543 269.5740266193573 1.5 1.5646329641342163 3.9272191494703295 -5.089430827396619 1.6834874193469629 14.526923726235584 1.5835316061934055 0.999998927116394 
Car -1.0 -1 1.8014879924813054 406.1303300883249 180.69341986153975 485.4612584475747 236.64523936544103 1.5 1.5172347918152809 3.7002793073654177 -4.888444525067039 1.7565317760999177 21.718313068953425 1.580093610282761 0.9999980926513672 
Pedestrian -1.0 -1 0.7835027297131019 676.0819364621507 172.47064142639857 699.6165887862189 212.80177085697608 1.8 0.5433975279331207 0.9567048892378807 3.4898870070083077 1.7832482534676581 32.742567151832695 0.889687462649073 0.9999972581863403 
Car -1.0 -1 -1.7132553329578006 692.7595892642686 177.7009261148342 780.2282024120005 246.4474010178853 1.5 1.5783807754516601 3.8603535413742067 2.982599447085752 1.6341184718717416 17.962400355270564 -1.5487098107722146 0.9999794960021973 
Car -1.0 -1 1.7023186660679372 526.5032267726792 180.39358527498192 560.4232680310647 206.63796483393324 1.5 1.5794648349285125 3.9053911834955217 -4.078418752539428 1.9846202681866003 44.35854690032707 1.6106343150099338 0.999901533126831 
Car -1.0 -1 2.500537860603308 0.0 181.58295443724032 106.29552446747502 374.0 1.5 1.5010629341006279 3.8992641985416414 -5.0155448000055385 1.5727796546415564 4.010051060865379 1.6041924834211887 0.9998894929885864 
Car -1.0 -1 -2.534503660829647 1047.236446009873 105.04269053657505 1241.0 374.0 1.5 1.5240099772810936 3.200456362962723 2.8463303518298404 1.4681457639718944 1.9458500742040843 -1.5633651991982502 0.9995014667510986 
Pedestrian -1.0 -1 -0.0043780701595424135 614.5201957931853 175.55004375551877 628.7052545987461 202.03360551644258 1.8 0.5513202890753746 0.9652219273149967 0.763427695027006 1.9859124559361956 49.37598541464915 0.011082216105188647 0.9996160268783569 
Pedestrian -1.0 -1 0.6214475066039882 667.9529285575732 172.40449049824434 691.9629166512376 213.53771923326957 1.8 0.49004289582371713 0.9552080675959587 3.0673003955859155 1.7806871121092305 32.07041735076917 0.7168001373622077 0.9983554482460022 
