Car -1.0 -1 -1.7667067048830087 715.3058152363545 176.9053744502113 848.0686790937021 272.75179017479326 1.5 1.6030587747693061 3.995628517866135 2.9697802978184886 1.587337568768842 13.473855524206094 -1.5497648092594487 0.9999998807907104 
Car -1.0 -1 2.3006216041172047 0.0 182.30159637954475 175.70270922091126 374.0 1.5 1.5158627673983573 3.521738064289093 -6.054424447070757 1.614185249616493 6.921346846713883 1.5819351553877414 0.9999995231628418 
Car -1.0 -1 -1.2406922168514316 306.48676722429724 181.12786340620607 424.7735945414728 250.7979533694946 1.5 1.5997866660356521 3.881376472115517 -5.968067196608741 1.7284703208096523 17.942428088397303 -1.5618034825336677 0.9999984502792358 
Car -1.0 -1 1.789215658468791 434.61697050439744 180.82016279054437 495.61512437086907 221.77367171321566 1.5 1.6054803997278213 3.9144011706113817 -5.817298716725661 1.8442014893918237 29.166961839827987 1.5923507094343723 0.9999983310699463 
Car -1.0 -1 2.4049327502611746 1057.5410198732932 171.7460747237556 1241.0 299.37942670890016 1.5 1.672508616745472 4.169685256481171 8.334458843715758 1.4873370846499896 9.3289397421684 3.134088504310471 0.9999977350234985 
Car -1.0 -1 2.6368021489087514 889.2372649018262 175.08675150623412 1131.308223677554 249.38234213766285 1.5 1.6369391724467277 4.280627754330635 8.38700544988858 1.550755203383438 15.449341855448298 3.134155857559067 0.9998787641525269 
Car -1.0 -1 -4.0508144648659385 1222.4275575762413 166.7294451121812 1241.0 371.89132572621367 1.5 1.6563481211662292 4.6094226211309435 8.187450467239252 1.455579442160791 6.142059771488743 -3.1236342946675166 0.9998619556427002 
Car -1.0 -1 -0.42875929135466273 938.014036379774 176.0295237980764 1031.2237710924915 200.29746771805202 1.5 1.8144924685359 4.955407467484474 23.729309663055506 1.706851424396133 45.89023543667247 0.048465414843286786 0.9994342923164368 
Car -1.0 -1 -0.4709358543059088 951.8568940831874 175.88139391205897 1042.734033941226 201.45345208975013 1.5 1.794619907438755 4.501620915532112 23.250797391459333 1.6867810971405068 43.486433800244804 0.020059867701257984 0.7731173038482666 
Car -1.0 -1 1.7199674227676172 466.24468315978703 180.7709039710252 510.6406259216919 214.83312171845793 1.5 1.554037120938301 3.7693044662475588 -5.8017182532010825 1.9003190368050993 34.551546177604166 1.553604527315821 0.708314061164856 
Car -1.0 -1 2.919946902547667 724.9262210359523 178.33515835023098 795.0281517180564 203.92994578248974 1.5 1.7912514999508857 3.8466750204563143 8.990842422251372 1.8387539191277205 43.61286067110153 3.123249995704514 0.5165902376174927 
