Car -1.0 -1 -1.5654853014006145 575.5458500565977 179.261688743458 632.3299023989289 232.75531284162085 1.5 1.6243894144892692 3.370710325241089 -0.2288294064286445 1.7136329525558696 22.32375451737878 -1.5757354316909356 0.9999992847442627 
Car -1.0 -1 -1.4138624063698437 465.7957106995299 180.10531430121208 538.5515000262786 240.5753964733152 1.5 1.4893236130475997 3.2993665456771852 -2.9466434794945164 1.7175361513051774 19.950194496943734 -1.5605021976542217 0.9999978542327881 
Car -1.0 -1 -1.746701428059586 690.522443241669 177.63011616042857 785.0459869322015 252.74519229255338 1.5 1.5080448731780052 3.3643881350755693 2.72950500174358 1.619525891039386 16.31049884184605 -1.5808913577955706 0.9999978542327881 
Car -1.0 -1 -1.8165153908947445 723.2907840643651 176.1894241166221 915.9001507182534 308.4961266410942 1.5 1.595073428750038 4.094800961017609 2.6751923301111034 1.5576353705869375 10.334458965461947 -1.563214148921196 0.9999971389770508 
Car -1.0 -1 -1.3153305228153092 318.0565822102846 179.4205145138266 509.5828317181227 318.3179750900164 1.5 1.5734989687800407 3.7267497301101686 -2.482467998080809 1.6069137741294954 9.835969338269946 -1.562554242150162 0.9999969005584717 
Car -1.0 -1 -1.4249902712108788 425.26646841597545 179.81397697441503 528.4006396458346 263.27323813151105 1.5 1.5871847540140152 3.7846291929483415 -2.719628503448727 1.66549812377163 15.201102160580207 -1.6020271732148272 0.9999938011169434 
Car -1.0 -1 -1.5529316977614656 539.8376852343137 180.30387050800007 567.0060266827408 207.3096207941939 1.5 1.5435394391417503 3.4933807820081713 -3.363059017438509 1.9613149415731692 42.85193444971322 -1.631252077468906 0.999993085861206 
Car -1.0 -1 2.15387364118826 93.60518185421759 183.65474062912082 212.83647682936217 233.84949618593367 1.5 1.5164381384849548 3.8647821664810182 -15.301393281083628 1.8940125843105857 24.346566245116776 1.5927739024122776 0.9999912977218628 
Car -1.0 -1 -1.6196927201053364 635.0601313506094 179.13563721807824 672.8129725673468 213.22026107843067 1.5 1.6003424793481826 3.723413732647896 2.0015405164727063 1.8153434911633972 34.30883838988245 -1.5614198512074096 0.9999903440475464 
Car -1.0 -1 1.2338874237867825 145.11893394163474 181.77386827141922 323.6943328765584 291.28676376872795 1.5 1.504245077073574 3.546029192209244 -6.3398226464623715 1.6694599034240465 11.921081465398405 0.7451121052119392 0.9999849796295166 
Car -1.0 -1 -2.0671477941091196 815.2489289607154 173.17901349167286 1241.0 374.0 1.5 1.598956298828125 3.9298663407564165 2.8330334029070388 1.5036473482361918 5.328891824936213 -1.5785124619167787 0.9999152421951294 
Car -1.0 -1 0.9870995552700756 351.7924069065512 181.1733757083236 461.9575710302246 236.46925216620235 1.5 1.491928894817829 3.5406439125537874 -6.2308005405258 1.7716300383334507 21.806019562711928 0.7087783058497565 0.999890923500061 
Pedestrian -1.0 -1 -2.369482543684061 1180.6956825917885 73.96334372550389 1241.0 374.0 1.8 0.6930616244673728 0.7515921749174594 2.7506568859252103 1.4773845779877703 2.733038766742841 -1.5808715727787954 0.9998646974563599 
Car -1.0 -1 -1.5243497213227244 576.8875156031847 179.7087610815566 614.287420681627 213.9514173402549 1.5 1.6065478816628456 3.5636408746242525 -0.6751596852729849 1.8417371626069512 34.12852544366047 -1.5441299966212851 0.9998169541358948 
Car -1.0 -1 1.9971096029587585 243.40645235365298 182.81783609297392 314.99179907323906 217.66764927233913 1.5 1.5647495657205581 4.010908541083336 -15.624042119823477 2.00050139066965 34.20837308954698 1.5686718662593024 0.9996660947799683 
