Cyclist -1.0 -1 1.9174430853273725 372.1178512341403 185.40971341446553 422.2388337147827 252.0759984799094 1.4 0.5456425741314888 1.7027128979563713 -4.84177849207581 1.6998395011893215 16.341658404577988 1.629398572440964 0.9999991655349731 
Cyclist -1.0 -1 -0.7878582780657681 607.5514807989593 181.85428506384278 648.1785706411605 217.50370302048188 1.4 0.6008164517581462 1.7584436133503913 0.7015688610156023 1.7795961833092597 29.574924227951016 -0.7641409794476373 0.9999947547912598 
Pedestrian -1.0 -1 -2.4230977955951274 132.37110166891742 169.9730614789031 179.50873213984417 256.58241034392347 1.8 0.5842337876558303 0.6156733751296997 -9.690815774760077 1.740483370450057 15.329027426770482 -2.986848787465368 0.999977707862854 
Pedestrian -1.0 -1 1.907530497206796 976.8255482510904 133.6781543166348 1086.6035582364125 371.34810800996763 1.8 0.6247783571481704 0.5619462139904499 3.3791247133875126 1.5036585414435604 5.881915122167791 2.428984391685349 0.9999762773513794 
Pedestrian -1.0 -1 1.241723767241572 895.2191832291644 146.93943084958897 957.8660376722576 316.356976919522 1.8 0.4615515496581793 0.6024625644087791 3.433935319714243 1.5250249844628974 7.981468597521669 1.6480231165846408 0.9999213218688965 
Car -1.0 -1 -1.2844257288872674 494.5379393076329 180.00894311181997 574.7911035443813 220.06712094750554 1.5 2.017570708692074 5.135786023736 -3.116035168266219 1.8316181557237279 30.69335422844425 -1.3856005827572686 0.9999120235443115 
Pedestrian -1.0 -1 2.5850043448635374 941.5126227578894 128.07505624987962 1083.2221790315707 374.0 1.8 0.6799434803426265 0.6153205901384353 2.7895587534331865 1.5023174154284393 5.157714216631757 3.080796825881821 0.9998561143875122 
Pedestrian -1.0 -1 1.0010363719094724 136.45178056784934 170.79617417125885 183.9796472013957 252.85671966169838 1.8 0.5343507535755634 0.8481678113341331 -10.177489373985768 1.7552193833957708 16.246943404474454 0.44141308864089424 0.999651312828064 
Cyclist -1.0 -1 1.8181329415884944 399.4194520588133 184.79304921236425 440.3888173382413 241.5085319588919 1.4 0.6385121054947376 1.758889903128147 -5.046171078253586 1.7304430178248542 19.06294919890778 1.5593573292109626 0.9997993111610413 
Car -1.0 -1 -2.7278834265528005 427.28732404193727 181.40899193046917 490.1661930387925 207.49728754760804 1.5 1.488959465920925 3.3770448088645937 -9.087770081339473 2.026099211668123 43.26377385471528 -2.9349282542851314 0.9979953765869141 
Pedestrian -1.0 -1 0.7519996952047661 90.45145658122797 170.41066918497754 146.20636645718915 257.0093956203571 1.8 0.6384557604789733 0.7469269938766956 -10.513644780400126 1.7495719320267162 15.366881284456495 0.15197329123946599 0.9935688972473145 
Pedestrian -1.0 -1 1.7912008849496837 988.2175291083989 139.43582816467944 1075.2041920909264 344.784958935345 1.8 0.5597212843596935 0.7498671792447567 3.9180423013071244 1.5074289232170048 6.787334021223494 2.3147303938826145 0.9920830726623535 
Pedestrian -1.0 -1 0.8016516279054005 119.0599130523879 170.65013084632673 165.89684728188251 254.30063649927135 1.8 0.5684659376740455 0.6563416242599487 -10.330630233441767 1.7529347648268103 15.873586561956385 0.2247097929331916 0.9805285334587097 
Pedestrian -1.0 -1 1.1074125701570234 880.0967876603418 147.05693310141936 940.0064654376731 316.7489569089702 1.8 0.39659659639000894 0.5641233667731285 3.239978649674674 1.526716736438348 7.947282267398396 1.4945253570887702 0.9679777026176453 
Pedestrian -1.0 -1 -1.0402763453923225 0.0 159.86390669217363 27.121926845608137 318.59821425667906 1.8 0.6237024001777172 1.1536038972437381 -7.868639326580321 1.6530540749182383 8.806289880841806 -1.7695025066521508 0.8000215291976929 
Pedestrian -1.0 -1 1.2721788279048383 959.6265802638746 141.6279282844648 1053.9017943981555 336.2146766865825 1.8 0.635793574899435 0.6690546430647373 3.80360959684879 1.5115050808946442 7.0616442814403815 1.7662503600081028 0.7302075028419495 
Pedestrian -1.0 -1 1.889368490596598 945.6868517594421 145.17950567274931 1029.4837574686112 321.0889843428847 1.8 0.5875104598701 0.81657390370965 4.072346439702816 1.5171776392134106 7.87596625787437 2.3665706992109836 0.6173533797264099 
Pedestrian -1.0 -1 2.123930990210391 983.4339092383968 138.15524458771603 1131.4910247940777 349.43040866625313 1.8 0.7513270273804664 1.0173731975257396 4.09623797422394 1.5047350741463987 6.709718298747894 2.6720304369886936 0.6162835955619812 
