Car -1.0 -1 1.6926171368783398 509.35599925607266 180.04834978840302 563.5512749429744 224.43366465555766 1.5 1.5592357635498046 3.8127633303403856 -2.717429634130683 1.7880429206491444 26.927340151782005 1.5920405268629612 0.9999995231628418 
Car -1.0 -1 1.7060812072002483 444.9927935471359 179.87698723243687 534.9376688622068 251.5917379703777 1.5 1.607242089509964 4.102530938386917 -2.8426954445051975 1.6915120874380163 17.565503126028343 1.5456382473323005 0.9999986886978149 
Car -1.0 -1 1.8705217917711434 283.59369562666114 179.53026524857208 503.4010094707889 312.669046242807 1.5 1.770937305688858 4.460120809078217 -2.9029015435335492 1.619452812448688 10.610648976748896 1.603472697730881 0.999998927116394 
Car -1.0 -1 -0.0797402984628848 636.2459537995308 179.0903897319758 721.8155681737558 209.8179766591071 1.5 1.6896935671567916 4.177337002754212 3.3978336908383633 1.8229347679163463 36.44638481204926 0.013219281038965502 0.9999953508377075 
Car -1.0 -1 1.6556876419335709 534.1391764888806 180.04390719530306 577.5620048515489 210.173905989125 1.5 1.9309591993689537 5.668782678246498 -2.9615879237908014 1.928532075121136 40.12133622775314 1.5820054888685764 0.9999828338623047 
Car -1.0 -1 2.231381090786547 0.0 178.86980547773663 345.5114136544403 374.0 1.5 1.6046604633331298 4.100831460952759 -2.9919539703442006 1.5491892328706585 3.7984353446618977 1.5641972263667243 0.9999775886535645 
Cyclist -1.0 -1 0.930733236091178 1100.7686863830857 179.42050443838244 1230.1362365684743 286.340301805427 1.4 0.519780770689249 1.7703062415122985 7.906940483829293 1.503479717075278 10.441218926295797 1.5788781523665012 0.9998785257339478 
Car -1.0 -1 -0.12212886629333378 661.6972092636474 178.5340565131464 775.6846125110854 217.95991140270368 1.5 1.663764987885952 4.289831084012985 4.194374475075102 1.732352243857358 28.58533024754169 0.023563190302576344 0.9997087121009827 
Car -1.0 -1 2.1176623639281917 55.79780208267653 181.36385244896945 328.36064003289744 320.3179660084126 1.5 1.524498362839222 3.593210366368294 -5.420869046439763 1.6379778252512378 9.83796787204145 1.6140401244123996 0.9982873797416687 
Car -1.0 -1 -0.15339127034017855 668.5770275252423 178.13239840356096 814.5723889521814 228.1473692684392 1.5 1.6536498934030532 4.3092312783002855 4.004482625164407 1.6727745021740719 22.693522507773558 0.02126996119948796 0.9980562925338745 
