Car -1.0 -1 2.1618219705580293 0.0 181.69085479634583 257.1761247275509 362.81340765593745 1.5 1.5073901534080505 3.442598742246628 -5.478898674950343 1.6180802209817033 7.875686483908865 1.5540062626216071 0.9999992847442627 
Car -1.0 -1 1.6603273313284244 480.9265628789138 179.99515687492774 547.2315029447069 234.3295483445224 1.5 1.6830947741866111 4.238915306329727 -2.9564674544276124 1.7456911862851985 22.63389284604905 1.530441447100367 0.9999972581863403 
Car -1.0 -1 -0.07613933305569989 630.5666349470495 179.26973595442712 706.5543822476432 206.06757297191766 1.5 1.7030619576573371 4.251739990711212 3.301283300584664 1.8783832476194244 41.6536242588995 0.002950950464929857 0.9999969005584717 
Car -1.0 -1 1.8791205085146312 209.78981118636267 179.61506378523364 460.4449481212876 345.0442087359561 1.5 1.5987098708748817 4.000976917147637 -3.0286649178411924 1.6010743846229205 8.725248395867144 1.5450181206080573 0.9999785423278809 
Car -1.0 -1 1.7635465688785554 402.4526509576082 179.82946413781514 526.8942274298313 262.6414926720703 1.5 1.7949896425008773 4.481557619571686 -3.017517833140587 1.67373249579162 15.687808401325647 1.5735194563826145 0.9999738931655884 
Car -1.0 -1 -0.12065890525059689 659.9856868896958 178.5381131390311 773.9712034235504 219.05239000695101 1.5 1.6025728106498718 4.176630687713623 4.0119719965213845 1.7260492947594603 27.79795896738058 0.02267746528121404 0.9999591112136841 
Car -1.0 -1 1.6514298529044031 532.289331452996 180.13251586215986 571.8086031656657 214.39987651205615 1.5 1.5742356449365615 3.751914066076279 -2.7390370933818398 1.8648659731580204 34.25525926290978 1.5716400027235569 0.999946117401123 
Cyclist -1.0 -1 -3.6425897141860224 994.2167123776252 184.5702679479801 1241.0 374.0 1.4 0.5614864200353622 1.7710457116365432 3.8268020189310517 1.4930206586480947 5.31665759767282 -3.018714265027319 0.9999680519104004 
Cyclist -1.0 -1 -3.41557042115812 1147.0481143965444 185.11513567625664 1241.0 374.0 1.4 0.6528189897537231 1.5964570015668869 3.8573604005884334 1.47747584436736 3.8603519387944925 -2.6305598775532584 0.999715268611908 
Car -1.0 -1 -0.14100455940701065 649.7880404000367 178.83754539000503 748.722514593181 211.98512317793396 1.5 1.6835773855447769 4.410814729332924 4.094607054941144 1.788495884375371 33.855825049924086 -0.020646647610936843 0.9960663914680481 
