Car -1.0 -1 -1.8370467340776955 743.7457747361884 176.44030954621152 902.1533171159243 281.0583966309479 1.5 1.5803518265485763 3.891642999649048 3.4011960173436386 1.5717918921892882 12.422627049375137 -1.5698054269331065 1.0 
Car -1.0 -1 -2.674099191657591 386.83312486670906 181.03697602162845 512.2676392388058 227.28634258339477 1.5 1.6132370129227638 3.96056869328022 -5.604352760894489 1.7996031582394088 25.115414633470397 -2.893646315732275 0.9999997615814209 
Car -1.0 -1 -1.5317783897892385 569.2326878835364 179.3605166577699 623.6925272098811 229.66813254885145 1.5 1.6554931670427322 3.530128163099289 -0.42512724770305277 1.7306581041003726 23.754167595228314 -1.5496734334763629 0.9999997615814209 
Car -1.0 -1 -1.689617060288372 651.4957698441452 178.70453876182168 710.199059477089 215.268051428302 1.5 2.027948808670044 5.514852192997933 3.1164880629522638 1.7927132408378958 33.27068786965635 -1.5962189054724318 0.9999953508377075 
Car -1.0 -1 2.2956348458786193 0.0 183.9808049566508 58.398059306420265 337.88147543042714 1.5 1.5079390749335289 3.5107216358184816 -9.025626153350355 1.6681909050837906 9.085044946557527 1.5135175426814216 0.999951958656311 
Car -1.0 -1 -2.0220235179749184 79.34553688898815 181.2709959012241 355.2702471989459 333.49724477435404 1.5 1.5722303211688995 3.59956571161747 -5.010500737618688 1.6245472367239373 8.967819233554042 -2.5315369526532034 0.9997674822807312 
Car -1.0 -1 -1.5886137356245507 592.3019481931897 179.52637674667855 630.9102977515494 215.31079730467476 1.5 1.6562693312764167 3.654250738024712 -0.00446594584331496 1.8204615075380173 32.77094884439284 -1.588750013211046 0.9999302625656128 
Car -1.0 -1 -2.3791662254200903 456.5218880321771 180.75342082734605 538.694193281851 212.79205232139904 1.5 1.6391654059290885 4.1149626046419145 -5.7572162703101775 1.9205747277382181 36.53441333332517 -2.535464302697454 0.9921934008598328 
Car -1.0 -1 -2.7940674562900507 472.31451750920235 180.81922690284017 546.2062797614528 209.7403635611854 1.5 1.53215644210577 3.6714206010103227 -5.486376738671904 1.945274391002081 39.17120773244512 -2.9332236806538448 0.9418771862983704 
Car -1.0 -1 1.9639588678427964 331.2365091315094 182.19493378511652 387.5167046648576 209.80327112373112 1.5 1.6990472123026847 4.1212963432073595 -14.799730146691983 2.080899922388981 42.73336137584432 1.6305596709211887 0.9237752556800842 
Car -1.0 -1 -1.433596351568671 554.8559084975715 180.1218231852303 588.6317348933976 205.74371094919104 1.5 1.610111866891384 3.8493751108646395 -2.393524723921556 1.977193833892761 45.35102830072223 -1.4863251681115968 0.7644904851913452 
