Car -1.0 -1 1.7812163425082206 422.2528798676362 180.82349049888253 487.44575614624915 226.11880316871444 1.5 1.5592914566397666 3.905823689699173 -5.661142058203763 1.8150103305100092 26.532039459115772 1.5709986567457737 0.9999988079071045 
Car -1.0 -1 1.9204291015285648 285.97906268527987 181.06900315618265 419.96396834158963 258.83286646532713 1.5 1.596495558321476 3.878529977798462 -5.670451444412543 1.707926770181292 16.277810666880892 1.58522080182634 0.999997615814209 
Car -1.0 -1 1.850160794130155 374.0721745971096 180.91657696975864 463.0012083643635 237.31039301592924 1.5 1.5669569864869117 3.8908599436283113 -5.690339654464016 1.7649528166893578 21.713462907034067 1.593859422202927 0.9999972581863403 
Car -1.0 -1 -3.3815736480742133 763.9495920993384 177.70669947997607 852.2114088001689 211.66017511689867 1.5 1.6083982333540916 3.6072934538125994 8.959079929660101 1.7278036934013257 32.96600902341198 -3.1162154237416133 0.9999971389770508 
Car -1.0 -1 1.7242836953988272 493.2235446721157 180.60781532375717 533.5883536559547 209.89056576217217 1.5 1.6169792532920837 4.103092712163925 -5.349911090927398 1.9537603607759135 40.12100149424879 1.5917212843855442 0.9999942779541016 
Car -1.0 -1 -1.671113974954445 667.4977405015821 178.7845024182039 709.1103466414723 212.84223894990976 1.5 1.581376840174198 3.848085415363312 3.636390433848906 1.7987668429208037 34.37532603541539 -1.5657210397210461 0.9999872446060181 
Car -1.0 -1 1.7386062047582704 458.7522603398381 180.7318889841768 509.16877560205927 217.22389817861372 1.5 1.5876520916819572 4.038427633047104 -5.6559887202908685 1.8778770666403966 32.55178816892557 1.5665702064845222 0.9999794960021973 
Car -1.0 -1 2.7924826027505256 789.6302588355333 177.14410104972376 916.2387473705772 217.19533144056956 1.5 1.685817588865757 4.361519825458527 9.356431423065018 1.6729236990535201 28.11718684619913 3.113722074027878 0.9999785423278809 
Car -1.0 -1 -0.6711988554353266 1099.911616221041 173.90927590537862 1241.0 211.10358616862712 1.5 1.7831044763326644 4.713592541217804 23.32928671221578 1.5456775554347757 30.06621145169169 -0.011307791867528639 0.9999352693557739 
Car -1.0 -1 -0.7595440613298872 0.0 182.23441579271122 103.7328826579451 374.0 1.5 1.5804334104061126 3.867561233043671 -5.785590701166822 1.5929934607237506 5.165620732186526 -1.6014938606556994 0.9999281167984009 
Car -1.0 -1 -0.7218813412787882 1142.7235336569695 173.386276660744 1241.0 214.25354817991416 1.5 1.7271874964237213 4.3980448067188265 23.02170267988258 1.5212620012206868 27.419459250197104 -0.02344913879898616 0.9994588494300842 
Car -1.0 -1 -0.6105865165108133 1035.8435180335487 174.78302449870571 1155.2648554579712 206.05931737108443 1.5 1.7741967484354972 4.736174133419991 23.886307780979585 1.5981806642345673 35.65224968974348 -0.020293311276708324 0.9989331364631653 
Car -1.0 -1 -0.7064692744305284 1065.0089199255099 174.3804533452855 1195.729391879815 208.31800710234126 1.5 1.7728005096316337 4.880472135543823 23.75309084583932 1.5726319587064117 33.0733260244204 -0.08363612095383235 0.9988634586334229 
