Car -1.0 -1 -1.752336986126079 704.5194957893129 177.27691923197352 813.7674963259682 262.9188274833462 1.5 1.5271170556545257 3.391092133522034 2.820742624978148 1.5997860540647968 14.514180565527955 -1.560385841005717 0.9999995231628418 
Car -1.0 -1 0.46870602764713154 146.56145982495872 181.9247242064559 403.99897166217096 278.5119805533126 1.5 1.5597088754177093 3.6443861693143846 -5.593128347728252 1.6646257373006699 12.213299145463177 0.0392573316905158 0.9999994039535522 
Car -1.0 -1 -0.2519601051860263 766.4488980284683 176.90764107524532 932.6042273756722 235.18844676505535 1.5 1.5868323415517807 4.01288480758667 6.357671031696544 1.6156882836319295 19.61045670060375 0.06154625018569402 0.9999914169311523 
Car -1.0 -1 -1.6511076176472577 637.5761591985006 179.3580924452478 666.8307882196934 203.21293875773375 1.5 1.6416043534874916 3.951009225845337 2.764100806932795 1.9550896190373193 48.44927171653735 -1.5941179535028083 0.9999908208847046 
Car -1.0 -1 0.5414915932307525 8.906927437711975 182.5402721610676 335.4690210481442 302.1966241678553 1.5 1.5396861851215362 3.572739523649216 -5.918553254703978 1.6443719922349473 9.946680124439379 0.004735990366663256 0.9999929666519165 
Car -1.0 -1 3.885322979273699 0.0 184.0938951437792 155.351406933643 355.5391322994605 1.5 1.523568344116211 3.402284023165703 -6.774386034308538 1.624642174025066 7.194085184525437 3.129961955543381 0.9999877214431763 
Car -1.0 -1 0.39526821659772793 219.87458496484902 181.87738043173903 412.6267064814273 260.9755855078887 1.5 1.5466580659151077 3.284308922290802 -5.916810487369349 1.6935485668571681 14.65322661295862 0.011499806246485033 0.9999901056289673 
Car -1.0 -1 0.40532823979366706 241.99239902980543 181.72827691990335 447.5840667061702 250.1418718190397 1.5 1.6502989947795867 4.242440548539162 -6.199844692213993 1.7211060236500217 17.003611346509487 0.055689378580774586 0.9999666213989258 
Car -1.0 -1 -0.18044133450703018 699.1676687350667 178.44118761828852 782.1628916871314 210.2962697974289 1.5 1.612655308842659 3.7380630642175676 6.2672755234734705 1.778248997194939 35.07147981163002 -0.0036078254368645765 0.9999508857727051 
Car -1.0 -1 3.403010818233344 333.51941874750634 181.4947534527343 473.5965912200021 233.64187732093026 1.5 1.5953299149870872 3.796384346485138 -6.219697456686672 1.772014862122252 21.854058392334537 3.1257402777632297 0.9998407363891602 
Cyclist -1.0 -1 1.545881137680696 565.6803533234312 181.83022917552736 575.1824327280377 203.73262590336708 1.4 0.5831438608467578 1.679038119316101 -2.6511462137467823 2.0042928811391727 47.6832418798667 1.490339203676905 0.999859094619751 
Car -1.0 -1 -2.826040499423763 343.41542413368336 181.50489014288755 479.1936108918136 228.09972983070236 1.5 1.612371627986431 4.143904757499695 -6.716251839326663 1.804549947639653 24.464847295191458 -3.093966559567724 0.9998363256454468 
Car -1.0 -1 3.271961554575181 398.41381093272935 181.23491381957956 501.93697103373444 220.60876756323393 1.5 1.5963957205414772 3.868311133980751 -6.365935849498554 1.8467665818792003 28.857841903268266 3.0548424601515354 0.9996904134750366 
Car -1.0 -1 0.20794467229765276 404.4218415140429 181.2494006656095 511.954537804795 217.04413019379749 1.5 1.713731189072132 4.333894190192223 -6.60442190306736 1.8768668452141568 31.49652643098953 0.0012519796702521228 0.9969131946563721 
Car -1.0 -1 -2.8028569910564487 286.21533556872026 181.8409795229346 432.1656934496684 240.307598881715 1.5 1.5544916063547134 3.411105510592461 -6.762440547230085 1.7535323883269252 19.537248503338645 -3.136080578961645 0.9963567852973938 
