Car -1.0 -1 -1.9748961933659566 809.2952456196166 174.1642516451646 1188.180829061424 374.0 1.5 1.5658185377717018 3.860388931632042 3.102106570096257 1.5162626702700586 6.80777671048139 -1.547336262711559 0.9999995231628418 
Car -1.0 -1 1.93167065572211 300.5990457108099 179.8947500449268 489.6357523397417 297.4627337565374 1.5 1.5665971234440803 3.853108224272728 -3.2145943465384454 1.6312909501712296 11.42818041072644 1.6574692606886448 0.9999970197677612 
Car -1.0 -1 -1.752781509159849 743.9918140187983 176.55727421834953 878.8166489111196 278.8157045662148 1.5 1.5570268526673317 3.810788553953171 3.3052462079500837 1.5754972357004815 12.68014231914218 -1.4977923641589028 0.9999959468841553 
Car -1.0 -1 1.6885867052771824 485.3180590245744 179.91645180392695 555.4891584511355 234.8426682477072 1.5 1.6597792997956275 4.323643308877945 -2.7256095394971656 1.741048345645617 22.42304209629339 1.567626162371363 0.9999957084655762 
Car -1.0 -1 2.1501617310005923 933.807472182846 175.00746102311993 1094.0014234088378 244.38703212952396 1.5 1.5906369805335998 3.680259969830513 9.626222702010828 1.5565065235767674 17.252095514006115 2.659106481071335 0.999995231628418 
Car -1.0 -1 1.662481739966977 516.3057807611934 179.98250512494835 568.5268163233195 222.72573883510728 1.5 1.6429627805948257 4.279577222466469 -2.6042553910717756 1.7998615148873367 28.172428918083867 1.5703038414332526 0.9999936819076538 
Car -1.0 -1 1.7964680372720983 415.78488503218216 179.8729049942759 534.3565302730387 255.56061025346008 1.5 1.7681634545326232 4.437359657883644 -3.0456634555751467 1.687478407803525 16.97444946270134 1.61893080472551 0.9999921321868896 
Car -1.0 -1 2.258914574792527 885.7918026396076 175.7349863985368 1026.4723630994824 234.25437109934512 1.5 1.5736055120825767 3.662664306163788 9.614822356778657 1.586672018730722 20.12654383840963 2.7045786261519016 0.9999725818634033 
Car -1.0 -1 2.012216055648179 1002.103428321896 174.04549614798137 1180.7418296133862 260.13614185628137 1.5 1.5813874572515487 3.5034170866012575 9.448989386094865 1.5264117260328258 14.193752680514455 2.599559295173508 0.9999704360961914 
Car -1.0 -1 -3.39820219293983 790.1888050973342 177.11918780072747 909.6921930971904 220.72935229056426 1.5 1.5973385915160179 3.7867850184440615 8.495744248206321 1.658889497819172 25.90459228054006 -3.081292823949133 0.9999465942382812 
Car -1.0 -1 1.9027037215349087 1097.7360110743423 172.65174814671138 1241.0 283.15220973366195 1.5 1.5375765532255172 3.639143940806389 9.407894731112124 1.4976123853203216 11.396947655913374 2.592786300178391 0.9998351335525513 
Car -1.0 -1 2.221863170299909 856.2145227339396 176.26678344196026 969.9552113692185 227.33747464828585 1.5 1.5202995881438255 3.507520866394043 9.603992244950366 1.6160818089317106 22.929269268956013 2.618515717979294 0.9995187520980835 
Car -1.0 -1 -3.3724533466916062 787.7341532229993 177.15805004944002 914.0002678472923 216.99359256684897 1.5 1.7056631416082382 4.44415197968483 9.359469703198936 1.6762129271199975 28.434942339981642 -3.0544690648701533 0.9601423144340515 
Car -1.0 -1 1.8557708028162145 1241.0 169.71159698985326 1241.0 325.9424904301613 1.5 1.496838827431202 3.226473417878151 8.955078865431942 1.4701871314062795 8.315463096675144 2.6781871199568332 0.8153222799301147 
