Car -1.0 -1 -1.7857116451338944 703.1258239092024 177.38184948631897 812.6326508831213 255.00627974288926 1.5 1.5906181678175926 3.7071140974760057 3.0968367218643973 1.6127205202613315 16.03069466058623 -1.59488066385058 1.0 
Car -1.0 -1 -1.7643784442780763 684.8793231254672 178.08545490111123 758.3668515191968 233.8889469578329 1.5 1.5165957182645797 3.3773215979337694 3.1858555337790353 1.668287329858141 21.436815767225028 -1.616842237361942 0.9999998807907104 
Car -1.0 -1 -2.0082335700660607 803.3332354003853 174.39611111031266 1163.0759706924846 374.0 1.5 1.5788406625390052 3.93409603536129 3.272430466152251 1.5203547801486488 7.371425989529506 -1.590435133376394 0.9999997615814209 
Pedestrian -1.0 -1 -1.6884098463350212 734.4969467808916 171.04621804565997 752.1863839987054 215.8964767807804 1.8 0.6232067503035068 0.7426929220557212 5.376910461837187 1.7278050670126262 29.345524067790507 -1.5071923519161088 0.9999998807907104 
Car -1.0 -1 1.7626238417183056 432.18503902232266 180.84500095351675 489.9088580029036 224.67226375401512 1.5 1.4830073833465576 3.4916358560323717 -5.565173235442004 1.8197797433135692 27.08533404913597 1.5599760254237311 0.9999978542327881 
Car -1.0 -1 2.2988936921155565 0.0 181.53467344554292 252.03927907742465 374.0 1.5 1.6078744575381279 4.023156177997589 -5.5649828279373255 1.6124010785587328 7.245347672480685 1.6439235091169895 0.9999957084655762 
Car -1.0 -1 1.8322055322798707 381.6613526139117 180.95626310240806 463.77714605040296 235.66006440849583 1.5 1.550774884223938 3.6208132773637773 -5.690689842053811 1.769399618060455 22.138540065517667 1.5806035876234592 0.9999960660934448 
Pedestrian -1.0 -1 -1.8189634210261316 742.2770556328728 170.90926459837647 761.773897993791 216.02929974747994 1.8 0.5983053267002105 0.7841429233551025 5.699133794766423 1.7227753024317987 29.190001845511958 -1.6261463771250588 0.9997908473014832 
Car -1.0 -1 0.41994579001613896 0.0 0.0 1241.0 374.0 1.5 1.542072233557701 3.7243301540613176 3.371524415034134 1.4591115274431319 1.612364147572926 1.5446616848323005 0.9992201328277588 
Pedestrian -1.0 -1 -1.6412018822340468 725.0972179023868 171.21360519142758 743.2067495363785 215.72558076131028 1.8 0.6759704582393169 0.8023738421499729 5.0477477477415835 1.7340225724741263 29.607665100000997 -1.472337597110544 0.9988815188407898 
