Car -1.0 -1 -1.7584828763978744 766.0202970269166 176.05643010330263 925.6906067376444 296.07193896615735 1.5 1.5679672852158546 3.8571568697690966 3.3622587292895103 1.5586158341016083 11.122701731204838 -1.464928367235933 0.9999990463256836 
Car -1.0 -1 1.6780431211980844 509.16778905890806 179.98462918840931 565.2346022410167 225.43232209219295 1.5 1.6153056666254997 4.140748691558838 -2.6414662965155205 1.7831926322184473 26.540085571549003 1.578842389579636 0.9999985694885254 
Car -1.0 -1 -3.454930311044895 794.7997809928842 176.98308435639797 925.7060901471599 223.17796698908754 1.5 1.6101455807685852 3.8749026626348497 8.34707297360611 1.644859859606644 24.41209212810825 -3.125468448796545 0.9999974966049194 
Car -1.0 -1 1.9487634707276558 242.29901438152862 179.8326989215132 471.36017289653836 320.1111753782505 1.5 1.5717696890234947 3.914058816432953 -3.231325204517592 1.6156458138197063 9.914480024449295 1.6336998820265354 0.9999967813491821 
Car -1.0 -1 1.6932343105136733 470.5450762482556 179.93854155458715 546.0021425214404 239.36110885917205 1.5 1.6418168812990188 4.280759629607201 -2.8782034057045123 1.7264927421179481 20.87625748552613 1.5562283237788337 0.9999942779541016 
Car -1.0 -1 -2.042233911659661 850.9319376436522 172.89971938926556 1241.0 374.0 1.5 1.5763914704322814 3.9532965540885927 3.0683377219938546 1.5008214048668127 5.2963600589768856 -1.5171519714084012 0.9999897480010986 
Car -1.0 -1 2.0401252344202145 967.1508542597053 174.51533290705578 1137.8508616426575 252.0494908784768 1.5 1.6118385389447212 3.836350750923157 9.63035561430562 1.5404566328305374 15.720759461562343 2.5897495627363742 0.9999799728393555 
Car -1.0 -1 2.1203419795936824 905.1362671019479 175.4336096613304 1047.1145697805962 239.8619775841206 1.5 1.5612552434206008 3.691137817502022 9.400365040031962 1.5725592130096926 18.559594831227336 2.5891730666121067 0.9999622106552124 
Car -1.0 -1 2.2324015092314284 866.9853157314964 176.04317123306214 992.4413192877423 231.02799137196783 1.5 1.519940097630024 3.583245959877968 9.441137688894655 1.6015538809277328 21.37476159416394 2.6483280539473117 0.9999306201934814 
Car -1.0 -1 1.8199000947262642 388.507098486787 179.8498055427813 525.7288361280836 264.50353709730234 1.5 1.7907705649733543 4.4674626111984255 -3.1133835073260396 1.6720947003837787 15.434223859218205 1.6208517432173313 0.9998860359191895 
Car -1.0 -1 2.040158695621345 1036.5799367450609 173.40889064902598 1241.0 270.115824305765 1.5 1.5828744068741798 3.7726304054260256 9.45304050653945 1.5113648424900226 12.758292924559115 2.677831637855393 0.9998449087142944 
Car -1.0 -1 1.8623203060292342 1161.43042748108 171.34917684739602 1241.0 301.66696963755453 1.5 1.5478201702237129 3.698979926109314 9.305283512737908 1.4830368803446314 9.898778152782628 2.6168236613234104 0.9989006519317627 
Car -1.0 -1 2.8121177756721334 782.2309392851256 177.09109305696902 930.1079533770364 218.85233267669136 1.5 1.7511085167527198 4.931669172644615 9.074638063439293 1.6640345676911792 26.98193461289324 3.136556375022751 0.9971438050270081 
