Car -1.0 -1 1.8624507878693866 362.9240531189514 181.1392634319729 449.71940262023463 232.10537487233196 1.5 1.670670185983181 4.047220063209534 -6.68191759892696 1.7986552574208863 23.935597580305416 1.5902190089186252 0.999995231628418 
Car -1.0 -1 -0.9704865593286087 698.5820936687321 178.08590924158835 782.8749651695249 221.41059634578113 1.5 1.4783928662538528 3.3588940769433977 4.907846956094504 1.7093596901380632 27.106733665115026 -0.7913705865528924 0.9999932050704956 
Car -1.0 -1 1.8659691636569586 361.2226379493412 181.7118940576137 419.7383695322731 217.2879817712995 1.5 1.5408970907330513 3.8025307029485704 -10.084871730704915 1.932158730187573 33.26856592527032 1.5716385722120823 0.9999927282333374 
Car -1.0 -1 1.901575209196011 430.5480832835704 181.23373737760843 479.8010631479107 208.1579883264993 1.5 1.6364988431334495 4.226575654745102 -9.35504626431953 2.0340952261091907 43.7586178379352 1.6909582495649875 0.9999915361404419 
Car -1.0 -1 2.437700238888876 141.5214172524655 183.64838686002423 242.73261695145925 217.33341618916012 1.5 1.6827807322144508 4.287967321276665 -20.711915436092138 2.071986815199682 35.90499323895451 1.9144742369612278 0.9999324083328247 
Car -1.0 -1 1.9879661589880726 290.21900727690496 181.84254050086614 388.27752976749576 227.20264073371558 1.5 1.7104851573705673 4.649264228343964 -10.085924889217816 1.8684352453493451 27.17099517032335 1.6325294852217258 0.9999303817749023 
Car -1.0 -1 2.1969345850028 145.58177855236067 183.41273696391636 246.84227605428563 230.2900511098008 1.5 1.4884902656078338 3.24575514793396 -14.585649626052403 1.8989391816794134 25.541325666293734 1.6780657649000705 0.9999213218688965 
Car -1.0 -1 -1.1331855017565888 753.388507676067 176.61461343757964 901.0070990604937 253.59439954812748 1.5 1.6587349146604538 3.969760474562645 4.947450393681503 1.595833928220358 16.285609106769833 -0.8382527391102655 0.9998962879180908 
Car -1.0 -1 -1.5864597832641327 599.752165941123 178.68477540077453 672.199283806191 246.44586167090057 1.5 1.6349677488207817 3.527454522252083 0.563334403495008 1.6606088757658108 18.05154009698207 -1.5552629084002716 0.9998607635498047 
Car -1.0 -1 2.3508912269954085 0.0 184.16102124835018 66.09467057116485 314.8867564724584 1.5 1.568835650384426 4.053953525424004 -10.411490608864057 1.6992943486466925 10.66001194680754 1.5772867083509983 0.9996908903121948 
Car -1.0 -1 1.7864545245300505 503.4355578652327 180.58198803694373 543.5718855849511 208.5015440607901 1.5 1.5923714756965637 3.463960674405098 -4.971098917378774 1.964799295420268 41.55998822599529 1.6674075007399143 0.9987473487854004 
Car -1.0 -1 -0.9240229776966693 672.1599820226685 178.56180474034664 745.6336762398328 213.12548133982736 1.5 1.5450930714607238 3.603576731681824 4.622209671021288 1.7816546193855671 33.734577884214886 -0.7878539125111443 0.9986536502838135 
