Car -1.0 -1 -1.2965969119835035 384.8361636093947 181.17572269029864 445.25902026738896 217.47789994448982 1.5 1.597306554019451 3.7948264300823213 -8.430078968714657 1.3342000598068584 31.60729611766629 -1.5572426254537446 0.9999997615814209 
Car -1.0 -1 -1.7055529045268951 659.3727383506503 178.6549857361624 721.0846904365495 225.5762781265655 1.5 1.5845973536372184 4.03027558028698 2.744013644359007 1.2913955145496872 25.011589905885355 -1.5962802312013251 0.9999996423721313 
Car -1.0 -1 -1.0911081321951286 117.90350606221453 182.5315879562339 292.1963114655206 265.68874406136973 1.5 1.5903285264968872 3.6970804005861284 -8.131293555004222 1.4527148424434235 14.828544542814537 -1.5926868366685254 0.9999984502792358 
Car -1.0 -1 -1.245347998614723 273.15135117356635 180.69873349908553 455.01006816876827 293.2051938792329 1.5 1.5706602975726127 3.837612506747246 -3.7123291899763426 1.4409084476290788 11.509605276561313 -1.5573549662393076 0.9999974966049194 
Car -1.0 -1 -1.3786901216397858 448.9139953903189 180.43816582178962 518.5854448209418 232.11530446812566 1.5 1.5414927646517753 3.3465778946876528 -3.8531262438462783 1.362456738755411 22.552494970049114 -1.5479076868530852 0.9999712705612183 
Car -1.0 -1 -1.3427417891558695 438.5167927184975 180.906702942994 480.39377197114635 207.8204760583206 1.5 1.5700441345572471 3.838447716832161 -8.636946957869236 1.2609756000697299 41.99903617281925 -1.5455605546620232 0.9998852014541626 
Car -1.0 -1 -1.4018232779845574 483.19788451138277 180.31722270785698 536.4827442649068 218.3112588131172 1.5 1.5745532259345054 4.053508353233338 -4.107369146807729 1.3077399578130386 30.429491510607654 -1.5359922471132619 0.9998617172241211 
Car -1.0 -1 -1.604595113349985 635.5978575405155 179.37532914328756 661.2845257785489 202.28485659647578 1.5 1.6121548160910606 3.8355084627866747 2.717245729116008 1.1187333530864774 48.997994269978236 -1.5491955942150695 0.9996702671051025 
Car -1.0 -1 -1.5226807735792056 585.1150787925714 179.78925388093498 611.0322704180154 203.02046282406639 1.5 1.5648270517587661 3.7658898651599886 -0.6395329733868509 1.1507548209702723 48.32062703054755 -1.5359151969340188 0.9984257221221924 
Car -1.0 -1 -1.7942420690459184 708.7506086789334 177.31680590671257 844.194901757693 273.9377497244272 1.5 1.601698112487793 3.379807484149933 2.8089836290183365 1.3785041649116145 12.852634745766517 -1.5790722510453803 0.9972611665725708 
