Pedestrian -1.0 -1 1.9223267973963245 589.4487377528593 135.17399741199924 680.6972382823332 369.0 1.8 0.5239821530878543 0.7835431516170501 0.21411426831383068 1.4546078334604444 5.871297574211475 1.9587786078413547 1.0 
Cyclist -1.0 -1 3.1597280493657074 320.90940134742254 182.67402906958927 376.75320504083743 226.84229905457795 1.4 0.5675498887896537 1.6894296303391456 -8.350342162106664 1.4739485216382835 23.001811536944672 2.8114929079969944 0.9999997615814209 
Pedestrian -1.0 -1 1.1653757195207064 540.9402507169358 163.20771431028342 574.3191826697808 244.23179822636166 1.8 0.5095216937363147 0.7371179319918155 -1.1265883344267271 1.4174545905717926 16.1468289864183 1.0957171161982673 0.9999964237213135 
Pedestrian -1.0 -1 0.22782151893727098 977.4936286017065 93.58307662719025 1194.9947994108604 369.0 1.8 0.5842918090522289 0.7590717196464538 2.2512435137574074 1.4415145349099139 3.401759975780373 0.8124388893458503 0.9999932050704956 
Pedestrian -1.0 -1 1.4189023908111589 588.4372186734215 165.46509080320962 609.7201564834788 230.5298426023819 1.8 0.5029705844819545 0.6663096629083156 -0.2058116974190409 1.3856403975003229 19.92475929196124 1.408573313555445 0.9999881982803345 
Pedestrian -1.0 -1 1.456839261969455 528.207310488187 166.33563524330134 551.4378522003104 230.8277185535267 1.8 0.5811199106276035 0.6990427643060684 -1.8951157610894205 1.4062426365147107 20.131001067439293 1.3629767139765876 0.9999792575836182 
Cyclist -1.0 -1 2.2915940105368606 512.3867552174905 179.7279628701895 545.2927726869242 212.87132137575801 1.4 0.6188511408865451 1.445428331196308 -3.310961563695063 1.368869656058258 30.630432126259752 2.1839182257612766 0.9999575614929199 
Pedestrian -1.0 -1 1.4120918288165338 579.3315934542227 165.56852619474483 599.5469530949965 230.79048246091114 1.8 0.4759747561067343 0.6065757505595684 -0.47527367941801096 1.389497987874673 19.84968315125858 1.3881527622553962 0.9997678399085999 
Pedestrian -1.0 -1 0.65299563233023 471.30349296632386 132.10529131775596 594.2990377105846 369.0 1.8 0.6119618684053421 0.6916013106703758 -0.589317669410434 1.4678796068522262 5.312947632110929 0.5425261696192878 0.999631404876709 
Pedestrian -1.0 -1 0.19869788441087688 1011.8267751813453 105.97442082264602 1208.3383336905229 369.0 1.8 0.5639878593385219 0.8138894595205783 2.7897535741855846 1.4314496194725004 3.9969984180925495 0.8080548485133308 0.9996340274810791 
Pedestrian -1.0 -1 -3.189793763561264 635.2706560518205 138.8330373974765 738.2142441009133 349.9348651537968 1.8 0.5699542842805385 0.8769761331379413 0.6613520619478501 1.4464225223777123 6.332821230644574 -3.08573849598435 0.9990203380584717 
Pedestrian -1.0 -1 1.512230381538972 554.9877598239857 166.03842250263827 575.2228452178786 230.43154133952535 1.8 0.541418094933033 0.5323031477630138 -1.169614663730048 1.3973266975563485 20.055268591865115 1.4539767940852302 0.9911226034164429 
Car -1.0 -1 -1.2428994860992642 0.0 181.3404739388521 257.3106556362648 369.0 1.5 1.909404669702053 5.267572638392449 -3.1504923550858877 1.5094085677343423 3.680212828640697 -1.9509026567128045 0.886085033416748 
Pedestrian -1.0 -1 0.10275063305475995 971.0118342699002 101.96110232363183 1196.523360074919 369.0 1.8 0.5494816720485687 0.9518221512436866 2.502265486043565 1.4361852702854137 3.7997246439411985 0.6851050098750251 0.6318020224571228 
Pedestrian -1.0 -1 0.7370656604456549 536.8187873594269 134.20546251399014 662.9358669951015 369.0 1.8 0.636919916421175 0.8018498800694942 -0.09677905153249151 1.459361206610802 5.727478416345207 0.7201699455592292 0.6023335456848145 
Cyclist -1.0 -1 2.229130884566611 513.7109104931516 179.7594369185559 539.3953387496645 212.63888925587008 1.4 0.6136511944234371 1.0199168257415294 -3.421847606592714 1.369945819362853 30.69616368363683 2.1181144595106662 0.5763365030288696 
