Car -1.0 -1 -1.840002555961081 731.1426212412366 176.26253931703346 909.8565368864826 300.32907507355276 1.5 1.5546972423791885 3.581199657917023 2.8240593922642425 1.5590194060169635 10.617336214071733 -1.58003604790685 0.9999995231628418 
Car -1.0 -1 0.6481544822743628 0.0 182.6096499517384 309.6091033071449 330.7248281286794 1.5 1.5520878627896308 3.6396539330482485 -5.645674456675335 1.624115251874631 8.284499751287138 0.04997031291457585 0.9999991655349731 
Car -1.0 -1 -0.2146984257508411 704.9898789684262 178.22348677707177 803.5385746875625 214.3760084914802 1.5 1.6361397251486778 3.896179658174515 6.113944854418115 1.737798262500001 31.046530579272186 -0.020258025327001297 0.999998927116394 
Car -1.0 -1 -1.6687284858160902 637.0337468816597 179.2893284515225 669.7220860558182 205.36071736322188 1.5 1.6181491807103157 4.05931570827961 2.6028829822290027 1.9164285960103133 44.587574652959525 -1.61041779542831 0.9999949932098389 
Car -1.0 -1 0.516819117107336 132.64671494771 182.04803820874653 401.598379922398 272.91922127913426 1.5 1.6428921863436698 4.138405111432076 -6.148464563782571 1.679604534280631 13.085043015730061 0.07755248149367741 0.9999901056289673 
Car -1.0 -1 -0.3075118401562327 803.099359437851 176.10745307918376 1013.640495264276 249.7334359280122 1.5 1.577586357295513 3.9411413043737413 6.312375341186554 1.5754292369698073 15.713041006722838 0.07448367675277165 0.9999853372573853 
Car -1.0 -1 0.5475017857504139 75.96015875651051 182.33995444103198 340.0012970611693 293.6559181784775 1.5 1.5139535561203956 3.081221741437912 -5.882312172778972 1.6517062806913578 10.684990818265813 0.04425863822432927 0.9999843835830688 
Car -1.0 -1 3.3250187903236306 352.10702915559176 181.44765875860236 480.0287164370256 227.42997973050805 1.5 1.6078271463513374 4.029432174563408 -6.639728562645421 1.8077726398894431 24.850510923647775 3.0639308571775974 0.9999418258666992 
Car -1.0 -1 0.8176039908595063 0.0 183.629926498293 181.847810822798 374.0 1.5 1.5521057441830635 3.6328791201114656 -5.898537345358931 1.6032452004282205 6.032258736136345 0.043413444361414234 0.9999411106109619 
Cyclist -1.0 -1 1.5948977973773044 556.0423538888317 182.05999826242416 566.7285216859005 206.87961816711532 1.4 0.5856208063662052 1.634828795492649 -2.867512657705947 1.9486570785947275 42.14180569514944 1.526958151659693 0.9999656677246094 
Car -1.0 -1 -2.7932214389450514 289.7247728361954 181.73074164636176 453.41792197640797 237.5956481272998 1.5 1.6261809065937995 4.114721578359604 -6.745767504454012 1.7636855291075502 20.52546429987044 -3.1107543269780025 0.9998846054077148 
Car -1.0 -1 -2.6959307974344213 200.28254666778943 182.1647838987325 390.50728147038734 256.2078960476129 1.5 1.5456920981407165 3.4577450275421144 -6.786365790559749 1.7132641688209491 15.660555044974636 -3.1048453609135493 0.9998742341995239 
Car -1.0 -1 3.4334597189896203 270.0136478804475 181.7348047759832 438.6649989600192 246.33270309770515 1.5 1.5642585724592208 3.637935829162598 -6.275249118290774 1.730799489178967 17.854783708120078 3.0954844832380832 0.9998677968978882 
Car -1.0 -1 -0.2729037796509768 703.8018305505411 178.09730664204494 817.1296801451715 217.148245107581 1.5 1.6082045182585716 4.165030133724213 5.9368593082027585 1.7173981997390309 28.915844625012873 -0.07040281693008967 0.9992290735244751 
Car -1.0 -1 0.24538099797939747 372.84496931532783 181.36346380476434 499.738202513996 222.46315305080725 1.5 1.7060732960700988 4.432946678996086 -6.607790685004528 1.8358493235402653 27.568923378563856 0.010136171183313647 0.9991505146026611 
Car -1.0 -1 3.270029952121515 448.15771103394474 181.0858454685421 525.9382221177946 210.03536963826483 1.5 1.6124235957860946 3.947090592980385 -6.595633331554994 1.9528095782595454 38.77094653391625 3.10152517556749 0.9970495700836182 
