Car -1.0 -1 -1.93298165644867 767.9533979996171 174.97639627824836 1040.8800042424778 338.60730898745356 1.5 1.5982592970132827 3.8694927960634233 3.1037333105855645 1.4072677911697058 8.531124468880172 -1.58405472437409 0.9999991655349731 
Car -1.0 -1 -1.3441394350491969 415.53362141897384 181.05395412099762 463.0160872093668 207.6575745160576 1.5 1.8049225702881813 4.400690135359764 -9.969478782638399 1.2664783044613213 42.73034025507574 -1.5733506400745851 0.9999991655349731 
Car -1.0 -1 -1.395285990418091 454.2770262141288 180.4780488675615 515.2685732744213 224.21820103259353 1.5 1.5704613670706749 3.865884479880333 -4.506580409480554 1.3386609220531738 26.587118370031853 -1.563192485892449 0.9999964237213135 
Car -1.0 -1 -1.3743265590095053 394.0330972790046 180.72097565148397 479.32523711569075 240.5802007256493 1.5 1.6094262272119522 3.6136126637458803 -4.658891722156171 1.3884988576483448 19.843106113771015 -1.604936101534639 0.9999957084655762 
Car -1.0 -1 -1.5701498197340045 576.7224676484992 179.64205875184612 615.9800832131931 215.9416551629295 1.5 1.622777108848095 3.66890789270401 -0.5378626343056006 1.2708129437445324 31.54885838471455 -1.5871967292067153 0.9999932050704956 
Car -1.0 -1 -1.12543750837649 133.1872908264633 181.4295958113532 386.55894514417594 321.05490508003373 1.5 1.59132671803236 3.549095478653908 -4.344539458517018 1.460456943678196 9.506499590209456 -1.5541033829238755 0.9999922513961792 
Car -1.0 -1 -1.4158664746450882 384.6430400816659 181.21263675943075 435.5273563585252 217.35340293537405 1.5 1.6016562029719352 3.8162025183439257 -8.715006092330803 1.334986611218295 31.817785841872595 -1.6832130859282357 0.9999769926071167 
Car -1.0 -1 -1.2057690773407082 266.7428380786189 181.69706057758836 381.77602325315604 234.10137303515273 1.5 1.823890072107315 4.751549151539803 -8.904936800257865 1.4004151140616825 22.952827480910756 -1.575859227278505 0.9999661445617676 
Car -1.0 -1 -1.056103993111529 73.66238588242538 182.95107436335007 249.10142437054267 269.4251627771336 1.5 1.5336469307541847 3.1971687942743303 -8.601723200100661 1.4618484841962653 14.088989910309808 -1.6042287471380574 0.999947190284729 
Car -1.0 -1 -1.48531232700095 507.46282487268866 180.4180970977133 536.3311199459657 204.3678934952698 1.5 1.553741891682148 3.820749980211258 -5.592848855909433 1.2006525681360176 46.95391817936156 -1.6038673157480103 0.9998003840446472 
Car -1.0 -1 -0.7879566037684869 0.0 185.25420472822634 76.07908895619023 354.13395860092805 1.5 1.570165579020977 3.766753387451172 -8.341041866762378 1.5016755869226757 8.270670878047996 -1.577590968986277 0.9792376756668091 
