Pedestrian -1.0 -1 -1.9546075451974163 895.2955073547874 142.7087832715963 1017.8034257364402 329.0088774480522 1.8 0.8348779313266277 0.9532640248537063 3.5878668139206793 1.4265774435044143 7.4407440621699505 -1.5053076083448274 0.9999995231628418 
Pedestrian -1.0 -1 -1.2087931599428714 564.0083436658731 157.77179647745086 639.3890814149255 281.01663965282137 1.8 0.8768626049160957 0.9818804010748863 -0.023513497898733093 1.454759118446373 11.102610612314255 -1.2109109918263299 0.999995231628418 
Pedestrian -1.0 -1 1.998543741452211 386.25404387357287 157.61119477208013 464.8849458454246 293.32911050197424 1.8 0.7487393476068973 0.941505891084671 -2.4862146320254532 1.4844951402048647 10.056210344215518 1.7561721682509006 0.9999909400939941 
Pedestrian -1.0 -1 1.3377961295838197 783.8429723412269 150.60986776234247 861.8060389884164 300.72503936625884 1.8 0.7441306047141552 0.9214434333145618 2.7304464525310026 1.4309459969228862 9.09255637753139 1.6295232653578342 0.9999707937240601 
Pedestrian -1.0 -1 3.3677910661620505 108.82388099733292 157.09655414669515 196.02802870563994 313.60418427166763 1.8 0.6716183878481388 0.7669448412954807 -5.461194398017689 1.5206842406315142 8.702009238741827 2.807339656349045 0.9999697208404541 
Cyclist -1.0 -1 1.7991628089086 468.93286843592887 185.234629890391 526.39716256362 272.78516102631056 1.4 0.6302278980612754 1.6414560869336128 -1.8017538009155334 1.4701362490026366 12.400196879045184 1.6548721671064914 0.9999206066131592 
Pedestrian -1.0 -1 -1.5274263933539056 522.6227830051605 170.66384269329023 547.5438033383741 224.60451562697875 1.8 0.8073462665081024 0.9258151546120643 -2.274500786866049 1.4394796943266037 24.45049358504747 -1.6201841841128213 0.9999003410339355 
Pedestrian -1.0 -1 -1.6045567632888744 545.2382390628896 169.68895214640764 570.9625963462119 227.78231476099666 1.8 0.7802498087286949 0.914130874723196 -1.406521387620422 1.4351506567908374 22.74690216264283 -1.6663116748121125 0.9997218251228333 
Pedestrian -1.0 -1 -2.8461404299769253 402.3366805473501 161.84586887244433 455.74523279838655 273.13035504620984 1.8 0.518758737295866 0.742852085083723 -2.889279960629128 1.4833912355203522 11.89647011129023 -3.084396080174719 0.9997265934944153 
Pedestrian -1.0 -1 3.421117817418739 120.57336113577854 156.91522165376634 221.5326894333922 313.2999749042763 1.8 0.8023175902664661 0.8714375577867031 -5.265230744542711 1.5183764519254546 8.765604261782658 2.8802062153776706 0.9996553659439087 
Pedestrian -1.0 -1 3.134984958955693 415.9628935078048 162.1501394549375 466.1461759953187 270.94211324934463 1.8 0.5455138653516769 0.8169901117682457 -2.775452160751692 1.4811376045154936 12.24103866912227 2.9120212674101413 0.9999997615814209 
