Car -1.0 -1 -1.6985068382210065 686.9730868467437 178.0764055894785 755.498232858388 234.62544341892178 1.5 1.5455218523740768 3.404289719462395 3.135708500698444 1.66603214353784 21.17037398922271 -1.5514582126077754 0.9999995231628418 
Car -1.0 -1 1.9070531726064908 240.7276570395504 180.04449701663293 454.43176629779714 310.7729045855116 1.5 1.6044775515794754 4.126083341240883 -3.5955251816929987 1.626384553234504 10.57375990749248 1.579276788230759 0.9999992847442627 
Car -1.0 -1 -1.8658846709769437 732.5782389017467 175.85406791943353 958.3366168800565 322.4623437745269 1.5 1.5720339983701705 4.171704363822937 2.7433382393947334 1.5488557212265561 9.563376129678051 -1.5865272312101466 0.9999992847442627 
Car -1.0 -1 1.781382468210858 386.2812869839954 180.38281805680072 485.72545653828195 257.3607070115688 1.5 1.4633400857448577 3.450470280647278 -3.8224737805133904 1.686949050243593 16.138657439268908 1.5488161285731452 0.9999985694885254 
Car -1.0 -1 -1.7761698295438157 701.3250928073176 177.30912289572194 815.6634583974735 257.35632399617947 1.5 1.5777664750814437 4.272839662432671 3.055587106353829 1.6118498921263014 15.905708225465446 -1.5863757376235468 0.9999974966049194 
Car -1.0 -1 -1.7608737909698151 642.4820032240202 179.20943812239545 680.5665444512513 206.18350441149494 1.5 1.6034663215279579 3.5719076663255693 2.983702029509307 1.8944690077374344 42.8715794251117 -1.6913895616915566 0.9999891519546509 
Car -1.0 -1 -3.4661523361777995 884.2095985149755 176.21191198396673 1003.245083375837 215.96601824638654 1.5 1.6404763355851173 3.9355336248874666 13.017934330663996 1.6373740769712135 28.416910878371386 -3.0365786115315303 0.9999837875366211 
Car -1.0 -1 1.7493313473268104 442.3079006814389 180.25244374948278 521.3487655349132 239.02479880360553 1.5 1.5716368824243545 3.9291499674320223 -3.6487528764526 1.7346416759867016 20.87705661693607 1.5763056158979953 0.9999585151672363 
Car -1.0 -1 -2.2298816490388815 876.439828789624 167.6630601181894 1241.0 374.0 1.5 1.5612734973430633 3.487248954176903 2.7253049938220193 1.486918260823713 3.6195142567961414 -1.584496669532035 0.9997287392616272 
Car -1.0 -1 2.1736451927490226 0.0 179.71391709273053 333.090285845117 374.0 1.5 1.6206451252102851 3.983590242266655 -3.4935402582910142 1.5661859460782082 4.917562627804581 1.5559593876216071 0.998349666595459 
