Car -1.0 -1 1.6892587635036886 460.15655053051506 179.86462969528054 542.6983050028914 246.5005997949385 1.5 1.6326651468873024 4.162219402194023 -2.7550665499289315 1.7033252347495875 18.784251254993947 1.5436281402918952 0.9999994039535522 
Car -1.0 -1 1.8412626416258613 325.8826155523922 179.5727281153691 514.4213570004177 296.88792656090595 1.5 1.7699605345726013 4.467576232552529 -2.855106665414544 1.6307814030025864 11.742777399441033 1.6027533888777317 0.9999994039535522 
Car -1.0 -1 -0.09378811515841548 636.8707441678438 179.11336769115593 720.6611372467806 208.78897380519186 1.5 1.7127221941947937 4.211445388197899 3.505796762108091 1.8347849678657864 37.68923023413535 -0.0010364810612542247 0.9999984502792358 
Car -1.0 -1 -0.16182523361341586 673.1862462448377 178.1995382091456 806.2373649844843 225.49857511508904 1.5 1.6087877124547958 4.1262081384658815 4.174377855655087 1.6835252726783834 23.893780994053685 0.011134787401880541 0.9999984502792358 
Cyclist -1.0 -1 0.9958546789324559 1044.7514236540078 179.49879381329166 1148.9926517057331 271.7271932614346 1.4 0.5429368026554584 1.783374559879303 7.964246393861846 1.5188936792160705 11.973813121976718 1.5827987074812473 0.9999963045120239 
Car -1.0 -1 -0.10503093576990888 663.4942912941427 178.57608462792865 770.3026429336771 216.31572433154813 1.5 1.659407515823841 4.216968503594399 4.315554570289775 1.744413718731437 29.86174748889772 0.03849320014449529 0.9999945163726807 
Car -1.0 -1 1.7085329416944048 516.0920759028769 180.03816684383352 569.3326379161388 221.81803860822788 1.5 1.582830075919628 3.840324890613556 -2.6337071939935357 1.8038957607292865 28.528622409205155 1.6164758086165012 0.9999864101409912 
Car -1.0 -1 1.671769205079547 540.8086401827469 180.01679775723534 583.9469297318386 208.589905129534 1.5 1.9511536255478859 5.686057594418526 -2.7352598768603893 1.9478101380591046 42.1944500548818 1.6070346713026584 0.9999266862869263 
Car -1.0 -1 2.063176952509642 0.0 179.09974892173537 377.1222207467055 374.0 1.5 1.6049786031246185 4.026727613806725 -2.9839214235925025 1.560437797397523 4.882718481579069 1.51462189753982 0.9992948770523071 
Car -1.0 -1 2.136715297781577 127.60542750004308 181.23245204246237 362.76060500018406 301.7383635188585 1.5 1.5210617825388908 3.5633618503808977 -5.388917089030266 1.6507608279053472 11.093228777174991 1.6845047354658664 0.9709266424179077 
Car -1.0 -1 2.4516281145367858 0.0 182.08397064092532 66.83694800393644 374.0 1.5 1.5242623656988143 3.7957923978567125 -5.385683767070247 1.5788175550426853 4.213593004942996 1.5447293957087653 0.8260913491249084 
Car -1.0 -1 1.8028395851954424 288.3681780798017 181.12682327860955 400.9569801470262 261.1940958306608 1.5 1.4977919429540634 3.6697278290987017 -5.71908685204914 1.7036318268114463 15.817750604729312 1.4559025009486335 0.569205105304718 
