Car -1.0 -1 -1.3509128372833448 367.0984968059587 180.51533193673987 484.80500607931475 262.75337531077514 1.5 1.5740592524409294 3.805370119214058 -3.692416620513866 1.415397756810366 15.026802831452 -1.591861148425613 0.9999995231628418 
Car -1.0 -1 -1.1942812998088084 201.55546769833285 182.1232254600401 330.5256330262466 247.96151250367052 1.5 1.5940886482596397 4.053645071387291 -8.629780437869092 1.4306750822703063 18.445683185788383 -1.631878291317497 0.9999980926513672 
Car -1.0 -1 -1.3444395072302142 414.2598985045877 180.7562328414128 485.45776142705466 230.14846168979423 1.5 1.5528977409005165 3.391516071557999 -5.127647856302066 1.3657010128085825 23.532075885190178 -1.558986225226198 0.999997615814209 
Car -1.0 -1 -1.5255052128310533 535.1597725185811 179.8095486656573 585.9519800786657 224.87761064167861 1.5 1.6508883357048034 3.7776785463094713 -1.6684254119050477 1.3211983463171766 25.8262555698529 -1.5900174761798722 0.9999969005584717 
Car -1.0 -1 -1.025891388388651 36.71487067398288 183.41111488602928 209.1632752156801 244.78071703978082 1.5 1.8087590605020523 4.615288463234902 -13.192990318494296 1.4570234364497343 19.908777188376053 -1.6111233914878709 0.9999970197677612 
Car -1.0 -1 -1.2888791441849345 325.95709981705824 181.57900089405996 396.31719817470304 223.32024737715312 1.5 1.5867667764425277 3.743230414390564 -9.461446106391397 1.370444000375519 27.735506116224567 -1.6176312724736077 0.9999921321868896 
Car -1.0 -1 -1.1613667846313673 230.80427336275704 182.41913167601203 306.5628714626907 219.4158292446001 1.5 1.5443549051880836 3.884049740433693 -14.605869704260401 1.3877467455092287 31.105637883632472 -1.600364754968558 0.9999498128890991 
Car -1.0 -1 -0.8249977860939566 0.0 185.37424576076043 82.38525047870078 375.0 1.5 1.6269319251179695 4.349529233574867 -7.766885740020136 1.5032557935930266 7.407353129209879 -1.6340851346638543 0.9999125003814697 
Car -1.0 -1 -1.412910413346738 404.3688057333199 181.06588944219848 451.69220450140114 207.6451572856332 1.5 1.860961553454399 6.010558319091797 -10.835862646819166 1.266936879372579 43.63859398070995 -1.6562970663097245 0.9997939467430115 
Car -1.0 -1 -1.254840015645385 313.14357283567927 181.92926506822397 363.3780603348537 209.6096496702627 1.5 1.604563419520855 3.6917565882205965 -15.270289567451883 1.3230393771169675 40.82892205615164 -1.6127395453539235 0.73801189661026 
