Car -1.0 -1 -0.11811974749132051 671.3860442488692 178.33362134459475 793.5506229991853 220.81709264644212 1.5 1.703139816224575 4.274231430888176 4.402681839635664 1.7100861172423116 26.66564488379176 0.04551093181106023 0.9999994039535522 
Car -1.0 -1 0.2039803968540894 433.47011683299365 180.95255390782452 537.2983581779787 217.51195845300836 1.5 1.6219795241951942 4.135576871037483 -5.319689693975498 1.8567494215134763 30.87038814493938 0.03333298762771062 0.9999983310699463 
Car -1.0 -1 0.4847449226614764 116.29200144473943 182.13974473972468 396.6952126140535 275.5016362252178 1.5 1.6339162856340408 4.136394572257996 -6.109249407402408 1.674700410958948 12.655495389360143 0.035004540285791676 0.9999969005584717 
Car -1.0 -1 -2.4894121215598286 0.0 183.07615875663248 285.35990962986006 307.37464474479617 1.5 1.61954318434 3.929431599378586 -6.765143534984906 1.65126966831491 9.750912898085478 -3.0959621230748042 0.9999911785125732 
Car -1.0 -1 -0.14723751238244012 663.1887627403272 178.60441851242783 768.4354416890797 215.99504930392527 1.5 1.630723525583744 4.134541985392571 4.3029076696347 1.7462278990321989 30.022529772034204 -0.0048843185093743425 0.9999790191650391 
Car -1.0 -1 3.4933875503561245 191.27839328786484 181.94750683400824 424.9145435897862 259.84849363182053 1.5 1.4955603078007698 4.199144852161408 -6.15817305195531 1.6988367299404843 14.915198781579036 3.1018280863722385 0.9999755620956421 
Car -1.0 -1 -2.3536558186014735 0.0 183.86384284644186 205.42509790050832 374.0 1.5 1.6517000764608383 4.348185148835182 -6.393780367506538 1.61454515477615 6.612781249906733 -3.1222178498890742 0.9999719858169556 
Car -1.0 -1 0.8826896036656132 1059.2602438222177 173.71908499950996 1241.0 241.4342491463452 1.5 1.7647307857871055 4.262694951891899 13.572653732660312 1.5247928047046377 18.20679146707027 1.523286505541529 0.999914288520813 
Car -1.0 -1 -2.3407517720076045 1202.2078596210135 169.6046797481124 1241.0 311.479139011408 1.5 1.9527271881699562 4.917257142066956 11.157406633630956 1.466003708196542 10.14119474472433 -1.50767715374497 0.9989534616470337 
Car -1.0 -1 -2.7628166993064074 489.34100158977986 180.7321658877318 559.7962122555748 204.65100363496086 1.5 1.696033824980259 4.285221409797669 -5.644678276336887 2.0342237223411916 47.52110206171952 -2.8810452977803096 0.5894515514373779 
