Pedestrian -1.0 -1 1.6579486742341007 535.4752361450426 167.99800418838032 562.5960337529572 236.3501086461603 1.8 0.6616099298000335 0.8133585125207901 -1.4339069550428167 1.4456034427726132 19.325158792971244 1.5838854193647922 0.9999995231628418 
Pedestrian -1.0 -1 -1.8573758673328657 804.8732721557504 156.6747472290517 873.6905541273763 271.1068633833398 1.8 0.8155738495290279 1.0165327720344066 3.845868114585106 1.4108000486075896 11.816202265941603 -1.5427151965585095 0.999998927116394 
Pedestrian -1.0 -1 2.9685707663079794 473.7568619299146 166.48410082127293 515.196001381199 246.99328877922676 1.8 0.6513415396213531 0.8403131298720836 -2.4979974881160056 1.4654957213276032 16.49997523470188 2.818317759033066 0.9999901056289673 
Pedestrian -1.0 -1 -1.5666702948796165 1064.212987318654 137.6472682693216 1152.7687395566547 342.72136919726813 1.8 0.6534965269267559 0.6548463858664035 4.709649023220845 1.4164731720598087 6.7582115126417355 -0.9580426971104486 0.9999890327453613 
Pedestrian -1.0 -1 -1.3136782631772836 567.138682967715 164.7791926675408 616.2152917867659 248.72271004326458 1.8 0.8818361468613147 0.9438111007213592 -0.24137812752972032 1.4426837018964607 15.964453748886239 -1.3287968347456796 0.9999865293502808 
Pedestrian -1.0 -1 1.4270162763756242 714.7589338151813 165.199492254555 750.5667599699817 237.93395057012773 1.8 0.7708503425121307 0.8953252367675304 3.287037120567075 1.3977897563991937 18.235134719241646 1.6053595423658908 0.9999858140945435 
Pedestrian -1.0 -1 0.6721214212270936 9.728018863827428 137.80467188772914 175.4338110894026 373.0 1.8 0.6356290102005004 0.7223735123872757 -3.63140390608308 1.5115945959849966 5.0983939643027725 0.05321173270675115 0.999970555305481 
Cyclist -1.0 -1 1.8189603828155263 332.4285872712993 188.5854463449049 447.1312672710038 329.1283808209135 1.4 0.8630759574472904 1.6213780760765075 -2.358294527536847 1.4890313224707896 8.061975735487845 1.5343794067713874 0.9999957084655762 
Pedestrian -1.0 -1 2.3296547793989237 471.0348157903641 166.58957871893017 516.7838671726136 246.48011443253517 1.8 0.7309590026736259 0.7588533245027065 -2.5326963864906853 1.4652703738949264 16.7023013380529 2.1791636824568332 0.9950725436210632 
Pedestrian -1.0 -1 1.7647457178692472 342.6191207026737 151.83717195200967 438.1493513154826 322.9494994760575 1.8 0.8772938072681427 0.8609172448515892 -2.374970051001019 1.4893258265511775 8.023506862900627 1.4769612987849372 0.9365106821060181 
