Car -1.0 -1 -1.5844543875409272 593.9060924984169 179.02121904186902 651.9127677554502 234.20585291403097 1.5 1.61014613956213 3.7186118334531786 0.31180056462603756 1.7033371963599286 21.885178989776637 -1.5702082408268494 0.9999997615814209 
Car -1.0 -1 1.8284730161206977 397.1737734855824 181.57042077497803 442.8000264267203 210.65330688004852 1.5 1.5148830160498619 3.938639771938324 -10.60292964332134 2.011781177424153 40.362527882585745 1.5715846896132053 0.9999982118606567 
Car -1.0 -1 1.9854372281151607 270.1745760394904 182.04650327505232 369.31768430523374 227.24550198614645 1.5 1.7539196208119392 4.606507581472397 -10.840059651169735 1.8769639807000447 27.224721274768342 1.6065096735914768 0.9999973773956299 
Car -1.0 -1 1.896471926407539 345.6916654605075 181.82286835155043 407.7110132744192 217.4524829941385 1.5 1.5281573429703712 4.008589175343514 -10.755104604759635 1.9406467220356542 33.403196441985024 1.5849754691084446 0.9999942779541016 
Car -1.0 -1 -1.0690166619731947 692.5673822387016 177.498740311725 826.9576999332029 236.42741254137175 1.5 1.7954778417944908 4.715593767166138 4.447680590630482 1.651556968558586 21.11156900842281 -0.8613780299809319 0.9999923706054688 
Car -1.0 -1 -1.3704930721160369 904.21825888612 172.97709951150554 1216.2639869442498 374.0 1.5 1.598622140288353 3.9870193719863893 4.2325711174099085 1.5018176844382327 6.568404326927114 -0.798076347508703 0.999991774559021 
Car -1.0 -1 -0.8710469153716058 669.7025498000146 178.2884743001942 769.1934624124348 220.21180831959495 1.5 1.617976140975952 4.0625790625810625 4.2959243075536175 1.7279457332018588 28.26639355864767 -0.7202211777356011 0.9999920129776001 
Car -1.0 -1 1.9245717924496868 276.34185250740376 182.72139531178829 329.7529078678649 216.0714696740378 1.5 1.389504086971283 3.118051451444626 -14.862593750410676 2.0005423268709293 34.9819103914442 1.5228153904292243 0.9999938011169434 
Car -1.0 -1 1.777917242636787 467.93113227924505 180.63678990614667 524.3161352783358 208.07412760063497 1.5 2.131909553706646 6.589079511165619 -6.9595018028253 2.018502012913711 44.68805092456432 1.6234230875929416 0.9999749660491943 
Car -1.0 -1 -1.1129581032446139 774.679053819817 176.21202376727348 936.6171562381364 264.3738096539887 1.5 1.583384957909584 3.6310552179813387 4.8838798435468505 1.5752879178379144 14.255693495189051 -0.7828984419491631 0.9999545812606812 
Car -1.0 -1 -0.8298384156385552 654.4385423311733 179.00067437524703 714.8052690802152 204.08596873769724 1.5 1.6371246919035911 3.880479422211647 4.751621608309262 1.908229389949248 45.974946976120094 -0.7268516580250604 0.9998643398284912 
Car -1.0 -1 -1.216067482861942 811.3149441467566 175.0603074045205 1031.8734415404256 305.0478365635452 1.5 1.6218260422348976 3.951091927289963 4.558777683488548 1.538155450216859 10.374591976197372 -0.8020486990597588 0.9998180270195007 
