Car -1.0 -1 -1.186572145925229 48.09493664990291 178.78376902346474 467.11943335176153 374.0 1.5 1.5502000719308853 3.8156500577926638 -2.3722418941061574 1.5643309677676192 5.873427605671998 -1.570430865281031 0.9999997615814209 
Car -1.0 -1 -1.4614847786544327 559.2010659023625 179.9459971088687 597.2127075555102 210.6092124964517 1.5 1.6080201163887977 3.7415968745946886 -1.6677660032356847 1.8937477047496665 38.10117989572963 -1.5052288855102403 0.9999985694885254 
Car -1.0 -1 -1.7163093687373714 670.2907585862829 177.7049076977302 770.021894861257 257.24410859901417 1.5 1.578451183438301 3.7595367550849916 2.220206765511373 1.6187142549812537 15.718084134876941 -1.5759859593261523 0.9999984502792358 
Car -1.0 -1 -1.5509310481119873 546.7896444573292 179.83071686549576 590.9208824712765 221.75917028843537 1.5 1.613151703774929 3.358946603536606 -1.6117942101878442 1.7884888479250725 28.087504625428544 -1.6082529249277455 0.9999969005584717 
Car -1.0 -1 0.8760867288118169 313.94056797268786 181.4143692033832 448.86420626721895 235.67913903148383 1.5 1.627109621465206 4.257372257113457 -7.1693526448504326 1.7871952972377088 22.346542097563816 0.5656346519801275 0.999993085861206 
Car -1.0 -1 -2.3042311395910753 465.20312178905425 180.85412803394544 531.5184605784412 207.99161083776892 1.5 1.6375976175069809 3.9977653443813326 -6.699477282751907 1.9969985470855955 42.89360250993681 -2.4591676155712947 0.9999915361404419 
Car -1.0 -1 2.138553962406892 15.024528127692935 184.0962865889735 155.91363618992244 241.85125681701624 1.5 1.5472401425242424 3.8675325483083727 -15.471000323513943 1.865839952099084 21.479827522318818 1.514361544451441 0.9999793767929077 
Car -1.0 -1 -2.174442925685354 373.8778173850356 181.18760455329377 471.31530537542835 228.00663114641426 1.5 1.563359846174717 3.593774375319481 -6.7086734318682595 1.8153532456580355 25.506072209255972 -2.431640104451452 0.9999220371246338 
Car -1.0 -1 1.1254389879474564 90.75971596833027 181.9312266629532 321.9519270474657 294.952816148368 1.5 1.618783038854599 4.154002529382706 -6.693374375408898 1.671085676688958 11.719274899271308 0.6065086563441413 0.9999237060546875 
Car -1.0 -1 -1.7431761077820473 660.0179782465968 178.2985507243441 731.8569686187291 237.5266203287951 1.5 1.4639720812439918 3.102259945869446 2.2784867623937024 1.664481689642871 20.15561793217026 -1.6306092376497132 0.9999270439147949 
Car -1.0 -1 -1.6552898784456211 639.4552171139609 178.7163825910841 694.5891306165781 226.56890437569845 1.5 1.5613984808325767 3.9807098478078844 1.8638113961552953 1.7205726614773647 25.102786047863134 -1.5811786689471943 0.999886155128479 
Car -1.0 -1 -2.1899320670813878 419.60224882338537 180.97406486817343 504.26139947401924 218.01799299373783 1.5 1.6334642216563224 4.044270005822182 -6.663675281944552 1.883297788834269 32.05189359424357 -2.3949147025730952 0.9995334148406982 
Car -1.0 -1 -2.2901694201981764 450.470192150167 180.90967519445837 518.0282775042323 214.01688532729875 1.5 1.485258948802948 3.205958616733551 -6.166020467862227 1.909293405849627 35.041923183700476 -2.464347616830145 0.9976073503494263 
Car -1.0 -1 1.985078841678568 229.88239175704481 182.99479386433896 298.35852881914764 219.11486997088542 1.5 1.5220309168100357 3.494926777482033 -15.644979365743227 1.9852312525576337 32.72629772406982 1.5391406257960456 0.9931027889251709 
Car -1.0 -1 1.9923125888567852 276.25272332473935 182.7101241317568 334.8619086756812 213.8208177571644 1.5 1.514323291182518 3.516848248243332 -15.868544544208367 2.0394384164857584 37.68640090321514 1.5937769293745578 0.8229109644889832 
