Car -1.0 -1 -1.736861119299753 673.0052137203478 177.93963352755807 759.6384066224208 243.84471874155827 1.5 1.5715530633926391 3.8400719434022905 2.587783953151298 1.6455870948575289 18.660565012934935 -1.5990633601930482 0.9999998807907104 
Car -1.0 -1 -1.6841520690204488 660.6710428029214 178.43372882271456 722.7770813258854 229.22276219487856 1.5 1.5779132515192031 3.8335593909025194 2.5513799123341347 1.6981305669645872 23.650670604769825 -1.5766899516482396 0.9999948740005493 
Car -1.0 -1 0.4644484462902978 226.15090691734574 183.33776710955664 315.52101220141196 212.5622613079284 1.5 1.4876001074910163 4.069942471385002 -18.04332523667023 2.0698356738797883 38.396422620637445 0.0251514156672614 0.9999910593032837 
Car -1.0 -1 1.8224063273482345 330.1151554710148 179.77531073327023 496.32189832614677 296.5400051791185 1.5 1.5880940973758697 3.8411492973566057 -2.9456195733319896 1.6283163294793819 11.415456331707752 1.5698770721766608 0.9999876022338867 
Pedestrian -1.0 -1 -1.9336476472551507 855.2238659493894 155.46254020287412 924.352576319117 279.26752969734275 1.8 0.7662715882062912 0.7033217258751392 4.134325901264933 1.547503540633741 10.839928233983082 -1.5692796882384015 0.9999827146530151 
Car -1.0 -1 0.28147528269298117 338.5102053279878 182.23974401419105 416.9532228665503 211.37398112352722 1.5 1.411265929043293 3.729529169201851 -12.356358096278411 2.009766372880053 38.397521241609795 -0.029860452809606274 0.9999804496765137 
Car -1.0 -1 -1.8513388153324344 749.3294326200848 175.83997761929925 932.9983920877696 322.72587854223366 1.5 1.3757627949118614 2.7278297141194345 2.588128961084034 1.5424025917980573 8.789121968472116 -1.5649635014731926 0.9999861717224121 
Car -1.0 -1 -2.073876133810163 822.1532235378036 172.87074633351207 1241.0 374.0 1.5 1.5519697710871696 3.769335386157036 2.715683031351383 1.5005157059960668 4.910673779788665 -1.5687200350828958 0.999733030796051 
Car -1.0 -1 -1.6452482637378445 640.3936706455305 179.0374796164358 680.8429065953876 213.81184295201598 1.5 1.586969804763794 3.9812399566173555 2.278458816043272 1.8073833397811248 33.82717107482432 -1.5779939694937808 0.9993152618408203 
Car -1.0 -1 -1.433269284830777 590.4508516364377 179.86655021952046 619.3380291939451 203.05190140687006 1.5 1.5295302987098693 3.439161789417267 -0.34823491938331336 1.9997255215912535 49.573904927929625 -1.440293730297361 0.9819273352622986 
Car -1.0 -1 -2.9031940270609002 0.0 0.0 1241.0 374.0 1.5 1.5981922417879104 3.697571021318436 2.9986449614650734 1.4530913809874901 0.6595276168132302 -1.5488925697889668 0.6553463935852051 
