Car -1.0 -1 -1.8651850882782626 675.9817264338269 177.26560467764432 814.6593622038928 273.4365808667638 1.5 1.5527276813983917 3.2930465906858446 2.2651472202983904 1.591288506054439 13.139650883666286 -1.6944727758553368 0.9999997615814209 
Car -1.0 -1 -1.6991795477631075 565.6389646750742 179.75283061078176 610.2496921775054 216.3780160634908 1.5 1.54426661580801 3.4222787737846376 -1.0682428986406296 1.8241049017686235 32.04432265712055 -1.7325036237624032 0.9999994039535522 
Car -1.0 -1 -1.802707585623182 619.1933318301562 178.5643610369795 703.8184148161575 239.11548983969 1.5 1.5545860424637794 3.548831355571747 1.292821142784969 1.6743682166343588 20.10522983350223 -1.7384932647135598 0.9999945163726807 
Car -1.0 -1 0.9393391323337866 875.833374904346 169.12050632027965 1241.0 374.0 1.5 1.576697689294815 3.9157560586929323 2.9697715390713713 1.4893029196164806 4.094747944973001 1.5668200691554206 0.9999861717224121 
Cyclist -1.0 -1 1.739426931810524 390.05715526178227 184.89766535819177 443.4261618642602 251.41627962245136 1.4 0.8220873333513736 2.34878123998642 -4.512939167164316 1.7014506005464105 16.828163024758084 1.4774142940852302 1.0 
Car -1.0 -1 -1.6756005944863062 540.8356755803533 180.2581682131376 573.537875372313 207.7705023068647 1.5 1.5454108387231826 3.4594761699438097 -3.1561262478733085 1.9519636891314411 42.166442064490234 -1.7503105262902123 0.9999446868896484 
Car -1.0 -1 -1.3871769830747709 295.68456050334424 181.1029479455665 402.935005275382 260.60774236443865 1.5 1.5813470378518104 3.5811448961496355 -5.653596473882955 1.703756073413459 15.895830710950339 -1.7288899580624444 0.9998300075531006 
Cyclist -1.0 -1 1.7182970677578604 394.3407993373494 185.24768399402134 435.29403136475355 254.20988854286205 1.4 0.6151056408882141 1.8215945482254028 -4.331751870686305 1.690085484307181 15.923979950520422 1.452696963152613 0.9997543692588806 
Pedestrian -1.0 -1 1.6895375549250131 399.186930740908 177.47029127570772 410.5411953190662 206.02710013582941 1.8 0.6155360981822013 0.7279853828251361 -13.112244818562578 2.097398860247908 46.01743246532437 1.4119531353327888 0.9997135996818542 
Car -1.0 -1 -1.4104792033198348 405.9330220524809 181.4358348498386 449.86760155561063 213.16888189985667 1.5 1.6204521551728248 3.681449455022812 -9.327339224041092 1.9635485521472378 37.0373328379558 -1.6571852574732644 0.9983898401260376 
Car -1.0 -1 1.6952264497285505 336.19397876691886 181.19021023972124 414.8356046693733 240.76366716614643 1.5 1.6577691331505775 4.219050568342209 -6.755915983688102 1.7689065289999755 21.01470655361342 1.3841768940302985 0.9892520308494568 
Cyclist -1.0 -1 1.7029727615093986 434.47332005678805 184.55575087969535 470.3650000002412 244.56471903124927 1.4 0.6513009339570999 1.811457660794258 -3.9842813612404084 1.709401821936377 18.123198232622787 1.4865709980342048 0.9753402471542358 
