Car -1.0 -1 -1.7123407665938901 663.7826053963224 178.0293663778928 747.6151610493587 243.51841217349607 1.5 1.5814355134963989 4.091450062394142 2.342047993552665 1.6507821839857293 18.909212344669818 -1.5891108411040646 1.0 
Car -1.0 -1 -1.4817895858778405 518.9817897691969 180.18691647084086 562.8955087897855 216.59121970743445 1.5 1.6310947507619857 3.820994731783867 -3.0845341354369094 1.8492730873749876 32.41426297090167 -1.5766636804353935 0.9999994039535522 
Car -1.0 -1 -1.0994710940683146 0.0 178.97375237140042 418.08299495275196 374.0 1.5 1.5834663555026054 4.085810717940331 -2.7851204262970803 1.5628842099504674 5.31770456037634 -1.5819336455923063 0.9999978542327881 
Pedestrian -1.0 -1 -1.1980638254063674 291.9866974108632 163.1605194991845 325.61306686429947 278.3452362046548 1.8 0.3803223863244057 0.3851170212030411 -4.837564066278401 1.6488771367121606 11.470284275559106 -1.5971763795849425 0.999996542930603 
Car -1.0 -1 -1.2720479105665425 242.64893957924698 179.93847199618267 455.62007381575177 317.828536679008 1.5 1.6260937348008155 3.9827218770980837 -3.396781751061402 1.6189719361696377 10.065461983836034 -1.5975159677353246 0.9999916553497314 
Car -1.0 -1 -2.244775973071367 852.7955059536727 163.39767372469382 1241.0 374.0 1.5 1.5729280680418014 3.8249439120292665 2.438098742553666 1.4846711737480154 3.114243803522602 -1.580557686337505 0.9999815225601196 
Car -1.0 -1 -1.6661769563507731 641.796427071561 178.94995978014484 686.6849660300929 216.72233759274494 1.5 1.5651740625500679 3.8208170354366304 2.246098641364697 1.7802786389170933 31.20132261148554 -1.5943136318263156 0.9998645782470703 
Pedestrian -1.0 -1 -1.0507865474591875 210.29441335223214 158.54092331071277 274.5796885833477 303.94861914703176 1.8 0.6057313203811645 0.40441351272165776 -4.705732574226817 1.6231764862089222 9.144716995865373 -1.526033819713865 0.9995643496513367 
Car -1.0 -1 -1.6077777711621528 625.8099814483679 179.45347095828404 654.651388095095 203.45248255391036 1.5 1.7666494965553283 4.403500121831894 1.9583878001628436 1.9642622877934213 48.51247191672079 -1.5674309295744193 0.9990124702453613 
Pedestrian -1.0 -1 -1.1458952358026382 289.6773155774545 162.7525134347878 328.82559203650163 280.16039844851724 1.8 0.4542758248746395 0.3645448971539736 -4.737456374579557 1.6454902805120026 11.247441597417476 -1.5445454167809827 0.9980085492134094 
Pedestrian -1.0 -1 -1.1271545969424726 285.05886254060863 163.69322164749997 317.4659086552132 276.2152520903588 1.8 0.3761790718883276 0.3373249460011721 -5.062889019317807 1.6538141081215583 11.71486723398792 -1.5350879738715035 0.9973698854446411 
Car -1.0 -1 -1.5203606604722701 546.1207060078817 180.30710286210774 571.6471584755403 205.2457159467746 1.5 1.4608288675546646 3.4002414464950563 -3.269926890292201 1.994652842406778 46.13554523719705 -1.5911188545313222 0.7554657459259033 
