Car -1.0 -1 -1.613670062519249 579.8379550168473 177.15492105704578 749.4524035718623 339.6709128185276 1.5 1.590096627175808 3.780638661980629 0.47937072313080736 1.563305922032106 8.657578745207182 -1.5583564760771138 0.9999997615814209 
Car -1.0 -1 1.9087912238508065 355.15212573877517 181.58030606725336 426.6615012437244 218.7965969907557 1.5 1.6782546907663345 4.485634204745293 -9.777687774588752 1.9201025623932733 32.42561803921621 1.6159202933271946 0.9999983310699463 
Car -1.0 -1 2.143456932216175 38.668326457500775 182.99177324758767 231.44352129651233 263.64244095591175 1.5 1.5761822953820228 4.095120218396187 -10.296724997077511 1.7536836704543142 15.979504445718906 1.5710492014845432 0.999997615814209 
Car -1.0 -1 2.2286926698457483 231.46979266760448 182.84586620461948 314.1590291818223 221.32329004466317 1.5 1.494375292956829 3.299509596824646 -14.362413118232636 1.9517614032050807 30.820526799948883 1.7926118254622043 0.9999969005584717 
Car -1.0 -1 -0.9888025557555076 722.0612286669766 177.40836496994513 842.1651151959143 233.79591832318923 1.5 1.615370300412178 3.8499100625514986 5.120621715577476 1.6475231311138057 21.40581038832789 -0.753998593488012 0.9999935626983643 
Car -1.0 -1 1.9041918367734245 401.81652401093464 181.43101577924998 454.3370485034301 212.00325062954357 1.5 1.4909841611981391 4.025857013463974 -9.706387104845707 1.9842075804328279 38.63069202503728 1.6580266833265842 0.9999762773513794 
Car -1.0 -1 -0.9104647333258555 687.8661247092484 178.37803987624298 763.0614842144348 214.33722199442352 1.5 1.4857464030385017 3.5210060447454454 5.175825496019353 1.761612794671843 32.37670889903653 -0.7519434253361565 0.9999725818634033 
Car -1.0 -1 -1.6130448097298236 1168.7642830957755 161.94289822529998 1241.0 374.0 1.5 1.6261006265878677 4.071096938848496 4.292040057196044 1.4726096442261323 3.8341414340889095 -0.7713576118138177 0.9999536275863647 
Car -1.0 -1 1.833127787084422 450.65862386308237 180.8795540943903 503.0397438499672 215.42814521832196 1.5 1.5435882404446601 3.629824009537697 -6.262365955702153 1.9000974869272507 34.064758453748624 1.6513206839521946 0.9998946189880371 
Car -1.0 -1 2.30666677377147 226.106998903204 183.0993857401267 303.15184883399223 211.4747270508389 1.5 1.6638970494270324 4.18993481695652 -20.048014180647453 2.128751943627534 42.00681159496117 1.861379134651047 0.9997521042823792 
Car -1.0 -1 1.7353263978341882 460.8653203693742 181.106737048018 495.0100046891568 204.97115685779957 1.5 1.6245661795139312 4.103849691152573 -8.921239489686169 2.0826500992179735 48.84238664463211 1.5546642978999274 0.9989782571792603 
Car -1.0 -1 -0.9533440902826535 670.7188299937067 178.72398304454705 733.7969314996997 208.4505090842187 1.5 1.5701894208788871 3.6339892566204073 4.9876649357308365 1.8329559121187173 39.012015009063994 -0.8261844674733025 0.9982506632804871 
