Car -1.0 -1 -1.811070851698484 715.9051549069064 176.42975278716125 893.1119327288455 297.1606719215426 1.5 1.60378800034523 4.193090510368347 2.7057797757631583 1.5662033172989527 11.18508098709107 -1.5737209469687683 0.9999997615814209 
Car -1.0 -1 0.39375771361250256 135.99837768436072 181.9535821341147 411.468751381524 275.78685746743423 1.5 1.6131980836391449 4.045902055501938 -5.748113350605149 1.6700784676831681 12.57832031497811 -0.03489036957291194 0.9999874830245972 
Car -1.0 -1 0.397455787222154 136.5296683331338 181.98331420461187 454.484607352336 259.67572736509464 1.5 1.8916793659329414 5.834572252631188 -6.427578234530227 1.7037489619883832 15.112861557825314 -0.004673318066869459 0.9999790191650391 
Car -1.0 -1 -0.31655004790630725 805.5728218670356 176.22176733307975 993.8986134007332 247.64750287599182 1.5 1.543077689409256 3.5957007229328157 6.304038091483799 1.5796071210287508 16.10431772015663 0.05656413634749822 0.9999732971191406 
Car -1.0 -1 -0.12420336315962047 679.144314329372 178.74767508832278 755.4118585281892 206.69048279176317 1.5 1.5826894462108612 4.005306077003479 5.855582982616463 1.8332372833601802 39.916167435991746 0.021454735598291676 0.9999475479125977 
Car -1.0 -1 -0.25490712909184476 717.7662373210087 178.0958913318326 812.0496159934511 215.21178502161158 1.5 1.5503153696656227 3.588511285185814 6.409876618472575 1.7264155313779326 30.256638270168487 -0.046143488087926586 0.9999163150787354 
Car -1.0 -1 -2.8538303442731507 342.437342594319 181.50938026617533 472.5634284058199 231.50073235859858 1.5 1.5418258056044578 3.659205746650696 -6.356570797533484 1.782530588585229 22.72176884454797 -3.1266135732319698 0.9998013377189636 
Car -1.0 -1 0.7477493496504104 0.0 183.62640978562592 223.56939441150786 341.9603605792326 1.5 1.6115297123789787 4.068368908762932 -6.70734380826252 1.6306860371403602 7.8400709841527485 0.04005889495345525 0.9997900128364563 
Car -1.0 -1 3.6975755802947963 0.0 183.14690727726813 253.36083481918024 302.23422852443247 1.5 1.516563308238983 2.9489925622940065 -6.867998972955555 1.655475979912324 10.049376671825815 3.0980603575666965 0.9997369647026062 
Car -1.0 -1 0.1538029182389595 487.82133224495675 180.86200975384648 552.7443169396325 204.01385487537033 1.5 1.6152028486132621 4.107376423478127 -5.992446784729846 2.0451595371117817 48.215844218348956 0.03015319903823308 0.9996579885482788 
Car -1.0 -1 -0.1957300785583567 731.1022688915658 177.90189572324746 828.1634025322783 218.13526470253788 1.5 1.5130624666810035 3.4229008972644808 6.465430367514481 1.701322688105625 27.9121242551585 0.03189079364272527 0.9556732177734375 
Car -1.0 -1 -2.892800843881213 383.33600594265255 181.2532885399155 501.46671309271574 226.1867774531443 1.5 1.5025565892457962 3.760894623398781 -5.833447306581631 1.8025983961998275 25.170419448808182 -3.1205383102085933 0.6946495175361633 
Car -1.0 -1 4.012450396798284 0.0 185.14707338276185 30.92917715367989 374.0 1.5 1.5921583890914917 3.5006771355867388 -6.9982044609577 1.6109277442904142 5.655787729876586 3.1213611245115818 0.5751507878303528 
Car -1.0 -1 -2.9225069173030116 439.6771348988781 181.0812547976006 523.9197230792952 213.47446574517295 1.5 1.530005645751953 3.7451087057590486 -6.1617537433827385 1.9055010924732856 34.68342029096529 -3.098329500355993 0.5188748240470886 
