Pedestrian -1.0 -1 -1.9141534208123048 830.8712570408865 137.09257803118504 947.3706476655584 360.0154602150386 1.8 0.6776094928383827 0.8733812279999256 2.4144699225956825 1.442821435715281 6.242856505799226 -1.5451150881734235 1.0 
Pedestrian -1.0 -1 -1.8641653032965655 738.2138473241891 151.49803512108264 815.8444160844174 299.4895846927667 1.8 0.7199622251093387 0.9461942620575428 2.185844262757528 1.4364314910058062 9.228485527212229 -1.631592937805925 1.0 
Pedestrian -1.0 -1 -2.23743695601764 561.7108055684346 163.796617030038 620.9708353803924 253.37074692217556 1.8 0.8344685219228267 0.9477003037929534 -0.25382698828411426 1.4454932252836699 15.063285707262922 -2.254286066689764 0.9999988079071045 
Car -1.0 -1 1.655238930808354 530.2068758802095 179.28598834634678 583.7257502641196 223.92593412902644 1.5 1.6082186743617057 4.066540536284447 -1.5679555392919524 1.4266837346043553 26.187480733571935 1.5954360842665256 0.999997615814209 
Pedestrian -1.0 -1 -1.9129458820643703 796.6157601216088 159.90070860238566 854.3205088807831 256.9070247682749 1.8 0.7845279321074485 0.9448607012629509 4.251659783827378 1.4004775576060682 13.815524710630731 -1.6143987412240846 0.9999974966049194 
Pedestrian -1.0 -1 -1.8884528275906753 740.5816069651448 152.73464479201903 814.23279910751 293.77060819879523 1.8 0.73306220844388 0.8188430711627006 2.288214424900455 1.4342101040299717 9.603931098898736 -1.654555522897516 0.9999972581863403 
Pedestrian -1.0 -1 -1.9360017412184913 844.8357223261999 129.49112649820887 995.5088864571176 373.0 1.8 0.7341289453208446 0.9375426478683948 2.2845803212104467 1.4467958946241886 5.377059609233765 -1.5342366407301766 0.99998939037323 
Pedestrian -1.0 -1 -1.8971043558928136 806.5879732112803 154.93728398201654 876.565712087258 279.3746854988479 1.8 0.776984591782093 0.8040003038942813 3.5457591825242267 1.4170805254083023 10.793620934196719 -1.5797055159371836 0.9999666213989258 
Pedestrian -1.0 -1 -1.9319013568372683 806.7703978295243 140.8497566304533 907.0184835673241 344.5582867266589 1.8 0.6327980689704418 0.8248546652495861 2.3291880326487404 1.442189875711362 6.766306965408521 -1.6003731368717296 0.9998243451118469 
Pedestrian -1.0 -1 -1.7840721847283436 692.8716755832463 153.9649442398935 766.8599022082946 290.97546478894446 1.8 0.8210928671061992 0.9316279113292694 1.705261469541754 1.4395825129298296 9.917669249018825 -1.6137954192843778 0.9997804760932922 
Pedestrian -1.0 -1 -1.8929301460548684 721.7709610741571 148.3686521241481 805.1577737698377 315.05251538335415 1.8 0.6637122973799705 0.9450028210878372 1.790891069441979 1.4435760971945537 8.260297443363 -1.6794273788717133 0.9996838569641113 
Pedestrian -1.0 -1 -1.84476345258643 769.4355101330085 152.22538928943405 841.5289452905015 294.35448414337094 1.8 0.7031502693891525 0.8816382408142089 2.6418214609097848 1.4305854050825249 9.53689742055965 -1.574528986416061 0.9992533326148987 
Pedestrian -1.0 -1 2.341926266331048 0.0 110.58224611665356 128.03249008705978 373.0 1.8 0.7714578442275524 0.888949029892683 -2.9947283795663298 1.5097034886483156 3.4161069184718627 1.6221628069838108 0.9992270469665527 
Pedestrian -1.0 -1 -1.7895797953607888 598.4220289506229 163.63267516028583 646.2388660890792 252.28789378621045 1.8 0.8341015808284282 0.8590877547860145 0.38966612862685834 1.4384747505827966 15.083555122101366 -1.7637517015126092 0.6983931064605713 
Pedestrian -1.0 -1 -1.2533593936667116 656.9350286213349 169.68127694422944 681.4819682809085 220.81790098420814 1.8 0.7019325651228427 0.6708342142403125 2.4084105145741463 1.3850429424628117 25.73031050883814 -1.1600292483952386 0.695864737033844 
Pedestrian -1.0 -1 -1.8571189550969327 760.5126362107746 155.6595153630993 833.4877463478687 278.5945062823172 1.8 0.8220321059226989 1.0186236843466758 2.9359864204573456 1.4229574223917971 11.03510270599012 -1.5970841395345075 0.5854066014289856 
Pedestrian -1.0 -1 -2.219311770911276 735.9988310733736 159.39261706147636 807.3638922034676 262.44062640388256 1.8 0.7977013036608696 1.0549027033150196 3.0700635384510866 1.415113713312746 13.189181919394942 -1.9906128803875787 0.5275071859359741 
