Car -1.0 -1 -1.5592588186416452 588.8740742044273 178.83988470035678 656.8681226139738 243.05637325101125 1.5 1.622570914030075 3.6478059858083727 0.3072646686952127 1.6736566349192554 19.04101760379705 -1.5431232313301904 0.9999998807907104 
Car -1.0 -1 2.07954824476345 160.08836914789765 182.51432696320583 304.1068096444779 242.60105591934732 1.5 1.7458023995161056 4.455161330103874 -10.822364717976516 1.8116052182893887 20.98965076094868 1.6034948706587375 0.9999982118606567 
Car -1.0 -1 -0.9476988264272508 688.2045678793334 177.7500354345897 810.2872174398755 232.07597830977528 1.5 1.6129196181893348 4.093729940056801 4.321135774708797 1.6649979185181665 22.26957866731714 -0.7560428539898736 0.9999963045120239 
Car -1.0 -1 -1.0980308534143883 725.5655288953038 176.5029460812305 912.6127059572068 262.4153470465771 1.5 1.7756080746650695 4.7631850957870485 4.479170379496161 1.5887116920838027 15.130909783092365 -0.8102222243931634 0.9999936819076538 
Car -1.0 -1 2.051481956947731 204.9015908139943 183.15762832430943 279.2530697367832 223.62881697252308 1.5 1.3785349696874618 3.136878323554993 -14.810403976597568 1.9386923232340654 29.117392330663566 1.5809426188429416 0.9999945163726807 
Car -1.0 -1 -0.828642341316666 662.7156596605612 178.7932508256151 731.5658908658693 207.7600894082091 1.5 1.63470548838377 3.8244912892580034 4.824384466880685 1.84491059893359 39.990702064046815 -0.7085848609593256 0.9999748468399048 
Car -1.0 -1 1.855722923394785 358.750716917903 180.77690223492507 471.1100300363015 228.49299769096234 1.5 2.1905625730752947 7.0198340833187105 -7.179384347927424 1.840068087966088 27.39480940610996 1.599416005607468 0.9999791383743286 
Car -1.0 -1 1.9902766701801973 351.6105718870987 181.74818727275186 418.19733991453774 216.5414794211078 1.5 1.512165416777134 4.014153268933296 -10.637106546458758 1.948261026468126 34.25093108006102 1.689156520362717 0.9999184608459473 
Car -1.0 -1 -1.5451210953428562 1122.6297935355178 165.30104273153196 1241.0 374.0 1.5 1.605279979109764 3.8725322604179384 4.439745357165682 1.4755522873438747 4.264958417882856 -0.739646033444677 0.9999181032180786 
Car -1.0 -1 -1.3101509258128057 906.5291639480688 173.67522961548366 1162.7418444589412 344.8526408209001 1.5 1.5917994573712348 3.6869435131549837 4.895789377771425 1.5117990703594026 8.193672612281135 -0.7715653936055048 0.9998672008514404 
Car -1.0 -1 1.9633624686539017 278.9215696915888 182.1057509402895 365.85969680010953 226.51754569097753 1.5 1.5741413950920105 4.1847656041383745 -10.820216139919598 1.8780477798069184 27.348466193194934 1.5866181731184543 0.999923586845398 
Car -1.0 -1 -3.588269534188292 1003.0205297190843 174.97656310898816 1135.362623341908 211.6269975279582 1.5 1.6350327551364898 4.489495095610619 19.41634733720174 1.5939113452141185 30.72586266796214 -3.024708108105932 0.5581703186035156 
