Pedestrian -1.0 -1 1.362744240862415 589.9416922232192 157.429163348255 643.348252507712 266.9293236172197 1.8 0.7411859489977359 0.9058404274284839 0.14119530853910456 1.4224054791134775 12.134265471170032 1.3743797977778571 1.0 
Pedestrian -1.0 -1 0.8201679059067402 242.5045263481867 161.4025878299696 300.70107395240353 274.55003977279847 1.8 0.5750784210860729 0.6535891935229301 -5.525873245915205 1.49784492649063 11.630650310945134 0.37662736972304756 0.9999996423721313 
Pedestrian -1.0 -1 -2.4791488063877223 648.4280906024621 165.87842370039047 674.3086798607644 223.8657022271935 1.8 0.5494467474520206 0.6060043841600418 1.7507619081531136 1.3476824632997502 22.34995174703206 -2.4009744087841853 0.9999996423721313 
Pedestrian -1.0 -1 1.208522471004544 602.3190564981228 142.65197904875134 677.4529166770766 334.97001723114283 1.8 0.5037620224058628 0.7695436038076877 0.28202142116709655 1.4474599055942081 7.0573912650407244 1.2484623630854743 0.9999991655349731 
Pedestrian -1.0 -1 1.0104943719913 727.4017514092458 144.65414157407534 815.2393990844429 315.0405695394103 1.8 0.5814729750156402 0.8811457574367523 1.807546085628537 1.4230067689964747 7.976428381202951 1.2333416183802741 0.9999991655349731 
Pedestrian -1.0 -1 0.714850597696004 909.0199910331328 129.0545324472446 1052.6970515754895 369.0 1.8 0.6373435750603675 0.8094930581748485 2.9727112680969756 1.419897100887692 5.73630036050879 1.1929740150782722 0.9999974966049194 
Pedestrian -1.0 -1 1.482496284854465 524.8499108598309 158.47590267197972 563.1215477511871 267.6695081699801 1.8 0.5826070465147495 0.7629527270793914 -1.0961758882343928 1.438595417951376 12.07756627158662 1.3919829567286628 0.9999903440475464 
Pedestrian -1.0 -1 1.307780643802377 619.9245409419773 157.24119547670006 670.8932965626115 265.5692032844805 1.8 0.6520031511783599 0.9617338448762893 0.6432235574772469 1.4151773973744535 12.281904936235918 1.360104485354151 0.9999853372573853 
Pedestrian -1.0 -1 1.2140339505579787 681.403617198142 156.56310322697584 734.1560584558543 263.92734913600486 1.8 0.591269464045763 1.0255571015179157 1.744556567515445 1.40033875368873 12.413381627848825 1.353657885393824 0.9999486207962036 
Pedestrian -1.0 -1 0.7493499341482914 1024.7840598097325 121.83115468433961 1208.4353873616271 369.0 1.8 0.6716059081256389 0.8536669917404651 3.6291328276343853 1.4145836362953643 5.147382751644485 1.3634533127162116 0.9999380111694336 
Pedestrian -1.0 -1 -3.1972810306045902 808.3122893274848 161.05445112082316 855.1880646292325 233.86132061325716 1.8 0.5448440581560134 1.0980379328131675 5.683947064212564 1.3208456430633937 17.87614566728073 -2.8894272605564937 0.999994158744812 
Pedestrian -1.0 -1 1.5292468766993172 515.5609348216938 139.4752204610447 600.453231654115 356.27910288016955 1.8 0.7094581171870231 0.9447927147150039 -0.4996400191655578 1.4610997695234882 6.37663853210279 1.4510518749568122 0.9998836517333984 
Pedestrian -1.0 -1 1.2026024060171279 588.7978922857379 144.20834028168937 669.8819841660348 328.24187307159906 1.8 0.5595086634159088 0.8975441128015518 0.18621141952421355 1.4467331240621357 7.427276176251978 1.2276684482905524 0.9998751878738403 
Pedestrian -1.0 -1 1.1102026941089755 775.4085298266434 133.03496478492738 904.812992460037 364.45012333350576 1.8 0.7393981821835041 0.8267513036727905 1.8982790975611725 1.4325148782634824 5.959262404367547 1.418583079180445 0.9998186230659485 
Pedestrian -1.0 -1 0.6253519674390411 1124.4951404201481 119.68239345799573 1223.0 369.0 1.8 0.5430663496255874 0.889580000936985 4.332742701876089 1.4058295532462017 5.094190298850892 1.3301514824244636 0.9997977614402771 
Pedestrian -1.0 -1 1.403504454128887 542.8560443106226 141.00822821268204 611.9155521448274 347.6155405057531 1.8 0.5073138073086738 0.823248878866434 -0.3272440131751232 1.4576431946842303 6.611502911473542 1.3540486534449714 0.999675989151001 
Pedestrian -1.0 -1 1.1364171230317623 662.4029462353498 144.93495966034914 742.1380753289834 319.298514613309 1.8 0.590345312654972 0.7763636790215969 1.001062752629957 1.434544861921807 7.753136268049307 1.264823838076319 0.9992765784263611 
Pedestrian -1.0 -1 1.2137055017591043 854.7887606725955 131.31240171788278 983.2068572577984 366.6408454363083 1.8 0.719894890487194 0.819475532323122 2.49953500363872 1.4254793860887256 5.829680518254824 1.6187567591627658 0.999261200428009 
Pedestrian -1.0 -1 1.0726840207694246 697.8751433400477 145.4845548023659 782.5869571976281 313.6114680445554 1.8 0.6124420583248138 0.8523181572556495 1.4750102822823017 1.4268071417543908 8.06524475173173 1.253569765886988 0.9983818531036377 
Pedestrian -1.0 -1 0.9753192224650002 748.6963331740187 143.6666871008274 841.5698545781231 317.7667845883417 1.8 0.5834057487547397 0.902621404081583 2.0345706310367633 1.4208766546436453 7.828019714335088 1.229601784548487 0.9964283108711243 
Car -1.0 -1 -1.1830610480584232 0.0 181.26703492434547 286.80055990761986 369.0 1.5 1.9553812712430954 5.073348668217659 -3.1099964314118482 1.5086838614742926 3.7188939419312788 -1.879529462256704 0.9959959983825684 
Pedestrian -1.0 -1 0.7275836427059641 1174.6951611195557 120.03719650768969 1223.0 369.0 1.8 0.566284966468811 0.7384367778897285 4.621584342294893 1.4022887849008763 5.062355514488755 1.4674975117060798 0.9947133660316467 
Pedestrian -1.0 -1 1.2717348428279265 561.8861641617721 143.41624747512415 649.3288226017074 333.9289287279237 1.8 0.6710463695228099 0.8113938875496387 -0.06261116049822446 1.4513234003387512 7.163636694052122 1.262994929156031 0.9204804301261902 
