Car -1.0 -1 -0.6265319080990479 971.2280164399981 172.2046728550316 1241.0 326.1934664014553 1.5 1.5990611657500267 3.9717188596725466 6.302243611479181 1.4940328137788004 7.915501904085511 0.04588155349227361 0.999996542930603 
Car -1.0 -1 0.3705495695834651 266.6636059808065 181.79603281247967 449.92029194831724 240.11357251116857 1.5 1.6876273348927497 4.43107174038887 -6.8471579784947725 1.7568100992486566 19.76520455667248 0.03706328471633367 0.9999964237213135 
Car -1.0 -1 -2.375594924973329 0.0 183.78280183642048 191.26739640216582 340.1268556393144 1.5 1.5509633839130401 3.611004588007927 -6.882812795422394 1.6332150949987108 7.904676874057559 -3.0919994870808467 0.9999918937683105 
Car -1.0 -1 -0.2980339595350616 729.1368779413277 177.60421575154365 860.7725984283395 225.71883302969346 1.5 1.6449256360530853 3.854244810342789 5.937327808907184 1.6617664248490451 23.593955973614555 -0.051506594815526684 0.9999904632568359 
Car -1.0 -1 -0.3914410599166489 827.5843817241874 175.62961436541013 1049.858410247185 262.96018158429314 1.5 1.5334127962589263 3.384297576546669 5.861740235334345 1.5544528895987837 13.250735648628815 0.02505044539901189 0.9999934434890747 
Cyclist -1.0 -1 1.6593975670172203 529.0402686600968 182.71676304376686 545.844388806827 216.8389324166809 1.4 0.5759381249547004 1.638914693892002 -3.138971881953967 1.834021158010443 30.900069602708566 1.5581602295252936 0.9999990463256836 
Car -1.0 -1 -0.3009986297540892 728.914993812862 177.41211211954558 882.9512139499249 231.1517870384286 1.5 1.6148673862218856 4.06524972319603 5.627750278479599 1.6397922466033996 21.178758401065245 -0.04127450386551448 0.9999821186065674 
Car -1.0 -1 -2.634840277095384 83.852965624485 182.49761897585398 363.1064675815525 275.2134535320668 1.5 1.6152909517288208 4.063500699400902 -6.707142179533339 1.6814511361474924 12.697035927855147 -3.1208275119450435 0.9999784231185913 
Car -1.0 -1 -1.6493259561627016 635.2229189433846 179.1630716868472 673.1672612779851 211.03854674823987 1.5 1.611434531211853 3.9541813105344774 2.161133412521982 1.8389947244840823 36.73288754239297 -1.590559951090489 0.9999759197235107 
Car -1.0 -1 -0.48284940680985144 890.686429566196 174.2543761696981 1209.0356068810615 287.9508305614595 1.5 1.6056109711527824 3.598325189948082 6.107856048350757 1.5223171893613232 10.425029949727426 0.047125860056604664 0.999974250793457 
Car -1.0 -1 -0.37338411505031543 812.8706423456711 176.25914767688016 976.4841837129098 248.67969618253898 1.5 1.523149248957634 2.9760277390480043 6.092561323879541 1.5784859628488734 15.783308583851083 -0.004993395009313307 0.9999731779098511 
Car -1.0 -1 3.4823614514179724 226.54865838658122 181.98658582154977 420.68650137264984 249.15126541350088 1.5 1.6073810428380966 4.000063848495484 -6.76757118503825 1.7293541593094894 17.218901085945305 3.107876765724045 0.9999710321426392 
Car -1.0 -1 -2.899073188379571 400.94001319034425 181.3160643512391 502.3250643497352 217.69136009494426 1.5 1.5478062003850936 3.9958449572324755 -6.786882499684854 1.8732175998607736 30.96297959851551 -3.1148540536549434 0.9999582767486572 
Car -1.0 -1 2.7501469427099394 755.6042320477867 176.9074903223345 926.7685366969529 239.58016703940498 1.5 1.592719231545925 3.8274122893810274 5.757789082781303 1.6088621552671523 18.35107198239069 3.0541771531065525 0.9996997117996216 
Car -1.0 -1 -2.9223806048231316 420.0845624349332 181.19621125950144 514.839387054772 214.70336367004313 1.5 1.6723335281014442 4.066705194115639 -6.6307398214125755 1.8993907645933221 33.62481786656214 -3.1170802871373042 0.9996153116226196 
Car -1.0 -1 3.6742438495506624 0.0 182.7648852139285 315.3595589925394 300.4896224616034 1.5 1.594266903400421 3.7303979068994524 -6.401652641073357 1.65195567911067 10.183936606227899 3.113057839866501 0.9993708729743958 
Car -1.0 -1 -2.3545935508359452 920.6524374233439 159.7545746981779 1241.0 374.0 1.5 1.505921085178852 3.386918690800667 2.7002572214399505 1.4793411666651246 2.869287480421789 -1.599535101154123 0.9993106126785278 
Car -1.0 -1 0.9516260814367652 0.0 184.30189722215547 123.81245977080647 374.0 1.5 1.6403303042054176 4.424441841244698 -6.352995360456424 1.600706913719985 5.3300819935211035 0.07889549334975651 0.9172035455703735 
