Car -1.0 -1 -1.4842466520536548 655.4539313702945 178.28489611955914 720.2988025036279 235.1747460075614 1.5 1.5857786431908607 3.8837122291326525 2.349933419387787 1.677505775522307 21.473862164459007 -1.3752481053259713 0.9999986886978149 
Car -1.0 -1 -1.6762104946057002 840.2307288726919 176.87939123264158 893.7685103165953 215.65115905906387 1.5 1.678415623307228 4.3732347458601 10.814083541937865 1.6846819931486843 30.71541458258967 -1.3376896540310723 0.9999961853027344 
Car -1.0 -1 -1.9662989022625508 1081.9720934375846 173.16315327570263 1241.0 271.86777220589164 1.5 1.657130990922451 4.456082594394684 10.438169019990928 1.5070915369909377 13.345162143456742 -1.3025256256249291 0.9999799728393555 
Car -1.0 -1 -0.7533545331802018 0.0 184.38199039653568 134.0690071122647 245.4826858965994 1.5 1.5720071762800216 3.4852492183446886 -15.517916919554462 1.853536118298696 20.25528405481299 -1.4070909629252297 0.999866247177124 
Car -1.0 -1 1.4047791489376409 892.4751689250385 176.43275877547836 952.8590769625772 206.4192502989277 1.5 2.072615970671177 6.106878679990769 17.194752203214325 1.7150420869674152 40.06915455882207 1.810140120979172 0.9998644590377808 
Car -1.0 -1 -0.9512338186166829 275.08613189549675 180.88516290509986 449.7306617314869 256.2641512438437 1.5 1.6405782222747802 4.455869880318642 -5.734516555243374 1.7185691336657583 17.23122631305385 -1.2725024382260186 0.9998469352722168 
Car -1.0 -1 -0.7954954265728966 81.26351251842958 182.75520657063495 274.94334443883133 251.26808040962712 1.5 1.6333735108375549 4.523980107903481 -11.082045706356931 1.7922795133461633 18.878268049282813 -1.3263210515168053 0.9998466968536377 
Car -1.0 -1 -2.1483886405332866 1205.8198834336702 171.3225032724883 1241.0 271.25425577105125 1.5 1.6417459145188331 4.282030698657036 12.999784294183424 1.477369728770947 13.09074792270376 -1.366476924219404 0.9996265172958374 
Car -1.0 -1 -1.1343431457537363 398.80277619182607 179.6301053774596 562.1437835982873 261.4994520501642 1.5 1.750996758043766 4.65389997959137 -2.7137575795252977 1.6748642881039582 16.103108869736737 -1.3012982467797143 0.999549925327301 
Car -1.0 -1 -1.5229749824047984 758.6541075861704 176.49632045483858 865.2041540580116 269.15730224224683 1.5 1.7281536504626274 4.3621114015579225 4.017815949682939 1.58390039818551 14.204301138302615 -1.2473170022156579 0.9844937920570374 
