Pedestrian -1.0 -1 1.4100521058602884 484.02542713429136 164.49419054922865 514.5544269013075 242.5342310887326 1.8 0.5909827098250389 0.8176683008670806 -2.55503672870595 1.4324324496853464 16.782943753479046 1.2589720924708503 1.0 
Pedestrian -1.0 -1 0.12547124209890653 274.26959893208755 161.09016445194948 321.7461284146531 273.9851225464432 1.8 0.5938408456742763 0.6505254216492176 -5.090957681904683 1.492183922502216 11.64500530116518 -0.28667016426590514 0.9999998807907104 
Pedestrian -1.0 -1 0.31021849181610306 672.7564276197409 165.34895437781674 702.3252624958571 224.4059262110024 1.8 0.5275425992906093 0.7890646837651729 2.5324942701476503 1.3397694110336533 21.948209381781595 0.4250954826686042 0.9999997615814209 
Pedestrian -1.0 -1 0.9172858259631755 756.2687840790256 145.28359758812562 842.5354156680171 309.88667157191253 1.8 0.5337311446666717 0.8926301755011081 2.198647717324402 1.4165825625842254 8.24135819197842 1.1779960831019538 0.999998927116394 
Pedestrian -1.0 -1 0.9349172292765473 728.5201553572178 140.48994476504856 825.3865440876573 334.24957551728505 1.8 0.5679579012095928 0.8051610112190246 1.6457136788276874 1.4300109401976806 7.045458182465747 1.164387865862574 0.9999986886978149 
Pedestrian -1.0 -1 1.462087950903241 566.7390096161317 161.936419528116 601.2806541571634 248.17809152462362 1.8 0.6447271935641765 0.9253131717443466 -0.503757782358352 1.4141709989167748 15.255805803338495 1.4290792187068122 0.9999943971633911 
Pedestrian -1.0 -1 1.1126971213235133 568.9146312824993 164.98916695263603 601.9469246528324 233.63771332900552 1.8 0.5454025723040103 0.9027970515191555 -0.5697079299740703 1.3948849461640314 19.06077975103945 1.082817002138819 0.9999486207962036 
Pedestrian -1.0 -1 0.7653809630673096 761.540511744843 141.7105516971322 873.6353707027513 324.88289497668944 1.8 0.6815147146582603 0.9258717790246009 2.1917429702610423 1.4205186588870489 7.514224203551823 1.049186631045069 0.99993896484375 
Pedestrian -1.0 -1 1.3048289106470554 555.7681894338491 163.80950851053805 590.6913355892369 240.16256552824757 1.8 0.6503157809376716 0.8253051459789276 -0.8165015803445683 1.4081311642037873 17.156310263609853 1.2572728832575935 0.999897837638855 
Pedestrian -1.0 -1 1.5524252077940832 547.1260556940819 162.17072517698688 582.8321256502344 248.54567624673766 1.8 0.7446207597851753 0.9050462886691093 -0.911570352908167 1.419651843613983 15.209721131528973 1.4925634106013435 0.9998337030410767 
Pedestrian -1.0 -1 1.3996987686643454 501.55571554886905 163.9161790658701 540.8515195287605 243.57874719244543 1.8 0.7750854387879371 0.8438000947237014 -2.0016742609706952 1.4268943873674873 16.48659560053996 1.2788778980586188 0.9997643828392029 
Pedestrian -1.0 -1 1.019837064561939 756.3775664616129 146.3641129593349 838.6187880445533 304.9408626206333 1.8 0.5468003943562507 0.9343599461019039 2.2575243921052395 1.4142097212068871 8.54691436256581 1.2780727585169929 0.999693751335144 
Pedestrian -1.0 -1 0.9351649642397608 689.5357138292865 140.36344289540628 801.9195488130019 336.8506241146549 1.8 0.6273028001189231 0.9953609228134155 1.3294501746808371 1.4340125315267247 7.0567532794350925 1.1213764389369147 0.9996435642242432 
Pedestrian -1.0 -1 1.3150189602824924 427.1149579820341 164.84991840163855 464.08148260042447 244.88361939875915 1.8 0.6299000725150108 0.8963519267737865 -3.7531275957688455 1.4496330061374854 16.439913139219662 1.0905718048426765 0.9991611242294312 
Pedestrian -1.0 -1 1.2731901294847126 467.06851726389647 164.85743906315824 501.63801366190165 241.9087911672392 1.8 0.5830619975924491 0.8925497092306613 -2.953669730592316 1.4361792662986015 17.04229831775667 1.101580782732691 0.998992383480072 
Pedestrian -1.0 -1 1.1969027177539007 534.7579229355946 163.87142745884117 579.3905942219435 240.975523079721 1.8 0.7747838765382766 0.9690999545156955 -1.2065572279914343 1.4134108406854995 17.105149148774213 1.1264816959712165 0.9988081455230713 
Car -1.0 -1 -1.2000944461524041 0.0 181.25840833383376 281.63597364696005 369.0 1.5 1.9423325106501579 5.156605553627014 -3.0916432296498004 1.508614270340511 3.6875032951683955 -1.8978218893196923 0.9957543611526489 
Pedestrian -1.0 -1 1.4210741375816995 584.4991089509382 161.89631508897656 622.0437932595984 246.93770818868114 1.8 0.6956829249858856 0.8640730313956737 -0.08805903777408106 1.407851687049685 15.441214688005127 1.4153713425013679 0.9832626581192017 
Pedestrian -1.0 -1 1.2298624135780474 522.6750605251785 164.24286144920612 559.8862284373464 240.49671111209193 1.8 0.6493798017501831 0.8621651239693164 -1.596463998429715 1.4178485017695086 17.212761089494965 1.1373781402918952 0.8995745182037354 
Pedestrian -1.0 -1 0.6616153847207031 715.2191405647638 142.91837791768987 830.1301993026734 322.5929472039185 1.8 0.6554395452141761 1.028977197408676 1.7574198426230572 1.4251970648653203 7.684134783251454 0.8864559372279304 0.8214739561080933 
Pedestrian -1.0 -1 1.2871376398671872 446.46171143720227 164.99849078266004 485.33841682353005 242.6221040130393 1.8 0.6850689209997654 0.9102978304028511 -3.381289218339328 1.4421452450964536 16.952598032472615 1.09026567538711 0.7389695644378662 
Pedestrian -1.0 -1 1.299446852728686 485.95657296040577 164.83070606282095 518.8307504151704 240.67899119592164 1.8 0.5826457895338535 0.8653264053165912 -2.5539924328308246 1.4297461913560028 17.28809125244147 1.1527764042231696 0.6748647689819336 
