Cyclist -1.0 -1 1.860085188178442 610.3554351503456 184.61924475087298 687.7048828605264 297.34331154475575 1.4 0.6585331194102764 1.5414322286844253 0.5186982642784155 1.5766044932134349 9.969619487434384 1.912066209312302 0.9999994039535522 
Car -1.0 -1 1.4753627929131363 879.3480471463348 176.8433396030734 912.0672840357087 202.26904858147935 1.5 1.5258647993206977 4.063713413476944 17.899821799107613 1.7633887923241993 45.40718193931146 1.8508651137312473 0.8442255258560181 
Car -1.0 -1 1.4257420234309115 856.1916803683812 177.065545435516 891.9048435472757 202.46821190480728 1.5 1.53646772056818 4.036213693022728 16.54579388934495 1.7780589162588079 45.442130734122266 1.7749285578688205 0.7585775256156921 
Car -1.0 -1 1.497415735211465 819.1735646762073 177.4606134327312 849.9780789072122 202.9289715942264 1.5 1.549704422056675 4.059697178006172 14.060857282827401 1.8041219919598015 45.42401104153833 1.7976078867872776 0.7277897596359253 
Car -1.0 -1 1.5091847350807646 897.2377992104614 176.66928904520924 928.4194594191547 202.1040430554676 1.5 1.5529241904616355 4.05953438282013 18.965228734288356 1.7517795286018363 45.37335080618563 1.9050958037336887 0.7262625098228455 
Car -1.0 -1 1.4746814799336996 834.0374644810214 177.30393328160258 866.431338594568 202.74612079540535 1.5 1.5457544967532157 4.04383861720562 15.046435677892271 1.7937694778071898 45.42972939913205 1.7945129752119602 0.7252742648124695 
Car -1.0 -1 1.453710155125574 842.6511451461216 177.21440738231817 875.8358757441572 202.61688576474225 1.5 1.5063848838210105 4.042469945549965 15.627214899206262 1.7880717937250794 45.471637405477516 1.7847342371901096 0.7232354283332825 
Car -1.0 -1 1.5279393820718146 799.3789480639527 177.66948968110128 828.0391862059786 203.17018875518514 1.5 1.5544290214776992 4.077719759941101 12.748645919423119 1.8179308625646842 45.41882799957495 1.8015885233839573 0.7224919199943542 
Car -1.0 -1 1.4119699077581893 808.7310989731685 177.55077000901446 844.1570613958887 202.95126326127314 1.5 1.5156584352254867 4.000886392593384 13.554310988167591 1.8098417841356882 45.459247802291635 1.701741445060593 0.7135418653488159 
Car -1.0 -1 1.4442473132353897 789.164064575547 177.7590140428506 822.3665220560852 203.18433320426539 1.5 1.5178926780819892 3.9958594858646395 12.252535996726593 1.8235153096271641 45.45166450637706 1.707561004157883 0.7098948359489441 
Car -1.0 -1 1.5454242307349138 925.685323351086 176.3947575432702 954.356121128054 201.81738513338533 1.5 1.5282080069184303 4.051822286844254 20.66203027473764 1.7334606402405384 45.335772679497126 1.9730541586836399 0.7046511173248291 
Car -1.0 -1 1.370733010713041 900.5375324639119 176.60180028637927 940.31850064659 201.90743735715088 1.5 1.5399961292743682 3.9548079043626787 19.477938492221732 1.7474679951019148 45.47907354676857 1.7753815531691135 0.6750948429107666 
Car -1.0 -1 1.46297398035478 779.4622705428918 177.86411160712848 811.2997843149724 203.29558103332093 1.5 1.5144279718399047 3.980994459986687 11.600349995929802 1.8304015669955487 45.45129562975025 1.7128651022871555 0.6683204174041748 
Car -1.0 -1 1.3629353605254872 910.8593684671317 176.48893968730434 951.898223608193 201.81518007520003 1.5 1.5587177619338035 4.016835105419159 20.160872563813705 1.7401463384843243 45.46886531256521 1.780286777015549 0.6455457210540771 
Car -1.0 -1 1.4783992152809138 769.5605657616578 177.97047924331852 800.2530931550115 203.40648283775585 1.5 1.5113361671566963 3.963643175363541 10.941960713340238 1.8373411263141535 45.44975635732232 1.7146518111189426 0.6435790657997131 
Car -1.0 -1 1.49439538373601 759.9036560418807 178.07471038495464 789.4040785639768 203.51500076670973 1.5 1.5066832795739173 3.944160279631615 10.297345009088886 1.844122445958219 45.44699950348273 1.7172124266584934 0.6267499327659607 
Car -1.0 -1 1.5173161671797781 750.4649574555467 178.1778257906419 778.3977295951421 203.6278509990215 1.5 1.5041400238871574 3.932439398765564 9.655187946525402 1.8508816813634312 45.44461485254499 1.7266638159712375 0.5804330110549927 
