Car -1.0 -1 -1.7055590588243512 681.5049935992143 178.0870908217838 753.9401439455356 233.8260775162931 1.5 1.6192857667803764 3.946025159955025 3.1039240907093477 1.6725803435131403 21.764723005430053 -1.5639016484518093 0.9999998807907104 
Car -1.0 -1 2.682511284612832 860.6663482204336 176.05349866902395 1008.4211800825477 233.52526841571924 1.5 1.602647316455841 3.3317240446805956 8.78263732167706 1.5920069826784462 19.795829822848283 3.1000811934431614 1.0 
Car -1.0 -1 2.1482997859786828 0.0 181.69765320935167 276.5991411958291 337.43402003118143 1.5 1.5901748582720756 3.9472351342439653 -5.98454102570684 1.6367032175275464 9.146302752484436 1.5688988407466071 0.9999995231628418 
Car -1.0 -1 1.9580534546893706 209.6937919914023 181.3908557736568 370.3696203739465 273.8427016788917 1.5 1.5389349803328514 3.650066864490509 -6.004822420834669 1.686444765198251 13.884640381664225 1.5498646934840339 0.9999992847442627 
Car -1.0 -1 1.8576860759534302 337.2849062257859 181.0566944923624 439.16141764351823 243.34446332867597 1.5 1.603439126908779 4.025056076049805 -6.029656148111127 1.7498205015101513 19.92277686984233 1.5637985905024665 0.9999991655349731 
Car -1.0 -1 1.8103936657962625 421.49277727750433 180.81371067468933 489.9005639591595 224.73225533870377 1.5 1.6075190648436546 4.144816336035729 -5.826887350542558 1.8268446288013012 27.496717513887063 1.601570832725388 0.9999994039535522 
Car -1.0 -1 -1.7032161287072451 667.6134139709762 178.50336694546647 724.465084633498 222.30410354324565 1.5 1.5940836191177368 4.048478838801384 3.1299082766289117 1.729862258071554 27.27121920289752 -1.5889464514937741 0.9999988079071045 
Car -1.0 -1 2.588395478414225 922.1205792146641 174.86070852956456 1144.4606586854045 247.9254460199967 1.5 1.6016927108168602 3.927240011096001 9.057979597023289 1.546470825066524 15.717625584522628 3.1112019896467746 0.9999912977218628 
Car -1.0 -1 2.636189225204987 889.822272589923 175.66755037455638 1041.6714757213535 238.04785210105942 1.5 1.5776552751660347 3.0740568906068804 8.898204909090955 1.5750929765782853 18.294453450151543 3.0888881564100803 0.9999877214431763 
Car -1.0 -1 2.807868748825217 791.2377534430348 176.96719552851292 927.2225629859812 225.008937719732 1.5 1.6133497029542923 3.866565462946892 7.991991671573073 1.6389040411792493 23.483399117576212 3.1358986973722995 0.9999816417694092 
Car -1.0 -1 2.7000399504723234 844.5011470595387 176.27676995596357 987.3715746181567 231.27595403954373 1.5 1.5902456387877464 3.4131678313016893 8.64121462753633 1.6024918456471497 20.65598934473647 3.0962555289228977 0.9996200799942017 
Car -1.0 -1 -0.854315339751448 1241.0 171.84482604608263 1241.0 220.4037915986531 1.5 1.7840082317590713 4.679582130908966 23.884322021942612 1.4691841413598068 23.30898231981794 -0.05672665039566585 0.5549124479293823 
