Pedestrian -1.0 -1 -3.0404775256554952 588.3375308582705 169.29890200249986 616.479660894073 226.82701638287543 1.8 0.7845777578651905 0.8240895837545394 0.011461359011626305 1.4193468591613925 22.90546883444171 -3.0399771491673335 0.9999967813491821 
Pedestrian -1.0 -1 2.039451420876174 219.0677474535069 163.16754834039526 293.2433615802877 277.9301185416619 1.8 0.8014172807335853 0.829163522273302 -5.640193241358441 1.5137617277519715 11.686269297252688 1.5897927164991916 0.9999980926513672 
Pedestrian -1.0 -1 -3.2480104347959298 756.8858566947878 151.60373092336553 843.6315789724547 297.65006857519705 1.8 0.726273239403963 1.0041423633694648 2.498782005471641 1.4328719161946353 9.287669074745024 -2.985190824666296 0.9999972581863403 
Pedestrian -1.0 -1 -2.978100653752774 1019.867333757851 136.77059613941117 1158.6798797267493 346.85795233899296 1.8 0.8015864089131355 0.9693546712398529 4.549743032920511 1.4181495014365337 6.775995747851225 -2.3867937485363826 0.9999947547912598 
Pedestrian -1.0 -1 1.723694547282438 500.99984498640896 170.57187613022612 530.5577366375979 226.23310117239873 1.8 0.8191270314157009 1.0783211819827556 -2.850224908148605 1.4476957733880778 23.779874357114355 1.6044049143751682 0.999991774559021 
Pedestrian -1.0 -1 2.367741984726093 610.1129836532 168.84686085622084 648.256197970681 227.17845395031816 1.8 0.7756435804069042 0.9312857434153556 0.8535343721067511 1.4106615051357847 22.76388214723479 2.4052195429762424 0.9999850988388062 
Car -1.0 -1 1.7937224423475095 362.51152518360647 180.62223595831597 478.67619170960023 246.6408725356761 1.5 1.9443871945142746 4.500103977322579 -4.528715763452165 1.481268655370596 18.583988259581226 1.5546921928736823 0.9999802112579346 
Pedestrian -1.0 -1 -2.4590305133095285 101.00351608828615 144.12223495054383 267.2742503358162 373.0 1.8 0.772064135223627 0.9457252480089664 -3.5563743999035435 1.5078302607503193 6.093255005626132 -2.9873468438771114 0.9999721050262451 
Car -1.0 -1 1.6878437256172014 435.0114438261385 180.2486881281062 504.11248153535803 228.12420908702055 1.5 1.8025730296969413 4.812140998244286 -4.487974679372356 1.4619019319893918 24.96015325794505 1.5099391182276862 0.9999594688415527 
Pedestrian -1.0 -1 -1.2610672037431057 331.9828173179262 170.07735639217614 369.33880665672933 239.06032662669594 1.8 0.7721868835389614 0.66631720662117 -6.686531918173662 1.503115468213817 19.084746718729278 -1.5980627025153977 0.9999523162841797 
Pedestrian -1.0 -1 -2.136453565715226 583.4174211735249 169.33359213035232 617.4956420080251 226.72949655769384 1.8 0.715494018793106 0.9161948718130588 -0.06218880494775576 1.4195545248757355 23.103812858789382 -2.139145270982061 0.9995765089988708 
Pedestrian -1.0 -1 1.6220346457237675 248.2352549854666 161.965144574385 302.6682126114811 282.54014799958946 1.8 0.7332945734262466 1.052403499186039 -5.169256321487427 1.5096818774649639 11.345144422968678 1.1945037086817878 0.9994018077850342 
Pedestrian -1.0 -1 3.2105831688509956 221.23343887286615 164.8073954845374 287.56185639513706 270.305646185739 1.8 0.7113638825714588 1.0177145272493362 -6.18940942205137 1.5164738322918299 12.773352706107081 2.759366619582993 0.9984362721443176 
Car -1.0 -1 2.8102283722225883 0.0 0.0 1237.0 373.0 1.5 1.687280510365963 4.283659768104553 -2.5297938787985923 1.5127929576383945 0.681529212795918 1.5025855739924567 0.994942843914032 
