Car -1.0 -1 -1.1822846719675622 262.5969237253206 182.16653837565318 335.305550898587 220.2928989702756 1.5 1.5673369660973548 3.5431428372859957 -12.861679459580667 1.381168521503164 30.06177476513687 -1.586559762307678 0.9999997615814209 
Car -1.0 -1 -1.0284785304880508 117.56783705736109 183.05594928733822 240.46155967442138 237.13706323093166 1.5 1.5897131085395813 3.5266908377408983 -12.839884018751242 1.4412281403209701 21.704226457439415 -1.5626871856537206 0.9999966621398926 
Car -1.0 -1 -0.8696483580520347 0.0 184.3707791432488 142.6724013962677 336.96080992312045 1.5 1.572025430202484 3.9363651096820833 -7.937191200830756 1.4928254096610911 9.045581642648001 -1.5898733782258374 0.9999958276748657 
Car -1.0 -1 -1.078245233161163 121.32788015191996 182.61078228316944 284.88485834659303 260.3487282028427 1.5 1.5593130633234977 3.643264111876488 -8.678065502350691 1.4508677798618868 15.6981691476235 -1.5832413519409043 0.9999955892562866 
Car -1.0 -1 -1.2870237676063632 376.64417814133884 181.23897934254552 437.93090384960993 217.61692264987695 1.5 1.5809733912348747 3.833499786257744 -8.75739664878625 1.3371560458017357 31.564335319720545 -1.5576625234123809 0.999985933303833 
Car -1.0 -1 -1.286358851711259 300.17234031031165 181.2405458910089 416.46237119183564 233.25142570526552 1.5 1.893710021674633 6.438751381635666 -8.10136431171053 1.386487316208349 23.983849244919064 -1.6121097850289685 0.9999854564666748 
Car -1.0 -1 -0.7964746511743066 0.0 185.24409651226856 45.92001298917613 281.5055164820375 1.5 1.5844667822122573 4.031811144948006 -12.760408539211952 1.5017334375394369 13.220138069723827 -1.5641795164581878 0.9999434947967529 
Car -1.0 -1 -1.5527382401269756 563.482408316251 179.78817886734402 600.4003472666716 213.29997844913518 1.5 1.6524445757269859 3.7649484843015673 -1.2239441931409396 1.2581934993346446 34.06939264539377 -1.5886478340860946 0.9996682405471802 
Car -1.0 -1 -1.19115725289282 184.22191802194203 181.19432402912355 406.0908092714677 318.5789903032586 1.5 1.5464887514710426 3.2609591752290727 -3.9256876343119775 1.457224820754818 9.48509373060899 -1.5835713213917357 0.995528519153595 
Car -1.0 -1 -0.48976490839924014 0.0 0.0 1240.0 375.0 1.5 1.5838703632354736 3.698832777142525 -3.1881371632115765 1.5072611251263957 1.7153419822244036 -1.5669475244965894 0.8370411396026611 
