Car -1.0 -1 -1.7166531521810686 692.5040455260864 178.3675204328991 745.4058939860255 218.45677748408858 1.5 1.5850944936275482 3.77138466835022 4.3288056496301675 1.7394409325711857 29.39938805632845 -1.5704622344081314 0.9999990463256836 
Car -1.0 -1 -1.710934414844938 698.2361369005214 178.049187176502 763.8063951316825 228.41716188590024 1.5 1.5838975578546524 3.9315661907196047 3.86974531582427 1.6865543209131313 23.87567174861943 -1.550252693766032 0.9999977350234985 
Car -1.0 -1 -1.7448836561991377 720.6792263211273 177.4777577180504 809.5218393835572 244.14161205385508 1.5 1.5760468810796737 3.5905639201402666 3.7742428320892247 1.629307325016964 18.302251836103853 -1.5415170351651055 0.9999955892562866 
Car -1.0 -1 -1.8586852150539281 746.346514988265 176.51132793660017 897.5742799931377 276.3600140562894 1.5 1.5669981509447097 3.5664452731609346 3.513801047984274 1.5741960761967626 12.766451974477233 -1.5900985999640567 0.9999951124191284 
Car -1.0 -1 -2.026464102390519 809.4947223105364 174.4370651012737 1160.6191858103027 366.3245414154303 1.5 1.5640205264091491 3.996848550438881 3.4656486633153727 1.5216818698825416 7.69368232073322 -1.6032328354802472 0.9999788999557495 
Car -1.0 -1 1.7274814750774863 491.77088145767493 180.4467533111103 539.6175498754345 215.8004867119754 1.5 1.601840604841709 3.9649999260902407 -4.350044131521083 1.8737333034385835 33.47531021055459 1.5982577681501926 0.9999524354934692 
Car -1.0 -1 1.7686950354399806 468.53162487866524 180.56618971211023 523.6809760419627 221.64407474555657 1.5 1.5337484449148178 3.3761853843927385 -4.511222494208499 1.8256180938966096 28.709159065664135 1.612834203239304 0.999916672706604 
Car -1.0 -1 2.143394714050696 0.0 180.99357500686443 308.2872975349505 374.0 1.5 1.571255598962307 3.923170876502991 -4.8197394533574025 1.607598619435018 7.539132304545192 1.5745808958967746 0.9998818635940552 
Car -1.0 -1 -2.5260685256550484 1082.4022693574727 143.4303550945557 1241.0 374.0 1.5 1.5752602860331535 3.5388580083847048 3.5990427004700387 1.466954174789697 2.592640332468249 -1.579538510241781 0.9994984865188599 
Car -1.0 -1 1.9281283517025212 230.60348345055118 180.68049941336744 418.7230264342928 285.00261738995056 1.5 1.6445320591330528 4.3865619719028475 -4.867202454678894 1.664109181232357 12.897596723751365 1.567279024920191 0.9977085590362549 
