Cyclist -1.0 -1 -2.0382834326765646 866.9423240638984 178.1341051716108 949.9431212706561 272.39232427566066 1.4 0.4701279129832983 1.7722212269902229 4.796745529844249 1.366521828574284 11.396920277620046 -1.6399069065835816 0.9999996423721313 
Pedestrian -1.0 -1 2.45288440286106 663.2403231453384 160.3218869033433 717.148226179601 247.6714348207951 1.8 0.5665759116411209 1.01313381716609 1.777797349200813 1.3858164386283087 15.077311831147894 2.5702545523603977 0.999998927116394 
Pedestrian -1.0 -1 -1.3524226520137332 849.2347812270875 163.31160414039473 875.1411010814357 220.9033923907933 1.8 0.6594710543751716 0.6129814803600311 8.167006928412464 1.2643397043972626 22.528996086619312 -1.0046460191395623 0.9999977350234985 
Pedestrian -1.0 -1 1.3435941975081547 792.2464379054703 150.23446526336576 854.7419331228971 285.1944024793277 1.8 0.660733089596033 0.8164402589201927 2.980148687958254 1.3980117887507935 9.854404096843915 1.6372678160627903 0.9999932050704956 
Pedestrian -1.0 -1 -3.713448430216511 1093.2374026771347 157.7176898136049 1135.2680964052367 228.63302769788896 1.8 0.6244346991181373 0.6452640078961849 13.115953102189138 1.2233232230283122 18.269805517733033 -3.090807632603918 0.9999872446060181 
Pedestrian -1.0 -1 2.6055850482184586 645.8589838246011 160.6036565946824 698.8311871615903 247.76877489213737 1.8 0.6219506755471229 0.9385887093842029 1.3928168346998706 1.390755032297556 15.07829548115008 2.6976959586103977 0.9998464584350586 
Pedestrian -1.0 -1 2.6347184910119674 633.8727793005681 161.76082807705063 686.1139087882037 243.25657128236116 1.8 0.5864504285156726 1.03061483502388 1.2107086985985818 1.3877213329632023 16.093613699375773 2.7098061919172824 0.9998461008071899 
Pedestrian -1.0 -1 -3.4178818008642087 895.012999274436 161.04261333987722 941.7197308842204 227.5507516783471 1.8 0.5705588057637214 1.060401976853609 8.591933903476624 1.2749796881532898 19.48683295786625 -3.0026130239155635 0.99945467710495 
Pedestrian -1.0 -1 2.1779794751265262 694.4603667254735 159.96163143181596 743.25919235343 247.10365058695115 1.8 0.5981716819107532 0.9512797489762306 2.4044252449477272 1.377384454355228 15.150078836522127 2.3353738665541233 0.9983924031257629 
Pedestrian -1.0 -1 -3.4547219255818606 898.4782456298643 161.0647381710468 946.5299231915761 227.08859161176758 1.8 0.6476400911808013 1.0696303591132164 8.778497496198185 1.2717189403928362 19.6503031063841 -3.0345856706288203 0.9940840601921082 
Pedestrian -1.0 -1 -3.6541678610738693 1104.8899070521454 157.36028187010544 1143.7441359638174 229.63971338369575 1.8 0.5359070867300033 0.6076128713786602 13.109222986176777 1.225339119435952 17.905150585753333 -3.0221901694920406 0.6767673492431641 
Pedestrian -1.0 -1 -1.2785847814752542 864.9055951446835 162.9479982126936 893.1621680785769 221.2860002179365 1.8 0.664748952537775 0.675347775965929 8.607357433962783 1.2599950212939524 22.281386154483684 -0.9099419871952874 0.6084774136543274 
Pedestrian -1.0 -1 -1.1676023571256604 843.4189292920069 163.46540967065638 870.2080574369724 220.56228400878038 1.8 0.5980115875601768 0.6678888134658336 8.068034369474322 1.2645301367623145 22.733210146915965 -0.8265682617810113 0.6047408580780029 
