Car -1.0 -1 -1.6653148386441115 658.5804789058592 178.3209918757319 727.1009809236601 233.27347613046794 1.5 1.6794141873717308 4.1995132833719255 2.405303171929211 1.684754090767122 22.223281668377442 -1.5575010432538134 0.9999980926513672 
Car -1.0 -1 2.164685209097048 0.0 181.2477434783229 303.28391971755076 358.09975076083407 1.5 1.6190901890397071 4.0762974441051485 -5.333715637259337 1.6217290386197736 8.37151474278399 1.5974130511244358 0.9999991655349731 
Car -1.0 -1 -1.7256245633620446 673.8489615748803 177.75293127450675 769.713815576224 252.27559183670988 1.5 1.5757393583655357 3.8972056031227114 2.4146252096091136 1.6272934560052832 16.735372243433112 -1.582330712178026 0.9999963045120239 
Car -1.0 -1 -1.8299284500432362 717.1979030830996 176.64730700738716 871.6285482041992 286.876598867692 1.5 1.5454089760780334 3.3806486546993257 2.7456164324535717 1.5705864697618384 11.644686937945817 -1.5983748241004092 0.9999947547912598 
Car -1.0 -1 -1.633976758463509 654.4979094687249 178.71943427515063 701.5071460050052 221.56561586453643 1.5 1.5460648134350776 3.7282685309648516 2.5025759882507477 1.7405307419840716 27.657821181330466 -1.543739006915365 0.9999920129776001 
Car -1.0 -1 1.7985997677976766 406.4443620698844 180.81979085815317 480.6437229604549 231.20252667345528 1.5 1.570470680296421 3.865443778038025 -5.489288910241592 1.7870015324014386 24.02609998476888 1.573983180518967 0.9999910593032837 
Car -1.0 -1 1.7386125373135095 458.2506126133028 180.76620887668207 507.090784734712 218.4921001783686 1.5 1.5107445910573005 3.5376957178115847 -5.487699132928661 1.8620054756944229 31.203428828350216 1.5645243366572517 0.9999909400939941 
Cyclist -1.0 -1 1.7566364905500835 415.84979871105895 185.26111344557387 458.55473575516953 258.02335894274 1.4 0.5707295171916484 1.6606610760092735 -3.621449829216674 1.6730458245052957 15.011699781738088 1.519917651018824 0.9999909400939941 
Pedestrian -1.0 -1 -2.0139992272873664 887.4985392496782 154.84091316501943 956.283513846239 280.05586076016033 1.8 0.7547449812293052 0.5862696588039398 4.550150034135114 1.5414146942761418 10.677687723925668 -1.611166541525398 0.9999902248382568 
Cyclist -1.0 -1 1.9329097175856524 263.89717711628435 188.63113782710107 376.0453633522774 330.8995165590301 1.4 0.606416866928339 1.7178159698843956 -3.2662864894664487 1.5976118133613726 8.153807899859858 1.5518998344752448 0.9999393224716187 
Car -1.0 -1 1.9453373973482189 232.61092302475288 181.01178700368 399.92600659641005 278.10297497464455 1.5 1.5395304679870605 3.8698779910802843 -5.285639388362868 1.6738396256153143 13.405592673511952 1.5697664459559577 0.9996023774147034 
Pedestrian -1.0 -1 0.634997125006421 627.503715636281 174.7129801387913 644.9952383793334 205.18698742137835 1.8 0.5326685056090354 0.9063396163284778 1.5361148348849845 1.9128420025687474 43.166223113221214 0.6705681522700446 0.9992995262145996 
Pedestrian -1.0 -1 0.5607687417329497 620.8433611054937 174.71595593628663 638.905381785852 205.53766035567642 1.8 0.4388029247522354 0.9843538075685501 1.1398003435577173 1.9115891010320505 42.645788363465854 0.5874895294520515 0.9989076852798462 
Car -1.0 -1 1.673599955927744 353.88551400310877 180.92378040733624 431.5150462285858 248.46933205931197 1.5 1.5195316195487976 3.7430989116430284 -5.50650008900721 1.7291489404790983 18.473873529548904 1.383915110430445 0.9952532052993774 
Pedestrian -1.0 -1 0.5782058777232721 626.2261470152267 174.70699073283495 642.5657756306421 205.29482747194626 1.8 0.44969748966395856 0.8669788509607315 1.4176852421564372 1.9117586701585008 42.94287865272498 0.6112071712824958 0.7910391688346863 
