Pedestrian -1.0 -1 -2.53458122272274 749.1822506933512 149.44372599897824 850.8055282024446 307.25210377513474 1.8 0.7106530971825122 0.9658094055950641 2.373277620955716 1.4357088166764471 8.789136532509668 -2.270847038426672 1.0 
Pedestrian -1.0 -1 -1.6712373431440573 404.878561612732 163.60970618489662 456.80688649340556 264.6835734639929 1.8 0.8525654233992099 0.8628493666648864 -3.2181764573929947 1.48266826319905 13.338199649224842 -1.9079876999047143 0.9999995231628418 
Pedestrian -1.0 -1 -2.2610209055965136 770.7852622834952 139.8310724382105 902.466091739464 349.91982276824245 1.8 0.6699520654976368 1.0299032114446163 2.1303518250918256 1.4443736174600408 6.754967594803583 -1.9555184404042107 0.9999995231628418 
Car -1.0 -1 1.695771108146633 493.0808030823174 179.40322959902966 568.4488574526134 238.6933091281612 1.5 1.610116896033287 4.0629981577396395 -1.9151780259596674 1.4481338194833044 20.225943176435862 1.6013634085615696 0.9999957084655762 
Pedestrian -1.0 -1 -2.4066691283245003 687.3502768052829 158.60216077790986 759.0412786827029 269.3185295027692 1.8 0.7203897021710872 0.9770664878189563 2.032599431099128 1.429023558467989 12.282460543285737 -2.2426675120976314 0.9999945163726807 
Pedestrian -1.0 -1 -2.3492723888792275 534.4555561539324 151.19518946157748 644.9937014791544 312.8144596987372 1.8 0.8319496668875217 1.0535345904529094 -0.19365389310270936 1.4638402722034847 8.663018170109329 -2.3716227571156367 0.9999958276748657 
Pedestrian -1.0 -1 -2.057472501384016 891.9505272579944 117.3532316653821 1095.718132529175 373.0 1.8 0.6983046911656856 1.0246041722595691 2.3102308635856206 1.4492515287588794 4.456320389048514 -1.5792003255945188 0.9999923706054688 
Pedestrian -1.0 -1 -2.5936435271826723 629.4731399789654 157.49052910617516 710.9180903764409 277.97831131399215 1.8 0.6775348007678985 1.084049654006958 1.0380154408700684 1.4426231307928021 11.324057728561272 -2.502234355607305 0.999984860420227 
Pedestrian -1.0 -1 -2.520222254563904 772.2882592768856 150.49345002792924 874.761526444431 300.70092778677224 1.8 0.7850627906620502 0.9863880954682827 2.7990992900854668 1.4297786218165187 9.235740362574836 -2.225949005284582 0.9999394416809082 
Pedestrian -1.0 -1 -2.2613452906707447 746.2698947692626 145.62342460712756 853.1965612416171 325.34127741074377 1.8 0.6707730263471603 0.9307104654610157 2.0718747066710725 1.44203830234904 7.754758225311665 -2.0002687136319026 0.9999364614486694 
Pedestrian -1.0 -1 -2.0785727710642785 859.5962051929379 134.41276241507663 986.6444357457525 370.30254491827 1.8 0.6231363423168659 0.835646179318428 2.569422373230275 1.4420886600903526 5.925237825011199 -1.6694064671781403 0.9992077946662903 
Pedestrian -1.0 -1 -2.2045968027867566 702.5959301826801 143.27920491308944 817.5042229047199 339.00033959498114 1.8 0.7359670035541057 0.8817257851362228 1.5116514714836726 1.4498698753896448 7.1572083982120205 -1.9964490095761163 0.998331606388092 
Pedestrian -1.0 -1 -2.106694218407852 732.8886380749074 152.07546530141934 814.4967137672124 296.88354861714816 1.8 0.6855767711997032 0.8842112988233566 2.203042616465557 1.4355836397024697 9.451470556013092 -1.8776931325581414 0.9977738261222839 
Pedestrian -1.0 -1 -1.4422926803148406 636.5541325815698 169.84919259672273 662.3870227334329 221.20201997839465 1.8 0.8096330359578132 0.9492451816797256 1.7047507600653544 1.3926819634285355 25.720166866258484 -1.3761087814953668 0.5053099989891052 
