Car -1.0 -1 1.9059714096774072 350.2876140396785 181.7296316619094 415.57370463315254 218.7259675682432 1.5 1.5688628450036048 3.9400866746902468 -10.087181323269663 1.9210370354546482 32.202204959627714 1.6024079203566135 0.9999992847442627 
Car -1.0 -1 -1.5989956437160737 602.3461859908197 178.70033298051584 673.5954273309659 244.50232174791174 1.5 1.6562004134058952 3.632466357946396 0.6087470578323202 1.6657422482076119 18.58855638495063 -1.5662588584844512 0.9999982118606567 
Car -1.0 -1 2.173501557823777 126.8287555602722 183.63751158737577 224.7613213498254 232.0808851593838 1.5 1.4300453037023544 2.9537691295146944 -14.713337657528717 1.8897560051012399 24.533701073918284 1.633288371559006 0.9999872446060181 
Car -1.0 -1 2.384795254936596 128.49117741384876 183.7616302001786 229.46034138210103 218.35459291801567 1.5 1.6401000812649726 4.227459293603897 -20.80076918740464 2.063103126892568 34.96527215063344 1.8481356978376926 0.9999816417694092 
Car -1.0 -1 1.8120242527091455 488.8212617951196 180.61467368804867 535.0386115163926 211.06734112503617 1.5 1.5978133797645568 3.7272925049066545 -5.208031839314618 1.9349395318277884 38.46379103435396 1.6774418234785617 0.9999780654907227 
Car -1.0 -1 -1.1122730133464491 759.132383164574 176.43887898912337 917.4922070122835 258.7425464443113 1.5 1.6345788285136222 3.905577448010445 4.881095425479607 1.5861500916767381 15.292077085147936 -0.8033039728787286 0.9999631643295288 
Car -1.0 -1 1.9649891641631247 425.0195582495277 181.25701518594997 477.83360513157874 208.87112083294497 1.5 1.5891792744398117 4.124551874399185 -9.34576856845658 2.0227537287854096 42.68293973386617 1.7494330286940158 0.9999299049377441 
Car -1.0 -1 2.016131870587654 276.32437854290544 181.96645315224475 375.8101865716154 228.86806380065272 1.5 1.6279591739177703 4.368917879462242 -10.20167046909793 1.8593176858049243 26.18171887064664 1.6445808291395725 0.9998730421066284 
Car -1.0 -1 1.9007163890054526 315.9510922681116 181.27501677622396 423.16451108683145 241.3078829116162 1.5 1.6665291532874107 4.082837936282158 -6.779713212336779 1.7653807256705112 20.653335854283423 1.5835366129835666 0.9998624324798584 
Car -1.0 -1 -0.9480569850542422 700.8804294550189 178.00146621921365 791.1298874524443 222.94033371117345 1.5 1.517014254629612 3.4116095423698427 4.935090121654779 1.6996257957759306 26.20301525765389 -0.7618971625950677 0.9997230172157288 
Car -1.0 -1 -0.8592061636566702 673.1433078158383 178.5352148885201 749.157105361663 214.09276629860327 1.5 1.5256131559610366 3.4564996629953386 4.573916763769694 1.77131036809922 32.69611906830729 -0.7202164093640192 0.9933828115463257 
Car -1.0 -1 2.4037315911620833 0.0 184.513602604167 21.82450905189248 328.614038209155 1.5 1.539734986424446 3.867052358388901 -10.386354281860765 1.6897184080971386 9.769275729182405 1.5877272963484348 0.9026956558227539 
