Pedestrian -1.0 -1 -2.130993519058485 1036.9496620971308 156.34311414737613 1102.2590406652826 264.2398677067303 1.8 0.6131060913205146 0.8065936647355556 7.854338942641111 1.5249131098988693 12.438612587554125 -1.567770761731316 0.9999922513961792 
Pedestrian -1.0 -1 0.5733770234282549 177.21770421393316 171.55632817740522 217.7130111591505 246.42359437786516 1.8 0.5425422012805938 0.6730288758873939 -10.125266030166253 1.7691584933976459 17.63329951626559 0.05213455756637028 0.999981164932251 
Pedestrian -1.0 -1 2.7104064650295863 895.903652113123 160.34079077856572 973.1134125053467 253.77413995679422 1.8 0.5147445507347583 1.284913209080696 6.306422290477675 1.5592900019596394 14.162963061509243 3.1293246626814426 0.9999988079071045 
Pedestrian -1.0 -1 2.601436225286897 917.8250876587176 158.78232081687923 992.5458989211435 259.76414792007256 1.8 0.4847641594707966 1.1431185089051723 6.233574984731516 1.5495303249206787 13.155613265035626 3.043932664390427 0.9999849796295166 
Car -1.0 -1 -1.1632295262149814 312.712631968553 180.22823686551024 495.300978976872 262.2390153977577 1.5 2.021327291429043 5.272826787829399 -4.433479487578629 1.6965956403833686 16.44399536168954 -1.4265786121275765 0.999975323677063 
Cyclist -1.0 -1 -1.3821194207304706 676.0285306900572 181.7099630571428 708.390316570053 231.43512785307453 1.4 0.6243397042155265 1.8956169977784156 2.440368188204215 1.678549377625444 21.665110288006975 -1.269951746859823 0.9999979734420776 
Pedestrian -1.0 -1 2.729492878150954 888.7298272782125 160.84478178665086 968.24699173177 251.7839652705758 1.8 0.498115786164999 1.3812080517411232 6.349248120763755 1.5626540135312255 14.528087771825959 3.1415109515150608 0.9999829530715942 
Car -1.0 -1 -2.589888346737451 256.1887420986279 182.66211684362435 361.0904014136896 222.4772926523583 1.5 1.5379896879196167 3.579956528544426 -12.007537613103404 1.9050225653798833 28.72911318325759 -2.9857785264637813 0.9990944862365723 
Pedestrian -1.0 -1 0.6173064550226248 165.3631912843406 171.3276505857994 217.76532857349758 248.51048335685522 1.8 0.8500244028866291 0.7292349383234977 -10.05807684746525 1.7647614625179637 17.28054033187453 0.09019271930190495 0.9990766048431396 
Pedestrian -1.0 -1 -3.8177215735386714 1240.4316727191524 146.67474431486968 1241.0 295.10934065087145 1.8 0.5504700846970081 0.7610814206302166 8.479668723872985 1.4828937481249507 9.050608520423857 -3.064880685010229 0.7630335688591003 
