Pedestrian -1.0 -1 -1.6059764753228316 621.5096592398385 169.39676219883876 648.5687795695976 224.31967535348437 1.8 0.8688918806612491 0.9210695073008537 1.0894981461917348 1.404427579859915 24.00445980625739 -1.5606202809747798 0.9999984502792358 
Pedestrian -1.0 -1 1.724841346410275 401.1542439640612 150.36309896335447 474.63147226615314 326.87002652033965 1.8 0.6613516740500927 0.8007068678736686 -1.7910215564197456 1.4838340710618978 7.746349449491992 1.4976255138728278 0.9999954700469971 
Pedestrian -1.0 -1 -2.3390836774265624 378.93251709322175 167.23849796536126 427.9013589684004 249.2034179724132 1.8 0.6901919402182102 0.8256243102252483 -4.521339465956678 1.4880301404385683 16.279195033168524 -2.6099929372456416 0.9999948740005493 
Pedestrian -1.0 -1 -1.7191902523683806 741.8073102623099 167.5489538487463 772.1159258136754 225.32168913570877 1.8 0.81231729388237 0.9271737679839134 4.914636807688746 1.3664425511440401 22.86659321596128 -1.5074843476202828 0.9999816417694092 
Pedestrian -1.0 -1 -2.5350557304352113 130.02713696787436 133.04656642177812 312.8838866061771 373.0 1.8 0.5772852830588817 0.9130826711654663 -2.559228594536256 1.5009103324053132 4.79197563260541 -3.025582865872656 0.9999809265136719 
Pedestrian -1.0 -1 -1.6069742013401116 625.4230557067103 164.1602354146673 664.5966080397335 248.39408703089512 1.8 0.8243965476751327 0.9073330581188201 0.9098494114812138 1.430693873469416 15.809890315010303 -1.5494882269438846 0.9999648332595825 
Pedestrian -1.0 -1 -1.703566152042037 713.0834132119991 165.7462401659312 747.755725575637 235.49949019464907 1.8 0.788127214461565 0.8947720311582088 3.3684641610185846 1.3946448568879752 18.998003877679785 -1.5280836793270451 0.9999551773071289 
Pedestrian -1.0 -1 -1.595041591894708 674.2914543679605 163.5092086325314 707.5168007481974 248.52156164555703 1.8 0.6946262463927269 0.887614444643259 1.9056376914086866 1.4203049921363076 15.68223495129243 -1.4741187552597863 0.9999246597290039 
Pedestrian -1.0 -1 -1.6989846010303955 721.2771958867762 166.09345799776557 757.0872524964552 233.29709584071102 1.8 0.8530511081218719 0.9104894965887069 3.7384292006309554 1.3885097110708262 19.717139449668494 -1.5116058299925668 0.9999113082885742 
Pedestrian -1.0 -1 -1.704138821041036 698.4546666003636 165.43612789858815 732.1882982568126 237.94310674337098 1.8 0.7373988188803196 0.8533538810908794 2.8527739836128787 1.4023977368544671 18.26473254634292 -1.5492003607240064 0.9999023675918579 
Car -1.0 -1 1.6286889656594894 566.1533171469126 179.25454494227017 596.0243696231895 205.18694562545852 1.5 1.5818268552422523 4.062897947430611 -1.189637765518939 1.3709002962801515 43.60252995661129 1.6014120459517063 0.9998935461044312 
Pedestrian -1.0 -1 -2.261468322184316 1149.5688485177916 115.73370879535257 1237.0 373.0 1.8 0.8891396716237068 0.9435199692845344 4.233270445183023 1.4281170226752884 4.570873999466127 -1.514397361376558 0.9998000264167786 
Pedestrian -1.0 -1 1.6828687653585137 426.57946199258276 151.20436765879438 499.962550768054 321.202874031121 1.8 0.7217336006462574 0.8465948075056076 -1.5746855871869152 1.4805802067833094 8.054458253773358 1.48979918559524 0.9997943043708801 
