Pedestrian -1.0 -1 -1.62968548480151 591.8636011798319 169.6084013840724 620.017133923567 225.14831430100054 1.8 0.8766229756176471 0.9104951776564121 0.11539598460060566 1.4156976314034324 23.756249849653514 -1.6248280229654652 0.9999998807907104 
Pedestrian -1.0 -1 -2.368306623940862 779.8979772988375 153.65223631680098 876.6915696857257 285.57941491794037 1.8 0.8838139966130256 1.0134926557540893 3.242090974825612 1.4213711666028293 10.454374875932787 -2.06759320298699 0.9999971389770508 
Pedestrian -1.0 -1 -2.522427067016017 363.80865978772226 159.59433568605414 440.31344442647674 285.5257199053118 1.8 0.6597676806151866 0.8822901666164398 -3.012918264299967 1.4882065085965994 10.724632416460082 -2.7963020364430293 0.9999963045120239 
Car -1.0 -1 1.742274107182615 379.1289395432398 180.66584778560264 471.597938619944 238.30780656093918 1.5 1.859629762172699 4.581590604782105 -5.034873353340307 1.4794649992968767 21.035554719583796 1.5073432167384284 0.9999938011169434 
Pedestrian -1.0 -1 -2.5340670551082907 321.56165004101933 152.81806356735504 431.68335416323265 319.3069395372691 1.8 0.6869503788650035 0.9914826162159442 -2.61301988979839 1.4912618778537372 8.238467952686948 -2.841203526654516 0.999994158744812 
Pedestrian -1.0 -1 -2.833551626785633 385.5674413939359 167.1549373909628 440.25585375015464 248.9638956826697 1.8 0.7821941308677196 1.006308526545763 -4.279341309138083 1.4855940172196007 16.218322852776183 -3.0915303985264644 0.9999836683273315 
Car -1.0 -1 2.1398286799381374 0.0 181.80855590866636 400.4997077362483 373.0 1.5 1.7188236609101295 4.446060073375702 -2.662277054568268 1.5040990457319232 4.093112096443125 1.5631522377345222 0.9999774694442749 
Car -1.0 -1 1.7579900785129838 446.88730490633753 180.18319137935208 516.4045843210451 221.95411637695693 1.5 1.8610774099826812 4.550245639681816 -4.59474775137384 1.4537644152275437 28.09062715759567 1.595857131477219 0.999953031539917 
Pedestrian -1.0 -1 -1.5892787882993327 577.3024283298171 169.80424570603324 601.5368152960408 225.27783639049 1.8 0.7830434039235115 0.8733935214579105 -0.4297063937181432 1.421591124026968 23.75654784130094 -1.6073647300389153 0.9998717308044434 
Pedestrian -1.0 -1 -3.3368433862052846 1046.2614730120365 145.9669746171286 1148.1029336299853 304.5349945454076 1.8 0.7333269834518432 0.880710457265377 5.896083910959007 1.397994465331621 8.661469730904525 -2.7391707460072383 0.9998621940612793 
Car -1.0 -1 1.7199218916327483 426.49556977567204 180.42645122336293 492.6590774498122 223.1679259314149 1.5 1.788252268731594 4.884033513069153 -5.3731257182702725 1.4633852669899021 27.685008177083464 1.5282243927333015 0.9994890689849854 
Pedestrian -1.0 -1 -1.5819554838741245 597.2952642189433 169.68161150070424 621.8533349322616 224.5929591318353 1.8 0.8050435714423656 0.8671069078147411 0.24085453752762792 1.4136813413427611 23.978488469186782 -1.5719112128161383 0.9992326498031616 
Pedestrian -1.0 -1 2.0693251981158562 1145.699144969621 139.69081646442305 1237.0 327.2601797754142 1.8 0.6546689689159393 0.6654399938881397 6.065199601370914 1.4001526810233604 7.318289449122651 2.7613659977873386 0.9988433122634888 
Pedestrian -1.0 -1 1.6117603973599586 469.0813202167756 172.3167856078639 493.63754056548834 220.1466518807571 1.8 0.8875948868691921 1.1850829727947712 -4.634848982357065 1.4554346823317843 27.674007687131986 1.4458202560755866 0.999950647354126 
Pedestrian -1.0 -1 1.7513850837092908 488.7115278190541 172.13533992757803 513.2012300540254 219.81165494010105 1.8 0.7895916260778904 0.8664596386253833 -3.8688735335377324 1.4474697339676565 27.56694048829908 1.6119511008223117 0.9897826910018921 
Pedestrian -1.0 -1 2.267889733311994 1104.464665465811 139.54637367355704 1237.0 330.1303107546524 1.8 0.6180945344269275 0.9262073345482349 5.642337194945889 1.4051366404370305 7.179688624933491 2.9339582800825657 0.8232927322387695 
