Car -1.0 -1 -1.8742374156585726 780.4939386071588 176.01334040508303 947.4468324218927 286.51768099825006 1.5 1.5481476232409477 3.3254946142435076 3.824117149398263 1.5583300146852699 11.562172505815626 -1.5548192272570474 0.9999990463256836 
Car -1.0 -1 -1.7274636341544551 714.625045089827 177.86271782747863 783.3998838473511 228.699019276319 1.5 1.5939068540930748 3.9723409831523897 4.423724399876623 1.678766839371032 23.690558412805558 -1.5428601904448611 0.9999983310699463 
Car -1.0 -1 -1.8638298104722826 765.9446213944265 177.09291624191218 854.931152249008 245.25542290984922 1.5 1.4092561349272728 2.3724282652139665 4.666325934071334 1.6086899870839215 17.23142277116597 -1.599369420730744 1.0 
Car -1.0 -1 1.6685952858510718 524.7890686865792 180.03052763451993 571.4576712305176 218.73236731804545 1.5 1.587836866080761 4.1527027755975725 -2.617716892043327 1.8277074693242206 30.822880574106485 1.583870875831467 0.9999961853027344 
Car -1.0 -1 1.769896620659946 572.0396726062924 179.8087414570702 612.990954078147 210.76833406034285 1.5 1.4811432480812072 3.455360469222069 -0.9036765794874201 1.8805256576861236 37.60850023463122 1.7458727240522922 0.9999884366989136 
Car -1.0 -1 2.127996448002023 0.0 179.941962742837 361.3160055592335 374.0 1.5 1.614433017373085 4.00607832968235 -3.6440997385075664 1.5791596498090286 6.006597839558145 1.5826775908430637 0.9999860525131226 
Car -1.0 -1 1.8066901428260012 427.107398809159 180.05619876121665 527.636816318085 249.80903988150075 1.5 1.5767625093460083 3.887986254692078 -3.2096452722119118 1.6989965375287137 17.910661674184006 1.6293692469557346 0.9999529123306274 
Car -1.0 -1 -1.8034158231723096 739.8276557527573 177.09885128420783 849.7518903782384 249.4241662241233 1.5 1.6319796934723854 3.9285274714231493 4.196812424356861 1.612935237785039 17.163018538746595 -1.5635953103799862 0.9999674558639526 
Car -1.0 -1 1.7822535419176018 482.41512608012425 180.10265120990343 551.7077671667291 231.732640803492 1.5 1.5101556226611137 3.5232129067182543 -2.9646754518113525 1.752636824576226 23.290094742791617 1.655641067024094 0.9997128844261169 
Pedestrian -1.0 -1 1.2820118562589609 829.569073559481 164.25449263289002 872.3296642295602 241.09720157657506 1.8 0.7345752350986003 0.9493941001594066 5.742651382734098 1.5989189031364706 17.384488319479086 1.6010587096174778 0.9995450377464294 
Car -1.0 -1 -1.5965360114817821 709.4732196576939 178.2944760369757 748.7750151311959 216.11296861209397 1.5 1.5647268414497375 3.7738459676504137 5.050116066594937 1.7502124702483353 31.15896680958984 -1.43585737148789 0.9994348883628845 
Car -1.0 -1 2.0641702176377374 655.7718592438052 179.0331467647252 706.0827859600515 203.18852828339743 1.5 1.617717047035694 4.028514635562897 4.731944315356247 1.9297343757629162 48.01246764857277 2.1624095320662082 0.9965141415596008 
