Pedestrian -1.0 -1 2.597306708091317 885.967581363983 138.86925569402135 996.2013304123016 353.0524952252681 1.8 0.6712002240121364 0.6352095425128936 2.8749242424636563 1.5147494597636812 6.433385307324655 3.0175595164259494 0.9999908208847046 
Car -1.0 -1 -1.287076941614383 502.33018811684445 180.00074835880227 579.0270206339882 218.0994147275576 1.5 2.039258044958115 5.122057583928108 -3.0038651960026237 1.845437910288112 32.128881481627175 -1.3803001801159722 0.999988317489624 
Pedestrian -1.0 -1 1.256891230307607 857.8731675773711 151.0098228434906 915.6507972566384 300.10610429794343 1.8 0.4814890705049038 0.7012839920818805 3.4110863226965664 1.53663890257313 9.069492582413035 1.6166307806929172 0.9999916553497314 
Cyclist -1.0 -1 1.8957855811062652 400.3032641430361 184.9591229165183 443.015154705774 244.7534288005006 1.4 0.5622646331787109 1.5728187307715416 -4.730671959337099 1.7162109778322099 18.02023727920289 1.639058578010422 0.9999860525131226 
Cyclist -1.0 -1 -0.8042885732776088 602.0111626480589 181.8809409945607 640.8100980293233 216.62501180914148 1.4 0.6034175425767898 1.7261136814951896 0.4490548508568624 1.7901081874564695 30.325396737747603 -0.789481774964605 0.9999743700027466 
Pedestrian -1.0 -1 0.768586010223099 58.05265504584052 159.05391574832638 139.92076206818498 311.476922408327 1.8 0.6315991774201393 0.5328348398208618 -6.32287615343297 1.6373893620440971 8.869980635801564 0.14929453929397038 0.9999477863311768 
Pedestrian -1.0 -1 1.176110424383568 842.9634892539435 152.3028240454116 900.1347989729677 294.98640956624246 1.8 0.4847609929740429 0.6581359103322029 3.3567143706743563 1.5410980857694503 9.441152753598688 1.5177127559992927 0.9998601675033569 
Pedestrian -1.0 -1 3.6404664575355854 172.9566525547597 171.16265886522447 219.009696160528 248.2557624346215 1.8 0.5104714564979076 0.8011064052581787 -9.859486855859808 1.7608677401810773 17.10874442621573 3.117668139930588 0.9997432827949524 
Car -1.0 -1 -2.7417600766404115 434.98770008874646 181.3402381769135 497.9084579080727 206.64608121406087 1.5 1.5438071012496948 3.4911903113126757 -8.892341335061708 2.038186148336048 44.617672609069054 -2.9384833137181148 0.9996970891952515 
Pedestrian -1.0 -1 2.567182089279556 920.7976252256859 150.0442434163294 1008.2537382120661 299.5575820876039 1.8 0.47034346759319307 0.8585877276957035 4.343495790031243 1.525749860425142 8.97014104683724 3.018123853202683 0.999729573726654 
Pedestrian -1.0 -1 -0.990222301606557 0.0 162.17993603747686 90.35908705820574 301.99880762339757 1.8 0.5997838944196701 1.04927649050951 -7.786395229898462 1.662942126649781 9.835419091647397 -1.6598626087096078 0.999440610408783 
Pedestrian -1.0 -1 1.2632286559246917 915.7728917730548 147.7999097134346 988.9847871309715 310.9552038411013 1.8 0.5830633945763111 0.6752324782311916 3.880225321978969 1.5239502887190814 8.329731065932052 1.6991672396620334 0.9992000460624695 
Pedestrian -1.0 -1 1.2494801956317942 183.17447388280502 171.44419133940013 221.80356767452287 247.5248487180115 1.8 0.5675567805767059 0.8843862943351268 -9.978952533989757 1.7670030284426506 17.574967318745472 0.7330786426875251 0.9983324408531189 
Pedestrian -1.0 -1 2.6235180299490604 929.5054532481541 150.6586909566088 1023.36066935011 296.1740685399382 1.8 0.6508595801889896 0.8656802147626876 4.635900461486837 1.525805752850002 9.271031353916497 3.087198841567856 0.9982762336730957 
Pedestrian -1.0 -1 -1.0122755104392158 0.0 161.77711390090636 63.50502926407012 304.9735530747614 1.8 0.47505442313849927 0.9672571465373039 -7.869277821033441 1.6611198139337786 9.577303974166055 -1.700084329643522 0.9977705478668213 
Pedestrian -1.0 -1 -1.58382723808249 167.5514193237651 170.90536242666997 198.8652979262271 251.00541703322003 1.8 0.6118708781898021 0.659351472556591 -9.90391649446039 1.75656826083077 16.65250131002552 -2.120370463528906 0.995169460773468 
Pedestrian -1.0 -1 0.6487440538126201 133.42172486851237 171.18197482079492 184.61266406234301 250.81563286007528 1.8 0.6546036832034587 0.7626963339745998 -10.457898570478067 1.7625642048967447 16.666212968264848 0.08835546573134831 0.9920963048934937 
Pedestrian -1.0 -1 -2.528568526902835 180.10015303517258 170.88378163754643 218.2189830094682 249.59252482086433 1.8 0.5931024931371212 0.5277378045022487 -9.620124694914 1.7553006699716804 16.818066986833436 -3.048153833546911 0.9896218776702881 
Pedestrian -1.0 -1 0.7401583945738992 167.3557960587381 171.40366011925192 206.41887934713864 247.87934360673947 1.8 0.5021995425224304 0.6352484717965126 -10.185674793223013 1.7662213402289202 17.29124124075249 0.20781771739455632 0.8765857219696045 
Pedestrian -1.0 -1 2.515640728117643 912.9052431836777 151.12669021151555 1008.3345988993889 295.0513636149812 1.8 0.615518868714571 0.9364170514047145 4.504194239668527 1.5286243617652906 9.407571423938542 2.9621719002684177 0.857712984085083 
