Car -1.0 -1 -1.58701969904042 601.8468497270079 178.53456416982402 678.9332857890491 251.67544851668455 1.5 1.6124340265989303 3.682720896601677 0.6223277645204214 1.6483760685200328 16.94083850288251 -1.5503008524563653 0.9999990463256836 
Car -1.0 -1 2.1158500272752794 175.37277750892247 183.27659712205048 263.73155726724355 227.00031384140283 1.5 1.4664043232798576 3.226762127876282 -14.65890119850566 1.9168908923160997 27.18475072946116 1.62131117581926 0.999998927116394 
Car -1.0 -1 1.8501533469074356 375.5544010268398 181.61650038143367 430.78408044265245 215.52021614059768 1.5 1.5486954271793365 3.9082108557224275 -9.964660618631383 1.9477919640168802 34.88571847479428 1.5719249129255832 0.9999960660934448 
Car -1.0 -1 1.812844396335354 425.2882473340295 180.91473637434504 488.51827719786604 220.44223909984998 1.5 1.6637634977698326 4.084000971913338 -6.381116377003812 1.8619154057152005 30.291805558484636 1.6052250742872776 0.9999891519546509 
Car -1.0 -1 2.378778972152092 166.41498040046514 183.4946871233004 259.4708616901781 215.4710440515541 1.5 1.6704587757587432 4.290632393956185 -20.65259690423592 2.0898155317808564 37.67064426538089 1.8772871375044407 0.9999828338623047 
Car -1.0 -1 2.2599527830068693 0.0 183.71638770954618 130.61191300047003 292.02468339407574 1.5 1.5623100593686103 3.9868398129940035 -10.378908454434871 1.7170419340099226 12.390877712054225 1.562687083086695 0.9999792575836182 
Car -1.0 -1 -1.0224421489408984 740.118086040809 176.92354460908427 881.2984085755327 245.96601568079654 1.5 1.6192731007933616 3.7743410587310793 4.96370733470755 1.611214881812378 17.77355579128227 -0.7501059929516656 0.9999828338623047 
Car -1.0 -1 -0.9830080005421807 694.025924078809 178.19088365279927 774.1263561760682 219.20529264351504 1.5 1.4858318984508514 3.4136327475309374 4.915134621055323 1.724801210937088 28.591409348834745 -0.8127625743534906 0.9999727010726929 
Car -1.0 -1 1.9495313184035092 311.31066938067164 181.8066956445582 396.7647968877839 224.22844769337448 1.5 1.66938868612051 4.458946970105171 -10.103869264141125 1.8848809138146436 28.726236078071448 1.6113164305647434 0.9999051094055176 
Car -1.0 -1 1.8776736905892573 520.1040146561794 180.48245453229913 559.4768966633536 204.81657523596132 1.5 1.5578805029392242 3.65432822406292 -4.622897651274433 2.024733320267025 47.64589055417652 1.7809502959211887 0.9996115565299988 
Car -1.0 -1 -0.964968407221851 671.2035442329296 178.6141747392785 740.9560502334456 211.50050186997768 1.5 1.570020292699337 3.704619270563126 4.7261925572071775 1.7987073066612644 35.4711289370053 -0.8325080434468133 0.9991129040718079 
Car -1.0 -1 1.8786821039982513 438.350854973578 181.2140308885091 483.34780017799756 207.1706883052676 1.5 1.5899625167250633 4.108429935574532 -9.312911924387873 2.0486056642998056 45.18943635157581 1.6754414915998996 0.9953811168670654 
