Car -1.0 -1 -1.3627711252908346 409.18248212064793 177.6941464196242 510.36276887791945 249.58827265447468 1.5 1.5772326409816741 3.7558487176895143 -3.3225863141455902 1.4430809470162826 16.633286926785704 -1.5599313332375628 0.9999995231628418 
Pedestrian -1.0 -1 0.587877448658775 235.87232276618062 172.5111038997127 266.54526805786554 223.15757574429662 1.8 0.499314770847559 0.8532795615494251 -12.74729169933895 1.5175961302126169 25.424055357041716 0.1231208284709113 0.9999985694885254 
Pedestrian -1.0 -1 0.28423660101479986 398.64034873537014 168.54284529486304 432.70060115598125 229.70542494804846 1.8 0.5943241089582443 0.8511335149407386 -5.680007284183904 1.449669533440103 21.10950586759789 0.021388574442590992 0.9999960660934448 
Cyclist -1.0 -1 -0.29426626441998427 922.5805460395894 175.20968302255463 996.9588290333094 226.24705382596613 1.4 0.5869167417287826 1.7694470033049583 9.893558989892194 1.2564608747577846 19.827728553889507 0.1685617407176154 0.9999977350234985 
Cyclist -1.0 -1 -0.43973321598996096 857.5099686424318 175.5716840945989 914.5037102000533 216.0826358415502 1.4 0.6077765047550201 1.7661793649196624 9.815477520452742 1.2312163507310552 24.78824980409452 -0.06270320812729427 0.9999957084655762 
Pedestrian -1.0 -1 0.4714181348232455 535.2238916908195 167.82827861436095 572.3208806475565 222.6141109343522 1.8 0.6948301129043102 1.0414768502116203 -1.7474154327200997 1.385211025504611 23.747346812431374 0.3979669054362433 0.999995231628418 
Cyclist -1.0 -1 -1.5134960530378105 826.2510623270881 175.5922471292193 845.1390372840316 207.75061000188404 1.4 0.7090176947414875 1.7438512787222862 10.340159091948887 1.1878156930186816 31.717246349833317 -1.1983503560211999 0.9999877214431763 
Cyclist -1.0 -1 -0.5779590887999818 286.29528211536336 183.30427770725697 355.5196066196594 234.53645357283762 1.4 0.6123108349740505 1.8083451807498931 -8.178052239128194 1.4858588130046877 20.33271488863746 -0.9603704969075068 0.9999600648880005 
Pedestrian -1.0 -1 -2.748398429142939 404.9951160149571 169.6282183891971 433.23930240487636 224.29550805513625 1.8 0.5469005115330219 0.7611914098262786 -6.230577691030251 1.4435733985783765 23.59785075093713 -3.006539062657629 0.9999759197235107 
Car -1.0 -1 -0.46342721620408556 971.1479603099557 170.76815945749303 1084.390389746491 204.55767270970452 1.5 1.7389378070831298 4.108925026655197 19.27633605985334 1.0694464066098832 32.40021128386309 0.07326690753432683 0.9998914003372192 
Pedestrian -1.0 -1 3.1211489827653245 315.30522466759686 170.27056793183672 347.72282339219845 227.8128517427927 1.8 0.5398870006203651 0.9525148689746856 -8.754460160381548 1.481563097321972 22.543501614769152 2.750737774368149 0.9998533725738525 
Pedestrian -1.0 -1 3.370762444927273 329.04847091768755 170.80727721042038 359.14308119861124 224.3040841051124 1.8 0.5507691323757171 0.8615379713475704 -8.921453225762361 1.4754080919092873 24.112038509300696 3.0163825631102146 0.999778687953949 
Pedestrian -1.0 -1 0.602298528677969 242.64314966041698 172.54312877599696 271.50664089008586 222.57308599445471 1.8 0.6196599945425987 0.7214530862867832 -12.71594544415456 1.5152466078145579 25.792020165484843 0.14425162871810368 0.9995415210723877 
Cyclist -1.0 -1 -0.40559361187687 706.500443289624 176.97783928919844 744.6142913512457 206.5752327657762 1.4 0.5920920081436634 1.707940225303173 5.767099049931437 1.2348442864401215 33.92792672234403 -0.23722203175095152 0.9994590878486633 
Pedestrian -1.0 -1 0.24851226444628158 405.74403683251484 168.44348384399922 442.79986063085266 229.52499242014156 1.8 0.632440161705017 0.9489348649978637 -5.4316784477291655 1.4462741526949896 21.14851767011087 -0.0028888742115838147 0.9994159936904907 
Car -1.0 -1 -0.6749771696971603 1072.6318852259456 169.38536749160698 1194.6695898491093 202.812129576178 1.5 1.7779747515916824 4.366119441390038 24.355426783221475 1.002703170664218 32.6873196692115 -0.03461738029984065 0.9990057349205017 
Pedestrian -1.0 -1 0.5992300824025552 229.92133972480747 172.47925511644732 260.7246107957612 223.75204330241527 1.8 0.5219931274652481 0.8258770711719989 -12.808726176197155 1.5199492062144528 25.128442420426037 0.12782864173385075 0.9984245300292969 
Pedestrian -1.0 -1 -2.752741058497473 397.8181122888567 169.52396251008471 429.3768237033858 225.19938654727295 1.8 0.5601186797022819 0.8510382406413555 -6.302808335646943 1.4466885936403908 23.184405294853434 -3.0181815187123164 0.8587737083435059 
