Car -1.0 -1 -1.8170420143233459 733.5012434513558 176.8912550174758 862.3144821740476 262.3723270376406 1.5 1.5905885517597198 3.9783509939908983 3.6377238825490767 1.5945684507687734 14.840755665433623 -1.5766642187398416 0.9999998807907104 
Car -1.0 -1 -1.9292546865718891 797.3746613245312 175.33709363097088 1025.9509976434103 313.8110024028155 1.5 1.5809501081705093 3.6081096649169924 3.7109143932557482 1.5399355642191817 9.687934448143432 -1.5634496287119133 0.9999997615814209 
Car -1.0 -1 -1.7406421306037332 710.5140796901969 177.6904209296232 792.229975488516 238.39225427962717 1.5 1.5808389082551002 3.79475676715374 3.771520598510186 1.6475143342663199 20.041387960042094 -1.5546309846129758 0.9999994039535522 
Car -1.0 -1 1.8196520296969527 390.92173315986304 180.5331564145005 488.7794450997695 242.58954889733573 1.5 1.646413703262806 4.241495069861412 -4.6467674067024225 1.7371179617235215 20.105239926762042 1.5925180792769016 0.9999992847442627 
Car -1.0 -1 1.8924631790263253 302.2009197874691 180.67119683662725 444.85720108130806 268.0460317148816 1.5 1.5820839002728462 3.910634157061577 -4.6778277633982395 1.6809675636264476 14.701866685959342 1.5844128012617649 0.9999984502792358 
Car -1.0 -1 -2.3058932376652006 962.4089806153305 166.9926690405865 1241.0 374.0 1.5 1.6086677581071853 3.896916148066521 3.761269414710169 1.4820617993411282 4.20197372790537 -1.5757809929226083 0.999996542930603 
Car -1.0 -1 -1.690557961752017 688.6904141609773 178.4594925104298 736.8586883930254 216.4105544937747 1.5 1.5844053149223327 3.891102460026741 4.317434895659744 1.756860513295027 31.054448554812723 -1.5524155563351256 0.9999926090240479 
Car -1.0 -1 -1.6886236603353857 699.5579113888467 178.1470588703181 758.1295323119367 224.70012004894355 1.5 1.6007466733455658 3.7564246475696565 4.093575177798644 1.702104414996439 25.589601088462384 -1.5299973944809777 0.9999908208847046 
Car -1.0 -1 2.044133057136974 54.78112754565032 180.84195992011024 355.11063723368926 338.1159863069403 1.5 1.5884675577282905 3.9304940521717073 -4.726385653801157 1.622411524487105 9.050657395534788 1.5628720959040778 0.999954342842102 
Car -1.0 -1 1.7514477548796945 505.2022031204985 180.45486371934868 548.3226965215158 212.8961722586061 1.5 1.5541371449828147 3.3588706076145174 -4.130667522813247 1.896713866771007 35.89562088060088 1.636877286430222 0.9996603727340698 
