Car -1.0 -1 -1.957620701049289 771.4296776399718 175.1967210030544 1037.702394108378 339.5854681459096 1.5 1.5620193004608154 3.522189196944237 3.065151162101321 1.5335194104638743 8.421398799362048 -1.6085535223272187 0.9999997615814209 
Car -1.0 -1 -1.7983526631192654 723.6797943822439 176.96592882699795 847.8781231848048 267.02908098560755 1.5 1.5352501094341278 3.5027409464120867 3.1917601920362784 1.5897356599751893 13.927646311378117 -1.5730753441483272 0.9999991655349731 
Car -1.0 -1 1.9129694397034518 232.62935061861822 181.3677558074164 374.23608233134684 271.2807389795909 1.5 1.4718596383929252 3.4111528217792513 -5.874925953932533 1.687388296546272 14.106199844397175 1.5183388431880134 0.9999955892562866 
Car -1.0 -1 2.141802341067147 0.0 181.6992483354259 281.579793737112 335.4664096206475 1.5 1.589040507376194 3.698004272580147 -5.833155993390714 1.6346029862309952 9.098380797039495 1.5716948389967502 0.9999821186065674 
Car -1.0 -1 -2.76840896334559 337.9992667637265 182.11118994980396 430.6064365825229 211.37508138595277 1.5 1.759602178633213 4.3988438814878466 -12.085579794567863 2.009717636956624 38.66654314001644 -3.0713476697590694 0.9998917579650879 
Pedestrian -1.0 -1 -1.7912050884397275 788.3617341526462 165.44360746455007 823.7290369358908 238.2233694045116 1.8 0.6946091100573539 0.8434600688517093 4.907694821909186 1.6170828896996086 18.27834183166633 -1.5288939001646382 0.9998875856399536 
Pedestrian -1.0 -1 -1.8546957175724903 823.2724372422575 164.717294620293 860.0339073281812 239.39822431123238 1.8 0.6564681909978389 0.8266742832958698 5.658903959113014 1.6042425764780905 17.809164600675867 -1.5470329682019097 0.9998778104782104 
Car -1.0 -1 -2.3572140630566327 926.4595261618522 159.8605516822648 1241.0 374.0 1.5 1.5776701763272285 3.74885970056057 2.9407556485941475 1.4789745425663208 3.0772917514809985 -1.5944997827198846 0.9998563528060913 
Pedestrian -1.0 -1 -1.7433624102690048 812.4736328816454 164.95660301608984 844.159052377219 239.11881244538878 1.8 0.6239311330020427 0.7986185632646083 5.371494652348078 1.6086791501583368 17.943123180182823 -1.4524907628682 0.9978554844856262 
Car -1.0 -1 1.2538158478694346 293.6207277186994 182.74374596014042 339.09874517193913 207.2557906542391 1.5 1.614970576763153 4.027203705906868 -19.544335944059938 2.184698836102739 47.8684056145713 0.8661808212611335 0.8244956135749817 
