Pedestrian -1.0 -1 1.9542232925065428 264.26732552667505 162.58357523798009 312.68438875168306 278.557148226264 1.8 0.5703009225428104 0.4714679930359125 -4.998713910702797 1.5077024820249545 11.390713880936357 1.5406877239558356 0.9999988079071045 
Pedestrian -1.0 -1 1.8794510629309336 402.4729843929203 160.74613255450754 451.96847283927906 278.4438532362634 1.8 0.5913937024772167 0.6495247155427932 -2.780580490124352 1.4839053812848786 11.327266389922967 1.6387340903242649 0.9999924898147583 
Car -1.0 -1 -1.9553710693495536 782.7355856929793 172.64062056049332 1100.2510827457254 358.97478527382583 1.5 1.5843855708837509 3.9064599692821504 3.1830973079410665 1.4300728148731756 7.737731502503604 -1.565098606576447 0.9999911785125732 
Pedestrian -1.0 -1 1.7713063106758777 439.4339085824127 164.03659447718164 475.51778132842907 260.94844277659695 1.8 0.5711081929504871 0.5691249415278434 -2.763668870697061 1.4769048671273293 13.624107371914652 1.5711705565413059 0.9999607801437378 
Pedestrian -1.0 -1 -1.3067453624049934 379.61541552041507 159.57228102423852 441.0587608268544 285.0638599125608 1.8 0.7120795108377933 0.7592672973871231 -2.870168597665614 1.4867922149100556 10.681069344341099 -1.569259562357564 0.9999076128005981 
Pedestrian -1.0 -1 1.746275745389789 416.80316668788277 161.4206119994903 459.4574240315498 274.5548368859202 1.8 0.5818380534648895 0.6319677948951721 -2.706164117988584 1.4818261601886484 11.756651788973228 1.520034952959742 0.9996293783187866 
Pedestrian -1.0 -1 -1.3606668654712806 263.75326633294065 161.25697572708287 324.26529904991025 284.53594147029537 1.8 0.7481658391654491 0.5155509829521179 -4.658508613104056 1.5057423007312807 10.811732046960518 -1.767503426471029 0.99950110912323 
Pedestrian -1.0 -1 -1.3382068552431825 426.8689346356868 159.01564093093896 486.7828035502138 284.70430979072944 1.8 0.71531483232975 0.7839290916919708 -2.1804175409132642 1.4793139872739796 10.687711331457837 -1.5394567708161218 0.9978504180908203 
Car -1.0 -1 -1.477193068250741 480.83399595844844 180.2341564175932 513.2380608867179 203.01829992517648 1.5 1.7868176594376564 4.708601769804955 -7.154681356897088 1.4173487670522529 49.6847173417655 -1.6202115612712247 0.7041609883308411 
Pedestrian -1.0 -1 1.7485551613358596 451.98023447122796 164.01084020803464 490.71292857055647 260.1969859625427 1.8 0.6453142061829567 0.5314296603202819 -2.515385349268346 1.4739739915784866 13.707018141561718 1.5670637329432624 0.6617271304130554 
