Car -1.0 -1 -1.6097258279122122 709.3121295495527 177.52009653304762 786.7254207810182 249.9094917393276 1.5 1.6161587581038475 3.7733285248279573 3.1407077963906422 1.6243315541745564 17.185878879056215 -1.4289711276676995 0.9999932050704956 
Car -1.0 -1 -1.2227029339184319 716.8962400039546 177.6289081599041 805.7075740459417 233.73731766840936 1.5 1.540163767337799 3.316263344883919 4.505193069593865 1.6540755075962223 21.410650571712562 -1.0153101245549065 0.9999856948852539 
Car -1.0 -1 1.7287043135716524 442.29748698439926 179.9199319784105 534.7601316075982 250.96595958119755 1.5 1.605190758407116 4.008236762881279 -2.890296845077337 1.6927749691170768 17.63821231212849 1.5662821968409675 0.9999659061431885 
Car -1.0 -1 1.662118586460401 503.75336161497916 180.23264638569927 550.6023057765685 222.7789176846861 1.5 1.4898932099342346 3.3378234624862673 -3.168715000359954 1.8009435409550367 27.705429846822806 1.5482417782160895 0.9999666213989258 
Car -1.0 -1 2.0880783183329394 0.0 179.98449646465744 377.31583345982824 374.0 1.5 1.5748002126812934 3.89277660548687 -3.6076890237164196 1.58449182366078 6.553535153500539 1.5848550677259983 0.9999606609344482 
Car -1.0 -1 1.8954296266419184 351.6855884953792 179.93662709370912 503.2876401905194 282.2406961305094 1.5 1.4966996878385543 3.5688577711582186 -3.0787028981640665 1.64287682792709 12.67396592295487 1.6571297526320041 0.9999381303787231 
Car -1.0 -1 0.8148382999435058 1012.698338554946 168.77290560718427 1241.0 374.0 1.5 1.7394081249833107 4.492233929038048 5.207753753401831 1.4814015350143468 5.600814650010849 1.563886805376734 0.9999245405197144 
Car -1.0 -1 -1.12624485910325 762.7681706349983 177.3827463199025 845.85277605796 224.26536118838663 1.5 1.524924536049366 3.3103595048189165 6.779755324546111 1.6693909535794982 25.17487343633863 -0.8631795803692681 0.999821126461029 
Car -1.0 -1 2.397124487732639 906.8502541499294 176.25475384619097 996.0721166541633 205.30525664598858 1.5 1.6630732014775276 4.404006761312485 18.434339691337524 1.6912356917084723 39.044458451026415 2.838234412666184 0.9998001456260681 
Car -1.0 -1 -0.53391968455452 925.298091725823 173.49078390238483 1241.0 296.1678267486209 1.5 1.6342144951224327 4.141473633050919 6.648289082515498 1.5098232225658132 9.77594978659448 0.06330196460219793 0.9997519850730896 
Car -1.0 -1 1.260202678607997 504.29094982783903 180.2227726484489 566.2869750548253 216.8644960929059 1.5 1.6270738586783409 3.99612509906292 -3.475815706592901 1.8549138706924517 32.55844269734753 1.1538492878291267 0.9993641972541809 
Car -1.0 -1 -1.0651119858287765 964.0742568229649 175.45891110394697 1057.743511331471 214.99606206377018 1.5 1.6859760999679565 3.8300397366285326 16.27532770351025 1.6124975027606985 29.329292099639268 -0.5585014382984979 0.6130221486091614 
