Car -1.0 -1 -1.6803320161777562 672.1716074420498 178.1784492367031 741.823046073974 234.48734892048427 1.5 1.616344091296196 3.9504783719778063 2.759192225034993 1.6743279018031756 21.583482292080735 -1.5531835286554438 0.9999995231628418 
Car -1.0 -1 2.697492968556346 850.1002638938947 175.7549722513725 1060.2010952595747 240.95108429665663 1.5 1.7103169605135917 4.29197461605072 8.221262973936573 1.574389777718832 17.542970072648476 3.135735857482773 0.9999985694885254 
Car -1.0 -1 2.627886741644354 883.213105262703 174.88408074565 1166.8504612285328 254.5833235000646 1.5 1.7270541310310363 4.706598308682442 8.11830065259079 1.5435902121930518 14.492269330370172 3.1385131955107273 0.9999972581863403 
Car -1.0 -1 1.9843839258571088 227.20074595981276 181.47157208806922 376.12528288404343 266.4145404180317 1.5 1.5245771527290344 3.504151713848114 -6.223392433311954 1.698966537412928 14.861698254973357 1.5878157496412815 0.9999953508377075 
Car -1.0 -1 2.805181349107191 785.2531670338055 176.99776819593035 928.513525375783 224.50290310616268 1.5 1.6308175891637802 4.15813350379467 8.0087030785997 1.641676848875879 23.765567900779683 3.1302171826323093 0.9999881982803345 
Car -1.0 -1 -1.3364796456851518 401.5403766366234 180.97424519619975 471.8043370434175 227.41365179186909 1.5 1.5885808065533638 3.9080458253622057 -6.181040103820437 1.8143233535372454 25.940837468725153 -1.5703924655125034 0.9999674558639526 
Car -1.0 -1 2.1988174765970343 0.0 180.3986689398013 306.54707787607515 374.0 1.5 1.4795244231820106 3.389360246062279 -3.821542352146088 1.5751721138880297 5.445758161394597 1.586920249458176 0.9999511241912842 
Car -1.0 -1 1.7270527281803159 465.99028873084865 180.82294211408913 509.8303035571547 212.43037674371158 1.5 1.6391724839806556 3.9183112353086473 -6.272262817391387 1.9329686205057481 37.19957824433309 1.5600127418849128 0.9999456405639648 
Car -1.0 -1 -0.7856234848733014 1198.0396842061962 172.44089771844259 1241.0 220.1484985786339 1.5 1.9206224501132965 5.049020659923554 22.55662596558757 1.4873692362367044 23.706827294310852 -0.02508218685654231 0.9999349117279053 
Car -1.0 -1 -0.5112196216159413 1085.0062456072426 174.04574228240918 1232.732763360831 212.01929845186913 1.5 1.744694684445858 4.581161078810692 22.4683507697996 1.5514333580155648 29.746700113165847 0.13567916949721745 0.9991745352745056 
Car -1.0 -1 -0.6248998123169069 1036.4112011916777 174.70451182498041 1163.4525324959623 208.27445658419495 1.5 1.7636280998587608 4.711207610368729 22.49965422215179 1.588204652696973 33.29629575434507 -0.030641631284032543 0.9990218877792358 
