Car -1.0 -1 -1.5934158940165721 598.3692877115124 178.95142156755801 659.8398270486381 235.70355875719144 1.5 1.6574731588363647 3.569566321372986 0.4659591689102787 1.6949334922565036 21.236999168360672 -1.5714784999752907 0.9999995231628418 
Car -1.0 -1 -1.5571473887466745 608.9040430840608 179.38830060692442 645.5320441907099 213.15477933807463 1.5 1.6660204648971557 3.7789809077978136 0.8127557332125984 1.832113826252827 34.711733695863664 -1.5337372283127648 0.9999994039535522 
Car -1.0 -1 -1.7376111689555085 700.878067270276 178.15467293582017 762.4746738965958 223.40737969210664 1.5 1.601756227016449 3.654415395855904 4.2925437878424555 1.7061072140960623 26.173658045994205 -1.5750558265161259 0.999998927116394 
Car -1.0 -1 -1.703374906240605 691.7891098163549 178.42956329269578 741.7269936803423 215.86372758586785 1.5 1.6361460581421852 3.916955974698067 4.546912413909814 1.7587051873745827 31.462871321300046 -1.5598518001523358 0.9999948740005493 
Car -1.0 -1 -2.0048820064702055 274.73833831665326 180.4839376167673 464.6279528301918 291.1401518095457 1.5 1.579437267780304 3.5659799844026567 -4.101282481375004 1.6451981350085558 11.862493522951562 -2.3377524773266654 0.9999918937683105 
Car -1.0 -1 2.1058487884732546 58.689778731245916 182.27764410136368 280.41024789871227 277.6395905349494 1.5 1.6571663811802864 4.287574675679207 -8.218479524138774 1.7101565975980741 13.915765378846169 1.5723788619001926 0.9999843835830688 
Car -1.0 -1 2.060104055301726 235.29918754301994 181.901558679773 361.4635933904672 247.5851050931247 1.5 1.5198706209659576 3.554203596711159 -8.02694144091406 1.7593574546172521 18.81646735631676 1.6568863272627414 0.9999792575836182 
Car -1.0 -1 2.2653441661496982 0.0 184.3899637720322 105.72030031202186 259.8111597782837 1.5 1.6320448860526084 4.230289396643639 -14.300842242602132 1.8078160190398047 17.1113217650071 1.5691794594142097 0.9999803304672241 
Pedestrian -1.0 -1 -2.2521990379579355 671.8892937795438 174.280618014254 692.1407760173787 204.57301071785534 1.8 0.6781570173799991 1.09493765309453 4.312464198735112 1.8877939209321657 43.57598901813099 -2.1535560051586966 0.9999719858169556 
Car -1.0 -1 -0.3666684539486693 821.1248482220859 177.0829048254051 937.5501058697744 203.07669037972312 1.5 2.221418035030365 6.134494256973267 15.989672678889738 1.7600225417183106 43.15447801904655 -0.01182969013718196 0.9999408721923828 
Pedestrian -1.0 -1 -1.1705690566661135 725.5830515877689 163.3401551137733 774.6607659016425 251.64166967531816 1.8 0.7806801728904247 0.7707320645451545 2.91366677038351 1.6064209611575955 15.242871995346698 -0.981697932877813 0.9999035596847534 
Car -1.0 -1 -1.827229598740052 764.1018936086587 176.41783427766757 917.3670092012186 267.3661822937785 1.5 1.749795165657997 4.477946695685387 4.295580237697715 1.582416525963921 14.343082700008601 -1.536242653676544 0.9998220801353455 
Car -1.0 -1 -2.1541849166638305 307.98840574380097 180.79289099326726 475.39130668494033 261.00844367051764 1.5 1.61289521753788 3.8561912745237352 -4.871065001057252 1.69345299961895 15.70105289479039 -2.45500780741242 0.9995810389518738 
Car -1.0 -1 -2.0793833705247264 876.5947714230095 173.4331125468866 1241.0 374.0 1.5 1.5883146345615387 3.834664684534073 3.934403818042039 1.5073649376561238 6.797749564294279 -1.554712704443608 0.9994266033172607 
Car -1.0 -1 -2.3485570273807923 448.3581853243149 180.41277285130647 554.0897666928624 227.5918285487785 1.5 1.5520882353186607 3.6184536784887316 -3.8755312973486897 1.7820840733562722 25.186718304153015 -2.501231626668249 0.9994089603424072 
Car -1.0 -1 -1.7483711308777088 726.0205292777619 177.64682036646832 801.716592594049 235.11494768102332 1.5 1.5425043672323226 3.384446215629578 4.305218981931143 1.6500964460694494 20.82784834849808 -1.5445369119432313 0.9992927312850952 
Car -1.0 -1 -2.3964625243151714 497.96465053043744 180.42014924951965 569.6765554726596 212.49863723815346 1.5 1.5329313024878501 3.4444818764925005 -3.875450924810796 1.896705768592767 36.15280191821892 -2.503251151242529 0.9943311214447021 
Car -1.0 -1 -1.6924735037994991 0.0 181.04330233572568 165.40891687635136 374.0 1.5 1.5499432131648063 4.000070181488991 -4.488235695557043 1.5720453975409703 4.472772392733855 -2.4795972863819937 0.9927339553833008 
