Car -1.0 -1 -1.755050248997091 682.012125641782 177.63905049694864 783.3066429267296 253.13222315114908 1.5 1.5693173304200172 3.846455600857735 2.6261839893721297 1.6228443120602185 16.523546431155836 -1.5974327410247666 0.9999995231628418 
Car -1.0 -1 -1.6186649303509109 649.3637540762517 178.89164555355413 690.1112631262046 216.040771498307 1.5 1.5862750381231308 4.02574637234211 2.5376088820034868 1.783775089272428 31.830471411438786 -1.539110557236944 0.9999995231628418 
Car -1.0 -1 -1.678345040640736 668.323646691393 178.23958272463778 735.867607069284 234.3069637413242 1.5 1.5790120258927345 3.82486232817173 2.619782504333476 1.6758999199776372 21.59297327176036 -1.5576094436135632 0.9999988079071045 
Car -1.0 -1 0.3079321108853288 321.2997104440419 182.33389184520266 408.9582200109031 213.13997791835402 1.5 1.4644887790083885 3.926505756378174 -12.335943112643216 1.9883918010280694 36.37322304582544 -0.019043401875768386 0.9999974966049194 
Car -1.0 -1 0.4415716770543592 206.6647378928448 183.4610775104561 303.45621291726485 214.32732803406543 1.5 1.5532535061240196 4.116901990771294 -17.90292339684915 2.0477449150824456 36.42488057269851 -0.015254930653844558 0.9999884366989136 
Car -1.0 -1 -2.3449454663348392 917.8503512962214 153.49889191974847 1241.0 374.0 1.5 1.5428700044751167 3.875718128681183 2.719317689521522 1.4780769787761878 2.767606069412528 -1.5683477046575887 0.999967098236084 
Pedestrian -1.0 -1 -2.0123596707429847 905.5448464109824 149.97009870620883 991.0043704976969 301.09133556323263 1.8 0.7359580628573894 0.6804151952266693 4.1160519655213745 1.5277884973531264 8.935295071104811 -1.5806838162851078 0.9999494552612305 
Car -1.0 -1 -1.9687827379511602 794.7018053407638 174.5687504370095 1074.6531020070174 374.0 1.5 1.3836043447256088 2.6714254662394525 2.7213366663986407 1.5195804389381176 6.740335178528576 -1.5850571850922448 0.9998936653137207 
Car -1.0 -1 1.9422861808861174 145.29660065865875 179.54187459164325 451.27879495446587 374.0 1.5 1.5866434693336486 3.732963886857033 -2.923371657018137 1.5876938608207845 7.551540138845795 1.5729300856550754 0.9998125433921814 
Car -1.0 -1 -1.5474590600276692 593.1070941028937 179.84817959544276 617.5215919078585 203.19174516159643 1.5 1.5860513344407081 3.759598967432976 -0.3188591892955179 1.9974795057952717 49.3887167749715 -1.5539150844004495 0.9995447993278503 
