Pedestrian -1.0 -1 -3.6126739324036903 935.0110244816614 156.7541290313615 1029.5941208544505 267.41321230658724 1.8 0.481103502959013 1.3214050352573394 6.112012100007869 1.5384745469768575 11.97502542150901 -3.140743688741003 0.9999955892562866 
Cyclist -1.0 -1 -1.5788102034042746 687.8148632540077 181.77716496358929 710.3049876972775 234.27016776305135 1.4 0.6065420366823673 1.883733880519867 2.476994359556788 1.6664065937423507 20.540414089276865 -1.458798454203878 0.999995231628418 
Pedestrian -1.0 -1 0.7160158887839365 99.93250542510147 170.12102080415826 151.8910860900473 257.5845605301474 1.8 0.5222226053476333 0.7468650609254837 -10.21005942902182 1.7441131238946372 15.151473903350192 0.12304584582778387 0.9999886751174927 
Car -1.0 -1 -2.5559555220405916 208.9479808362967 182.9283737769252 335.3700388126388 226.99298716960018 1.5 1.5942221999168396 3.9188115417957308 -12.235196510453578 1.880241599128472 26.128184510356935 -2.9939032355931148 0.999976634979248 
Pedestrian -1.0 -1 -2.15525742173862 1107.056468873581 151.72268917778237 1192.3596308768597 280.7374081511399 1.8 0.6073660708963871 0.8833622120320797 7.7914444637737255 1.5055360121458359 10.521211651297229 -1.5178341800954682 0.9999725818634033 
Pedestrian -1.0 -1 0.7597574409197436 463.8351754518881 169.19521048780715 497.4170640227271 240.56574400891122 1.8 0.5518938906490802 0.6513590484857559 -3.3835242726582804 1.7080813554558207 18.604072463226668 0.5798536976191657 0.9999524354934692 
Pedestrian -1.0 -1 2.610321830708208 972.8705945439216 154.13509349531736 1072.5725230609025 277.0899103903504 1.8 0.5049383759498596 1.2100103802978992 6.122149410920956 1.5263219878452285 10.82262085088422 3.125124323364121 0.9999479055404663 
Pedestrian -1.0 -1 0.8034492395244694 78.22144938238006 169.71382229522118 144.9217207133244 261.24792781321173 1.8 0.8303693056106567 0.7468256659805774 -10.168735490381987 1.738606879625007 14.666452020774459 0.1972117861125129 0.9998430013656616 
Car -1.0 -1 -1.1127968763611682 236.15884051585618 180.30854811710674 466.11228495642763 280.79713268609714 1.5 1.9713355720043182 5.2601228028535845 -4.6498811187727975 1.6724284341494804 13.913163973749727 -1.435333804288183 0.9998607635498047 
Pedestrian -1.0 -1 2.650811076805271 932.2978888552057 157.12475106667492 1031.48682933802 265.76404256778505 1.8 0.49693859443068505 1.427948896586895 6.228329578684719 1.5397463682912915 12.214268070513068 3.1223651051481784 0.9967113733291626 
Pedestrian -1.0 -1 0.9405511704641938 115.81004426585248 170.31843479741127 169.0252077863785 256.24126599789196 1.8 0.6261519648134708 0.7736229829490184 -10.118777511561934 1.7472402128908078 15.542908090881687 0.36345772345992494 0.5197352766990662 
