Cyclist -1.0 -1 -0.9171414037045156 601.2892451176392 179.2097878796472 650.3960493495243 225.57959259949902 1.4 0.5610990829765796 1.8082088351249694 0.641811279724168 1.3626065184664673 22.220820746325202 -0.8882661024716241 0.999997615814209 
Cyclist -1.0 -1 -1.9723763453123333 876.3098945506903 178.35031754563187 950.5358683024571 277.26574599642896 1.4 0.39256038405001165 1.7204858854413032 4.649226952272133 1.3712411087808516 10.86303738979876 -1.5679793253683043 0.9999918937683105 
Pedestrian -1.0 -1 1.5136162204129644 724.0056119295361 162.07545872434702 755.4979171561301 235.84723326360358 1.8 0.7258194990456104 0.8203760281205177 3.326729733115519 1.3520479633003561 17.70006565590265 1.6993989825209201 0.9999797344207764 
Pedestrian -1.0 -1 -0.9561881792895165 761.1706570526086 165.82612878668743 783.984796869456 215.82247220035865 1.8 0.6036687202751636 0.5529862388968467 6.102691609004005 1.2732242924754376 25.859927335486542 -0.724437967934881 0.9999761581420898 
Pedestrian -1.0 -1 -2.060368203446502 954.7734804234525 133.37178612284436 1075.4664334951715 349.2864321502455 1.8 0.5849597536027431 0.880426962673664 3.5882051304897957 1.4088147132038873 6.336995109957545 -1.5451487852868182 0.9999061822891235 
Pedestrian -1.0 -1 2.443819562619871 709.0044634415257 164.66706189952745 744.2063402781463 224.60961280060044 1.8 0.5317910134792327 0.943969053030014 3.7000420412253305 1.3261183883592704 21.694533096805454 2.6127459883650364 0.9998939037322998 
Pedestrian -1.0 -1 -1.2072687675955858 1172.6624194590424 137.75641088007555 1223.0 312.9911256617805 1.8 0.6618745185434818 0.5196405135095119 6.634230944675022 1.3626328289580285 7.672372931645651 -0.49430747429398125 0.9995239973068237 
Pedestrian -1.0 -1 2.332077859146742 698.235328237844 164.98344258101625 734.7322503869176 223.77159400438183 1.8 0.572746855020523 1.0402353972196579 3.4698763674927875 1.326465475486198 22.187543527507177 2.487209784980637 0.9994631409645081 
Pedestrian -1.0 -1 2.475314292893745 722.8162654118629 164.34959281064542 759.7009058124934 225.00871668758597 1.8 0.5512170985341072 0.9643699534237384 4.100003114873106 1.3223166137305036 21.442341969091043 2.664244401450974 0.9990767240524292 
Pedestrian -1.0 -1 2.596656884557318 716.0791412439077 164.32620453301382 753.91662848414 225.6349598383483 1.8 0.5693166077136993 0.9591667473316192 3.8615645596917716 1.3267101574683013 21.190681602491253 2.77690838574968 0.9982117414474487 
Pedestrian -1.0 -1 -1.1258711997979083 778.7307435969891 165.43086018866728 803.5519949153805 216.1928758063674 1.8 0.603407484292984 0.7515221394598484 6.701679540474883 1.2671804376779643 25.548438004926822 -0.8693381110813958 0.6623404622077942 
