Pedestrian -1.0 -1 -1.9094155965070374 592.0071559559843 165.16308945178287 640.3440459834384 245.39004740442266 1.8 0.8515764519572258 0.9573257088661193 0.2965931231563282 1.4346750586564267 16.702721412608913 -1.8916602889683587 0.9999997615814209 
Pedestrian -1.0 -1 -2.3744034957122007 575.6209502630467 163.5272953791995 636.7339621846597 253.6786322523041 1.8 0.7647736489772796 1.0315092772245407 0.057288865383271464 1.442395152519413 14.97362787118333 -2.3705775300648555 0.9999985694885254 
Pedestrian -1.0 -1 -1.9820499087458066 618.273042220988 163.10914932453989 673.0051834674209 253.16403006740387 1.8 0.8086249724030494 0.9846141122281551 0.8703167092311282 1.4336527084796185 14.95708552086247 -1.9239278594639642 0.9999946355819702 
Car -1.0 -1 1.6620772533197392 435.55857004459597 180.36387219981836 494.90362326424804 222.83298735761036 1.5 1.8176835522055625 4.915752124786377 -5.205301671942472 1.4609306219315976 27.900590571346072 1.4776317318293708 0.9999979734420776 
Car -1.0 -1 1.8492631889461484 308.44279780738395 180.09199075280029 508.5613169022929 301.193206840003 1.5 1.7630344748497009 4.486096140742302 -2.7367525068120133 1.4838982889552494 11.169991406658283 1.6089870810469211 0.9999938011169434 
Pedestrian -1.0 -1 -3.258734831964504 641.8672361995531 145.97488272491532 763.2171860785293 330.68638165469537 1.8 0.7607101023197174 1.1469515532255172 0.9580613090312738 1.455180943768702 7.384643963775727 -3.1297184983876094 0.9999960660934448 
Pedestrian -1.0 -1 -1.6892623175648418 556.7130457829179 165.6699888594285 598.2533724964221 245.51430335358808 1.8 0.8564821936190128 0.9563155964016914 -0.6050769394917809 1.4443446233451271 16.729841564993976 -1.725414083400045 0.9999687671661377 
Car -1.0 -1 1.7450605501616743 376.3219767422389 180.68328095807334 470.8784626182951 238.2440515436678 1.5 1.8879026666283607 4.758654025197029 -5.105563711092664 1.47988823241514 21.150492303853856 1.5081996162745612 0.9999710321426392 
Pedestrian -1.0 -1 -2.5884295155708514 717.0002215585484 149.59728376486058 820.1336378435828 308.6020428479841 1.8 0.6712924249470233 1.019899410009384 1.9753445745614577 1.4401993566292786 8.725949959980012 -2.365805880227361 0.9999934434890747 
Pedestrian -1.0 -1 -2.4656910809947616 521.766371340085 164.22735620668146 583.5364627874501 253.83736215268868 1.8 0.742058877646923 1.0581530191004276 -1.0587967181064784 1.4542880273077305 15.032833299499229 -2.5360072414067134 0.9999306201934814 
Pedestrian -1.0 -1 -1.2449373894508593 329.75522264329936 169.39088974775984 374.39002079273166 242.23736996215604 1.8 0.8197063140571117 0.9197105213999748 -6.3414048118333435 1.5019778885378947 18.21070313174631 -1.5800291961666686 0.9981120824813843 
Pedestrian -1.0 -1 1.8765420091697058 1149.2223963164333 140.83747797663648 1237.0 322.4029115883361 1.8 0.6353331290185451 0.5296562358736991 6.183245445791324 1.3982491926594758 7.529529888730548 2.564076411720139 0.9972322583198547 
