Pedestrian -1.0 -1 2.890892531267254 670.4631616593355 168.61484454341547 689.5675529963833 209.61351561594395 1.8 0.6691409766674041 0.6991206228733062 3.3105467523292145 1.2796658617406502 31.418997024361506 2.9958728432615818 0.9999992847442627 
Pedestrian -1.0 -1 -2.281613933139574 264.49893520375167 172.52670419876927 290.68315268505216 221.12262313483808 1.8 0.5719529025256633 0.7056971572339534 -12.33912153824619 1.5061833849129755 26.590355355347516 -2.7160861055043086 0.9999991655349731 
Pedestrian -1.0 -1 2.9634767838574514 677.9335856413225 168.5394750368435 698.403438283755 209.3796360862374 1.8 0.6814796969294548 0.7971694253385067 3.6844196386251764 1.2743176386687467 31.522388131238568 3.079831469055039 0.9999921321868896 
Cyclist -1.0 -1 -0.9765873547468977 632.7293839438823 177.9159674482023 661.557641141254 206.93625754706204 1.4 0.5686475455760955 1.7023731514811515 2.07888122593512 1.276782244412286 34.95320441693353 -0.9171812097218377 0.999932050704956 
Pedestrian -1.0 -1 2.7575608804578113 399.3371311262734 171.44522308087622 425.11285983998243 216.14278592865222 1.8 0.6731421247124671 0.8274668388068676 -7.927635487220015 1.4368523219469138 28.98680533953267 2.4905979514082492 0.9998602867126465 
Cyclist -1.0 -1 2.304719018252252 0.0 197.77020092243032 343.05946497249977 369.0 1.4 0.604347188770771 1.515098151564598 -1.8857536359800182 1.4963915771122949 3.070829036959686 1.754006373878342 0.9998289346694946 
Pedestrian -1.0 -1 2.9135717691471026 417.3069748046055 170.90903719512642 440.0648034137326 217.46924230971604 1.8 0.6638524614274501 0.7363610461354255 -6.958162323537567 1.430721725537439 27.79254970574002 2.6682536482771457 0.9997853636741638 
Pedestrian -1.0 -1 1.4844725726714596 251.67258496134826 172.86711753565808 273.36740292192525 220.63778680030978 1.8 0.7050677694380283 0.5080835454165935 -13.123751181089137 1.5139040087427325 27.03549684123187 1.0325514515254157 0.9997552037239075 
Pedestrian -1.0 -1 2.8713920584084787 408.12593306444313 171.04269338990125 436.77503066428466 217.2804362176297 1.8 0.6839396923780441 0.9523259967565536 -7.269637233850177 1.4333372348632325 28.05418173179728 2.6178405165632785 0.9995526671409607 
Cyclist -1.0 -1 -1.2739865864103506 843.3252175427108 177.10749960764622 898.4319912410458 244.5969428214922 1.4 0.6549479000270366 1.7492967218160629 5.830186233235073 1.331249128867761 15.555048206549488 -0.9153825799610955 0.9993612170219421 
Cyclist -1.0 -1 1.7822312532246527 654.5968779060963 179.80408064874797 697.8992623117898 248.06384036599127 1.4 0.6041855111718177 1.6707098603248596 1.5318024770649357 1.387351425251339 15.384235601960897 1.881473767753464 0.9991214871406555 
Pedestrian -1.0 -1 -0.013689117840387316 652.0235231030606 168.9139491266768 666.7543826719816 209.7274809690931 1.8 0.7459753684699535 0.6442071430385112 2.405370108125521 1.2904889415616634 31.570363411987714 0.06235472758742741 0.9989297986030579 
