Car -1.0 -1 -1.437180420562363 463.0644856943334 180.30642088526994 527.1513242914618 217.92988141378297 1.5 2.011636321246624 5.836638298630715 -4.8556215916607615 1.3054044788718713 31.59289638141907 -1.589680583277021 0.9999983310699463 
Car -1.0 -1 -1.3043507468081446 349.51577024955776 180.81213485810005 462.7803483108657 249.01656150829874 1.5 1.6393777474761009 4.253603008389473 -4.908835945458126 1.4042849047694592 17.933216442480756 -1.5715346524401126 0.9999969005584717 
Car -1.0 -1 -0.9919146001022694 0.0 184.02934305541143 142.55521849527435 256.91057992867474 1.5 1.5939010798931121 3.8348796337842943 -12.82375017306713 1.4767143008662242 16.762525611130034 -1.6449625278499467 0.9999945163726807 
Car -1.0 -1 -1.470779066670825 506.7576543766838 180.37559016759124 539.961144516412 206.90595265027423 1.5 1.5838375806808471 3.7795750916004183 -4.977734489745877 1.2274763454413231 42.54218224743645 -1.587256475412522 0.9999935626983643 
Car -1.0 -1 -1.1399453361772691 228.36451181517276 182.06133835204864 343.37477065136784 241.7829730254941 1.5 1.5449172377586364 3.558555480837822 -8.789029098623182 1.4219046231566201 19.841198778370238 -1.5569366291773064 0.9999904632568359 
Car -1.0 -1 -1.0045658266436364 31.979494048129748 182.88675559604343 261.8024898920159 283.25238120195957 1.5 1.6124185666441917 3.742043536901474 -7.84471222418725 1.466324309038993 12.618793197866001 -1.5607662108403189 0.9999903440475464 
Car -1.0 -1 -1.5613412647156828 572.628344039718 179.8182626276248 604.418400627966 207.80927568560054 1.5 1.7037340000271797 3.6257001131772997 -1.0923955894087356 1.2118900138951114 40.34630102808462 -1.5884101344880206 0.9999887943267822 
Car -1.0 -1 -1.1673272084585544 262.7760678551114 182.06284865658625 346.8375266248653 224.00838298620602 1.5 1.613178339600563 3.789499264955521 -11.562313235252587 1.3883832031896028 27.60317406669276 -1.5639995472182078 0.9999842643737793 
Car -1.0 -1 -0.6811716015580689 0.0 185.3767696443475 216.4040130392687 375.0 1.5 1.6022587686777114 4.070967671275139 -3.3532877611368033 1.5021756579899421 2.6061961540316365 -1.5912809735771758 0.9998314380645752 
Car -1.0 -1 -1.2797627716414988 352.02076737853787 181.61855064568178 398.80182373318996 209.2636045961804 1.5 1.54616819024086 3.655604508519173 -13.170664482944463 1.30595264130171 40.844370050375865 -1.5916953692820413 0.9778539538383484 
Car -1.0 -1 -1.45269245452991 375.65340645418024 181.2668529357904 425.1194254152199 220.38451705996053 1.5 1.5243689090013504 3.715663638710976 -8.485616418585119 1.349709364246731 29.517724851773995 -1.732619450488363 0.948932409286499 
