Car -1.0 -1 -0.16303935551365492 669.8847884814992 178.2898282571038 798.762704534463 223.4531839370635 1.5 1.6270908087491989 4.183488947153092 4.186594573695027 1.6947367061079135 24.978740831372058 0.003023429712976732 0.9999996423721313 
Car -1.0 -1 1.676829438258332 526.2722794099986 180.0157436212237 574.1262596957562 219.48120156081393 1.5 1.5866941332817077 3.884573143720627 -2.4721062129476 1.8185492418572515 30.09387488052613 1.5948669791182102 0.9999992847442627 
Car -1.0 -1 -0.0670392041069168 638.1263894367544 179.1168526948616 720.14418710555 207.94249338868997 1.5 1.7253527909517288 4.2873384922742845 3.635536533925678 1.8456696160582169 38.861710526598735 0.026239915690149582 0.9999990463256836 
Car -1.0 -1 1.6822485650476835 471.17545885482656 179.88386768985816 547.203996270767 242.2486018903744 1.5 1.6182536751031875 4.1409681111574175 -2.720051144528381 1.7147465209320782 19.91233135263411 1.5464874943110603 0.9999980926513672 
Car -1.0 -1 -0.12465350635382258 661.1992301262206 178.647515172348 765.1008466463062 214.8854218760529 1.5 1.6500408321619033 4.241518911719322 4.328519527164858 1.756092378432703 30.99216372342922 0.014113827547754565 0.9999909400939941 
Car -1.0 -1 1.9951455585803954 0.0 179.287367767818 416.419885022921 374.0 1.5 1.592581209540367 3.9868781834840776 -2.9534788862610344 1.5722409793801373 6.042713084850375 1.5405246456477302 0.9999809265136719 
Cyclist -1.0 -1 1.0521157404686379 1002.3342255916514 179.59195180946787 1085.0821196885634 260.6291312680123 1.4 0.5387204259634018 1.7115818828344345 7.994889081051984 1.5341657674721274 13.4658846685551 1.5879006266554416 0.9999814033508301 
Car -1.0 -1 1.8011070634506159 360.3831918049071 179.6405530793044 520.6891533138655 283.3940563690439 1.5 1.7764794200658798 4.489147526025772 -2.8533408769421187 1.643702460678669 12.980736050234754 1.584734666343552 0.9999790191650391 
Car -1.0 -1 2.3740551552647142 0.0 182.05633024323535 132.91517717742815 374.0 1.5 1.5015854060649871 3.5297712802886965 -5.390980897973739 1.5888872253256783 5.171617097170012 1.5678919990870612 0.9999560117721558 
Car -1.0 -1 1.631740896848941 545.6401470825632 180.03634758628417 583.5761024554484 207.1539712153077 1.5 1.9770248353481292 5.735425141453743 -2.7442756158766093 1.9698822403321439 44.29700345825289 1.569868250689234 0.9999362230300903 
