Car -1.0 -1 -1.7004297881388488 671.9549647813351 178.49590930696507 726.8277080674329 221.11923734782428 1.5 1.5853062763810157 4.010819506645203 3.342656374975184 1.7345668739280113 27.936347237666805 -1.5813433519240958 0.9999998807907104 
Car -1.0 -1 -1.8235856149373688 736.5543968734434 176.50328464326728 893.6347896865198 281.51164880503325 1.5 1.587199841439724 3.987725314497948 3.2671686503748156 1.5733891807746287 12.439975802937386 -1.5667513218384725 0.9999998807907104 
Car -1.0 -1 -2.0159047317773062 814.6163696605411 174.10303548664388 1207.8995654026164 374.0 1.5 1.5685843795537948 3.9269911617040636 3.256501764963868 1.5157358536272216 6.913427792757725 -1.5756922676835698 0.9999998807907104 
Car -1.0 -1 1.4209357127770577 689.3542114391252 178.08310729546744 758.2980284706881 232.1333225973309 1.5 1.553056065738201 3.5822513073682787 3.3643330463620047 1.673958634407689 22.159789723463245 1.5716066241224826 0.9999988079071045 
Car -1.0 -1 2.36247038534004 1103.2980308055521 171.1011443192526 1241.0 309.926574569764 1.5 1.5573485314846038 3.650575739145279 8.18029292041689 1.4814183900927411 8.60687019340789 3.122463095184189 0.9999963045120239 
Car -1.0 -1 1.8707439010301088 333.36988097384915 181.07664106348938 435.58421124237475 247.95051564563678 1.5 1.5046455457806587 3.5133528083562853 -5.6670842517352655 1.729769136837415 18.370900809463585 1.5715241312941135 0.9999933242797852 
Car -1.0 -1 2.0172683239730165 170.21746515441944 181.1477163867934 377.5662490346256 286.16799293424964 1.5 1.6223993644118309 4.203259435296059 -5.698678962406826 1.6714606155387017 12.76051710659609 1.597256410117966 0.9999924898147583 
Car -1.0 -1 1.6275144551431668 497.886742371365 180.69108923792277 528.0985905567011 207.94940957581738 1.5 1.5672076985239982 3.6833914488554003 -5.733864638658561 1.984665466978583 42.68965758025961 1.4939984520289558 0.9999520778656006 
Car -1.0 -1 1.8622269058454075 427.8618201732536 180.76025142412237 498.55733738505523 224.13453045911572 1.5 1.580464144051075 3.997871142625809 -5.598172717902874 1.8272384974627605 27.765568819747628 1.6632714152296604 0.9998664855957031 
Car -1.0 -1 2.3885044845541605 0.0 182.13779104497064 117.56847706688431 374.0 1.5 1.5936827778816223 4.103377696871758 -5.861045349115392 1.5954101847714959 5.320567283065895 1.5548075874659675 0.9994800686836243 
Car -1.0 -1 -1.7126695948382444 653.9681089006825 178.99692350999334 694.0868835945731 210.76486180217125 1.5 1.5433986231684684 3.4258438766002657 3.155041875858559 1.8260352334567957 36.49761260280896 -1.6264388049629075 0.992779552936554 
