Car -1.0 -1 1.6832349385712166 482.60385284770916 180.1052195974206 544.548014936385 235.66843756065145 1.5 1.4788294702768325 3.2174310207366945 -2.853597285578358 1.73298632216877 21.52237670601823 1.5514163215968269 0.9999996423721313 
Car -1.0 -1 -1.6891314832247746 767.6948653286685 176.10044057343427 910.6999246882067 296.8285035816893 1.5 1.5937140703201294 3.517400336265564 3.2346563326424653 1.5579539007389727 10.930401795638664 -1.4014109084990365 0.9999992847442627 
Car -1.0 -1 1.8058243918193169 343.33255765081475 179.61025059559347 510.03630129170574 296.090637982979 1.5 1.630648647248745 4.110997033119202 -2.759200715911217 1.6281089895135958 11.584039519112883 1.5719916701277317 0.9999967813491821 
Car -1.0 -1 -1.1327705120865088 823.8109877931843 176.40646621129707 932.1732597146224 239.39695317086415 1.5 1.4786148935556411 3.151504930853844 7.051493103731743 1.6019313170067169 18.995579088344225 -0.7773200432446343 0.9999934434890747 
Car -1.0 -1 -3.1091370609623734 747.7204706401061 177.61817035467607 858.0228235535172 215.2830751938183 1.5 1.6787566736340522 4.3919919550418856 8.098443363254916 1.7114448952442063 30.531068485235693 -2.849855379262243 0.999991774559021 
Car -1.0 -1 2.0520858296322855 56.7481272643569 179.4453521166858 441.15490711175465 374.0 1.5 1.5239891156554222 3.7674597024917604 -2.9570069487823023 1.5798553501567205 6.767623627182446 1.6401502966841282 0.9999723434448242 
Car -1.0 -1 2.20954450086502 978.886811977034 175.3859429910826 1074.0228683604764 210.48188433854514 1.5 1.6257508218288421 4.0613389134407045 18.789800061062945 1.6202658307127564 32.6139576711105 2.7322257637938083 0.9999505281448364 
Car -1.0 -1 1.2933086585474758 497.59880048101115 180.03181644500035 570.9489435384532 225.70637581417412 1.5 1.6241150468587875 4.033806037902832 -2.909848486185866 1.7861409784374302 26.550894882206435 1.184149189791407 0.9999479055404663 
Car -1.0 -1 -1.2959377951635196 772.3959822190283 176.52224681981718 891.938826997396 258.29620903113545 1.5 1.5426589667797088 3.410173070430756 4.7292494208155285 1.5873019234545132 15.248798540670723 -0.9952051798489434 0.9999483823776245 
Car -1.0 -1 -0.8747279825313139 1053.786994859138 174.25788621773273 1186.5143306473437 223.55221190640154 1.5 1.5730908632278442 3.5678210228681566 16.3627480276069 1.5479630295408013 23.243556117345186 -0.2613430778172357 0.999881386756897 
