Pedestrian -1.0 -1 1.3759441777018313 603.6005509627088 155.4204616603606 656.3233973497906 275.43116488037174 1.8 0.6642538614571094 0.8780020780861377 0.3314474575565191 1.4255015417931622 11.08739571803504 1.4058293541285651 0.9999998807907104 
Pedestrian -1.0 -1 1.0152115764870666 630.4440894193744 139.00263608087388 724.5626483505094 349.1174342881906 1.8 0.5277378976345062 0.7793319903314113 0.601625502984805 1.446206206719127 6.518658302719023 1.1072437008235114 0.9999997615814209 
Pedestrian -1.0 -1 0.8861922804188098 885.64170311201 118.93438608004176 1067.267413231228 369.0 1.8 0.6846491739153862 0.8546104215085506 2.385336874095308 1.4328025406736447 4.7228175549795814 1.3538848598811286 0.9999992847442627 
Pedestrian -1.0 -1 0.9267459738376611 806.8430608851223 137.8170636792379 912.4479551549762 340.4081947660404 1.8 0.5860953152179718 0.7933713987469673 2.357327896423699 1.4224682478715294 6.743895910182836 1.2630197246882575 0.9999986886978149 
Pedestrian -1.0 -1 0.8927853577697344 242.80452355898873 161.6352336656479 299.0605106542112 273.5001345618438 1.8 0.5914739824831485 0.6163078851997852 -5.604341694523467 1.498103950540578 11.772138034401026 0.44846574862929756 0.9999982118606567 
Pedestrian -1.0 -1 1.0468497232648917 772.8827875241095 139.46886932843051 868.4327686116786 335.84229868532793 1.8 0.5804772980511188 0.7763256810605526 2.0403042755814806 1.4255996601728422 6.921492879187332 1.3335088928553718 0.9999982118606567 
Pedestrian -1.0 -1 -2.66852669106853 640.1688465357455 165.9968051295064 666.6367839848496 223.9031277967021 1.8 0.5481192402541637 0.658993099629879 1.5021220516417966 1.3507274904019277 22.37790890388786 -2.601502017178808 0.9999951124191284 
Pedestrian -1.0 -1 -3.057250575059225 751.0240002043147 162.1878369210529 790.5998809972842 233.05350340061432 1.8 0.5277776651084423 0.9603857554495334 4.271482552216352 1.336460281019179 18.35312163057619 -2.828582600751196 0.999997615814209 
Pedestrian -1.0 -1 1.3150258335370524 626.0186999842773 155.3278941094641 677.6439192713086 274.2536801321287 1.8 0.6249910712242126 0.807057835906744 0.6808330792480368 1.4206680144352508 11.152943399684386 1.3759953220698493 0.9999861717224121 
Pedestrian -1.0 -1 1.0522792588183962 257.09495037191454 145.23067655124328 353.0906924128254 349.0103987081348 1.8 0.5332185447216033 0.7454844683408737 -2.8869788996338532 1.4901654947160785 6.677462768303587 0.6442023952815192 0.9999841451644897 
Pedestrian -1.0 -1 1.2295610026411878 709.8518717138236 154.4731866591591 765.092246952174 271.6048643206094 1.8 0.5901585824787616 0.9344446033239364 2.0691680241167303 1.4016962549175185 11.368999312599293 1.4095913608882087 0.9999831914901733 
Pedestrian -1.0 -1 1.0640408426328463 857.624780337054 119.64005247931156 1028.5163337244426 369.0 1.8 0.6394424967467784 0.9654094025492668 2.1675790113666147 1.4354176009507567 4.757085162440462 1.491585656008448 0.9998776912689209 
Pedestrian -1.0 -1 1.334278625920306 645.3663085593297 154.83030900392248 705.1590478448187 274.55880629580514 1.8 0.71033765822649 1.0489386066794395 1.047236804568481 1.4157423180377213 11.19460773843421 1.4275554855677741 0.9998201727867126 
Pedestrian -1.0 -1 1.0232574293706298 598.6995870220137 135.58548256295524 709.8244563755318 366.87215010724583 1.8 0.5772052824497222 0.8541791260242462 0.3475076829541268 1.4521592760631468 6.010312939129351 1.081011696657862 0.9997766613960266 
Pedestrian -1.0 -1 1.4348743322008475 522.6020609230594 156.33874890262908 567.5129290375281 277.6741366401697 1.8 0.5883035741746425 0.7723938234150409 -0.9828568222324391 1.4432320740489553 10.926251274728356 1.3451620777461188 0.9996005892753601 
Pedestrian -1.0 -1 1.1137250648618089 741.680602447365 140.27539515795283 842.052261649584 334.1100381794386 1.8 0.648897935450077 0.8615248396992683 1.7879943011781716 1.428162439153695 7.049498487671443 1.3621212681147712 0.999578058719635 
Pedestrian -1.0 -1 0.7643228722857349 982.8184909760927 116.89747124995077 1177.724407371118 369.0 1.8 0.6394891560077667 0.8695379391312599 3.0497757618371435 1.4244707635764395 4.684879706549727 1.3413886268946784 0.999135434627533 
Pedestrian -1.0 -1 1.1072318093210713 674.478720738852 137.9962436833872 774.5165388889569 350.09589529396493 1.8 0.5873384445905685 0.8356176808476448 1.0225129514846796 1.4409926958665065 6.4824865007471155 1.2636775215479987 0.9982948899269104 
Pedestrian -1.0 -1 1.0667371229643747 559.9666068111455 129.18522132335855 688.366301028438 369.0 1.8 0.6100407361984252 0.8438128538429737 0.06725072542803225 1.4599391997147817 5.220145416956693 1.0796193321559089 0.997147262096405 
Car -1.0 -1 -1.2040250685682479 0.0 181.22945098068706 282.7551142954944 369.0 1.5 1.918981646001339 5.172253635525704 -3.087951215770008 1.508388398118595 3.721230953356603 -1.8966862122204644 0.9970929622650146 
Pedestrian -1.0 -1 1.028972704765009 716.7780470871728 139.5670022634721 809.5241553880026 339.8712325253139 1.8 0.5674588985741138 0.7363542474806308 1.4512953725280875 1.4338633464935595 6.789232384276036 1.2395674427363532 0.9526137113571167 
