Car -1.0 -1 1.7225764402571633 534.3683996272871 179.99375915097454 582.003988140241 216.52087488108148 1.5 1.561407607793808 3.9156338691711428 -2.30666486213157 1.8412133668820059 32.42939736078194 1.6515672087629856 0.9999971389770508 
Car -1.0 -1 -1.9988462842765158 804.9974485131734 174.04726730559398 1203.2311693368492 374.0 1.5 1.5926089629530906 3.6425726979970934 2.979483850013216 1.5140881656810232 6.475800297639974 -1.5676290724102897 0.9999960660934448 
Car -1.0 -1 1.8022530748051204 463.1943403088335 180.0285659192414 546.8755775842009 238.1538831228299 1.5 1.562015202641487 3.9149931192398073 -3.0130530395767043 1.7306297352523976 21.135751889404073 1.6606500029524387 0.9999924898147583 
Car -1.0 -1 2.1305945029829023 811.9584529490477 177.06194978843595 890.0626108572442 217.0979708344337 1.5 1.5176643177866935 3.1817300736904146 9.656347295137165 1.6786025693745457 28.96362636905841 2.452401149268967 0.9999878406524658 
Car -1.0 -1 1.6821497605667077 553.8841752249456 179.93962533003779 594.2274216447443 210.99034104315163 1.5 1.6618012011051178 4.245634239912033 -1.8726957584328465 1.8950032106322183 38.01416649313006 1.63292645215593 0.9999854564666748 
Car -1.0 -1 2.1886097847274066 841.2947956018423 176.61651727975865 935.9521825477317 220.8187355437171 1.5 1.5208885565400123 3.426603835821152 10.145920430399602 1.6459225030833777 26.33191079634011 2.5563876509626926 0.9999752044677734 
Car -1.0 -1 -3.2475614522242555 732.7120910495818 178.3005386583637 797.6736760127228 202.2905519376799 1.5 1.6513629376888275 3.9466901242733003 9.947080682184708 1.8599264717787733 46.60496695525242 -3.037282661595617 0.9999693632125854 
Car -1.0 -1 2.066365758894361 110.08893806143307 178.9918008518079 497.71781746098856 374.0 1.5 1.6172685220837593 3.9768515646457674 -2.523615800915772 1.5775399444692324 6.984148512034449 1.7196290373762668 0.999951958656311 
Car -1.0 -1 -2.4390156246472663 1057.43956341765 173.396164800064 1241.0 257.4403868340967 1.5 1.6574416801333427 3.7044959634542467 11.4006989072076 1.5130384886041366 14.886975097008477 -1.7854682366040093 0.9999253749847412 
Car -1.0 -1 -1.629817672255694 690.8333145784479 178.32172038815182 739.3943943433588 221.53858400279128 1.5 1.5887655809521675 3.98948812186718 3.9110399880845286 1.725184806761648 27.613237011590897 -1.4891171316292626 0.9999076128005981 
Car -1.0 -1 -2.4294189728580324 982.65476536852 60.00259105944059 1241.0 374.0 1.5 1.5163731321692466 3.332868453860283 2.461658929916495 1.4716101720554533 1.8884943277318187 -1.5130180651929719 0.9998989105224609 
Car -1.0 -1 1.8512749126079808 395.5349350178975 180.05286913835243 515.5119817127559 259.61309778369065 1.5 1.554480430483818 3.9229447513818743 -3.314251796928451 1.6799245672966927 15.980292938154825 1.6467778563459934 0.9998286962509155 
Car -1.0 -1 2.0102097978607505 912.6762004696149 175.84228158926481 1007.3235378049397 222.77113604756667 1.5 1.529228177666664 3.697299820184708 12.140591022962608 1.6113523129914225 25.04061614090181 2.461652743812424 0.9995713829994202 
Car -1.0 -1 -2.5832066337189987 1181.6116569463475 171.78433833090003 1241.0 257.64543745376363 1.5 1.694921639561653 3.792875495553017 14.133278942709408 1.481670787344497 14.647895911161772 -1.8156868974354607 0.9994107484817505 
Car -1.0 -1 -2.1759688340424255 929.7333742004186 174.79603121102113 1129.986589938675 257.03390532646245 1.5 1.639103566110134 4.031903532147408 8.609623513875317 1.5472621524576209 15.340164652014863 -1.6645316118982179 0.9986616373062134 
