Car -1.0 -1 -1.8258838610879813 716.9128738153476 176.3680519572945 900.3678385670661 299.65295321140337 1.5 1.582154494524002 4.245942321419716 2.7161113374020753 1.564487595322855 11.031378147040009 -1.5844689533722145 0.9999998807907104 
Car -1.0 -1 -1.7151555447629874 679.9254891522993 178.2269715460194 745.9021675614167 230.74285414937722 1.5 1.5575310707092285 3.4251204252243044 3.1108106102953297 1.682041434715413 22.6768379840531 -1.578826372572456 0.9999992847442627 
Car -1.0 -1 1.8641607110443263 291.63832966738664 180.0776741201003 469.52240574720605 292.0848988518139 1.5 1.6294522702693939 4.203301903605461 -3.620685780091539 1.6419116994578329 12.03383095787959 1.571900832649094 0.9999992847442627 
Car -1.0 -1 1.7522431493468351 452.0639592622349 180.28128739844456 525.5034210066101 234.83618569514752 1.5 1.5605364486575126 3.8808251291513445 -3.6985950415260502 1.7502674520688164 22.321617240173712 1.5880393862684787 0.9999977350234985 
Car -1.0 -1 -1.7583509823056376 694.036534792474 177.55747265464785 794.2446020919581 249.93945448454443 1.5 1.5727777525782585 4.162176933884621 3.0263957692878583 1.626880055178844 17.314158268092314 -1.5853060540419561 0.9999964237213135 
Car -1.0 -1 -3.3801721413259145 869.8063794012411 176.40417690631514 983.3396794499249 214.33186849274327 1.5 1.6700361415743827 4.026825216412544 12.994066865571 1.6533091547021952 29.917316263731248 -2.9704232970860347 0.999983549118042 
Car -1.0 -1 2.0584193012064222 0.0 179.849621001871 379.6964362335727 374.0 1.5 1.5721291795372963 3.939129275083542 -3.4887365073741443 1.581519739685684 6.3894213414911665 1.5586387356135505 0.9999591112136841 
Car -1.0 -1 -2.079860743150532 815.584622690386 173.08570797377482 1241.0 374.0 1.5 1.5507733941078186 3.5096241652965547 2.704300758765524 1.5025636180854156 5.095095679538529 -1.5919047641244275 0.9998388290405273 
Car -1.0 -1 -1.7650752547376858 636.9996034504788 179.3052946885287 672.7706478456254 205.3158931821075 1.5 1.5533093854784965 3.4248652428388597 2.6837648186443532 1.9125832576056663 44.30143619955096 -1.704569564261709 0.999605119228363 
Car -1.0 -1 1.748084036963236 402.8357159007293 180.38835930458941 491.7444026154591 250.76383313422104 1.5 1.4998434603214263 3.558289122581482 -3.9008795263467784 1.7027595070759165 17.572016553666405 1.5296327312800544 0.9988522529602051 
