Car -1.0 -1 -1.618110222050415 577.907872812971 176.99291325864547 759.7101960398487 353.1571646400579 1.5 1.5708426505327224 3.6969861507415773 0.471696778941427 1.5574046336644793 8.08523872477156 -1.5598357879233105 0.9999998807907104 
Car -1.0 -1 2.1485839844433903 56.69646831783202 182.96445610253326 238.98807647715566 260.9122367707509 1.5 1.5549567088484764 3.9682409286499025 -10.305263181776011 1.7581387860413664 16.39710115805722 1.5874855399092258 0.9999994039535522 
Car -1.0 -1 -0.9780395949919265 686.1249395396939 178.42406299472407 756.627069480001 213.98150472516784 1.5 1.5258614465594291 3.3990173161029817 5.05229668528473 1.7668706526161926 32.754880183090556 -0.8250000635769708 0.9999967813491821 
Car -1.0 -1 1.9282822619839108 353.9907161701385 181.58866102541955 426.0953971134878 218.50968861705385 1.5 1.63953737616539 4.5376094549894335 -9.905778525314377 1.924570338153232 32.723590259991596 1.6343405127485813 0.9999938011169434 
Car -1.0 -1 -0.972597630151744 716.5618478668014 177.4732678311815 837.4950527631376 232.70539703102185 1.5 1.6202884286642074 3.9582616209983827 5.075449216944955 1.6526807070059675 21.8535848607503 -0.7443953315403802 0.9999933242797852 
Car -1.0 -1 -1.6083361610522573 1115.5520701754774 165.4175756401125 1241.0 374.0 1.5 1.666446079313755 4.191360485553742 4.338288683417076 1.4773389996593307 4.333349848718949 -0.8223684589054925 0.9999825954437256 
Car -1.0 -1 1.8611142778625271 402.64799641550246 181.44298091582885 453.3096640595087 211.7415198408184 1.5 1.5606876954436302 4.034267228841782 -9.788068942106195 1.9882005767317779 38.93014850858471 1.6147935271223606 0.9999709129333496 
Car -1.0 -1 2.3849371095422454 224.72320940968126 183.0921854225953 305.27707704462915 211.24437363982574 1.5 1.6989872351288795 4.271031406521797 -20.220223510443216 2.134804841359804 42.411842339879136 1.9400546431501926 0.9999042749404907 
Car -1.0 -1 2.1565426265221923 239.48791452283456 182.80772443354036 317.7460560993599 220.56801122240668 1.5 1.4912594601511955 3.342743080854416 -14.36083254064697 1.9573676993009161 31.358485771274335 1.7270915389021457 0.99962317943573 
Car -1.0 -1 -0.9210776463820145 668.4213725084231 178.75944509047315 731.6106173822709 208.07595815252128 1.5 1.5768174573779106 3.600030255317688 4.924025649530594 1.8386705435103954 39.49441869591651 -0.7970411936428887 0.9995133876800537 
Car -1.0 -1 1.9039243429685002 460.33256317844234 181.05989427587403 503.0132011102534 204.81131490561967 1.5 1.6195390865206718 4.082398724555969 -8.72282576315649 2.084178050387915 49.18911093538651 1.7284164309462131 0.9981802701950073 
