Pedestrian -1.0 -1 -2.55300687523721 1040.1414794109435 144.80890404438105 1152.8398937430984 309.8698763177047 1.8 0.747245692461729 0.7975229553878307 5.684234956226965 1.4012377964975027 8.34056340310449 -1.9547936777260644 0.9999998807907104 
Pedestrian -1.0 -1 -1.5528348972800903 593.403183078963 167.18922199834066 617.5465114072009 236.5501843271763 1.8 0.6268399327993393 0.9617190368473529 0.08286522629630381 1.4297909541070049 19.12676573933881 -1.5485025020923955 0.9999990463256836 
Pedestrian -1.0 -1 1.663578058968795 469.373958964327 167.28634407593222 498.71230510882026 243.83196849304312 1.8 0.629665844887495 0.7868811979889869 -2.8543863489445096 1.466962884565289 17.304009550432703 1.5000950535151618 0.9999995231628418 
Pedestrian -1.0 -1 -2.4364653937652077 1077.6215756261631 144.53528122319224 1189.6920689856609 309.0415510837185 1.8 0.6930659085512161 0.7787832550704479 6.092589543825876 1.3968942435244 8.316265115317938 -1.8041862706330163 0.9999946355819702 
Pedestrian -1.0 -1 -2.4022916163923176 476.4442233545903 169.15770479177232 515.2968011129999 234.21358337798563 1.8 0.6603907354176044 0.8746066622436046 -3.0262039228412165 1.4596587453259575 20.390677039475875 -2.5496273199704036 0.9999927282333374 
Pedestrian -1.0 -1 -2.6914615883090245 370.24565370226424 160.36509208349878 435.77727711580263 281.8087318140404 1.8 0.5296737447381019 0.8173658072948455 -3.0681029436432268 1.4880535753038309 10.977191682992531 -2.964004711308752 0.999993085861206 
Pedestrian -1.0 -1 -1.5789192383882273 584.8617740788615 170.90223525413782 609.570286709855 219.58263083096713 1.8 0.9138950638473033 0.9584499083459377 -0.18416289320183873 1.4091766189967747 27.044443266894547 -1.5857287720453483 0.9999942779541016 
Pedestrian -1.0 -1 -2.641549560677217 235.97326379038867 143.67713830223482 341.76237360845187 368.32537108767286 1.8 0.5333581499755382 0.6409648366272449 -2.66528481956168 1.4983350562709012 6.045937947119044 -3.056759075322424 0.999988317489624 
Pedestrian -1.0 -1 1.6425811962054122 493.86761356193773 167.05905012853012 524.8864877160411 243.3001376242536 1.8 0.6920330718159675 0.7795123875141143 -2.2514764714186444 1.4602603984620195 17.36566730683667 1.5136493881556647 0.9999829530715942 
Pedestrian -1.0 -1 -1.4888380257870903 554.6291535091001 167.55062580679663 585.7935221440977 237.06065980720143 1.8 0.7517381131649017 0.9983684428036212 -0.8522676730060452 1.4399468488349823 19.111947307225485 -1.5334019521859032 0.9999685287475586 
Pedestrian -1.0 -1 -1.3020061342636904 749.3661815905551 138.82306622992672 867.1154189953131 356.1899996676277 1.8 0.8210359632968902 0.9220450676977634 1.8519704589516595 1.4479838448265507 6.552831263268929 -1.0265682498600823 0.9999635219573975 
Pedestrian -1.0 -1 -1.7419810268059386 676.6856260521394 168.3349789797857 707.5585903674163 225.73556933918255 1.8 0.8420711874961853 0.8676955036818981 2.8658343735767398 1.3882706314845958 22.976528040515333 -1.6178930858757836 0.9998879432678223 
Pedestrian -1.0 -1 -1.6701548966718822 672.9568459422416 168.21347321469435 700.9618378617013 226.62741275376592 1.8 0.7859809815883636 0.9075674720108509 2.654390256669262 1.3916948943831702 22.593191606388284 -1.5532047292825324 0.9998561143875122 
Pedestrian -1.0 -1 -1.51808859934027 617.6987124733953 168.147135950052 645.0060581043408 230.39603628966117 1.8 0.7628375224769115 0.9049382552504539 0.8644103564797855 1.4150228471317305 21.25493975424624 -1.4774423177030427 0.9997013211250305 
Pedestrian -1.0 -1 -1.4666021129472908 624.7275774327916 167.90718634859118 655.209193465932 230.95905332911673 1.8 0.8014842428267002 0.9196945957839489 1.106922396340477 1.413094444222816 21.021146247505705 -1.4139931360867364 0.9996755123138428 
Pedestrian -1.0 -1 -2.6551362221567 945.7389514695739 146.20897889563818 1054.8465134445812 309.2353570507511 1.8 0.849649079889059 0.8310192756354808 4.6702901788266615 1.411701040949309 8.509309797816579 -2.1531803766873225 0.9995705485343933 
Pedestrian -1.0 -1 -1.4723560279980585 608.2199770635274 166.95503032173633 636.3828814131489 236.58570300426365 1.8 0.6639518335461616 0.8985521763563156 0.5294696455133676 1.4251766937125339 19.054324586697117 -1.444575802483831 0.9994726777076721 
Pedestrian -1.0 -1 -2.4298476259526636 193.29907861076813 138.4089797874155 320.7766195289036 373.0 1.8 0.5846297860145568 0.6361250326037406 -2.619280572028205 1.4997860162366639 5.389521975875094 -2.8822285691883907 0.9983912110328674 
Pedestrian -1.0 -1 -2.7302346193359917 257.3089974077356 146.1851903709561 364.4148014771804 354.96033356925994 1.8 0.5758366107940673 0.729297150671482 -2.654538748206962 1.496910054800415 6.486868443387641 -3.1186615983631953 0.9970790147781372 
Pedestrian -1.0 -1 -1.6411199994247234 660.0235563392151 168.5816233241031 688.0172385790362 225.76566505753064 1.8 0.8397981084883213 0.7346108116209507 2.2894368526643807 1.3944695257503694 22.987944753967223 -1.5418543993171794 0.9511019587516785 
Pedestrian -1.0 -1 -2.531165339356955 231.51441600841713 142.3292041410264 349.1959624843044 373.0 1.8 0.48878821805119516 0.7365921072661876 -2.582222171634956 1.4979482207879697 5.873666145105324 -2.9453596631672725 0.8942106366157532 
Pedestrian -1.0 -1 -1.3972634910943615 597.3743376606106 167.6961640000012 626.3162259144935 233.79540370202497 1.8 0.6880819357931613 0.7491791181266307 0.26522170783766585 1.425254106871001 19.99089369490238 -1.3839971433070046 0.5761699676513672 
