Pedestrian -1.0 -1 -2.1835591338998235 987.1755713579081 148.7547158381991 1087.2013451215896 295.736442378859 1.8 0.7724086314439773 0.8078706011176109 5.525499945289212 1.4003275556346195 9.225488585917374 -1.643920541801725 0.9999996423721313 
Pedestrian -1.0 -1 -2.6561643152856815 268.93072214518423 148.89734203856395 372.0876255993306 341.50283295195135 1.8 0.5620121516287326 0.7685481131076812 -2.7833803395365955 1.4966864282368035 7.031574521467423 -3.0330795804646358 0.999998927116394 
Pedestrian -1.0 -1 -1.6397466934983942 577.7474803468981 167.80868440192432 605.1021745499232 234.56889060364972 1.8 0.6941190481185913 0.868373879045248 -0.314906838901682 1.4320128600296007 19.827287877418676 -1.6556278551605088 0.9999978542327881 
Pedestrian -1.0 -1 1.6642885230437419 474.6961338443254 168.30350957303583 507.1070156798454 238.568678464871 1.8 0.7664801113307476 0.8540545150637626 -2.922890172803667 1.4631191306566314 18.84851519395401 1.5104412277552741 0.9999970197677612 
Pedestrian -1.0 -1 -2.614600935845048 381.159940394689 161.94071233916432 443.9188336076095 273.72677426034153 1.8 0.6068856015801429 0.817734145373106 -3.181248131654328 1.4863457062270946 11.964752416134717 -2.8744734088566646 0.9999843835830688 
Pedestrian -1.0 -1 -2.139068592991285 486.65852749417996 169.4955547738648 522.6933639403494 232.0524551242779 1.8 0.7141297243535518 0.8405713856220245 -2.889524120855308 1.4557247620379659 21.218101286450693 -2.2744180122998103 0.9999840259552002 
Pedestrian -1.0 -1 -2.3264172396881615 1153.0805118159778 104.75589030667146 1237.0 373.0 1.8 0.7670077987015247 0.9919520027935504 3.7220937454631184 1.4355785653044904 3.919310737020683 -1.5668223458949966 0.9999819993972778 
Pedestrian -1.0 -1 -1.6454519878170575 577.0185568435595 171.14731067444853 601.5510461991952 218.91840018430722 1.8 0.871374786645174 0.9473559938371181 -0.4934536253529459 1.4109434453190717 27.575944667200762 -1.6633444289353234 0.9999749660491943 
Pedestrian -1.0 -1 -2.1269320176835014 1012.8339092873423 149.2353384033913 1098.4184498146883 292.6330255978384 1.8 0.6726987220346927 0.7009249672293663 5.856338672348646 1.3963340477565138 9.365649835209167 -1.5681171676286054 0.999966025352478 
Pedestrian -1.0 -1 -1.6569644340367178 551.2514439999676 167.99485341195944 583.6095030162456 235.18055927929345 1.8 0.8078117415308952 0.9501138262450695 -0.9762484896274748 1.4393405560678032 19.767864646245965 -1.7063099751856667 0.9999455213546753 
Pedestrian -1.0 -1 -1.5152290953787446 705.2051467298472 143.77973367234048 795.744382769615 336.9254054118817 1.8 0.8401290073990821 0.9940019369125366 1.4804212927290512 1.4498458950281754 7.279058145526436 -1.3145848075535638 0.999923825263977 
Pedestrian -1.0 -1 -2.5637926852050588 936.5440299009917 149.2890933745722 1020.3825431534066 296.76891976924907 1.8 0.6408042766153812 0.722347342222929 4.793952118811717 1.4082045536627583 9.236766896663433 -2.085054890313421 0.999810516834259 
Pedestrian -1.0 -1 -1.5825620905051663 599.8884599409547 167.3969565891848 626.1750965516853 235.14581246532984 1.8 0.6984053671360015 0.9110915966331958 0.2772351214546391 1.4264655037221066 19.53901357935336 -1.5683742443241668 0.9994574189186096 
Cyclist -1.0 -1 2.3648383096607164 0.0 206.96266771036355 257.81259549537896 373.0 1.4 0.6459994733333587 1.7323362201452255 -1.7476069592851369 1.5006751420061486 1.9144909791443059 1.6249792456587375 0.9994334578514099 
Pedestrian -1.0 -1 -2.5659872056323376 271.602828636625 146.4602211073468 366.46933811222425 353.19957563883816 1.8 0.5491366170346736 0.6096232242882251 -2.6242841799087824 1.4963054085233802 6.5803550197978815 -2.9454637328770503 0.9989354014396667 
Pedestrian -1.0 -1 -2.449102467947745 217.50032085984694 144.46873240174747 337.46876903301364 365.4348811775704 1.8 0.5424717001616954 0.7794100351631641 -2.840147607075188 1.4997317816386495 6.212407109435942 -2.8779058019307002 0.9984203577041626 
Pedestrian -1.0 -1 3.4086939228351403 307.3250647762201 150.51285541962162 397.0411608827145 331.7578323059726 1.8 0.6306024760007858 0.7442553088068962 -2.6212119630728776 1.4936253989766162 7.472049189484384 3.071304547782761 0.9977557063102722 
Cyclist -1.0 -1 2.355945543855957 0.0 205.04809514569004 216.70813461498247 373.0 1.4 0.8340935714542865 2.0081768304109575 -2.149628597742247 1.5043776500908252 2.131684337683603 1.566356106600489 0.5536460280418396 
