Car -1.0 -1 -1.922776342127153 67.2805879620479 181.04307931205867 353.89752886789614 349.2678104623147 1.5 1.6188066944479942 4.038337853550911 -4.91388762704868 1.6189880417210967 8.533614069998261 -2.4452321092274527 0.9999992847442627 
Car -1.0 -1 -1.540159697496055 587.907924597439 179.67051192439794 621.6226085126979 211.0915292156258 1.5 1.6237294793128967 3.686320644617081 -0.26384485594673446 1.8685773561831776 37.11209008037379 -1.5472689821061236 0.9999990463256836 
Car -1.0 -1 -1.7430678527019408 669.4015139671213 178.1422368018649 756.1616886573898 227.16031207661217 1.5 2.053774942457676 5.697032299637795 3.4321323553795224 1.7090556483205845 25.586092369864005 -1.6097232932832581 0.9999996423721313 
Car -1.0 -1 -1.932917894624798 230.37735334700653 180.9034579463125 413.8518594919022 291.82045779271283 1.5 1.5913902342319488 3.6439145475625994 -4.9017579527465935 1.6540532359324083 11.900605356559373 -2.3236333290722713 0.9999704360961914 
Car -1.0 -1 -2.156826929694173 357.0729665478995 180.8530565695973 485.3491437100514 243.98719238378806 1.5 1.587495256960392 3.6183061569929125 -5.175075109409201 1.73519708049222 19.38748884051585 -2.4176738421109065 0.999919056892395 
Car -1.0 -1 -2.2176323457721105 398.7851710432245 180.67218099544885 515.7197021080719 235.08763635587636 1.5 1.5971214070916175 3.718848016858101 -4.801843287292682 1.7609470253953492 22.22825626284253 -2.430387334027563 0.9999159574508667 
Car -1.0 -1 -2.266165351289092 441.73812546184865 180.60400778462846 539.4483100874137 221.47284455677215 1.5 1.647595179080963 4.1004015624523165 -4.919809537818134 1.8348808619634418 29.18236743897914 -2.433183268704687 0.9998844861984253 
Car -1.0 -1 -1.569896491628626 584.2705851055795 179.26024579621378 637.8241227924427 229.09342166292762 1.5 1.6446831196546554 3.424464774131775 -0.013595000058603068 1.7275070445789578 23.868650913537437 -1.570466067120668 0.9999740123748779 
Car -1.0 -1 -1.6219013577459023 640.8998368429543 179.37724695823104 666.4453890034926 202.53237155422377 1.5 1.562635649740696 3.6230875670909883 2.939408105128677 1.96506546939438 49.58086276805298 -1.5626855344187958 0.9898294806480408 
Car -1.0 -1 -2.606543006161761 494.7018592280799 180.6841686244136 557.8342526684228 205.37025793290667 1.5 1.5788978457450866 3.7378473699092867 -5.402033216763506 2.0184886011233854 46.26095247109291 -2.7227896014836177 0.9877848625183105 
Car -1.0 -1 1.8128575462965122 360.5257800024776 181.58638174869265 424.1098885819117 221.36913898736086 1.5 1.678335902094841 3.7359243750572206 -8.993213026914859 1.8859105404548333 29.947318508194723 1.521124525866236 0.8305193781852722 
Car -1.0 -1 2.08304402127273 214.14721259895552 182.86824523596442 303.69828033185894 222.7146302843895 1.5 1.6118450582027435 4.013159361481667 -14.636848839790401 1.9486255723832124 30.243136703720573 1.6323003649672092 0.7991549372673035 
