Pedestrian -1.0 -1 0.682870908878048 82.94818819185765 171.11176711608633 130.56093530756908 254.13499087433067 1.8 0.5743460290133953 0.6462684392929077 -11.168117984089962 1.7625850477017144 15.950364930656413 0.0720245083186286 0.9999964237213135 
Pedestrian -1.0 -1 0.4769619401412448 198.0163716977183 164.23713872490464 256.0657685275342 279.18295079672436 1.8 0.70329564884305 0.570343018323183 -6.22408351122063 1.6654216728659765 11.65172019313673 -0.0136521617558343 0.999992847442627 
Cyclist -1.0 -1 1.8674708949142105 445.32621402793194 184.08003014186772 480.86343156772693 233.56919271094296 1.4 0.5742998354136943 1.7113233476877212 -4.442243740031069 1.7514861602013188 21.68658241511453 1.6654274344404758 0.9999979734420776 
Pedestrian -1.0 -1 2.7020485376891217 813.7346376669146 151.45525452797878 878.9259874159027 300.62779786964194 1.8 0.7095855221152305 0.5255141787230968 2.909408870812579 1.5421485541763986 9.089546028480287 3.0118267416914524 0.9999895095825195 
Pedestrian -1.0 -1 -1.0726738087657182 109.11258453843303 165.58675947775515 175.25810015906762 279.10221113267926 1.8 0.5026649244129657 1.005148098617792 -7.784424394774163 1.6851221616152914 11.959403043492784 -1.6496843333032472 0.9999794960021973 
Cyclist -1.0 -1 -0.724630652620113 593.8581871382 181.90153409997268 630.5488131964843 214.52211122296998 1.4 0.5846794255077838 1.6682902842760086 0.06647471889035333 1.8133527169632622 32.162543930491836 -0.7225638190892083 0.999943733215332 
Pedestrian -1.0 -1 0.8988388246468471 1154.0522223082774 144.0871776465589 1241.0 312.70237792952855 1.8 0.5339839987456798 0.5486406877636909 6.434599549470024 1.4932664716891773 7.975961483278378 1.5776815295179905 0.9999125003814697 
Cyclist -1.0 -1 -1.4799245312036495 1214.2878781504967 182.97108884571534 1241.0 374.0 1.4 0.6105158038437366 1.7261967554688453 4.613804909673738 1.4804073573094616 4.905376802970175 -0.7251467267659051 0.9998718500137329 
Car -1.0 -1 -1.250989926359051 517.5859400068309 179.93302579404502 591.9467741884997 214.87326556631558 1.5 2.042112734913826 5.211505529284477 -2.5908988172769742 1.8697663307503147 34.87381088676799 -1.3251472274449212 0.9998290538787842 
Pedestrian -1.0 -1 1.2335605609772684 830.2983073570861 157.00217370246168 879.8560397843266 274.23620877826465 1.8 0.5425966836512088 0.690291591733694 3.8168910170568253 1.5569704642126532 11.424798905284065 1.5559903820368903 0.9996219873428345 
Pedestrian -1.0 -1 2.2714639677708655 841.9946309391808 157.71400434757498 896.3163589377804 270.1489883832781 1.8 0.5026543073356151 0.718595416098833 4.2380700733818575 1.557977857996949 11.946877050980795 2.612357842918259 0.5468588471412659 
