Pedestrian -1.0 -1 -2.52385779704697 722.9523729451398 157.1656801657824 804.6788660832891 273.32719105873684 1.8 0.7961470194160938 1.038209118694067 2.614248724262401 1.4242239070012515 11.780511555916195 -2.3054835359242305 0.9999998807907104 
Pedestrian -1.0 -1 2.120877902490001 37.86726245177545 145.86002463009373 186.43050850630127 369.79807034697643 1.8 0.7056658647954464 0.8907530017197132 -4.2504056345409555 1.5149195494030894 6.233237844134706 1.5224074562403815 0.9999986886978149 
Pedestrian -1.0 -1 2.1774594337098265 1077.7295266096135 140.74278244211857 1192.9690435474768 326.732910712458 1.8 0.6679886512458324 0.7057829320430755 5.421942480797286 1.4069258012306318 7.379819407162097 2.811095464225632 0.9999942779541016 
Car -1.0 -1 1.663141872407216 434.5798563407751 180.3844075081567 492.54646040569963 222.93469437952987 1.5 1.7576242357492446 4.874200981855393 -5.259901992512245 1.4617319138519727 27.829545772484956 1.476341172060694 0.999996542930603 
Pedestrian -1.0 -1 -2.1384302736178165 597.1104795914233 159.20592647999712 668.622120770554 272.3271002468991 1.8 0.7802187025547027 1.0025231659412384 0.47371906866715485 1.4465488927465568 12.057200844784557 -2.099161163964544 0.9999958276748657 
Car -1.0 -1 1.692772037766568 466.4827310011145 179.50499168731795 558.4901866194828 246.42032335969262 1.5 1.7883196964859962 4.3860944479703905 -2.1588958508667018 1.4564950440274884 18.29693339513676 1.5753228545149387 0.9999977350234985 
Car -1.0 -1 1.7524388762795922 381.2046138740119 180.61950258552318 477.1220954215215 237.77996229258295 1.5 1.9178098559379577 4.740384456515312 -4.967194044701501 1.4780632854829632 21.261233169803642 1.5229286392542976 0.9999949932098389 
Pedestrian -1.0 -1 -2.2935105811170704 630.4186823751186 160.86221599153137 698.1253294343827 262.4725141770432 1.8 0.757420764118433 1.0363734818994998 1.1200233355174654 1.435680341348226 13.364307171175511 -2.209898904958044 0.9999748468399048 
Pedestrian -1.0 -1 -3.48247519713057 860.6488662452666 138.5036652146275 1015.9630573411054 350.2994306421859 1.8 0.772830706834793 1.0776183128356933 2.968277272895917 1.4359705660961908 6.533383579764027 -3.0560307065632686 0.9999449253082275 
Pedestrian -1.0 -1 -1.0714289456390962 251.45499358629408 166.9164902139341 313.4349390200737 258.47891396381146 1.8 0.7512696579098701 1.0426638208329677 -6.532381822433007 1.5145564588613474 14.668750156446649 -1.4903895194318635 0.9999537467956543 
Pedestrian -1.0 -1 -2.3594493683694964 763.5582593023092 156.41140202197485 846.5724490967597 274.2278997793889 1.8 0.8118725873529911 1.0120405375957489 3.2359517832359854 1.4179995583633396 11.612623270477743 -2.0876854221012935 0.999922513961792 
Pedestrian -1.0 -1 -3.5528421094844234 852.5555214868606 140.71144235083733 996.320494776489 341.23377964955193 1.8 0.6732119739055633 1.0545403257012367 2.9674535051141326 1.4352392098105962 6.782776016010654 -3.1404330293324336 0.9998866319656372 
Pedestrian -1.0 -1 -3.0461025859680584 1001.1471559910765 138.38815589302624 1131.8916227630586 341.2081220628527 1.8 0.6713499806821346 1.0052604161202907 4.445539772021425 1.418769390262926 6.9467674449578665 -2.4768293658879146 0.9992353916168213 
Pedestrian -1.0 -1 -1.886186488660088 664.0473209321418 158.88776151157543 724.6780474737266 269.9665358164405 1.8 0.7498682036995887 0.9773185037076473 1.5179078721002 1.4348668447509143 12.188886945744335 -1.7622922072794778 0.9989292025566101 
Pedestrian -1.0 -1 1.7950488125879138 1142.0515800377605 140.84867058399115 1237.0 322.53552378141285 1.8 0.685677633434534 0.5496972732245922 6.141511911660975 1.3986295612468174 7.553419326745533 2.4777128577192844 0.9981402158737183 
Pedestrian -1.0 -1 2.241530796240855 0.0 146.10183502179706 144.92411390145628 371.6572238457742 1.8 0.6644628502428531 0.8925813741981983 -4.605980239455436 1.5189041171957198 6.186200730584802 1.6015221953352512 0.8974568247795105 
