Car -1.0 -1 -1.8799997621335427 748.0995425725463 175.66113688297685 984.6873824276419 325.0128032266358 1.5 1.567164857685566 4.24508550465107 2.958033052952416 1.5454131898163146 9.451023902596992 -1.57667268632469 0.9999998807907104 
Car -1.0 -1 1.8955644064957433 221.34316981688622 179.95628829495016 456.01968208242283 316.11868820439526 1.5 1.7522035658359527 4.4376036643981935 -3.604868675776547 1.6247145859637533 10.40454825267283 1.5620373924586433 0.9999995231628418 
Car -1.0 -1 -2.175502339683461 871.0137271057216 171.51515512030915 1241.0 374.0 1.5 1.5455639481544494 3.3320056766271593 3.0623752875547225 1.4947454114368952 4.709035663671069 -1.5989029100772483 0.9999967813491821 
Car -1.0 -1 -1.6367420931881451 738.1989597617226 177.1225759044565 824.0409816958155 255.84966818764238 1.5 1.5632112070918083 3.7151260793209078 3.6082735434691706 1.60609734642008 15.913973250970415 -1.4137757430460793 0.9999963045120239 
Car -1.0 -1 -1.5844210388152695 612.899868272647 179.45379200810265 645.0500418408858 208.22109353290904 1.5 1.7215913653373718 4.40147617161274 1.0039601705320091 1.8941925649483466 40.84414165438974 -1.5598457139593107 0.9999940395355225 
Car -1.0 -1 -2.554399517576549 8.446038196408297 183.4234006169865 324.43497389445105 246.73199259377762 1.5 2.2952143594622614 6.923862409591675 -11.39990753422367 1.795015774562918 18.818776223917798 -3.0990531007435664 0.9999649524688721 
Car -1.0 -1 2.1641248331418197 0.0 179.85969282195748 334.978366442666 374.0 1.5 1.5348220735788345 3.7410056710243227 -3.490409922950477 1.5684646294494182 5.138731077244015 1.5674709518763679 0.9999407529830933 
Car -1.0 -1 -0.3604336874914784 795.5242992744334 177.0269236748247 955.2875484412872 209.15750396036995 1.5 2.2202983990311624 6.966238331794739 12.767171721348687 1.710216366877974 35.13237076376569 -0.011869744458471021 0.9999145269393921 
Car -1.0 -1 -1.3597008987848407 753.2091826040012 177.17511803533202 841.8944751722745 235.0956841834724 1.5 1.677412961423397 4.231138390302658 5.58017981312251 1.6414369847619192 21.28803154617288 -1.1033410290863854 0.999783456325531 
Car -1.0 -1 -1.3292764387949738 426.580013204568 181.20909350032744 474.95930890674316 210.12747539470698 1.5 1.6491983577609062 4.533750426769257 -9.015133462096104 2.002004022477602 41.0319728841525 -1.5455500847336394 0.9997691512107849 
Car -1.0 -1 -1.4251660740248742 481.74291338352185 180.67697978920953 524.1500365652456 209.65221395726908 1.5 1.7196370780467987 4.678831112384796 -6.0427387940752855 1.9697852186359586 40.953856167157404 -1.5716590125837853 0.9978692531585693 
