Car -1.0 -1 -1.6971690539223634 646.8546474210558 178.62828272153357 706.6608710891187 226.45003005475883 1.5 1.5743673339486122 3.8650768369436266 2.1959934061003112 1.716666753511922 25.06485016973317 -1.6097797277059895 0.9999990463256836 
Car -1.0 -1 2.024887550841327 203.6068702088451 183.01005192908966 288.8669136770845 222.12762967646867 1.5 1.6028374925255775 4.118298229575157 -15.451415870088507 1.9631211891798646 30.806641014674295 1.5599917610499519 0.9999986886978149 
Car -1.0 -1 -1.3227032498689686 326.334714996625 179.48963036601015 508.61933550407616 315.5670271893151 1.5 1.560654167830944 3.45337190926075 -2.464525080868337 1.6068542531500793 9.848410386907862 -1.5679134075206262 0.9999984502792358 
Car -1.0 -1 -1.4118276823033353 439.36381532112324 179.67247409277732 543.8159412077569 263.70782085117634 1.5 1.559053038060665 3.7698423981666567 -2.3876891544894296 1.6606093014981254 15.068884363502699 -1.5689728509776784 0.9999979734420776 
Pedestrian -1.0 -1 -2.2291466117125056 1055.8991138863107 132.17167841766513 1222.3810846968913 371.5775751431311 1.8 0.8292438954114913 0.6853670373558998 4.146393140671004 1.4944833146971124 5.7796129962603935 -1.6068267161634309 0.9999939203262329 
Car -1.0 -1 -1.5866666205702153 567.2493573611619 179.57916318569403 612.891782729832 223.44241373085748 1.5 1.5978016451001167 3.528728571534157 -0.8227140942412281 1.7690264304734258 27.023059759821084 -1.6171021098878724 0.999992847442627 
Car -1.0 -1 -1.533925090949196 565.1907888282972 179.94846661375965 597.880162161846 210.51318202300735 1.5 1.5934803083539009 3.4079531699419023 -1.4935257751196 1.8898616632709475 37.90550772152183 -1.573306006905858 0.9999914169311523 
Car -1.0 -1 -1.655136593485967 631.8445220575675 179.1291629405744 672.9213751173934 213.35242189285796 1.5 1.6110068678855896 3.982331094145775 1.9244048163043255 1.8168361503725272 34.373679395620094 -1.5992101384934527 0.9999064207077026 
Car -1.0 -1 1.220250341836713 58.07022196157414 181.94314678739494 290.5191895750593 312.0350513088289 1.5 1.5757084384560585 3.9583197355270388 -6.442794358618469 1.6548260650393605 10.416966768430315 0.666345759234156 0.9998489618301392 
Car -1.0 -1 2.3227968100169623 0.0 185.1153482213559 39.537069442723855 262.9654009789961 1.5 1.529349435865879 3.604131054878235 -15.11055307604135 1.8076083392525875 16.273051435584428 1.5744233012159885 0.9980077147483826 
Car -1.0 -1 0.9438715428837463 318.7087345431431 181.21686334198176 457.93688293990044 240.53881957160417 1.5 1.6308116286993026 4.238216441869736 -6.468227746152553 1.7626227504359575 20.7043054738921 0.6410688598963874 0.9979547262191772 
Car -1.0 -1 -2.749970010823885 0.0 0.0 1241.0 374.0 1.5 1.5735338002443313 3.389767047762871 2.732635977044866 1.4613028661789897 1.176266758137318 -1.5856525712322933 0.9926847219467163 
Car -1.0 -1 -2.2317986327182213 458.7298280470281 180.85330096730186 528.06733119798 209.10528760544196 1.5 1.6556120038032531 4.281777006387711 -6.788181513649019 1.9837582048770248 41.53722596452529 -2.393790678181921 0.6609964370727539 
