Car -1.0 -1 -1.5439240878669602 579.5396941008436 179.14658207929114 644.6865186730556 238.19376828650297 1.5 1.6579872488975524 3.904719886183739 0.12888006004364466 1.3469549273774277 20.236448646755324 -1.5375554646041734 0.9999997615814209 
Car -1.0 -1 -1.2859137854647509 337.50737643702917 180.58535772065008 476.2661811551462 269.55484442995595 1.5 1.5587898463010788 3.899223592877388 -3.798308641390656 1.423064974199102 14.081784560308698 -1.549375861012612 0.9999984502792358 
Car -1.0 -1 -0.9258012764821537 0.0 183.76298992654455 186.8086923496818 309.1453667667131 1.5 1.589704167842865 3.9854428291320803 -8.200092770528551 1.4837518497342075 10.599425873495315 -1.584258339428578 0.9999977350234985 
Car -1.0 -1 -1.1266948759741704 195.4840243861627 182.2086847233305 326.0985992600629 252.00551784741293 1.5 1.5152827396988868 3.308537092804909 -8.151519801036788 1.4365076195000017 17.099939101424727 -1.5715283369671111 0.9999974966049194 
Car -1.0 -1 -1.1629276247047202 293.4585814259512 181.91840029437324 364.0440991252442 216.76337934384375 1.5 1.558341135084629 3.997880455851555 -12.735186784132168 1.3591897338616068 32.96937303479771 -1.5315448763456685 0.9999971389770508 
Car -1.0 -1 -1.3986961359040668 487.6611979155361 180.46667773618887 528.7644626562163 211.13276734417263 1.5 1.5152454867959022 3.506998208165169 -5.097039398745583 1.268837768292091 36.937236242244104 -1.5358220385995252 0.9999850988388062 
Car -1.0 -1 -1.4013053537946303 450.3575859351927 180.5066162123848 512.1345499683734 225.4508677352683 1.5 1.5799548968672752 3.729444605112076 -4.510287877102211 1.3439670813392741 25.855062979153402 -1.5740125144973887 0.9999513626098633 
Car -1.0 -1 -1.4729098942915917 515.4992406260144 180.3188501433099 546.270889675385 205.12752541539513 1.5 1.5472963944077491 4.080324110388756 -4.8471466186479155 1.2050544277364357 45.506669685755014 -1.5790248746660096 0.9998456239700317 
Car -1.0 -1 -0.5513161706935301 0.0 0.0 1240.0 375.0 1.5 2.0609915748238565 6.083496522903443 -4.3273497815475235 1.5099315577131356 2.6227567622908614 -1.5772282113928837 0.9998445510864258 
Car -1.0 -1 -1.2561051698300432 330.0467781599575 181.45227883875202 410.02121394594144 225.82888770460107 1.5 1.5993474543094635 4.0537937104702 -8.63271421351845 1.3739216209860303 26.323353300534674 -1.573001913088609 0.9995263814926147 
