Pedestrian -1.0 -1 -2.745426822456195 585.5523843298475 151.5778565680949 690.6134773267004 307.91224292170153 1.8 0.7122723877429962 1.1013029634952545 0.409782351311225 1.4568319836392856 8.82578220249147 -2.6990299979832515 0.9999996423721313 
Car -1.0 -1 1.8908705010831703 196.85646397824263 180.42369978784737 480.6918427100703 348.59669812058087 1.5 1.7633431151509285 4.414203625917435 -2.765722383537229 1.4917807438395587 8.619955527440265 1.5803956866224826 0.999998927116394 
Pedestrian -1.0 -1 -1.557091395977907 565.0872891398335 167.13944148118114 599.8496440642939 238.26514540966747 1.8 0.8798205785453319 0.9137476354837417 -0.5197701361028177 1.4377535756582085 18.639572543575948 -1.5849694749948127 0.9999964237213135 
Car -1.0 -1 1.6918323834054891 436.11643242357184 180.35680251307159 496.9783695036186 222.61200008410026 1.5 1.7703541114926338 4.611651834845543 -5.150139846362165 1.4604743277580687 27.85336124140528 1.5089954574916022 0.9999762773513794 
Pedestrian -1.0 -1 2.023197163171073 1084.5402396149673 140.11965250265087 1200.1856835113174 328.86214057177835 1.8 0.7149155743420124 0.6872820228338241 5.454870428697293 1.406736906502152 7.323501625340346 2.663390624519211 0.9999523162841797 
Pedestrian -1.0 -1 -3.4844184340964603 1042.7602972032544 136.5387743877908 1204.78933857462 346.751047082606 1.8 0.7970108211040496 1.0017785735428333 4.741895447171979 1.4163922602846348 6.667997414195576 -2.86625345150498 0.9998993873596191 
Pedestrian -1.0 -1 -1.8942809253451753 571.4383122155426 165.30759983510575 617.9920982310418 246.07977195858442 1.8 0.8048601008951664 0.9748884968459606 -0.2015107049976999 1.4403714655072557 16.59820226756177 -1.9064208428051812 0.9998853206634521 
Car -1.0 -1 1.7092791277566146 382.2810311063927 180.65119062596187 471.76205184495024 237.8500443029639 1.5 1.9372666746377945 4.5875685781240465 -5.031466404215699 1.4789100067939078 21.210118384367185 1.476364298662867 0.9998949766159058 
Pedestrian -1.0 -1 -2.31334094328939 625.9384092175848 153.58521279058687 713.168789203874 296.4170220784806 1.8 0.6533244185149669 1.0103838078677654 0.8573195325802486 1.4495470216820947 9.649693377109164 -2.2247293750431876 0.9999282360076904 
Pedestrian -1.0 -1 -2.2870607205250115 438.87643517867053 165.94089091658796 500.1709344068157 251.08851319843814 1.8 0.7927454568445682 1.1129569754004478 -2.9473090815347107 1.4723157300819687 15.839169371505589 -2.471033887067114 0.9997338652610779 
Pedestrian -1.0 -1 3.089036462327943 567.9762195707096 148.3663311850399 670.9902315417363 324.7188680566075 1.8 0.7709188878536224 1.0559606857597827 0.12289489569613248 1.4631753092749162 7.733861766341516 3.104925620551926 0.9997387528419495 
Pedestrian -1.0 -1 1.823425482432254 1134.360888183767 140.8476821625858 1237.0 322.5791920345344 1.8 0.7325526818633079 0.5980968967080116 6.12469031879565 1.3987187655315532 7.584647391205155 2.5027298808058323 0.9938410520553589 
Pedestrian -1.0 -1 -1.5964405821025751 587.5904848309323 166.87015021168764 621.3075763375783 238.16242722303312 1.8 0.8463711038231849 0.9616267427802085 0.03446741917221564 1.4318043245125 18.62478016438417 -1.5945899626847846 0.9861310720443726 
Pedestrian -1.0 -1 -1.5399408904362217 556.9460202899676 167.39067627652537 589.1650180422414 237.67576805594825 1.8 0.81994668841362 0.8783545836806297 -0.7667047059927762 1.4398373994068414 18.837116471256362 -1.5806202451374871 0.7091724872589111 
Pedestrian -1.0 -1 -1.622013562929037 596.268398857923 166.64098618326153 630.8271474027555 238.67206263204 1.8 0.8365600861608982 0.9326814234256744 0.26703501979483096 1.429869437330291 18.429398557712762 -1.6075249547746522 0.5802769064903259 
