Car -1.0 -1 -1.6131227005076962 566.2722747643545 177.00191206202706 754.3932103060922 358.4359526121595 1.5 1.5785849213600158 3.8243743151426317 0.37483452802004924 1.5571817621444641 7.9660144655633385 -1.5661031706866366 0.9999994039535522 
Car -1.0 -1 1.9159359109665601 353.8496488943409 181.5850120336433 426.21286726164396 218.85008857626656 1.5 1.6808506593108177 4.499911752343178 -9.80903126886943 1.92020566261806 32.40380186852507 1.6219925761183323 0.9999990463256836 
Car -1.0 -1 2.1887301855102574 233.91540917644303 182.86168247831864 312.8985461613901 221.2416010769261 1.5 1.4801357433199882 3.189676117897034 -14.326075959646541 1.951033643538911 30.787628273359896 1.7532100558241428 0.9999974966049194 
Car -1.0 -1 -0.9481241534726388 722.4831141544536 177.41327060298522 844.1272228535292 233.47232640806882 1.5 1.611919005215168 3.7852300822734835 5.159014079653421 1.647589714797567 21.450984957190347 -0.7121041576054437 0.9999959468841553 
Car -1.0 -1 2.145114832544556 37.63023328440769 183.01328030849737 229.59157119184061 263.8508083726773 1.5 1.5669132143259048 4.043536123633385 -10.291557529569424 1.7529672161450618 15.916183286077127 1.5711266875227512 0.999995231628418 
Car -1.0 -1 -0.9372729868067216 690.3091716136898 178.3781012624987 761.9763282490949 214.27409927990007 1.5 1.463848029077053 3.372987595200539 5.205018557863305 1.7613193874040325 32.37814464180186 -0.7778795520451409 0.9999932050704956 
Car -1.0 -1 1.862251803748494 400.43561875596794 181.45413901799435 451.82271306274595 211.96835602876655 1.5 1.5709689378738403 4.0535739183425905 -9.824191247647946 1.986020170864116 38.685036323848614 1.6135558962782444 0.9999914169311523 
Car -1.0 -1 1.7764965660492498 484.66307840052076 180.72019037317963 525.8544203560825 209.660468286553 1.5 1.5427468836307525 3.7802937000989916 -5.844958188857567 1.9617076656714154 40.3809698267212 1.6327495455702365 0.9999861717224121 
Car -1.0 -1 -1.6083568964103354 1159.6761398690587 162.3431942339351 1241.0 374.0 1.5 1.6335279241204261 4.117338967323303 4.303495442315256 1.4730861746451207 3.8913100353480785 -0.772702709832464 0.9999569654464722 
Car -1.0 -1 1.8896501207817749 460.31179193471667 181.0566360768296 502.96954034674866 204.92834826052894 1.5 1.6490845501422882 4.096852850914002 -8.682953776460721 2.0813111593902467 48.955131778964436 1.7141101241072239 0.9998891353607178 
Car -1.0 -1 -0.9409695795467119 670.2285807621732 178.72109039049542 734.5315303583354 208.4192566105019 1.5 1.5818113952875137 3.695741903781891 5.0025213167223646 1.8334294907615611 39.072338708436085 -0.8136300603535516 0.9992846846580505 
Car -1.0 -1 2.4144854493881356 220.50996231036046 183.1388023831605 301.15165473765313 211.5642103364045 1.5 1.6914094358682632 4.141727697849274 -20.236849634389106 2.129924054692406 41.92808674405369 1.9648089289625705 0.9947682619094849 
