Car -1.0 -1 -1.6472170280110017 663.1721628339349 178.8385491342236 703.175146794862 212.68569844219422 1.5 1.607738484442234 3.841487553715706 3.4164241811538627 1.8034059918885106 34.596832159118385 -1.5487865238126857 0.9999970197677612 
Car -1.0 -1 -1.5564432240629702 589.784424056408 179.64852566621957 623.5439418411398 212.34128270343285 1.5 1.5828770145773887 3.4264864891767504 -0.1798337915172883 1.8512400705324907 35.53832280382377 -1.5615034588289005 0.9999940395355225 
Car -1.0 -1 2.0697988212792513 53.59313818842028 182.47130715860925 264.8369782636815 272.56451776213873 1.5 1.7552361384034156 4.319749262928963 -8.900854893712088 1.7253303388635264 14.677757168926615 1.524673624834742 0.9999938011169434 
Car -1.0 -1 -1.9181285701061388 743.528297880552 175.52776993839416 1049.5623397142865 323.89561912425484 1.5 1.9430697456002235 5.801418659090996 3.4372459489706735 1.5494575800234895 10.322312040988509 -1.5966853676971537 0.9999828338623047 
Car -1.0 -1 -2.202123984610753 330.75286653541826 180.86148749666776 480.02721028149057 251.86583248575846 1.5 1.5773993477225303 3.686821323633194 -5.032275362787695 1.7127690744759894 17.386105568303698 -2.4838669459011897 0.9999563694000244 
Car -1.0 -1 -2.07018977911411 284.76471530026384 180.73065771268307 463.90155344228765 272.3995931544499 1.5 1.6094012677669525 3.925911945104599 -4.735944150328723 1.674853531111535 14.05818933007532 -2.395130292573248 0.9998857975006104 
Car -1.0 -1 -1.796701095519986 719.9509367577388 177.26028156963335 828.8333558273426 250.82229139630294 1.5 1.5769185990095138 4.133665052056313 3.6774703903261807 1.6170950351181388 17.03607554805316 -1.5840995377537352 0.9998794794082642 
Car -1.0 -1 -2.3486408848681304 452.0364776341819 180.69628575202796 535.9793985588265 218.31287506677768 1.5 1.5499039113521575 3.517044943571091 -5.069104332920375 1.8567806939661728 31.126654877215355 -2.510077790417944 0.9998370409011841 
Car -1.0 -1 -1.8681852489530968 0.0 181.0391002502163 315.043481129625 374.0 1.5 1.5920062109827995 3.7027912706136705 -4.656167593144681 1.6011838126869602 7.0907470926205045 -2.44922395149735 0.99979168176651 
Car -1.0 -1 -1.6000135927147048 579.9849953286418 179.30385810277522 633.4271384342032 230.24790340458446 1.5 1.6082648679614067 3.3021005362272264 -0.20742145800253525 1.7241154289373966 23.3482639915838 -1.6088971654560906 0.9997096657752991 
Car -1.0 -1 1.9694978494325321 279.66281331598475 182.55158935573738 345.03292946028955 215.38989218758383 1.5 1.6282875582575798 3.915943813323975 -14.835023310898555 2.0117430271690306 36.0813618872477 1.5794124484022678 0.9995542168617249 
Car -1.0 -1 -2.1812542590513564 409.584227921911 180.77912398146665 510.4371415170472 228.5196132478059 1.5 1.5715960904955864 3.73929241001606 -5.3187539649067785 1.7967723693409396 25.13325356981487 -2.389799610772405 0.999549925327301 
Car -1.0 -1 2.081127412748926 3.119097419859959 183.94216454217926 154.29495918169977 245.6775462184752 1.5 1.5359296023845672 4.332185772061348 -14.964967988285242 1.851042260973555 20.575577225732808 1.4523021419856208 0.9993008375167847 
