Car -1.0 -1 -1.5828188617463805 591.8181392812128 179.1157498169444 648.0756779762195 232.8376756839842 1.5 1.6010830670595169 3.3156225949525835 0.23332045424048842 1.707346949457953 22.189474708002464 -1.57230433362094 0.9999997615814209 
Car -1.0 -1 2.26454628620889 0.0 182.77857024068334 232.72347542054018 287.7024356351239 1.5 1.4972156405448913 3.3730919033288957 -8.29274108700512 1.6950954672860226 12.399789414549995 1.6750814795454563 0.9999991655349731 
Car -1.0 -1 -1.5436542668888469 596.7918418828796 179.56693592114914 631.2038016335707 211.91571284467892 1.5 1.6231114536523819 3.5384497165679933 0.20311789470661204 1.851962339888054 35.99448507634661 -1.5380112985756738 0.9999978542327881 
Car -1.0 -1 -0.49340734900027705 916.9863453232009 175.4709551067409 1112.2951960402934 217.02769824914228 1.5 2.3082787662744524 6.103813511133194 15.153224417061931 1.6039992018309472 27.382102256712468 0.012041612467493334 0.9999967813491821 
Car -1.0 -1 1.9406664381429655 179.4336090534983 182.26572792821287 305.0910373269336 256.75486516269524 1.5 1.44650177359581 3.429986771941185 -8.434449338693494 1.7420910219444519 16.75268431005683 1.4742478569361823 0.9999961853027344 
Car -1.0 -1 -2.0738746157134216 343.53621714405375 180.7801584333806 476.4133880218631 253.73605611670055 1.5 1.5162187188863754 3.4647277116775514 -4.821986839144836 1.7063100027734672 16.98070353883929 -2.350559608140264 0.9999953508377075 
Car -1.0 -1 -1.8320144201773365 747.4174598488132 176.80929731548423 876.6308924348546 258.7232300940472 1.5 1.6374066963791847 3.9594324797391893 4.080192705279906 1.5955577745233334 15.38262329492502 -1.572738031218995 0.9999943971633911 
Car -1.0 -1 -0.3378015013174769 805.891899398835 177.03049738140498 920.3875385676199 218.25628060524784 1.5 1.6062813371419906 3.754977372288704 9.446012805217007 1.6626509729923153 27.22492501299658 -0.00383575359848567 0.9999935626983643 
Pedestrian -1.0 -1 -1.7403240095991306 697.6503158645615 170.9646742034618 720.7576135639357 218.47842119667538 1.8 0.7306320153176784 0.9517235241830349 3.7750783431161192 1.7287829897833271 27.82005882518004 -1.6054515327003342 0.9999905824661255 
Car -1.0 -1 -2.256790078738083 496.5110179140158 180.40620841268168 571.9028936383717 209.15761513751602 1.5 1.7647721365094184 4.568343472480774 -4.3975243601764085 1.9533576278019624 41.04508008063553 -2.3635218302395686 0.999987006187439 
Car -1.0 -1 -2.0876712399688158 137.22111520606413 180.72190912233657 420.7636821602789 332.37201673561333 1.5 1.5617289140820503 3.7063325315713884 -4.273951795521264 1.6172455472243212 9.01371158984886 -2.5304349223759517 0.9999773502349854 
Car -1.0 -1 -1.936478690702108 806.7431584487716 175.31881346476374 1033.9017618819103 307.7823515371928 1.5 1.6013883545994758 3.767816585302353 4.006728822078293 1.5414398220140866 10.130838053615507 -1.5598591380429012 0.9999531507492065 
Car -1.0 -1 -2.28194435683658 443.471867100122 180.55987432300506 541.5575461513679 223.6913069703109 1.5 1.576569353044033 3.829629209637642 -4.57592033383928 1.8144668219791433 27.576910562382185 -2.4463791410115108 0.9999538660049438 
Car -1.0 -1 -2.1842163264938694 391.01847868190674 180.60965621787477 513.2606259309024 241.2300840886709 1.5 1.5572460860013961 3.541202333569527 -4.4911358193315465 1.7351038121935944 20.06984565538404 -2.4043647805836543 0.9999127388000488 
Car -1.0 -1 -2.295515671699629 968.4117803291671 169.1994438353165 1241.0 374.0 1.5 1.5897948786616325 3.6827130734920503 4.092465998051524 1.4852412039394502 4.840902650213757 -1.5937022017922742 0.9998948574066162 
Car -1.0 -1 1.8475026881649046 281.7227299764605 181.85034053645805 368.6404991305576 240.5144766265158 1.5 1.4632905393838882 3.3216389387845995 -8.115144485573703 1.7799663861606696 20.699000156181192 1.473864241442408 0.9996551275253296 
