Car -1.0 -1 -1.693123582955792 566.8393224168586 179.38289354616302 626.7367106990712 227.22877167649483 1.5 1.5971001729369163 4.0659675866365435 -0.5868529738771376 1.7487939198886642 25.32578249689949 -1.7162915925171716 0.9999992847442627 
Car -1.0 -1 1.9458767181692755 2.607574596070458 181.87501559944684 250.18280240255197 323.52977010308734 1.5 1.5316879868507385 3.587845575809479 -6.289602385116016 1.6466494106669762 9.789532076114073 1.374804421267237 0.9999983310699463 
Car -1.0 -1 -2.929242229218571 768.603060471191 177.18542300994028 889.8852565402176 223.1112764173071 1.5 1.5892055377364158 3.8543859988451006 7.684555472691896 1.6632157913126184 25.498599097798962 -2.636527494588171 0.9999912977218628 
Car -1.0 -1 1.8525364996840898 382.1137747260491 181.67522047009092 433.2799288768792 211.46815174303833 1.5 1.6700849428772926 3.919949617981911 -11.030313699539963 2.0068368629815168 39.45752796694516 1.579946029182297 0.9999867677688599 
Car -1.0 -1 -2.8185600698290516 703.797381746949 178.11659753421682 801.6502610330227 214.63463876087476 1.5 1.5815118819475174 3.928319600224495 6.225257811035381 1.7441865907500653 31.77021767535948 -2.625065282979284 0.9998818635940552 
Car -1.0 -1 -1.9196795686781234 688.5044340791775 176.42149464172215 895.9741969439789 309.4754162434714 1.5 1.572311532497406 3.743879359960556 2.2696872570944433 1.56045703808511 10.194554159600202 -1.7006151835110528 0.9996533393859863 
Car -1.0 -1 -1.6143985644395797 558.1527561814273 179.75983106643642 599.8878146222255 217.9631439173851 1.5 1.6114190712571144 4.088353601098061 -1.4372009867388174 1.8191531603195765 31.19766523591731 -1.6604335988548142 0.9992930889129639 
Car -1.0 -1 -2.714449177601052 974.3629169009107 0.0 1241.0 374.0 1.5 1.9492863237857818 4.699974742531777 3.6688353349452583 1.4654645876210093 2.5206713549731825 -1.7456341991808755 0.967861533164978 
Car -1.0 -1 2.198749091699984 0.0 181.3519191480297 132.10663237126607 374.0 1.5 1.6059831276535987 4.252644118666649 -5.250956284943714 1.585562135955132 4.995029073475588 1.388377829394068 0.937818169593811 
Car -1.0 -1 1.7716517427310499 1065.3767802145273 173.6036494810611 1205.232458408985 260.7625687317034 1.5 1.521078360080719 3.723479297757149 10.401990451859211 1.5170669593080044 14.262956530530905 2.4017734408339084 0.908488929271698 
