Car -1.0 -1 -1.5671344849586848 596.1041830682763 179.3746977703914 638.211282966355 219.4612488920865 1.5 1.6106425344944 3.6197962731122972 0.2527049627968774 1.7825946628244744 29.40811106196216 -1.5585416602578503 0.9999998807907104 
Car -1.0 -1 -0.8817425078081202 684.9955445368718 178.06313591826958 789.840350349129 222.54362464847182 1.5 1.6022861495614051 4.067352649569512 4.725596062968174 1.707150181156907 26.711140184324268 -0.7066395441677911 0.9999948740005493 
Car -1.0 -1 -1.2536983647510027 826.4471886699106 174.42249303776106 1088.5979857930377 335.35505187107464 1.5 1.6412413239479064 4.150352117419243 4.358698704133051 1.5240020349362644 8.818290459142844 -0.7946377555516106 0.9999833106994629 
Car -1.0 -1 -1.4456951102512634 1040.4399034249038 169.29228365417302 1241.0 374.0 1.5 1.6536394625902175 4.004357990622521 4.784571183324002 1.4834262169071866 5.36679399743518 -0.7175883213665826 0.9999531507492065 
Car -1.0 -1 -1.0147318374285696 726.0571610003338 176.79050556619438 888.4350593316047 255.96708122525203 1.5 1.6176304340362548 3.874909740686417 4.341482407972293 1.5968002164549469 15.765583371032635 -0.7460149685528619 0.9999463558197021 
Car -1.0 -1 -1.1191473955582767 753.0057788378125 175.98980675274294 949.9374506276511 281.55230403817507 1.5 1.6248843193054199 3.94334816634655 4.192242786142354 1.5625821054327136 12.341052074630937 -0.7916787425663813 0.9998925924301147 
Car -1.0 -1 -0.9739387903123602 702.2561985160352 177.42060453830112 836.1425242432837 240.10440217704797 1.5 1.624055814743042 3.884013232588768 4.316430693683031 1.635747366321337 19.466385807970486 -0.7557316581395013 0.9996961355209351 
Car -1.0 -1 -0.8461599482045967 662.984628433352 178.69777679455987 738.8153142567828 209.8053949200452 1.5 1.633336816728115 4.051375997066498 4.722263963548199 1.8196720104815076 37.4728778764256 -0.7208025614407403 0.9996128678321838 
Car -1.0 -1 1.7874343872343395 489.7515910528016 180.79014188803782 526.9514918548898 206.0296564010066 1.5 1.6022207707166671 3.635784846544266 -6.457742297416285 2.0261966459143426 45.931351001031636 1.6477544188459934 0.9986333250999451 
Car -1.0 -1 -0.9229355144844766 648.092338801505 179.01557480074362 709.638175794284 205.2146977935767 1.5 1.6559763371944427 4.0502461165189745 4.237606313141966 1.8964068291516192 44.3243355033536 -0.8276207009938104 0.9982971549034119 
