Pedestrian -1.0 -1 -2.286151998420885 576.8537622555723 163.11928766370244 640.3497839402194 255.42750826453735 1.8 0.7918480344116687 1.0635151088237762 0.10147921016127463 1.4428296858455703 14.666250617634777 -2.2792328755047664 0.9999995231628418 
Pedestrian -1.0 -1 -2.871270000965758 831.7876983949219 146.166350185092 928.0559265956381 317.6027837510777 1.8 0.6095118381083011 0.8764365248382091 3.0708418216369733 1.4303750841805063 8.044842222959506 -2.5066247145321707 0.999996542930603 
Pedestrian -1.0 -1 -1.2310501310901643 305.1846172961386 168.4242072422139 354.31488916365964 248.2576769143642 1.8 0.7845554061233997 0.992544137686491 -6.334883988355629 1.5063952887625058 16.698740664346587 -1.5936403805997712 0.9999957084655762 
Car -1.0 -1 1.709570003977909 431.36645330557076 180.39923573427575 493.8380104843081 222.74912065765128 1.5 1.7316757261753082 4.753128674626351 -5.298476584676544 1.4620689827554738 27.85651477301129 1.5216092308375495 0.9999949932098389 
Pedestrian -1.0 -1 -2.3953345346399226 672.1401410480132 160.25143992911077 742.996168736761 262.5175577247233 1.8 0.8521813459694385 0.9779096141457557 1.9179134731988288 1.4272758759085877 13.28904729492733 -2.2520013610508784 0.9999885559082031 
Pedestrian -1.0 -1 2.7863491150409154 724.987113516272 142.8858349820125 862.2501810612432 339.1998312554267 1.8 0.6979677386581897 1.1138530939817428 1.7932470322620635 1.4473249520571465 6.988738150466705 3.037521350379807 0.9999916553497314 
Pedestrian -1.0 -1 -2.253632626415273 619.7723881609544 162.53187161278203 680.2732359245912 255.5647367710724 1.8 0.8173794977366924 0.9261328287422657 0.9370737149456235 1.4342580056774048 14.509968652048606 -2.189140812554632 0.9999829530715942 
Pedestrian -1.0 -1 -1.720240956415754 563.9208672019557 163.47616078836217 613.0432624794909 255.1789335357395 1.8 0.8697547510266304 0.9135352939367294 -0.31503355165741626 1.4474666423978282 14.621422274751843 -1.741783649721418 0.9999617338180542 
Car -1.0 -1 1.7750703903636087 374.7343848465798 180.7016130422362 470.73810402191594 238.00376638010505 1.5 1.8450724452733993 4.495126616954804 -5.121285211925433 1.4802706203161815 21.078940185020294 1.536730929217066 0.999916672706604 
Car -1.0 -1 1.8264890868469859 387.48852777577986 179.76219122287927 539.0864237764648 272.8083493173735 1.5 1.7897692069411277 4.295671966671944 -2.4734427021317025 1.4732775017245783 13.788867099191071 1.6489970564802707 0.999990701675415 
Pedestrian -1.0 -1 -2.1675554517467397 599.1241803867143 162.62885391721198 655.9109506283432 256.5976792480421 1.8 0.7704047046601772 0.8790703050792217 0.4751384249650171 1.4397734758972418 14.334645270892759 -2.1344214240696773 0.9988794922828674 
Pedestrian -1.0 -1 -1.9471506345501683 636.9729262550743 162.77230614125475 689.912563238178 253.66682712346176 1.8 0.8109215207397937 0.8913654394447803 1.2252440944980685 1.4303800457938545 14.76664200912749 -1.8643664876606805 0.9974626302719116 
Pedestrian -1.0 -1 1.6619480534896787 1148.6512286689895 140.9359908406647 1234.1232155130228 322.23570686636754 1.8 0.6511050768196582 0.515734639763832 6.144233283174713 1.3986362594435828 7.541248831122659 2.3456184744795383 0.9930087327957153 
Pedestrian -1.0 -1 1.590238732389077 1138.0970161847401 139.29999904722754 1212.263189552666 330.41307249453274 1.8 0.5598272688686847 0.787445393204689 5.737550171755957 1.4039135447108282 7.24488670442987 2.260048615928513 0.5068663358688354 
