Car -1.0 -1 -1.5750929623962955 569.2152895655299 179.32736454553753 626.138117579694 232.81118401670426 1.5 1.6302193075418472 3.3554120481014253 -0.4396382173275873 1.7160392668593998 22.34089825542064 -1.5947690504279477 0.9999992847442627 
Car -1.0 -1 -2.2657470652269187 845.9761763283586 168.70306831448227 1241.0 374.0 1.5 1.6115850329399108 3.9216170579195024 2.800141179921027 1.4893461388508744 3.927431806646464 -1.6463693166759354 0.9999983310699463 
Car -1.0 -1 -1.3996963709092298 396.97109544195246 179.8298512437536 516.1309616147386 273.89642298278915 1.5 1.5857095390558242 3.6097297936677935 -2.794085126841481 1.6495826578946435 13.603193679466433 -1.6022780398514611 0.9999980926513672 
Car -1.0 -1 -1.8568678620049277 734.4455688720665 175.64455316566458 976.3727398970963 338.1031563456037 1.5 1.567295242846012 4.010572892427445 2.580844769446893 1.54190832141458 8.7344721246942 -1.5695647935525072 0.9999966621398926 
Car -1.0 -1 -1.775507675819751 693.6860625257458 177.40684013530216 803.1405566404777 261.4923880776699 1.5 1.523541708290577 3.2676714032888414 2.6474718846116496 1.6035722050076995 14.701275979108088 -1.597332893931542 0.9999974966049194 
Car -1.0 -1 -1.52541266304057 531.8082785949839 180.33279900154903 562.2729978562327 208.38197102056967 1.5 1.5805928528308868 3.653477740287781 -3.6108063840710085 1.9490913473277869 41.4320813438083 -1.612343036630426 0.9999903440475464 
Car -1.0 -1 -1.2592631213041252 244.303173638907 179.31441935010812 492.831540008149 351.10539559504093 1.5 1.5812507390975952 3.6420008659362795 -2.511381889885031 1.5908433069918042 8.269263225829983 -1.5541116810080153 0.9999816417694092 
Car -1.0 -1 -1.641663326575276 632.7688664141343 179.12091731807158 673.2677946532307 214.78091509689946 1.5 1.5749339506030082 3.6022788405418398 1.8654763142841524 1.8009773841644325 32.79689022589153 -1.5848448780041677 0.9999799728393555 
Car -1.0 -1 2.022322310380547 217.8717285601397 182.9669394607132 297.030569455719 220.0189244453876 1.5 1.572687041759491 4.057877373695374 -15.73444983542032 1.9821984531917367 32.345715234365684 1.5695764263484138 0.9999734163284302 
Car -1.0 -1 -1.3846204867249978 446.15833392670015 180.13441787232023 529.1010909659062 246.168267073571 1.5 1.501147125661373 3.2737294703722 -3.077083491580163 1.7027484960802313 18.40360083536897 -1.5502881138261897 0.9999717473983765 
Car -1.0 -1 -1.4977479722085107 572.0669049102195 179.7639572675184 610.2133323627357 213.80565219691837 1.5 1.564517293870449 3.4621483206748964 -0.8901135044164088 1.845525685462575 34.2737173239393 -1.5237128670003754 0.9999406337738037 
Car -1.0 -1 1.2983695395831478 84.25323885968307 181.93950421345866 279.4043789981838 310.2878868042991 1.5 1.5018852919340133 3.529818591475487 -6.335097029514283 1.653853472472827 10.432770837808985 0.7526504238459724 0.9999198913574219 
Car -1.0 -1 1.1843758803207496 337.16212517707055 181.22705875340404 438.9358257179539 241.5481544086636 1.5 1.52435791939497 3.4682570517063143 -6.343194138779758 1.7567459004519208 20.26843538686201 0.8810726841303962 0.9999003410339355 
Car -1.0 -1 2.1781183928687633 49.368845221361696 184.00453037772616 177.2521655827226 237.9060880872046 1.5 1.5339870497584343 3.5680471479892732 -15.452506609629994 1.8774265854313128 22.607027574224656 1.5785341143568576 0.9998632669448853 
