Car -1.0 -1 -1.187721608193572 269.7579900729498 182.14253058792158 360.7614314424575 226.00662531644844 1.5 1.6705219194293022 4.552448776364327 -11.302672343592766 1.8890513083850793 27.913553336646228 -1.5724595804375154 0.9999992847442627 
Car -1.0 -1 -1.348108640491681 358.9387408259705 181.3314207709922 432.66529428998575 225.3002734761093 1.5 1.7387785509228706 4.668516156077385 -8.209214291047317 1.856402541138142 27.916664217706355 -1.6341083432224137 0.9999963045120239 
Car -1.0 -1 -2.1233031638246658 926.552779894905 166.54977916252787 1241.0 374.0 1.5 1.567854781448841 3.5403481245040895 2.900806577195199 1.4849776574750608 3.6112394992618517 -1.4465704495694978 0.999995231628418 
Car -1.0 -1 -0.5134464050524372 834.2323192684651 176.02229343244366 1059.5403677087645 225.18742444523974 1.5 2.1257490411400797 6.4457184195518495 10.807128215022953 1.6094056833285841 23.50660495202866 -0.08251519600418634 0.9999940395355225 
Car -1.0 -1 -1.0310783186182844 110.40319662951512 183.57149726811667 224.28319963843305 227.9585733364649 1.5 1.6248019903898239 4.537440326809883 -16.891504540121264 1.9464204237688 27.753312758701956 -1.5778194070470077 0.9999935626983643 
Car -1.0 -1 -1.8378619781224927 758.7532747606037 177.62661508431376 825.8696198933536 216.94109946143797 1.5 1.6350714981555938 4.277967897057533 7.493569245081501 1.7144641695743836 30.208560130550673 -1.5947089745339496 0.9999943971633911 
Car -1.0 -1 0.8829212770572614 1114.3313865317543 173.71938454204314 1241.0 213.18892804576237 1.5 2.0917440325021746 5.364698034524918 24.047450457035037 1.539861235688499 30.235628485757267 1.554811163744654 0.9999911785125732 
Car -1.0 -1 -0.8961094602923343 0.0 184.9060315271903 107.6423662776529 228.4113473398005 1.5 1.5990417942404747 3.6385959506034853 -21.43169871459962 1.9940618688613077 27.722306576677276 -1.5542219961669785 0.9999841451644897 
Car -1.0 -1 -1.478268985702798 481.7224690484844 180.60769960777696 522.7772490254781 214.64241202167275 1.5 1.5943717703223228 4.000196841359139 -5.173049296382211 1.8959430855938733 34.76830976644131 -1.625971761592899 0.9999803304672241 
Car -1.0 -1 -1.805586240084056 707.585022364707 178.11021516165547 772.743482750192 218.45632831384236 1.5 1.635313269495964 4.40736101269722 5.211977626438737 1.7328156167291209 29.65818665324659 -1.6316276277091843 0.9999749660491943 
Car -1.0 -1 -1.5879709998524327 554.660146550094 179.64157467963213 601.7066510372576 222.41496879531124 1.5 1.698617686331272 4.388544198870659 -1.3327278443753559 1.787313501727218 28.25711931437905 -1.6351003954794747 0.9999713897705078 
Car -1.0 -1 -1.6578888390539954 890.1810797071056 174.51074523554004 1086.7402879688802 334.1993568633057 1.5 1.702163976430893 4.327200216054917 4.428788276265469 1.526707149825112 9.147934051086917 -1.207017735638891 0.9999294281005859 
