Car -1.0 -1 -1.334686578407121 376.743902028817 180.76790329170035 471.48998806634984 241.22988850519974 1.5 1.6091688096523284 4.124213245511055 -4.992594797124946 1.390785943288897 19.900116227988306 -1.5804958409306151 0.9999996423721313 
Car -1.0 -1 -1.1037373539911928 138.66598978728408 182.39134315694352 305.8210085429795 264.69429380312926 1.5 1.5700618296861648 3.64134558737278 -7.844453388168661 1.4496563287228055 14.931137051657634 -1.5874786647644383 0.9999992847442627 
Car -1.0 -1 -1.171867487553636 283.96731335810153 181.93679038605987 361.39145682113957 221.07988100712126 1.5 1.6000841304659843 3.7911786258220674 -11.619105473317589 1.3754803569270684 29.457114363320226 -1.5475728037443501 0.9999990463256836 
Car -1.0 -1 -0.9874162293001449 47.058285366461206 183.42124997317623 204.78530677073476 246.02836528994933 1.5 1.563698475062847 3.9627699673175814 -12.700268233914336 1.4581381108900844 19.201400606628273 -1.5717805444172142 0.999998927116394 
Car -1.0 -1 -0.9082191040974916 0.0 181.60370277683268 331.2456956062285 375.0 1.5 1.5986711278557777 3.987625476717949 -3.3218789062544705 1.4892457389154312 4.364951767498524 -1.5587449726325018 0.9999978542327881 
Car -1.0 -1 -1.5467108919662296 573.749151299195 179.79076682274854 605.7692354886688 208.04140041674603 1.5 1.6949125126004219 3.7985055267810823 -0.9893587450516731 1.213088190236271 40.06447432134448 -1.5714000394244236 0.9999978542327881 
Car -1.0 -1 -1.4275942217957576 471.7093697409694 180.26826075624777 533.3633112612343 215.34723921909247 1.5 2.0071372881531717 6.089786303043366 -4.8479657555658555 1.2895755319181341 33.78052907478733 -1.5701345573205059 0.9999841451644897 
Car -1.0 -1 -0.7803757278555785 0.0 185.52928934813986 57.38394286133793 375.0 1.5 1.5344618380069732 3.869496521353722 -7.5487219794348155 1.5050076434916912 6.919560391030646 -1.6092320876803738 0.9999430179595947 
Car -1.0 -1 -1.1960181224287714 276.194588684328 181.84654514839272 367.09199168402654 234.27638826129962 1.5 1.5031543120741844 3.299514812231064 -8.780856221519157 1.4047408604316476 22.21345331223632 -1.5724614754461241 0.9999421834945679 
Car -1.0 -1 -1.516207657609084 512.4010008304139 180.35402896394356 541.7268720241947 205.6255717673604 1.5 1.603785951435566 3.8478101164102556 -4.995088699098733 1.2125653482430356 44.63050746940672 -1.627664768197809 0.9998927116394043 
Car -1.0 -1 -1.4366249339498132 392.5405242194282 181.17441250356686 439.16895922529903 216.94022261688542 1.5 1.5280029296875 3.713876244425774 -8.537586600400909 1.3316417044775497 32.08285891269393 -1.6967080394413812 0.9617531299591064 
