Car -1.0 -1 -1.7514405847783343 718.7107739260131 176.8563864256086 848.5018354031808 274.9005225473545 1.5 1.5589334562420845 3.989503023028374 2.9488852213758463 1.5849559036723686 13.224879275539408 -1.5320495190706593 0.9999992847442627 
Car -1.0 -1 -1.7138708835445309 694.5195328559869 177.78276018434687 776.3393309836865 242.19210901176422 1.5 1.5678801134228706 3.7991123765707018 3.1481898038066634 1.643315176696935 19.00962833750647 -1.54975022102264 0.9999991655349731 
Car -1.0 -1 2.1216343694655984 0.0 179.99144406664777 378.7129259278128 374.0 1.5 1.6087040796875953 4.132381317019463 -3.739533897655033 1.5873083777233346 6.689738492912419 1.6119110465010227 0.999997615814209 
Car -1.0 -1 1.8197648501215375 413.98968722886104 180.1599953874419 516.4583437110037 250.60138122394514 1.5 1.5516711890697479 3.874895212054253 -3.476705917133354 1.70013478795393 17.749632562347987 1.6263389468153537 0.9999974966049194 
Car -1.0 -1 -3.327663972641333 749.9077592914015 177.82067192937095 840.3329040743099 212.59136365112562 1.5 1.5859056755900383 3.686700624227524 8.188042078237206 1.7288755512691196 32.289241731314725 -3.0793147842076167 0.9999884366989136 
Car -1.0 -1 1.7555088735920388 469.3265871328164 180.0730727439458 547.1543019476705 232.46504617812332 1.5 1.7265435799956321 4.37480793595314 -3.243722547563736 1.757721251533792 23.49448622514395 1.6183130621870578 0.9999738931655884 
Car -1.0 -1 1.991815499448017 965.3370309945458 174.60144132971246 1110.9918178571295 257.10054538450026 1.5 1.4504682764410972 2.983551707863808 8.660061543965815 1.5393183215820299 14.631147691236608 2.5262520194014133 0.9999779462814331 
Car -1.0 -1 2.142920528272218 909.8179428516914 175.36863326431023 1051.7925954896334 241.9975951902832 1.5 1.5077785149216651 3.4408821284770967 9.156836107140158 1.5679262568445602 17.87021136889356 2.616445052619797 0.9999701976776123 
Car -1.0 -1 2.1240406408350974 840.1274917758939 176.38573565894123 956.2273873955854 226.68685611156906 1.5 1.6452368840575218 4.062659528851509 9.444077482769876 1.6252688502001895 23.64657400860158 2.5040163874586643 0.9999545812606812 
Car -1.0 -1 1.652739431116184 527.6837473368208 180.1195356197243 569.7722868282372 214.55047391870804 1.5 1.6609853625297546 4.235914584994316 -2.902299990782342 1.8685812064351377 34.44568514950389 1.5686806877467292 0.9999563694000244 
Car -1.0 -1 1.775120958577408 1073.2393496608486 173.27685004196266 1228.9000751811284 276.76588719637715 1.5 1.450638149678707 3.2916972905397417 9.082891709172133 1.5084080234894894 12.101288765108782 2.4189882159193576 0.9999866485595703 
Car -1.0 -1 2.234049825156556 870.119221574666 175.9307749931783 1004.9135172322488 233.002652370021 1.5 1.555996809899807 3.7280427783727648 9.358774624925585 1.5951933072639575 20.68299042203546 2.658969628806931 0.9989744424819946 
