Car -1.0 -1 1.7606301834384404 438.433659412112 180.04317117958476 528.5098180228645 252.0837573909526 1.5 1.4835047096014022 3.352383014559746 -2.9357889565673894 1.6870901478825888 17.048357911592216 1.5900990843733371 0.9999994039535522 
Car -1.0 -1 1.2485765783914056 466.55529979340673 180.03357240503755 559.3114427905065 235.9767386125 1.5 1.6040048122406005 3.9944956570863726 -3.1036374347252895 1.7410358953941807 22.039765751466987 1.1086765964839118 0.999995231628418 
Car -1.0 -1 -1.418346688670195 839.7354793882669 175.22489381570034 989.7623349312925 297.46770071121773 1.5 1.5566206097602844 3.370749068260193 4.600526121274619 1.541791788884524 10.764681607815897 -1.0144684473660333 0.9999843835830688 
Car -1.0 -1 -1.8741875069515932 850.3501454953547 173.81769840651376 1201.0779955133041 374.0 1.5 1.5861917778849601 3.498855096101761 3.227521144279266 1.511488045938772 6.477742999705722 -1.4119426468994958 0.9999783039093018 
Car -1.0 -1 2.2688248853791673 1029.271953949216 174.72017844676668 1143.0688177284162 215.00635709315134 1.5 1.5780764192342758 3.920166802406311 18.622027088691244 1.576975514295494 28.302744757828595 2.850774395461899 0.9999744892120361 
Car -1.0 -1 -3.121719376765865 764.5577608465047 177.20373345536026 899.6209328527933 221.66796242951887 1.5 1.7184045657515525 4.533429679274559 7.95615785134406 1.6672087222522243 26.155125292259065 -2.826421932378088 0.9999722242355347 
Car -1.0 -1 1.933101913152197 134.9013135186506 179.2607047830251 462.43127519825276 374.0 1.5 1.5628174439072609 4.013235357403755 -2.736240161118762 1.5827208171493885 7.264902719593156 1.5728957533796848 0.9999701976776123 
Car -1.0 -1 2.465262214651109 0.0 178.47796299135953 269.64680098822015 374.0 1.5 1.5429700285196304 3.8410546749830248 -2.9377092955980744 1.5347533746286828 2.4721654255192136 1.5940210699995578 0.9999334812164307 
Car -1.0 -1 -1.2145618020351125 884.8938009080994 175.34036278878133 1026.8880347095571 259.3231841986116 1.5 1.5199853599071502 3.400201585888863 7.0661167227469885 1.5570202527974633 14.713661413820782 -0.7668452421810967 0.9998806715011597 
Car -1.0 -1 -1.1794036551421183 1151.3559696555997 173.09795570050642 1241.0 234.73272768865095 1.5 1.583627288043499 3.416085106134415 16.070809759005357 1.5073063222953669 19.058805976171865 -0.4788575927403314 0.9998624324798584 
