Pedestrian -1.0 -1 0.8061098920803479 589.3234653907701 155.40766448230747 668.2754221935901 275.2295521009159 1.8 0.7372248478233814 1.0438605703413486 0.32524597943677247 1.4247163895960764 11.250834247442079 0.8350104530665533 0.9999988079071045 
Car -1.0 -1 -2.137474289464918 957.1247828710074 170.45510636039975 1067.969299760082 217.92713971541775 1.5 1.6294634461402893 3.5196474313735964 13.749797899780015 1.1841573559974128 24.133522647626627 -1.6196031282332284 0.9999977350234985 
Pedestrian -1.0 -1 1.9737797224808364 282.1752219461058 171.66659736433314 315.87166049790494 223.5893863844446 1.8 0.6912786073982715 1.1831258915364742 -10.87783471690818 1.4953047943668163 25.09981246779634 1.5648299892756599 0.9999984502792358 
Car -1.0 -1 -1.6671432911971484 603.4332433431039 176.1264525857298 638.5888630867596 206.2425543844009 1.5 1.5323248252272605 3.0866152167320253 0.7841493627448082 1.283596744910403 36.80760344403967 -1.6458425084736688 0.9999973773956299 
Pedestrian -1.0 -1 0.8865253262135556 464.32561463321116 157.82640998472542 539.8148620900569 273.68175687942943 1.8 0.7025412775576114 1.0757153414189815 -1.740498014363497 1.4493866573002325 11.601861882765288 0.7376169403407232 0.999996542930603 
Car -1.0 -1 -2.268304967838848 1032.8962083079448 169.32199235042685 1156.2568518991473 217.4727245995039 1.5 1.6128307700157165 3.369634833931923 16.297327414083444 1.1533350969819562 23.77589040764076 -1.6674068952586991 0.9999954700469971 
Pedestrian -1.0 -1 0.6533182015766545 614.3155609516825 154.94461543435335 694.9145414113232 275.4078357699923 1.8 0.7593749582767486 1.0204687274992466 0.7361940651808121 1.4198047013886979 11.181742929655503 0.7190622528407233 0.9999948740005493 
Car -1.0 -1 0.8881551527111469 1094.574752434419 168.258356362633 1223.0 215.33862492700788 1.5 1.6489064812660217 4.04124767780304 19.231166540118306 1.1115250049493721 24.557308130554663 1.5525144775721686 0.9999885559082031 
Pedestrian -1.0 -1 1.112581910572779 365.03404382412947 163.2338157599284 424.2769617221142 256.39192795882116 1.8 0.8009076610207557 0.9663402594625949 -4.295914235879323 1.4680154830378256 14.28309928040911 0.8204197128626959 0.9999972581863403 
Cyclist -1.0 -1 1.3768056095690444 545.649126343897 179.65865585157522 570.6160328639245 218.18738572628462 1.4 0.6230982512235641 1.6645830616354942 -1.8003386837864919 1.3709485662133323 26.571284570086625 1.309153958162989 0.9999984502792358 
Pedestrian -1.0 -1 1.0297879380721553 379.54975609385997 163.858353205792 437.97600672043916 252.33721367365015 1.8 0.8040941812098026 0.980305627733469 -4.2095100975690265 1.463070709042119 15.00792219179787 0.7563287456843513 0.999904990196228 
Pedestrian -1.0 -1 1.1087982991355867 408.8169922258316 161.98277941930584 473.4854720857623 258.7057013661353 1.8 0.8336575262248516 1.0873553834855556 -3.257260835889149 1.457034330859523 13.83766208869578 0.8776158531520025 0.9999004602432251 
Pedestrian -1.0 -1 2.3905000111014436 223.65057144382592 174.30911819942787 245.0084667234541 215.868714110708 1.8 0.5988823741674423 0.575789113342762 -16.266083436787802 1.5333388826482348 30.988830146363302 1.9071302294691623 0.9998006224632263 
Pedestrian -1.0 -1 0.6408951293814581 572.6355000240202 153.77709084683562 660.7762823160374 283.79904030589597 1.8 0.7954662226140499 1.0264857232570648 0.12577236361083466 1.4317216472790362 10.411013127440656 0.6529752453181402 0.9997513890266418 
Pedestrian -1.0 -1 0.9330366824622163 415.15385379956683 157.34512865509902 497.50924452535264 279.48964768116275 1.8 0.7392102412879467 1.1171591028571128 -2.3781928819213234 1.4604377568393614 11.06096171822321 0.7212530811640876 0.9997325539588928 
Pedestrian -1.0 -1 1.129098865008469 351.19610904490565 161.62447567446117 418.01118498235076 264.80031091855795 1.8 0.7854021646082401 1.0758533634245395 -4.100818093888146 1.4723435276401844 12.991638234099867 0.8233463009211677 0.9996488094329834 
Pedestrian -1.0 -1 1.0943438020962437 343.89302423255504 163.76414901071598 405.2138029637996 255.4142893977213 1.8 0.8505055241286754 0.9608599849045276 -4.777589860251022 1.4729398866439003 14.521441721530417 0.7764960964533942 0.9996523857116699 
Pedestrian -1.0 -1 0.8371462577229623 494.3777006051671 158.28185604183642 566.272092953687 269.358852985846 1.8 0.6864759631454944 1.058364149928093 -1.3240084823932827 1.441608620046117 12.06103932384443 0.7278083999964851 0.9992641806602478 
Pedestrian -1.0 -1 1.8831988253920702 255.7038635696656 173.92441106545962 277.24082158248785 215.29480883082115 1.8 0.6391107596457004 0.8152361519634723 -14.956156819324494 1.5153729531469775 31.2050873362782 1.4362594326350349 0.9982866644859314 
Pedestrian -1.0 -1 -1.4263655266229203 194.1568285681892 174.51421996288536 214.19155729053983 217.14731984856863 1.8 0.6769081138074398 0.5290264755487442 -17.14852506919371 1.5487572896406903 30.21653796039967 -1.9425611058857781 0.9950246214866638 
Pedestrian -1.0 -1 1.9155740620003974 279.006298435341 173.6349103931428 303.4827508876592 214.8145229006824 1.8 0.6820256382226944 1.0501848094165325 -13.968105025212704 1.5013917708880533 31.449441577473568 1.497600003084864 0.8291040062904358 
