Car -1.0 -1 -1.7472782142600438 651.5653622644771 178.67964667223086 710.4832350788914 223.3389030142282 1.5 1.5684269860386848 3.354254972934723 2.4916914538504105 1.7277173940864803 26.420950645009928 -1.6532489071276528 0.999998927116394 
Car -1.0 -1 -2.496384299696648 843.614108830067 175.4205271477512 1057.9874074560587 264.7660143720512 1.5 1.55829047113657 3.5746736943721773 6.462549923716759 1.5576626065285284 14.165071413187555 -2.068360463776861 0.9999983310699463 
Car -1.0 -1 3.4878120794499536 217.7418343877677 182.1244865930369 402.6270041441157 248.93929270772855 1.5 1.6031373783946037 3.7811128914356233 -7.136504944478177 1.734374110483212 17.32627268445725 3.097098577018601 0.9999967813491821 
Car -1.0 -1 -2.673165100660831 179.99899952842435 182.2483593201106 379.8010046900419 259.7116314970702 1.5 1.5529877066612243 3.4559937685728075 -6.8274615912565135 1.707033997561031 15.022969814349542 -3.099728540578161 0.9999927282333374 
Car -1.0 -1 -2.5530258009760383 0.0 182.60677279101859 343.68252514671076 304.14956159281223 1.5 1.7003840327262878 4.301296037435532 -6.1986683332412715 1.647560501267821 9.968607298633414 -3.1093343059208736 0.9999833106994629 
Car -1.0 -1 3.414189285687186 319.3246728199606 181.64314695804777 461.6756549495149 233.1027524538155 1.5 1.5586263060569763 3.9023975402116777 -6.698552968337684 1.7799633418991891 22.13050449541343 3.1202717900236667 0.9999725818634033 
Car -1.0 -1 -1.6985388245901636 628.4074397252192 179.19513652772778 669.9075133794768 211.61976671019045 1.5 1.573650588095188 3.9858734726905825 1.8728564730552302 1.8367213494362256 36.22401990587593 -1.6468827585366113 0.9998701810836792 
Car -1.0 -1 3.814781834612734 0.0 183.52044934540842 206.4379011798764 346.4456170132209 1.5 1.5416134640574455 3.3035727709531786 -6.372089087463584 1.6242386533685294 7.562094594923146 3.1145788311918796 0.9972696900367737 
Car -1.0 -1 3.242209590747502 457.9628820047193 181.1131219546842 522.9087018414143 206.24599007237256 1.5 1.7142292603850364 3.8156310588121416 -7.39263278742703 2.0229773408823704 44.6784314884286 3.0782321572264255 0.7301296591758728 
Car -1.0 -1 1.6845056483369931 494.08681180421956 180.64398323371682 531.1705405436154 209.37623324531734 1.5 1.6400721415877342 3.927735847234726 -5.4795524430926115 1.9613855285852886 40.71947815714208 1.5507408817622321 0.645462155342102 
