Pedestrian -1.0 -1 -1.4628419685901177 279.41180731084035 160.8302876854446 328.50569523945956 274.75952238382206 1.8 0.6732746519148349 0.687462606281042 -4.968683293520195 1.4908884629343668 11.5930797633556 -1.867749826112066 1.0 
Pedestrian -1.0 -1 0.8749715683427115 476.72298952750356 164.86408515447476 521.6380450841543 240.72440831844304 1.8 0.6263288229703903 0.9465455569326877 -2.6333585686499963 1.4305972380950198 17.319869948684 0.7240845402094978 0.9999996423721313 
Pedestrian -1.0 -1 -0.9640793796338285 617.3793570045334 167.48594326657985 641.5297693592205 218.637583598937 1.8 0.6062559343874454 0.6430499747395515 0.8494686009315952 1.3435696793084373 25.314655738719384 -0.9305355707791192 0.9999995231628418 
Pedestrian -1.0 -1 1.1161435861121471 835.3169707281071 146.65433701360018 907.1275939413605 298.43053314679537 1.8 0.5548617362976074 0.7591968894004821 3.2432185433937746 1.4002868908834962 8.785962489759745 1.4697636803004401 0.9999971389770508 
Pedestrian -1.0 -1 -2.2828900802146483 647.4496089077048 165.13414266014445 674.5839394704219 227.40810794710646 1.8 0.5118548430502414 0.626467590034008 1.61583073551388 1.3574262300202105 20.835930526009655 -2.205494777360235 0.9999967813491821 
Pedestrian -1.0 -1 1.2258779443933416 508.3996485139808 164.53318058110713 547.2983212801696 240.11460201302097 1.8 0.6801425971090793 0.9143937870860099 -1.9435405428993615 1.4213469990624836 17.39391965086886 1.1146027286860603 0.999987006187439 
Pedestrian -1.0 -1 -2.7421697753074383 1053.4956486940703 134.22827096190878 1188.6053288025653 336.06623722684174 1.8 0.594387811422348 0.8965029872953891 4.921062801296407 1.3890478941906133 6.837953265680021 -2.118364767232214 0.9999822378158569 
Pedestrian -1.0 -1 0.6969944255978434 1007.3184380328918 117.54115511409226 1179.8593616851147 369.0 1.8 0.5532044477760791 0.7647186078131198 3.155589119204833 1.423076946478443 4.6914935517175245 1.2891067703578132 0.9999624490737915 
Pedestrian -1.0 -1 0.8667764222167588 412.22824914599767 166.66963857265242 453.5070747031435 237.2268985458264 1.8 0.6143454954028129 0.9013112194836139 -4.552989299201953 1.448762565219254 18.545667096365552 0.6260360916468756 0.9999595880508423 
Pedestrian -1.0 -1 0.08204758679287869 398.79773362081056 166.3989709455661 438.4939130901279 239.61373896603126 1.8 0.6124301373958587 0.9191198766231536 -4.708989940297515 1.4549210526384577 17.760370999595605 -0.17712922493485042 0.9999157190322876 
Pedestrian -1.0 -1 -1.3373735159650793 440.1152028023772 165.42984610809563 477.0304054059629 241.14747087595524 1.8 0.6958892129361629 0.8992317624390125 -3.602565275653635 1.443347312670296 17.262448881718964 -1.5431143092599255 0.9998229146003723 
Pedestrian -1.0 -1 1.0011043151359014 813.8781045929121 146.341311534632 895.7733929373283 300.9261857147082 1.8 0.6218581020832061 0.7825365781784057 3.002171889873916 1.4039364284360552 8.68124331910116 1.3340529640528815 0.9996863603591919 
Pedestrian -1.0 -1 1.354656055150505 493.5909187464727 164.63769047124808 525.6095932010585 241.0917782099965 1.8 0.6200894273817539 0.7449272580444812 -2.351392591178629 1.4281496641441427 17.09811699336528 1.2179898460719245 0.9993083477020264 
Pedestrian -1.0 -1 -0.018997777498471757 402.91720380334283 166.46522807047373 442.85487571754925 238.99523752343245 1.8 0.6482980705797672 0.9675065547227859 -4.674503080966982 1.4532908553124746 17.98476677070423 -0.27328582207230157 0.9985070824623108 
Car -1.0 -1 -1.1837081347183094 0.0 181.27212760728332 286.28114716049856 369.0 1.5 1.9530877962708473 5.115457114577294 -3.131402932916625 1.5087867281508796 3.7514060629410015 -1.8792688111451012 0.9964553117752075 
Pedestrian -1.0 -1 -1.2970307414372995 635.808797907345 167.1494273308805 657.5168007563008 218.93315425121415 1.8 0.5941843174397945 0.7242737829685211 1.449883106451974 1.337465201248585 25.01116146946463 -1.2391261021283013 0.9343603849411011 
