Car -1.0 -1 -1.559503746252044 587.490409771456 179.28429171347688 638.5165250515431 227.35607361700514 1.5 1.6240722060203552 3.255867820978165 0.07254468398165816 1.7341320876839064 24.589541365177592 -1.5565535296362383 0.9999994039535522 
Car -1.0 -1 -1.559388800392291 593.2178050516367 179.64636190409493 625.767272466451 210.77057884330924 1.5 1.6041629508137702 3.5411106914281847 -0.04527534888831229 1.8685040290876078 37.32599016623945 -1.5606017709386093 0.9999991655349731 
Car -1.0 -1 -2.372239043426712 388.96118658488615 180.6117721270062 530.9373130889728 236.7126744331106 1.5 1.6232546910643577 4.209611055254936 -4.580552198769435 1.7519908698557898 21.59507572205867 -2.5812521735813956 0.9999940395355225 
Car -1.0 -1 -1.6466892076141295 645.9626831359398 179.09215146839688 685.0671500377487 204.79353036886386 1.5 2.061189387738705 5.715824154019356 3.457852806150595 1.9258755492979716 46.355522698295424 -1.572232909212124 0.9999803304672241 
Car -1.0 -1 2.119718446209344 56.50998398154869 182.58868421640906 258.38329491066605 274.51156351698984 1.5 1.5511585891246795 3.8153501719236376 -8.619223276882089 1.7161416442674797 14.083317477258731 1.5705100735041755 0.9999706745147705 
Car -1.0 -1 -1.8110223399493215 79.38762413768642 181.12499922500623 323.6774583358314 348.6409559324965 1.5 1.6014259800314903 3.861018878221512 -5.059247641252703 1.6211272413639741 8.591353860116493 -2.343222753205572 0.9999754428863525 
Car -1.0 -1 -1.970277294090134 219.43745643056727 180.43342670689296 457.0289533228449 306.42602343587265 1.5 1.7353730767965316 4.506365445256233 -4.38766832973685 1.639930371041031 11.06906030374425 -2.3476680080082755 0.9999575614929199 
Car -1.0 -1 -2.1942690090868924 351.54226033746954 180.75546047588014 495.6685712086867 246.49863232974474 1.5 1.614525032043457 3.958125275373459 -4.9673728946594 1.726792572438867 18.793350390429314 -2.452675000825201 0.9999319314956665 
Car -1.0 -1 2.34874415225425 0.0 183.42662210238504 74.42452205980882 374.0 1.5 1.6361931830644607 4.247780379652977 -8.235690030066987 1.6470271694197345 7.858698013120841 1.5399264534327644 0.999894380569458 
Car -1.0 -1 -2.3364607770307337 501.8287464176762 180.52459681582133 563.8654407850856 207.5531690924111 1.5 1.5676206469535827 3.64766665995121 -4.636973585407506 1.9744193607140708 42.81806347565419 -2.4443351785328726 0.9992966651916504 
