Car -1.0 -1 -1.688404833908139 654.1256707720224 178.73019878297671 705.2866593164676 218.65796981950336 1.5 1.610116709768772 4.163897272944451 2.766784623734905 1.760380567021974 29.823923366228126 -1.5958989626404387 0.9999998807907104 
Car -1.0 -1 -1.7404750917356278 668.9921670665817 177.97246635510473 756.348167620745 243.43234065695464 1.5 1.5809929490089416 3.95475612282753 2.5164364780252226 1.648320688831397 18.849978164441676 -1.6077616634455068 0.9999992847442627 
Car -1.0 -1 -1.9571378740230672 745.7284600892775 175.66604003344167 981.0311299516109 323.8820314820355 1.5 1.55581985861063 3.416680034995079 2.8859313687072454 1.542836728948598 9.13165509555759 -1.6510348851468903 0.9999972581863403 
Car -1.0 -1 0.27402210409893724 335.88075443033625 181.4196571016585 490.6713635574442 231.95916223700993 1.5 1.6461721181869506 4.384635624289513 -6.10678213396708 1.7780141065182613 22.54214090865918 0.009466811022486008 0.9999946355819702 
Car -1.0 -1 -2.652638464451884 87.96663873293207 182.4633332895798 355.6574655259471 279.6681969968977 1.5 1.5807297572493553 3.6341039955616 -6.407372988566481 1.6718452662176801 12.081016787087204 -3.140283540883337 0.9999399185180664 
Car -1.0 -1 3.71703181390487 0.0 183.12265680789838 276.60310988199166 305.5091917966426 1.5 1.541822825372219 3.6031226187944414 -6.740439728514506 1.6514975492789739 9.797683506613188 3.114430415626389 0.9999158382415771 
Car -1.0 -1 -1.6570755501700904 636.1049579839332 179.34448184957205 666.9978388547461 202.9712374391716 1.5 1.722208273410797 4.423143205046654 2.7610365877854726 1.9637138394463158 49.271264670630195 -1.6010966348138196 0.9998418092727661 
Car -1.0 -1 3.5654951304100915 160.82003764879477 182.26090377471297 389.2939271286612 262.16291387811435 1.5 1.569819313287735 3.871990230679512 -6.669962136829053 1.700195775344246 14.527938329621277 3.135088908668381 0.9998193383216858 
Car -1.0 -1 3.3614739255284665 381.538753215939 181.40806043039197 486.5981770854584 222.1817217830635 1.5 1.5894216045737266 3.6634939283132555 -6.74171855312604 1.8388237507968799 27.718125295228464 3.1228825926741184 0.9998131394386292 
Car -1.0 -1 0.7864668516970126 0.0 183.2997583670684 223.322515369655 346.97193116618774 1.5 1.5684001639485359 3.588506814837456 -6.360787373597757 1.6253713464709771 7.681883788420552 0.09486989577742987 0.999809205532074 
Car -1.0 -1 -2.8646121898998977 359.6328220512576 181.48267812128267 478.3970120034081 226.3908672567333 1.5 1.5806278705596923 3.7270257741212847 -6.663873960388865 1.8121002175085759 25.2401311944948 -3.1227410594609126 0.999648928642273 
Car -1.0 -1 0.5123157332957227 226.63894389094298 181.8710453259594 423.44420848676475 251.14716614425356 1.5 1.6040511921048164 4.039254647493363 -6.681812713531326 1.7258445085624194 16.969807270099313 0.13721136649581364 0.998572826385498 
