Car -1.0 -1 1.620149611772968 547.2073576475291 179.94374715650372 585.9356296391817 216.19872545469786 1.5 1.5582187592983245 3.7192712098360063 -1.9430805378215779 1.837566966340856 32.448028236585564 1.5603381832453864 0.9999997615814209 
Car -1.0 -1 1.7619514015917894 352.31181454409466 179.32054862268862 520.6452183928636 306.97658323167633 1.5 1.6221868366003036 4.20618714094162 -2.407086675480055 1.6163577849705142 10.815680164910047 1.5429650982234138 0.9999998807907104 
Car -1.0 -1 -1.7326296360934634 706.9193103161891 178.16971348869419 763.1884167713542 222.54744927929883 1.5 1.5232954666018486 3.154484045505524 4.461290340800653 1.7061300204963428 26.346397648241556 -1.5648887088198704 0.9999996423721313 
Car -1.0 -1 -1.8054118459172581 748.3836604734954 176.72452887297322 877.1777254789974 263.6462442896181 1.5 1.5536733463406562 4.140150037407875 3.9013203480349 1.5905546151522698 14.723172549473222 -1.546386447795902 0.9999985694885254 
Car -1.0 -1 1.6981505129697387 459.8988551084565 179.69693608807577 549.5036989572726 255.6032495623049 1.5 1.5450696021318435 3.828335788846016 -2.3425653463998213 1.6753740703175697 16.5270565633701 1.5573472221705573 0.9999953508377075 
Car -1.0 -1 -1.6978253099822578 686.1144442647974 178.51631400389397 734.1465403782726 216.08951608760546 1.5 1.6023431465029716 3.55473370552063 4.219314578754955 1.7586196871352489 31.123577510410914 -1.563080260125224 0.999991774559021 
Car -1.0 -1 -1.668669842266709 679.7837815101091 178.7016679673835 719.0910438685397 210.354623025856 1.5 1.5929559737443924 4.153331604599953 4.499612357636232 1.8176920750572936 37.058413660086806 -1.5478418479349954 0.9999872446060181 
Car -1.0 -1 -1.733602242424678 734.5620215107542 177.52331369812143 809.7828254484145 238.14561115964557 1.5 1.4870374023914337 3.2121150314807894 4.305313643441891 1.6387873418833572 19.745987742310515 -1.5189271281149728 0.9999723434448242 
Car -1.0 -1 -2.5868334759411313 1120.278043792331 72.43170808066525 1241.0 374.0 1.5 1.5872687593102455 3.644937139749527 3.4943042640016677 1.4629064764153537 2.099529336902815 -1.5570764989268524 0.9999226331710815 
Car -1.0 -1 1.1630743090058226 824.9210770700163 174.64637018215876 1133.2613004613768 341.64703530560274 1.5 1.5351072445511817 4.419208925962448 3.946832514979038 1.527613213511104 8.747489786264174 1.586922395225388 0.9993970394134521 
