Car -1.0 -1 1.7405801618351529 456.45813888523696 180.05416279131026 536.3077966481709 245.79758411148896 1.5 1.4807777971029281 3.294283014535904 -2.868743637771106 1.7013645088887255 18.48176896754058 1.5865888476332248 0.9999983310699463 
Car -1.0 -1 2.1518248012446084 1015.4911846926002 174.92228165980262 1118.3163674911934 213.54145897954942 1.5 1.593567107617855 4.1065024703741075 18.81711994865606 1.5901988599271035 29.765025701972522 2.715576994415146 0.9999971389770508 
Car -1.0 -1 -3.0591881785806345 760.5512765431756 177.32112723769825 884.0030407291396 219.4269179764137 1.5 1.6956789910793304 4.411350053548813 8.083822267488259 1.6811782786334202 27.620645017982266 -2.774466709294592 0.9999974966049194 
Car -1.0 -1 -1.7799666226022222 816.7460086140661 174.7877594483574 1057.4107512191679 354.43682696871554 1.5 1.5977804109454155 3.486658123135567 3.2262130196460026 1.526565395113813 7.918889877168531 -1.3930910537627084 0.9999922513961792 
Car -1.0 -1 1.8650074044979348 237.94446565356697 179.3916537955901 482.825796366503 346.19338591141525 1.5 1.590304498374462 3.9816154658794405 -2.7056397116240936 1.5967763191430933 8.640539230575696 1.5615457733485358 0.9999895095825195 
Car -1.0 -1 -1.4835618924657512 820.9088543543854 175.75303273301256 937.7607737476243 280.9293754488932 1.5 1.5597230315208435 3.4566184997558596 4.634224685206182 1.5573552198192429 12.287714951521117 -1.1229138235237939 0.999984622001648 
Car -1.0 -1 -1.0879138222690663 1118.063874457286 173.48764215115088 1241.0 230.53124325657137 1.5 1.5778340891003608 3.491165351867676 16.26684644220402 1.519552828853682 20.4285854453348 -0.41544611851242613 0.9999610185623169 
Car -1.0 -1 1.2851939906931331 481.6715061077436 180.00168464059243 565.4923835005523 232.01055129692944 1.5 1.621040378510952 4.065252330899239 -2.9612779476853044 1.7557952001037556 23.595694488364654 1.1603459556910651 0.9999510049819946 
Car -1.0 -1 2.272624279821928 0.0 178.9544952558448 355.20614383391523 374.0 1.5 1.5489034846425056 3.7572483092546465 -2.9347778780529548 1.5491403298151594 3.8515464825240606 1.621503818031174 0.9999508857727051 
Car -1.0 -1 -1.2127047806022428 864.3039874787463 175.73474705385877 989.6960213494755 251.42069489737858 1.5 1.5259283155202865 3.240976345539093 7.0876141395869245 1.5714848291907715 16.119233855197987 -0.7984499494221551 0.9999374151229858 
