Car -1.0 -1 -1.5416385929522074 585.5609799706283 179.255003975016 636.940293809772 227.9709358523351 1.5 1.6174670800566673 3.479396414756775 0.046505864022324435 1.7328594469720608 24.441467929794772 -1.539735850938831 0.9999996423721313 
Car -1.0 -1 -2.138711821925514 190.1806431816213 181.03869627622558 425.58791867883497 292.7495900409614 1.5 1.6127840176224708 3.9978838086128237 -5.043563620762366 1.6538606669378557 11.738854390000593 -2.54451193014649 0.9999979734420776 
Car -1.0 -1 -2.2332204562999625 279.1138367055192 180.76946595307103 481.53696443529964 267.75936136851254 1.5 1.6415251910686492 4.2308690518140795 -4.782230937768773 1.681427297992492 14.640326335089208 -2.548942045369421 0.9999951124191284 
Car -1.0 -1 -2.2084646634258434 391.44157862348965 180.65100108307664 517.3825781257376 235.8105200930176 1.5 1.6437571987509727 4.108806934952736 -4.8854003576170255 1.7609453917239482 22.143646091251174 -2.425609246888433 0.9999731779098511 
Car -1.0 -1 -1.5018789204801755 586.928152548908 179.66569561177957 623.5153674050182 210.96126779244983 1.5 1.6434377551078796 3.662865471839905 -0.23892238740250615 1.8700466929965365 37.27785334721213 -1.5082880641010148 0.9999560117721558 
Car -1.0 -1 -2.2870159958199077 476.16318201224414 180.58929847658106 550.0802358575437 213.15896568813812 1.5 1.5850339576601982 3.7277410298585893 -4.893255077512242 1.9050075275916738 35.918313592460244 -2.422415331998144 0.9999121427536011 
Car -1.0 -1 -1.6919462640077194 645.944421747437 178.90932440557518 696.0697215073789 209.68589903128813 1.5 2.0073267191648485 5.824145910143852 3.1854424192769932 1.8547420772344676 39.27475943890266 -1.6110168072071416 0.9999028444290161 
Car -1.0 -1 -2.141047364473772 428.6908880173904 180.6336307019074 523.3039036103822 227.83829195334098 1.5 1.5547335639595985 3.6220042526721956 -4.810528104902444 1.7940331767773354 25.384872131079643 -2.328330294289861 0.9998499155044556 
Car -1.0 -1 -1.5048664496937496 0.0 180.43160077188543 99.71139760238698 374.0 1.5 1.7399481058120727 4.586468499898911 -4.4017632304604595 1.567147096476609 4.09154630360169 -2.3267732421543936 0.9991519451141357 
Car -1.0 -1 2.057778115949743 149.32105539115014 182.4216820026949 296.14429312929775 258.12895461922426 1.5 1.467946407198906 3.5237381726503374 -8.728396613964705 1.7425634178270746 16.500776852355955 1.571224915977341 0.7813809514045715 
