Car -1.0 -1 -1.8909598730277537 711.6028410495812 176.11171609539463 926.03633244327 317.9351670594928 1.5 1.5471015617251396 3.7868386626243593 2.4700845740880597 1.5527593757605962 9.660657233153795 -1.6406378755953652 0.9999998807907104 
Car -1.0 -1 -1.6584459904359856 616.8640817057058 178.80627280151072 679.5012293986681 234.14357208274845 1.5 1.5650615587830543 3.4292201071977617 1.0275840464123895 1.693585392755525 21.67567750159397 -1.6110742176559312 0.9999998807907104 
Car -1.0 -1 1.9653047251968074 127.30202294651106 181.0451123810606 358.0108621733606 304.7668015372191 1.5 1.6189763814210891 4.240793597698212 -5.4075010778495995 1.6520052342099292 11.193499252264713 1.5152739723536628 0.9999997615814209 
Car -1.0 -1 -1.621383989436104 584.4934173783696 179.61584912631847 622.5041342053592 216.33655864305783 1.5 1.5000008538365364 3.2696286708116533 -0.3684543105819344 1.8138195323665522 31.767607690457737 -1.6329818973925454 0.9999995231628418 
Car -1.0 -1 -1.4238777189637821 402.38421313184864 181.10529690160183 461.10277678513535 225.04907523988797 1.5 1.6377266988158226 3.603896734118462 -6.687611902083042 1.8328383259084808 27.200179504923913 -1.6649622256543977 0.9999967813491821 
Car -1.0 -1 -1.0200096604087248 0.0 181.30061908813173 218.81262417343638 374.0 1.5 1.600339312851429 3.4627682089805605 -4.859788366031105 1.591844574218059 5.991444145555063 -1.7014952311900002 0.9999948740005493 
Car -1.0 -1 -2.4321799068063807 982.8558546578265 150.43250592655363 1241.0 374.0 1.5 1.5278036266565322 3.36240032017231 2.902429813193981 1.4737762024314238 2.5412228029757764 -1.5805250732835872 0.9999768733978271 
Cyclist -1.0 -1 2.1041068429686156 0.0 194.57166451760637 234.65547392464705 374.0 1.4 0.6285739623010158 1.7191477611660957 -2.9287857784530025 1.5523575816633775 4.165401442961843 1.4912885864588874 0.9999375343322754 
Car -1.0 -1 -1.5642216379293472 569.687389504923 180.04807130969496 595.3834696523946 204.3526502801197 1.5 1.627703432738781 3.936041381955147 -1.8350986998476095 1.9958573072526575 47.701005902878585 -1.6026735352959973 0.9997884631156921 
Car -1.0 -1 -1.47384735973136 425.9617808921353 181.11748584800145 470.8722203775615 214.18779523216878 1.5 1.775006067752838 4.457677018642426 -8.07396400616184 1.9416068054128164 36.204965721465115 -1.6932641128685815 0.8062350749969482 
