Car -1.0 -1 -1.8924581390457742 768.828589806019 175.82172577608003 970.5550125169669 301.12962249120767 1.5 1.5528198823332786 3.971257668733597 3.5277463814183196 1.552627750790973 10.717078043427454 -1.5744587644611043 0.9999998807907104 
Car -1.0 -1 -1.790232542104045 724.666637090285 177.14870548379446 837.5215665739837 255.70207293057436 1.5 1.5897337839007377 3.7810428559780123 3.5666311164370477 1.6061180249657538 15.873862224423517 -1.5692171989383665 0.9999992847442627 
Car -1.0 -1 1.8559460769609817 320.9450819082255 180.63323405847586 452.182249018818 261.50250922960043 1.5 1.6159255549311637 4.215644907951355 -4.782709831907993 1.6946065551639702 15.900718483314401 1.5637685497614997 0.9999992847442627 
Car -1.0 -1 -2.1486566691508457 896.0186773463979 172.3070617986505 1241.0 374.0 1.5 1.5762318417429924 3.5099128752946855 3.622588301068712 1.4974892438559013 5.537767275495507 -1.5693622653514636 0.9999982118606567 
Car -1.0 -1 2.006637423914938 145.14255897053903 180.82255430901813 383.47449485080944 310.7704737402313 1.5 1.5718734383583068 3.9260825634002687 -4.78085762186581 1.638538503098287 10.538489203879248 1.5807466387709201 0.9999977350234985 
Car -1.0 -1 -1.7036990741570344 710.2145898513277 177.84913990925222 779.6908271262276 233.73022677978017 1.5 1.564524371922016 3.4554390728473665 3.8793732444566995 1.66101681896036 21.442197940387373 -1.5247128578510625 0.9999942779541016 
Car -1.0 -1 1.7596172132152195 487.07837087253324 180.5382266568471 534.8260720708555 217.31719735766254 1.5 1.5176913261413574 3.137349945306778 -4.342232443173127 1.8551186971702838 31.702322844063225 1.6234953284224094 0.9999924898147583 
Car -1.0 -1 -1.7278308341295963 691.9962003424295 178.2609481125973 751.3482421693343 222.30773292181354 1.5 1.5915846943855285 3.857790169119835 4.053549859890343 1.7170521872535691 26.97921843923206 -1.5786992135134084 0.9999898672103882 
Car -1.0 -1 1.7256761321264071 505.48585210788855 180.40772519190642 548.9592282466325 212.78671030649298 1.5 1.593221028149128 3.8944488883018495 -4.147681250021515 1.9013807166381462 36.32490796971549 1.6119856715162815 0.9999598264694214 
Car -1.0 -1 -1.675662912527279 690.0202498614981 178.53903128631484 732.602834919165 214.40077654876666 1.5 1.5325231969356536 3.478977319598198 4.4715976552093 1.7703332299331302 32.499217740946385 -1.5389305065062386 0.9995070695877075 
Car -1.0 -1 2.3146192249465747 0.0 181.19177649288397 195.85333788762838 374.0 1.5 1.580563423037529 3.8105154901742937 -4.749252662737106 1.5797579193464721 4.946820672438811 1.5495943268153327 0.9898494482040405 
