Car -1.0 -1 -1.7589461434875477 687.9565352169418 177.29429772420704 813.1701917111625 263.6145839403066 1.5 1.6942708313465118 4.391350087523461 2.675967180857059 1.6060530786141651 14.967425423105084 -1.5820292859014613 0.9999998807907104 
Car -1.0 -1 -1.7298166746763908 672.6669561111754 178.141489986068 747.7210247873311 236.937373839301 1.5 1.557098937034607 3.4729304283857347 2.7075504820160563 1.6633231019255945 20.478443179679413 -1.5983644324031216 0.9999796152114868 
Car -1.0 -1 0.5547946357984805 69.51789137168937 182.33459185567696 372.1849708680293 282.3942690915051 1.5 1.6346054643392562 4.18417067527771 -6.355735877094755 1.6699076434419928 11.94783329350403 0.06590931018325262 0.9999710321426392 
Car -1.0 -1 -1.6586572455207227 638.3973982404921 179.1756786031115 674.9635382278504 209.93043922690208 1.5 1.5829427659511566 3.729710590839386 2.3653136406366295 1.848491568748301 37.847834294771296 -1.5962430677053077 0.9999674558639526 
Car -1.0 -1 -2.6937281744027968 168.7296113549917 182.12299709717323 400.12728982143454 263.245685242072 1.5 1.5913367763161659 3.902808812260628 -6.423234862461647 1.6960712867420493 14.38271865704885 -3.113746003308569 0.9999644756317139 
Car -1.0 -1 -1.6729814356290849 660.2432246271362 178.54603488942047 716.56704623037 224.84547984109886 1.5 1.5958503380417823 3.866505113244057 2.682438857602519 1.7190398387776615 25.783552634553068 -1.56931754848012 0.9999635219573975 
Car -1.0 -1 3.459126267841225 295.94264391208867 181.7262530062358 439.7534465426493 241.48686398133694 1.5 1.5669372424483299 3.2916440188884737 -6.3918238785505705 1.7454063980728274 19.134419193968842 3.1367322087248386 0.9999301433563232 
Car -1.0 -1 0.2916639280975333 308.60942367854597 181.57981875319263 476.58458702852766 234.86857673945565 1.5 1.6474001601338386 4.487872359156609 -6.401169903822491 1.7692290004968547 21.404111326930764 0.0010673244807379626 0.9999117851257324 
Car -1.0 -1 -2.490268080551361 0.0 182.86996926758982 287.56228838900284 308.80730022953804 1.5 1.5673274666070938 3.4443876266479494 -6.424197457980787 1.646328838472396 9.622822867126873 -3.078916625180517 0.9999058246612549 
Car -1.0 -1 -2.8915130813042573 378.57578231581266 181.4020198036722 493.7968040004664 220.9471393195805 1.5 1.6566381350159645 4.159728300571442 -6.867715418585005 1.8493231905130456 28.59527078481364 -3.1272184411671504 0.9996944665908813 
Car -1.0 -1 -2.853485632159459 344.702248046262 181.58217314979433 465.64057525057035 229.14385049974155 1.5 1.5453402444720268 3.5521245121955873 -6.750440115066418 1.7983675567457 23.838814934952545 -3.1294315616276607 0.9992345571517944 
Car -1.0 -1 -2.7050743326893354 253.27236380639758 181.8751761471929 415.6232135088872 250.12191151811444 1.5 1.5151188269257545 3.2283952951431276 -6.455604238463127 1.7233495858705399 16.959751202130573 -3.0687827626850948 0.9784790873527527 
