Car -1.0 -1 -1.55905324518528 575.6388781810479 179.47102080599424 626.9024995243019 224.97514271646054 1.5 1.6899995997548103 3.703819823265076 -0.2517263743477843 1.3117633705557177 25.546126912059833 -1.568906724280913 0.9999992847442627 
Car -1.0 -1 -1.4690260096037873 517.2642314437177 180.29287063501587 549.7561881934322 206.5378626719712 1.5 1.5550964072346687 3.8145052760839464 -4.423613574772915 1.2197730738088157 42.98939515710405 -1.5715652279348602 0.9999961853027344 
Car -1.0 -1 -1.0708533115700127 113.23100659088273 183.0336872661761 241.83966545019564 237.20739362075622 1.5 1.611768689751625 4.060770434141159 -13.002109608742973 1.4407141185527808 21.95752459258067 -1.6054794574764115 0.9999953508377075 
Car -1.0 -1 -1.0283637945795523 0.0 181.8254357032411 345.43670360533497 375.0 1.5 1.7199719816446304 4.287827995419502 -4.532505123721073 1.4748765724580892 7.716671105236298 -1.5594412983071548 0.9999954700469971 
Car -1.0 -1 -1.1872212100473507 223.10697460992174 182.00360899924192 344.9979921979403 244.95968885515478 1.5 1.5736455589532852 3.9706076055765154 -8.49261406801061 1.4245995168871701 19.134781839735716 -1.6049333708968503 0.9999918937683105 
Car -1.0 -1 -1.4412904511653581 466.3436893064554 180.2646210363484 529.5304019526615 217.91311714021975 1.5 1.976090532541275 6.044985961914063 -4.741446089455068 1.3038692344759197 31.677828956261852 -1.5898646051671845 0.999996542930603 
Car -1.0 -1 -1.3233095085545041 391.85628333073646 180.72208920172042 481.1222011577259 238.36528496600835 1.5 1.5875157460570335 3.866054353117943 -4.845017234806075 1.3841978085487574 20.64865348399581 -1.5537810708072526 0.9999812841415405 
Car -1.0 -1 -0.8131191793307633 0.0 185.18876736626115 52.50004744746245 282.4729178401815 1.5 1.5705110996961593 4.102754455804825 -12.559184252467135 1.5007159454322745 13.13558566967376 -1.5760884686049563 0.9999583959579468 
Car -1.0 -1 -1.252949230833078 354.92812695577805 181.5903283819112 403.1779345210316 208.8515178242084 1.5 1.5721597269177436 3.698491540551186 -13.140643158943048 1.3016514529060659 41.40747064739003 -1.560246096053396 0.8170050978660583 
Car -1.0 -1 -1.2194957250013503 380.4639087055282 181.20248813229895 444.3460052579909 215.92911301162826 1.5 1.5834255635738372 3.9168267071247103 -8.937445587406042 1.3277824891419343 33.0668619953584 -1.483472296097551 0.7338769435882568 
