Car -1.0 -1 1.8372702311619364 364.7346385552868 181.00603716847678 453.91226011788854 236.40232875844913 1.5 1.6144544377923011 4.079619285464287 -6.088740244146252 1.774001518929246 22.17648711592019 1.5693146427485603 0.9999995231628418 
Car -1.0 -1 -1.704812532393576 674.0309264684261 178.3013235938667 738.8575785769411 228.3050217557127 1.5 1.612676729261875 3.8794423013925554 3.0776441843241997 1.6963317726112537 24.010490266400502 -1.5773285343919439 0.9999994039535522 
Car -1.0 -1 1.9106833242877606 271.63625560553 181.2588658855666 400.8654225791937 259.1829821071561 1.5 1.5439920619130134 3.6972033351659777 -6.011252210334885 1.7101809693479741 16.149014217886325 1.5543376644465583 0.9999979734420776 
Car -1.0 -1 -1.669463328639087 663.6130056089354 178.65519869299953 712.9863706612745 218.76292685878238 1.5 1.6094087183475494 3.991283339262009 3.0979751144326446 1.754134596499504 29.561108586109114 -1.5650454667073233 0.9999977350234985 
Car -1.0 -1 2.0458718176221753 94.75363766271244 181.49419066766296 330.3067956033844 300.2098249726647 1.5 1.5903246149420738 3.9101126164197924 -5.993425675528798 1.6599664607433704 11.362946610713582 1.5605034073207038 0.9999972581863403 
Car -1.0 -1 1.7686294681984374 437.04926662781077 180.8120835621002 495.2681468547781 220.9619316491362 1.5 1.5814688548445701 4.106744614243508 -5.9049252933632115 1.8519939381998998 29.823908201175716 1.5731644511183323 0.9999963045120239 
Car -1.0 -1 2.321147431272709 0.0 182.08352124222802 152.01674139680003 374.0 1.5 1.5668988719582557 3.881666299700737 -5.822565070951432 1.6017114054928994 5.9623063108693195 1.5476063927027839 0.999995231628418 
Car -1.0 -1 2.7224281351166777 824.5474137561627 176.66313562068072 946.3627911898549 226.119454529922 1.5 1.6081553444266319 3.23955514729023 8.644221900174246 1.6260924546129552 22.91692896717378 3.0831245064695896 0.9999949932098389 
Car -1.0 -1 2.8234402876794515 777.95685483778 177.23268595326766 900.8687286366754 220.87865472097982 1.5 1.632060346007347 3.8715413331985475 8.095063480822903 1.6621058025772766 25.807319004063405 3.1273935914000095 0.9999504089355469 
Car -1.0 -1 -3.5926946101851778 877.0336648446508 175.60859492103816 1068.1972937792298 238.57703186690588 1.5 1.5827129155397415 3.986734387278557 8.92326649036632 1.572405777544006 18.06269628751865 -3.133845404782568 0.9999479055404663 
Car -1.0 -1 2.7184627936208963 862.7773328225478 176.13048477315934 999.1402655326002 231.0982473468356 1.5 1.6395411014556884 3.165428948402405 9.050894046893822 1.5978027233254093 20.62145153756077 3.13205336331926 0.9997685551643372 
Car -1.0 -1 -0.7272585076337985 1191.3212329325947 172.73206428874204 1241.0 216.50257602108854 1.5 1.7287590101361274 4.608113926649094 23.624071293970395 1.4961790994622894 25.62858010169551 0.01746360858413152 0.9996259212493896 
Car -1.0 -1 -0.6397039586849957 1241.0 171.8855047339119 1241.0 221.41705106294742 1.5 1.6563715904951095 4.418263074755669 23.410182894471863 1.4710281592292427 23.006173845201435 0.1543980081889289 0.6387283802032471 
