Car -1.0 -1 1.8730298825493443 308.6367930247684 180.2149341172472 468.6424914145061 284.4517024769571 1.5 1.5591439351439476 3.853910279273987 -3.704353803723895 1.648646629581301 12.593604210340287 1.5869526743849338 0.9999973773956299 
Car -1.0 -1 1.7128699465217154 480.76240976576884 180.1014109539375 546.4234849942699 231.16625262347566 1.5 1.5874069675803184 4.023384165763855 -3.132673497990575 1.7595939796346922 23.785893411117936 1.5819206118544162 0.9999961853027344 
Car -1.0 -1 1.7909822524640833 439.0563268010734 180.16233304184405 525.8625812736069 245.08869653499542 1.5 1.4928820103406906 3.539090466499329 -3.2812679239721025 1.709847227849073 18.87636955700034 1.6188726305922092 0.9999737739562988 
Car -1.0 -1 -1.2212100499372172 685.4036500062283 178.2874900173364 753.7974664564555 220.8123068201655 1.5 1.5347660079598426 3.3925751715898516 4.230233588679123 1.7235480684252837 27.779267646343445 -1.0700907866146905 0.9999635219573975 
Car -1.0 -1 1.1911701106996482 837.2907799538694 175.24916717324837 1060.6922163894933 288.9400582442051 1.5 1.6951192662119865 4.458712649345398 5.174930373993456 1.5472454722684112 11.867011636371624 1.602385509010178 0.9998587369918823 
Car -1.0 -1 2.143816132901581 0.0 180.1833710392762 358.7970831603283 374.0 1.5 1.5890982493758201 3.9276859283447267 -3.864606520427395 1.5868052776233812 6.5151912618018955 1.608434903617722 0.9996668100357056 
Car -1.0 -1 -1.0509826957906339 724.3575268519841 178.06185980954015 789.3352379232742 214.92389775296442 1.5 1.462046292424202 3.0340543508529665 6.387987025506819 1.73900644941622 31.43910277356584 -0.8505255142834528 0.9996115565299988 
Car -1.0 -1 -0.37775531010302266 798.6427843967857 176.1312261591667 1021.5785066770926 247.35730211593165 1.5 1.660272155702114 4.287702825665474 6.52346141288052 1.5774031948186094 16.11524367545934 0.006882711252893725 0.9972202777862549 
Car -1.0 -1 -1.50285765734721 671.2035946546622 178.3040593316673 728.5749983757273 229.67561679611987 1.5 1.6059393554925918 3.5405366241931917 2.927669668190039 1.691096013309367 23.357994389164144 -1.3781688074257714 0.9931377172470093 
Car -1.0 -1 1.327024099126519 522.2923099238009 180.26714372525439 570.1558863515762 210.56211829754645 1.5 1.671738040447235 3.878822785615921 -3.5228188865146435 1.9212768017483315 38.85996048609972 1.2366170128199714 0.9570821523666382 
Car -1.0 -1 1.756475770733967 507.7372548525509 180.3260608458145 553.1963692534723 215.29480444804162 1.5 1.447450977563858 3.720775854587555 -3.694737518678758 1.8688919650668199 33.674473175947824 1.6471936583479465 0.6265923380851746 
