Pedestrian -1.0 -1 -3.216763996434998 706.7257681414899 158.14836670827302 762.8799976228473 254.85881099488535 1.8 0.6631611406803131 1.0074465095996856 2.427913439765727 1.3856227651015172 13.536096672204447 -3.0392853776600703 0.9999983310699463 
Pedestrian -1.0 -1 -2.0878276304385848 972.2256624649528 160.34991411785344 1008.0503234482719 225.53776832638349 1.8 0.6568770416080951 0.6289905428886413 10.76696207538987 1.2451833629943305 19.83936003024637 -1.5906007914480311 0.999995231628418 
Pedestrian -1.0 -1 2.490262202286007 1045.7953109997989 149.3170901830094 1109.564254574793 271.1146111875014 1.8 0.43905251920223237 0.6729019366204738 7.091247394428817 1.340821960645571 10.685288599637174 3.0761705517729343 0.9999822378158569 
Pedestrian -1.0 -1 2.668754993041172 0.0 103.82162480848216 125.09343279450945 369.0 1.8 0.6250051341950893 0.8897308751940727 -2.9048961584980773 1.5086661974655353 3.224458293494004 1.9354460120161594 0.999971866607666 
Pedestrian -1.0 -1 2.3311634850294993 1058.5481892762707 146.8818367593685 1138.9171362223271 280.2944696473594 1.8 0.5790225721895694 0.7296497493982315 6.851651220735145 1.3480955793951361 9.892125916460564 2.936930644508225 0.9999643564224243 
Cyclist -1.0 -1 -0.6332616140260339 1098.0843380503507 174.56817518918808 1214.496489175789 255.94822857836945 1.4 0.41512837894260884 1.6933318719267845 9.599665801430957 1.2995999373056546 12.388052957581372 0.025994225344385422 0.9999426603317261 
Cyclist -1.0 -1 -3.4722463220644926 853.704674952269 176.8859558390657 941.6714640457152 241.4067732622881 1.4 0.5185741491615772 1.7236644893884658 6.419572046076994 1.3231977406351085 15.646271257876577 -3.0828973809864864 0.9999257326126099 
Pedestrian -1.0 -1 2.5175779371991887 1033.8814510560692 149.98000068552423 1096.378846073907 268.7897688753562 1.8 0.5116200566291809 0.6334923699498176 7.090992481335516 1.3392738513491407 10.978487914308968 3.0910646796186985 0.9996360540390015 
Pedestrian -1.0 -1 2.5364229581458746 0.0 92.66662492349478 219.12938707320478 369.0 1.8 0.6236346930265426 0.9407673522830009 -2.2994080408551563 1.5023588564926253 2.9469899919608693 1.873837220664841 0.998540997505188 
Cyclist -1.0 -1 -3.560353396383658 1135.1269079437825 172.9588138061827 1223.0 239.37648887019995 1.4 0.6081320837140083 1.8767253056168556 12.77433915451586 1.2426622941605179 15.443960916251665 -2.869280532994543 0.9983030557632446 
Pedestrian -1.0 -1 2.6944304909612584 0.0 107.75233171610114 76.23841786896699 369.0 1.8 0.6229384362697601 0.9582754716277122 -3.285477893555542 1.5128380713918765 3.359670281959339 1.9201967596968235 0.9944243431091309 
Pedestrian -1.0 -1 2.4454896886076973 1035.1793120192076 149.8836129733153 1104.2445693644522 268.4730117682172 1.8 0.6427911601960659 0.6412857703864574 7.228417848016884 1.3369514202261685 11.083880929906888 3.02337895631395 0.6997387409210205 
