Cyclist -1.0 -1 -1.0824932812786774 773.4510482289616 177.8693634538031 835.7730651203714 242.4962396295671 1.4 0.6397033601999282 1.7231345668435096 4.540700694261763 1.3446300451978008 16.1557128695005 -0.8085032860424859 0.9999991655349731 
Pedestrian -1.0 -1 3.106252176694399 568.5711450703782 169.47521511795728 588.034232887438 213.11793343811246 1.8 0.7135000571608543 0.7865631513297557 -1.1422074082666114 1.3467815031786585 29.541401346607504 3.0676067948301853 0.9999980926513672 
Cyclist -1.0 -1 1.9707153781610287 490.79691873911514 183.03001584408253 565.4656738734146 279.1356288702091 1.4 0.5891614153981208 1.6375361502170562 -1.228123724450486 1.4448840229640476 11.20930331225541 1.861587750907761 0.9999979734420776 
Pedestrian -1.0 -1 0.1461467705182884 538.7834560243119 169.84288546251648 557.2639210791153 213.62334379347243 1.8 0.717538271844387 0.6711600840091705 -2.390954869574504 1.3633294200650916 29.44465702578739 0.06512288650008612 0.9999903440475464 
Pedestrian -1.0 -1 -1.9621779315516212 67.40054360142958 173.3134111133359 102.3860105095356 231.96014063712988 1.8 0.6219039231538772 0.8091267690062522 -16.343266025826406 1.580984805069087 22.171440975525336 -2.5973921577122554 0.9999279975891113 
Pedestrian -1.0 -1 2.8687757345911526 222.4451805529271 172.23788537672667 254.0609811503099 225.48898956816151 1.8 0.6610593318939209 0.8213126592338085 -12.695405472306184 1.5222598736925614 24.416717251321582 2.38929795026384 0.9999251365661621 
Pedestrian -1.0 -1 -0.05722790399965507 603.3658823637214 170.1355985868744 621.761769428206 207.44907394895452 1.8 0.7292151011526584 0.8557686142623424 0.34886442230458214 1.3014632845551717 34.48739338028471 -0.04711254040268489 0.9997524619102478 
Cyclist -1.0 -1 -0.8333247959433265 549.3714636305268 179.01001630080597 582.8003930922363 208.51248224175112 1.4 0.6686958044767379 1.6820181652903556 -1.8994468097723127 1.33074145344655 34.41065025391921 -0.8884682218220574 0.9996756315231323 
Pedestrian -1.0 -1 2.8434531619864645 231.03857003605913 171.92752047504624 261.82348973735134 226.34374607927518 1.8 0.6153829887509346 0.7807557962834835 -12.139012065882735 1.5179779697457043 23.87560888831583 2.37308644055925 0.9943529367446899 
Pedestrian -1.0 -1 1.5861341002990625 52.26446730365243 173.7180231534944 77.84692259141094 231.47494009426734 1.8 0.638260369002819 0.597950679063797 -17.179438742809666 1.5901932775610035 22.460484554670202 0.9331814487788337 0.9856922626495361 
Pedestrian -1.0 -1 2.7590691062038992 232.39904984347336 172.00728193850463 263.6480201030463 225.8422837215101 1.8 0.6291755966842174 0.7732886381447315 -12.214436293619237 1.5175810098540528 24.133684227835257 2.290540921684128 0.941105306148529 
Pedestrian -1.0 -1 2.836942305023561 217.42565978190825 172.40250682751082 249.27881576533838 225.07126294274968 1.8 0.6239211678504943 0.8353601701557636 -12.999398680407685 1.5247955735181553 24.675274721248904 2.352070558067185 0.7740164399147034 
