Car -1.0 -1 -1.3901842812609826 415.92353150187313 181.15035969380534 451.9366523903643 205.7808945857643 1.5 1.5709991127252578 3.796842929720879 -11.030531449841476 1.25355199811975 45.71408043899834 -1.6269523883846146 0.9999991655349731 
Car -1.0 -1 -1.6991654478339207 586.8892032877924 178.87163590125957 675.6014000472408 248.42255000203716 1.5 1.6424078986048698 3.8705489158630373 0.4126150365445359 1.3643092097112206 17.510307858759173 -1.6756056855109078 0.9999984502792358 
Car -1.0 -1 -1.2796147677811027 252.10224630858102 181.61929282281204 375.95103763514675 255.3434619436423 1.5 1.5889462575316429 3.872226041555405 -6.668051981996647 1.4279583282726598 16.622025341755048 -1.661118687191282 0.9999955892562866 
Car -1.0 -1 -1.241105047396116 282.3209728534512 182.00667761899322 352.9848907660719 215.20713016588815 1.5 1.8173568442463874 4.463001576066017 -13.94612737274943 1.3561472906123642 34.74989483850901 -1.6227562623706204 0.9999961853027344 
Car -1.0 -1 -1.505196968713825 480.92439597388454 180.2945008065463 530.9769860107143 223.82601657695454 1.5 1.5950864672660827 3.823085364699364 -3.7568864278055183 1.3315575787367717 26.73170580432799 -1.644822948673044 0.9999805688858032 
Car -1.0 -1 -1.2052825879056208 223.89490033578448 182.3336948337681 312.7124120269094 229.12476180280422 1.5 1.571870458126068 3.6746012538671495 -11.69803017543991 1.4087416467476939 24.930741329866343 -1.6440053219583375 0.9999667406082153 
Car -1.0 -1 -1.3149518243107183 328.8807659876894 181.41369789078334 409.0803964305756 228.6034823691166 1.5 1.6362170249223709 4.169289630651474 -8.219274527428002 1.3802787473638845 24.977537901473905 -1.6328574540701253 0.9999587535858154 
Car -1.0 -1 -1.0487144877665127 0.0 183.47336400923663 206.15991350747288 264.5677933287845 1.5 1.8563274785876274 5.028546836972237 -11.06919835901848 1.4689033081871168 15.878082338597935 -1.6575163761761529 0.9998334646224976 
Car -1.0 -1 -1.1684481317291022 40.41337086949808 182.5098974144856 279.113902089035 310.6367402550502 1.5 1.583111521601677 3.5706794381141664 -6.154508957114122 1.469453973268031 10.288549317094235 -1.7075358043101174 0.9994387030601501 
Car -1.0 -1 -1.3570476468872164 392.5216143109144 181.21811788703909 439.7118979611987 212.2070328601819 1.5 1.5293164670467376 3.9615760117769243 -9.778041610169764 1.3076306861684672 36.80581830787089 -1.6167152459409577 0.9991990923881531 
