Car -1.0 -1 1.874473077782718 320.2789529023275 181.65790177731927 404.28615308605254 227.8208357276196 1.5 1.7057348534464836 4.260396075248718 -8.987590973438785 1.8489097597696573 26.413089473039047 1.5464922626826423 0.9999988079071045 
Car -1.0 -1 -1.7579740992679886 678.8470505873521 177.81856019063449 783.0544536224297 235.40636847430147 1.5 2.059084784984589 5.816180121898651 3.474409675859996 1.6736116917200135 22.23785534418137 -1.6029885607447965 0.9999967813491821 
Car -1.0 -1 -1.5822965465451508 586.1476494321724 179.2444301817209 640.097378392492 229.33408211800707 1.5 1.6487643614411354 3.377523508667946 0.0322188812333628 1.72562285876104 23.734694071147494 -1.5809390880775196 0.9999836683273315 
Car -1.0 -1 -2.2696613633940568 422.7752560520642 180.5948458484873 534.5757768542769 227.4177152060056 1.5 1.6290920346975326 4.137898471951485 -4.7749113539646375 1.7969293096715773 25.69794784394155 -2.453375295796667 0.9999816417694092 
Car -1.0 -1 -1.6113397790399233 651.4672013947172 179.2110541137567 678.8148594021117 204.12381994199106 1.5 1.5915539607405662 3.780665484070778 3.473386209702603 1.9255040026611303 46.3356764835022 -1.536518336334501 0.9999790191650391 
Car -1.0 -1 -1.5679095595334367 591.0256206065671 179.6560383978403 624.3344141198789 211.04686401976696 1.5 1.6280701875686645 3.634527561068535 -0.15398285655276686 1.8671020795640878 37.08198963481024 -1.572062032823686 0.99997878074646 
Car -1.0 -1 -2.205350423364692 362.1093499564479 180.6850430872462 503.0927589531561 246.17873590899788 1.5 1.625373449921608 3.788208079338074 -4.726094900411945 1.7242411244853275 18.793117737404916 -2.4517216245320186 0.9999513626098633 
Car -1.0 -1 -1.7497856879237799 112.38221124703574 180.95858672600386 330.36883798682777 348.11224684996637 1.5 1.5924225121736526 3.7155991911888124 -4.827593274673691 1.6187658304196988 8.599575371170332 -2.2613207260754447 0.9999321699142456 
Car -1.0 -1 -2.165127500549505 304.6421568570348 180.9257210731537 463.74715501912414 259.52418027219466 1.5 1.552700300514698 3.6393071085214617 -5.071100487788167 1.6972220578437933 15.85946101795432 -2.4746058146145686 0.9999258518218994 
Car -1.0 -1 -2.4257609837981566 496.1675207901712 180.61066100446232 557.5671896717245 207.47898553264102 1.5 1.5679067492485046 3.4329234182834627 -4.982247508727522 1.9781766831530903 42.828551561797326 -2.5415705005314693 0.9998623132705688 
Car -1.0 -1 -1.6899530948760622 0.0 181.2173469470637 177.3752954726731 374.0 1.5 1.61890187561512 3.909563136100769 -4.743296158696189 1.5812581986188456 5.096374719982379 -2.439483479657446 0.9994035959243774 
