Car -1.0 -1 0.6470878328141778 0.0 182.9914251717977 279.51213968113115 365.7708041157694 1.5 1.6154435023665428 4.146559026837349 -5.667090702348634 1.6099467384177393 6.90733406740276 -0.039996103444371905 0.9999996423721313 
Car -1.0 -1 -2.0307306701758954 801.8477253659014 173.35368883390782 1241.0 374.0 1.5 1.6096827134490013 4.1514819979667665 2.7244535992883567 1.505541254819953 5.400339085448918 -1.5634921235640091 0.9999992847442627 
Car -1.0 -1 -3.525840982327491 797.2851640714784 175.9953881089317 1033.0982909599413 253.75897726987444 1.5 1.63205326795578 4.1488493353128435 6.079019109401186 1.56844439812602 14.808931840736198 -3.1363185207035884 0.9999992847442627 
Car -1.0 -1 0.2129445154032712 468.1205510751573 180.92706503246865 544.9075696031477 207.35069175548827 1.5 1.5967574462294578 4.234275457262993 -6.092561725299163 1.986267063461637 42.480337408802576 0.07049517234298162 0.9999854564666748 
Car -1.0 -1 -0.1505154137577274 692.0240819003999 178.45742726658048 782.9794171438327 211.12964969944267 1.5 1.5968317657709121 4.055438426136971 5.96157637698667 1.7729425674404922 34.25482680280394 0.021794839701380055 0.9999853372573853 
Car -1.0 -1 0.6148165060398056 0.0 182.76603922788698 369.1959165470663 312.4284625521605 1.5 1.8580055356025695 5.6912826865911486 -6.376431033834607 1.6444507247237024 9.491420446482284 0.023261590800012864 0.9999822378158569 
Car -1.0 -1 3.4680277383366755 247.61376604151664 181.82731415257928 432.3973265002263 249.3958323173177 1.5 1.5840018659830093 3.7911830961704256 -6.335519701381102 1.7233989450956708 17.085846848472354 3.112939822669846 0.9999632835388184 
Car -1.0 -1 0.3032236389748322 380.64613525503785 181.15683845672902 507.67456855761577 228.35892274794114 1.5 1.546013218164444 3.862886738777161 -5.546534777548361 1.7891189716110862 24.170817789947602 0.0776564319941657 0.9999514818191528 
Car -1.0 -1 -1.651523351806404 637.58202737761 179.36239130281533 666.6601398752837 203.01987870923895 1.5 1.6430220127105712 3.968554225564003 2.7823841466782344 1.9591038658432052 48.8517993516125 -1.5946292067554337 0.9998829364776611 
Car -1.0 -1 -0.31205481394176116 741.5546053322494 177.60744740270724 856.2669741624567 223.27306537677168 1.5 1.5236069008708 3.505266693234444 6.381943256927011 1.6690784104732637 24.742890315971486 -0.05962629715469905 0.9998410940170288 
Car -1.0 -1 -0.4789699047729845 912.8254138381106 174.03110251266173 1234.9127951666696 287.32781871764934 1.5 1.5626471981406211 3.630768370628357 6.484238830070177 1.5189587287429498 10.48414422307051 0.07492749293776922 0.9998242259025574 
Car -1.0 -1 -2.836072394127838 312.4856888902964 181.49407243583295 471.2412733921548 240.21691642982384 1.5 1.5653979524970054 3.8078761219978334 -5.853043530056095 1.7432674707559583 19.474348315035527 -3.1280350248005733 0.999731719493866 
Car -1.0 -1 -0.3335763321170795 762.1214624990943 177.2277794657011 895.6368426548763 227.88281602036815 1.5 1.5546214327216148 3.651431438326836 6.675312387707932 1.6411489975703537 22.36736592068917 -0.043551520505223956 0.9997139573097229 
