Car -1.0 -1 -1.6046541384404325 591.7692067030684 178.68123034293066 668.1113619633961 250.435251277457 1.5 1.628957924246788 3.6005648344755175 0.35124106345471334 1.6538028481136595 17.186029126845973 -1.584219390587185 0.9999980926513672 
Cyclist -1.0 -1 2.71822768954541 864.1922302677732 180.68913233491614 974.7954827965189 250.9873092996683 1.4 0.8309131048619747 1.9282559424638748 6.312065596839477 1.566949780812943 14.90148765575169 3.118900287147385 0.9999979734420776 
Car -1.0 -1 2.016162831945732 210.81867910065768 182.5688593171219 315.4646395130549 233.0603416332784 1.5 1.6196953624486923 3.918174517154694 -11.511964792191563 1.8518842002112121 24.146190392424923 1.571278560157639 0.9999971389770508 
Car -1.0 -1 -1.5265459570897093 578.616664787201 179.52173102734298 622.1321664595259 219.4216913352787 1.5 1.6249938428401947 3.724472087621689 -0.3818336477278037 1.7917239606027233 29.640173492003775 -1.5394275459137303 0.9999970197677612 
Car -1.0 -1 -2.4232115725202314 489.6965434279544 180.55609247808462 560.3855762149968 210.2110019557051 1.5 1.5712764605879783 3.6709322154521944 -4.6537441703115645 1.9352482295619784 39.053561294332845 -2.541815416016851 0.9999516010284424 
Car -1.0 -1 -2.3558523806499982 453.43597338338475 180.6176736139817 545.6818240398886 217.77647063716933 1.5 1.5997779116034507 4.06769500374794 -4.934848046103649 1.861790193270169 31.741617243848673 -2.5100869695332393 0.9999343156814575 
Car -1.0 -1 -1.6940943253708893 678.713068752372 178.13663731437347 752.7832586268843 230.43613415034517 1.5 1.8167442202568054 4.371423509716988 3.2619592554704964 1.6873303725722268 23.335608251613994 -1.5552096246418101 0.9999288320541382 
Car -1.0 -1 -2.2346532301421873 421.7211569617764 180.6907547191801 522.5207166591422 227.504805578546 1.5 1.5924340605735778 3.634913128614426 -4.9606137275317215 1.7969201937412733 25.50938022129051 -2.4267184893277034 0.9999244213104248 
Car -1.0 -1 1.8960615469780857 342.6941751324439 181.90369849660294 404.0445617804879 215.80028256356258 1.5 1.6366567954421043 3.99207980632782 -11.433403788545228 1.9645093626173538 35.000586140781245 1.580326068397385 0.9998437166213989 
Pedestrian -1.0 -1 0.04202686847548229 454.74681822907974 167.89886126291768 487.0682986651276 247.0720033572808 1.8 0.627627831697464 0.7136892087757587 -3.2738664071980708 1.6877028458663108 16.76526951503862 -0.15082295338181087 0.9998443126678467 
Car -1.0 -1 1.9830509709930606 339.30444011457104 182.1610124204457 392.46897714828174 208.7505063571116 1.5 1.5947381526231765 4.06338521540165 -14.935942160004867 2.0982964806747524 44.260038126207455 1.657592046256882 0.9993709921836853 
Car -1.0 -1 -2.3571795828057125 434.1624947711999 180.73256889524438 529.8627455427303 221.74585507831495 1.5 1.5921675160527229 3.7115613490343096 -5.170330526602739 1.8330712638957745 28.756031111821414 -2.5350786606457576 0.8184612989425659 
