Pedestrian -1.0 -1 -1.7736894610951839 191.480458753342 155.88674799245558 262.1800495309095 304.54268218673843 1.8 0.6028755128383636 1.0506901450455188 -4.9568489757620835 1.5036506622328205 9.15240147357728 -2.270052925744329 0.9999979734420776 
Pedestrian -1.0 -1 1.2586588891675021 353.05016521629364 147.96062552793276 446.5252128093605 328.5211343702559 1.8 0.7040374472737312 0.9589273042976856 -2.28176834614528 1.4773106632522641 7.638093013096926 0.9683627327296394 0.9999949932098389 
Cyclist -1.0 -1 1.879587564107955 989.9143915563496 176.351178965662 1063.623131187532 267.08150586730295 1.4 0.5739290758967399 1.6490063190460205 6.934537883747547 1.3376404851172017 11.666893447207995 2.415862548347336 0.9999725818634033 
Pedestrian -1.0 -1 1.4371955612624328 713.6538778153025 168.6939660021976 729.1130636005298 206.28927824324433 1.8 0.6778262116014957 0.4732149213552475 5.593938435160674 1.2361908770290615 34.093688685231804 1.599822032447678 0.9999157190322876 
Cyclist -1.0 -1 1.7650358617204138 1164.2433150362651 172.1002978860193 1205.1028956786267 224.0217257335844 1.4 0.568111103773117 1.7115962252020835 16.231325953819283 1.1750939611906042 19.82381803171581 2.4511229872664035 0.999906063079834 
Pedestrian -1.0 -1 -3.5021873043944547 1128.7624602020123 161.8569279603772 1162.3840582355133 206.65334964669245 1.8 0.7348472744226455 0.8879441328346729 22.053476524089884 1.0523828441799166 28.885031234269086 -2.8501073877003535 0.9998800754547119 
Pedestrian -1.0 -1 -2.0890587252281456 726.5810343791647 168.25865760661785 745.5079856741474 207.05656413265496 1.8 0.5586927317082881 0.7858941823244094 6.14455107191879 1.2335256630948899 33.261068258212084 -1.906381235518728 0.9998121857643127 
Cyclist -1.0 -1 -0.6116814748936825 968.7610036700976 173.67831374751353 1013.0413334887052 205.53647774102348 1.4 0.6141336195170879 1.6821388646960258 17.15030684604031 1.1016923173901756 31.465812102892315 -0.11264987389114924 0.9998244643211365 
Pedestrian -1.0 -1 -1.833907164681451 171.8529031390324 155.87538857912287 247.9681063077771 305.91539700598605 1.8 0.597224061191082 1.0393265195190906 -5.1211297926166655 1.5062643566632115 9.057139560201598 -2.348515526452337 0.9997385144233704 
Pedestrian -1.0 -1 0.13631586602864953 1104.1176847194656 162.34962952667243 1128.7370260295202 206.40702711355993 1.8 0.7421785525977611 0.7359915904700756 21.250720934454367 1.059942412821627 29.40460218928278 0.7621151645991462 0.9964544773101807 
Pedestrian -1.0 -1 -1.805176244431029 231.84050405271995 156.23757972857058 301.13843126647237 299.73481809102947 1.8 0.597184107452631 1.083255049586296 -4.596816587779017 1.4973344492948457 9.472325750620058 -2.256986037888799 0.975561797618866 
Pedestrian -1.0 -1 1.4751482454739953 715.1260544035031 168.57315395424527 731.5089747621607 206.68161083597454 1.8 0.7220099240541458 0.5242459967732429 5.616500213991477 1.238100090038934 33.678105280670955 1.6403975367506565 0.9557581543922424 
