Car -1.0 -1 1.748507931116435 458.9821259977505 180.40922133898 524.3801211021755 226.2161564399069 1.5 1.639716376364231 4.230807211995125 -4.287254153491815 1.7997032822744194 26.45622846121795 1.5878536581953586 0.9999997615814209 
Car -1.0 -1 -1.7434961816856218 706.2041287586517 177.79230939933578 784.9721379168201 235.1046481772826 1.5 1.5924428150057792 3.9479444295167925 3.8296687932093625 1.6590241685196505 21.20132063363309 -1.5647896906037373 0.9999986886978149 
Car -1.0 -1 -1.8840265928795308 794.6013778171557 175.5588390230826 999.4022216575203 302.97902922265894 1.5 1.5837952986359596 3.8330065578222277 3.855723198029617 1.5470936326692317 10.519118915750184 -1.5326896580543858 0.9999984502792358 
Car -1.0 -1 -2.2206397215389444 928.8049493819839 171.36685594040202 1241.0 374.0 1.5 1.5443910405039787 3.354758632183075 3.840713256304327 1.4928866079360008 5.317893341364408 -1.5951531353082997 0.9999963045120239 
Car -1.0 -1 1.8103583846870752 411.79368187787423 180.5248739467626 498.0193533417592 238.63492051532126 1.5 1.5801318481564521 3.8940152645111086 -4.470945302116316 1.7457948458279222 21.11307756770138 1.6016793131788791 0.9999932050704956 
Car -1.0 -1 1.6904157761785141 531.8281428168926 180.35409338219128 565.1780928361006 207.66395974667853 1.5 1.5545946106314659 3.409082677960396 -3.6014904752175454 1.9581570615962844 42.30882557526648 1.6054966330488742 0.9999929666519165 
Car -1.0 -1 -1.7791468104638626 739.2731346571725 177.05056360884478 848.2458325776033 254.49571039919607 1.5 1.5942898139357566 3.59622300863266 3.885637412456508 1.6039721563982154 15.990994411914016 -1.5407774439689261 0.9999914169311523 
Car -1.0 -1 1.875462779528201 325.1109550234086 180.60809511155222 457.2789525776771 263.4708748106788 1.5 1.587897029519081 3.8596423834562303 -4.535558464822359 1.6864059368027322 15.365958971975344 1.588443744178635 0.9999381303787231 
Car -1.0 -1 -1.719472009589386 694.0058760265281 178.25644954072524 751.9538342720061 223.04922027084874 1.5 1.568884079158306 3.537566822767258 4.012699185356154 1.7109859644307337 26.357566119756164 -1.5683912113916618 0.9998775720596313 
Car -1.0 -1 -1.6758600746675705 692.0298424843972 178.51068969499357 735.0823857433926 215.14494533422607 1.5 1.523536865413189 3.33558866083622 4.46722595286903 1.7626206585508153 31.756927670725535 -1.5361077236619336 0.999546229839325 
