Pedestrian -1.0 -1 2.6531205962694253 629.1295667269573 170.8684255863381 662.866901855219 216.61160375647236 1.8 0.813560888916254 1.099263460189104 1.7695785437120222 1.3826553790606506 28.861923189916045 2.714355814452988 0.9999996423721313 
Pedestrian -1.0 -1 -2.552573583550918 831.8823010337416 150.33109572271064 916.511319858295 298.52358466258056 1.8 0.5886059746146202 0.8294987984001636 3.4501482042943 1.4227524145987107 9.231089235362202 -2.1948965350773677 0.9999979734420776 
Pedestrian -1.0 -1 1.7225632299289353 812.8357576885372 154.07920605827502 866.3584108356584 283.2471280952314 1.8 0.6410459548234939 0.7272150859236717 3.4366107662731977 1.4192011337077415 10.476820387518531 2.039524543281418 0.999994158744812 
Pedestrian -1.0 -1 1.3304258924557568 719.8918405330267 162.60054731274772 757.1031207595015 249.90639063367814 1.8 0.6187346324324607 0.7099014267325401 2.85029229925787 1.4115845304488939 15.178773456400231 1.5160457332942145 0.9999935626983643 
Pedestrian -1.0 -1 2.2061812762883 0.0 112.86325038075827 187.95106963286904 373.0 1.8 0.587832511216402 0.6247985668480396 -2.4990936110808204 1.5043309560045373 3.4205086636079223 1.5751988768538059 0.9999908208847046 
Pedestrian -1.0 -1 -2.509048708255062 836.9415991529859 149.7058045550767 923.2913662246485 301.0805058217332 1.8 0.5940434083342552 0.8211368255317211 3.4524958112721977 1.4232789088739801 9.04516280800403 -2.144421176114355 0.9991195797920227 
Pedestrian -1.0 -1 -1.8548357387139118 730.8658096627091 161.3212815249367 772.1980932778137 255.10285431663135 1.8 0.6233622811734676 0.7020767338573932 2.910803428369312 1.4139543038641036 14.159964083739041 -1.652094283201967 0.9395824670791626 
Pedestrian -1.0 -1 -2.241893238302856 813.6332412206955 151.15478261026718 886.9686078673441 296.43395949866135 1.8 0.5562733419239521 0.745833621174097 3.178210291825465 1.4253629532405216 9.342271309176004 -1.9139783839371545 0.8826897144317627 
Pedestrian -1.0 -1 -0.8336454917312606 0.0 84.69396119174542 77.73167479270033 373.0 1.8 0.60487627312541 0.5909337222576141 -2.3914367237305556 1.505917067090804 2.4939615440796867 -1.5980607653644425 0.6730009913444519 
Pedestrian -1.0 -1 1.0628506201886991 711.2691341702086 162.79465117998996 749.4605088451021 249.44347105527382 1.8 0.5330198936164379 0.6890575893223285 2.7086253079100238 1.4126602544417675 15.33245535572952 1.2377061088893073 0.5251356959342957 
