Car -1.0 -1 -0.8643200115255907 0.0 183.29990179410737 241.85435733508135 375.0 1.5 1.5461132422089576 3.902103614807129 -4.525381328011535 1.4921738493395105 5.3087325847838525 -1.570229497740746 0.9999991655349731 
Car -1.0 -1 -1.2602806373829878 308.98994235623184 180.898181441423 448.98386786228934 267.2191705533561 1.5 1.5675290048122406 3.777574610710144 -4.44466566215558 1.426105687816906 14.38495542743599 -1.5599556025725347 0.9999988079071045 
Car -1.0 -1 -1.4567027042927958 486.88621690102906 180.33348718570235 535.8032941762009 213.76629859648028 1.5 1.8238686516880989 4.523875427246094 -4.586491525448239 1.2820853959565919 34.52645102797467 -1.5887694256987912 0.9999974966049194 
Car -1.0 -1 -1.5555597471353946 573.9180099002314 179.69605098740485 611.5921211891585 213.1519531002913 1.5 1.6892124459147453 3.800903868675232 -0.7182572119348102 1.2536570375415674 34.131551345222 -1.576600431991045 0.9999967813491821 
Car -1.0 -1 -0.8716184091985479 0.0 184.70091022584458 89.54963801170321 276.8566480144138 1.5 1.5498247489333152 3.889586639404297 -12.040974055555292 1.4927520871571465 13.659237635166487 -1.5941326572236163 0.9999966621398926 
Car -1.0 -1 -1.200000226878153 266.69634226743716 181.885131635433 362.3145807382812 234.55470856008225 1.5 1.5598239868879318 3.5363948464393617 -9.001422312086632 1.4062785175654873 22.247531286162072 -1.5844685687359912 0.9999957084655762 
Car -1.0 -1 -1.0017850020232066 0.0 183.17163204669515 233.276930736055 283.65294129256074 1.5 1.5798639997839927 3.9090784758329393 -8.444309310606462 1.4706170602523556 12.695793769943664 -1.5887206020441396 0.9999914169311523 
Car -1.0 -1 -1.3328504641295562 395.00701777397137 180.80063169186207 476.10757670318685 233.4677350519555 1.5 1.5971219658851623 3.807313230633736 -5.296686037421008 1.375386662199324 22.377841188358403 -1.5652665403347952 0.9999866485595703 
Car -1.0 -1 -2.6788215762006877 389.53414420255 181.19022176252008 479.5420207807537 205.36884938102008 1.5 1.8815136075019836 5.334519457817078 -11.1150763679762 1.2513976271829765 46.10783278078423 -2.9153751889851436 0.7439887523651123 
Car -1.0 -1 -1.6409259033756134 514.6447913531116 180.38867751024333 541.6073528153828 203.0601243889406 1.5 1.5852995708584785 3.6846748113632204 -5.537539868250202 1.1817633424102547 49.51270005881392 -1.7523038546231133 0.5933805704116821 
