Car -1.0 -1 -1.782690291957206 670.5392818096306 177.42769062132655 794.894184842615 268.8369234798726 1.5 1.5798816949129104 3.653078389167786 2.158874798219177 1.6002919454610165 13.893608276770241 -1.6285368884590012 0.9999998807907104 
Car -1.0 -1 -1.6618920432946682 637.5196497717866 178.76461940602923 692.6685110434563 225.6171465806785 1.5 1.5835309892892837 3.8364539414644243 1.8317496347567628 1.7252572782150375 25.518563373377187 -1.5902338838812453 0.9999994039535522 
Car -1.0 -1 -1.8798722257553044 739.4831930020694 175.678404572669 960.5912268701524 334.26340010804716 1.5 1.4864495515823364 3.1904524683952333 2.5281382800424548 1.5398978867046378 8.488859115841265 -1.5904181162503106 0.9999988079071045 
Car -1.0 -1 1.6980950414906963 523.2410210107793 180.28666268836716 562.3134104185425 212.7257013176528 1.5 1.5088776618242263 3.4866901606321337 -3.3401081328408995 1.8888297782748253 35.94038452332181 1.6054265379866184 0.9999985694885254 
Car -1.0 -1 -1.3873895387139477 426.1416540276279 179.88070507438184 529.9742918646289 259.7084769134008 1.5 1.5591290339827537 3.752136838436127 -2.7996500917227944 1.672275326513216 15.768605259834741 -1.563104312462036 0.9999983310699463 
Car -1.0 -1 1.7116144152814168 467.27077433743125 180.11004880584238 538.0051575254107 238.1032484514199 1.5 1.5322458490729332 3.620269384980202 -3.0725273753149196 1.7290836066089519 20.92771914382427 1.565839691958155 0.999997615814209 
Car -1.0 -1 1.849830367128117 319.0520109001593 179.59190406474787 503.89695547288903 309.9167618453005 1.5 1.5645454198122024 3.638824683427811 -2.6666329410810254 1.6140399566465424 10.331598663313482 1.5972385287245334 0.9999951124191284 
Car -1.0 -1 -1.7604523610505558 657.3265542901305 178.3129404516978 731.9574047039833 236.51560010387547 1.5 1.50671326816082 3.272804480791092 2.288385240007851 1.6690289651610275 20.60066624186098 -1.649822839596544 0.9999805688858032 
Car -1.0 -1 1.6568241442253002 542.8594627987065 180.16766532441392 576.7105296585121 208.38850382713056 1.5 1.5957206979393959 4.113113743066788 -2.8743258895076482 1.9419272344173206 41.491066644009 1.5876588702162326 0.9999728202819824 
Car -1.0 -1 1.6540795237690258 558.0770322199382 180.10272980963992 588.220670707189 204.74161046360925 1.5 1.6226627424359321 4.370688882470131 -2.408612163004451 1.9991392702943804 47.43532655342531 1.6033463358839573 0.9999359846115112 
Car -1.0 -1 -2.35991599594035 954.302978391001 143.54145410032598 1241.0 374.0 1.5 1.5115466460585594 3.340769049525261 2.5448721973659048 1.4752150894001288 2.317487707325128 -1.5277876528587682 0.9986710548400879 
