Car -1.0 -1 -1.6301789266453004 681.5928881554267 178.21472646311653 742.4406368901141 227.2895508582259 1.5 1.7864738151431083 4.442429777979851 3.3704706705941727 1.7018286938733909 24.832357017802146 -1.4952743286874635 0.9999996423721313 
Car -1.0 -1 1.9482253826886466 236.98418686804442 182.4427850757929 328.8149359198088 229.8482770176411 1.5 1.6275002181529998 3.946889427304268 -11.545292652823262 1.8679445289865726 25.64901677083814 1.5252665718409675 0.999995231628418 
Car -1.0 -1 -1.4965506370563972 579.6003974099351 179.51853885550167 625.2780079340124 219.65334653944674 1.5 1.6066952168941497 3.425995495915413 -0.29662470679144043 1.7873707437134827 29.309819209100976 -1.506670610108648 0.9999896287918091 
Car -1.0 -1 -2.210772907350221 435.64163557573295 180.6720300302341 525.9960132298689 224.80006741313983 1.5 1.5350796774029731 3.4786588072776796 -4.897466639254908 1.8106915069318352 26.890723987589144 -2.390923158326421 0.9999895095825195 
Car -1.0 -1 -2.33762219885782 463.65679784075553 180.57397223357034 550.7823641799794 216.031951000698 1.5 1.616106604039669 4.0389279395341875 -4.807536435815051 1.8758445895194464 33.214897114455624 -2.481364325681005 0.9999816417694092 
Cyclist -1.0 -1 -3.4143346601033135 847.105207580456 180.57262814186933 948.2990716325079 244.69145700098252 1.4 0.8075865477323532 1.9880204021930694 6.445610282581357 1.5809502488232885 16.37590811775914 -3.0393548766758784 0.9999796152114868 
Car -1.0 -1 1.8700572643288638 359.79456758546354 181.8057255357314 416.50286931486346 213.59919452577682 1.5 1.671859112381935 4.0612033128738405 -11.400949323036897 1.987319948604484 37.21570651215434 1.5727870345076145 0.9999909400939941 
Pedestrian -1.0 -1 0.13975621654783008 465.8814687320372 168.94714125975136 496.4094305276599 241.4210080026963 1.8 0.6073090739548206 0.6831834584474563 -3.2988877558393828 1.7033249816227938 18.234569078362526 -0.039221839108739574 0.9999786615371704 
Car -1.0 -1 -1.6066048554393861 594.5702771101309 178.67468200389962 671.9535900084718 250.95183995897432 1.5 1.6360501319169998 3.2791825503110887 0.42398987276576694 1.6498917313434591 16.885377256411388 -1.5815002462503058 0.9999908208847046 
Car -1.0 -1 2.04039477663186 345.8276294315662 182.09854661568562 400.5396778446202 207.87833428018135 1.5 1.5988985568284988 4.123360526561737 -14.955635825923043 2.113434274109234 45.68838491170654 1.7240478873213352 0.999841570854187 
Car -1.0 -1 -2.378392827042952 495.7380705455626 180.53360721184632 562.4653102794193 209.06500146050567 1.5 1.5702032044529914 3.6577506482601168 -4.609187778364868 1.9508940952402423 40.59545563758967 -2.491448179879461 0.9997398257255554 
