Car -1.0 -1 -1.5737469746638566 594.4779393487046 179.18044357189083 645.5224603406614 227.5477735167003 1.5 1.6172478467226028 3.6462082087993624 0.28651296378235575 1.732846759038969 24.682837120197306 -1.5621397151288134 0.9999997615814209 
Car -1.0 -1 1.8734255387076404 394.3427929364138 181.54245524741458 444.98871619117625 210.47241828486588 1.5 1.576191794872284 4.257324945926666 -10.743252125298081 2.0185649501327108 40.86971144447174 1.6163749575575412 0.9999967813491821 
Car -1.0 -1 1.829430700075797 429.64997081727034 181.3954359459542 468.0599202196043 205.89038211087095 1.5 1.5170882016420364 3.932391342520714 -10.603446220341205 2.0870972961755876 47.56759398510506 1.6101033568342746 0.9999933242797852 
Car -1.0 -1 -1.2895229640568289 894.350061617946 173.1450119799739 1224.3543193001801 374.0 1.5 1.6363502040505409 4.0598759919404985 4.5013589805922996 1.5039899515231079 7.047900587200975 -0.7211461822178704 0.99998939037323 
Car -1.0 -1 -1.0993674379544245 738.9656739136791 176.35611972621254 919.9214416494074 269.21925474710247 1.5 1.6348321482539176 4.0823670595884325 4.270643970110867 1.5774142844539567 13.839308030765494 -0.8000505129483086 0.9999886751174927 
Car -1.0 -1 2.175153474969365 0.0 182.19487594241613 227.10349356914676 336.8003729974048 1.5 1.5835799768567085 3.931439903378487 -6.742121085695533 1.6455184670479084 9.22395775356092 1.543965502581324 0.9999881982803345 
Car -1.0 -1 -0.9745183287269943 670.0510664963115 178.20852246543018 773.2294529442847 220.5411906027356 1.5 1.7537585020065307 4.560410839319229 4.428873095583095 1.7279609957327966 28.402229452261782 -0.8198300758984429 0.9999816417694092 
Car -1.0 -1 1.919762449443412 344.70738718466384 181.7492492213039 415.11947146676414 216.74030640524654 1.5 1.7639600232243537 4.485357415676117 -10.890358753834345 1.9521192621595758 34.36408303615545 1.6128640055616916 0.9999822378158569 
Car -1.0 -1 -0.8608077369243915 655.5251822097033 178.6949113688067 736.885898118521 211.62197230335937 1.5 1.632034082710743 4.219674181938172 4.263525967476217 1.8050790094571485 35.61308546970659 -0.7416568557408197 0.9999816417694092 
Car -1.0 -1 -1.009623786397199 723.5590554156294 177.03032536094403 869.8164637854276 247.19728816423194 1.5 1.6161585718393325 3.906857830286026 4.575819388750605 1.613274251433047 17.578527193625867 -0.7549678842213494 0.9999709129333496 
Car -1.0 -1 1.873610317210473 332.1139553125608 182.3422825485618 374.4053491744115 209.926622963612 1.5 1.4062164843082428 3.2908766090869905 -14.950266559237408 2.075397904029758 42.05482423107772 1.5320488651606696 0.9999692440032959 
Car -1.0 -1 -1.019887263922036 716.1859634829116 177.51085147037026 829.4040717231072 233.4044333452493 1.5 1.5916243687272071 3.713101011514664 4.878791134137511 1.6516820242454977 21.559270834117743 -0.7973389784481866 0.9999216794967651 
