Car -1.0 -1 -1.6888980906063165 668.9713857669261 178.37627118856565 730.3887364970245 228.61869446028192 1.5 1.5650557845830917 3.700990465283394 2.8339437920540718 1.6966710361747497 23.79663204702432 -1.570366223549007 0.9999996423721313 
Car -1.0 -1 -1.7989389818219998 728.6257385575404 176.50239244762994 885.0362317698315 288.3999464382111 1.5 1.557645809650421 3.8075956076383592 2.935130066604648 1.569284115374188 11.711636704854413 -1.5533801140871388 0.9999983310699463 
Car -1.0 -1 -2.9148753315466296 386.2108269773609 181.28598735290265 503.6966188779432 222.8274734847179 1.5 1.6022678956389427 4.059576478600502 -6.19734407428648 1.8274958656800548 27.18458938697188 -3.139017419019018 0.9999978542327881 
Car -1.0 -1 -1.64063507903569 649.6125900638889 178.98243889013514 688.7888664723931 212.8182896249313 1.5 1.5982350826263427 3.80466305911541 2.747352119402634 1.8103594331562742 34.58582355442891 -1.5613657432284695 0.9999958276748657 
Car -1.0 -1 -2.0300723972005215 807.243999024154 173.89068587044275 1217.2030931426068 374.0 1.5 1.5503094092011451 3.42169129550457 2.904911093207003 1.5117101929024186 6.1729235026027895 -1.5902290298279864 0.9999924898147583 
Car -1.0 -1 0.37332555316520155 330.0044151278252 181.47056999078782 475.20465940928204 233.30672384746296 1.5 1.5849067389965057 3.987022724747658 -6.361043593566646 1.776885638306229 22.17718851848278 0.09399633010360173 0.9999904632568359 
Car -1.0 -1 0.5588449712145673 107.05377612145689 182.2181091931129 367.777682521044 281.341381776503 1.5 1.5610656261444091 3.58132743537426 -6.149914744344444 1.6685250926922954 12.023593097753169 0.08604983886214665 0.9999768733978271 
Car -1.0 -1 0.6908220191817758 0.0 183.39752703074873 265.9741000316194 347.7672416407044 1.5 1.6559437409043312 4.415484008193016 -6.245195528285552 1.6224723057705217 7.521361378145295 -0.002139882245336256 0.9999514818191528 
Car -1.0 -1 -2.5363817533201862 0.0 182.96191141263748 300.7563001608004 304.69050434710283 1.5 1.5457308411598205 3.83634330034256 -6.517319627266088 1.6495202723318898 9.834029740077991 -3.1216549436238155 0.9995119571685791 
Car -1.0 -1 3.3135561601100076 434.62387986618444 181.11881803563156 523.7070645469242 213.2430482931843 1.5 1.590457049012184 4.029820349812508 -6.320024396462166 1.9095898216541383 34.91462482783962 3.13448153733812 0.9989880919456482 
Car -1.0 -1 3.567465757938359 145.03790976174628 182.19378933439384 409.8891714586265 262.3301062181511 1.5 1.6953155890107154 4.56096628010273 -6.601660132534089 1.6996903680737565 14.548620457353374 3.1414849638899387 0.9984879493713379 
