Car -1.0 -1 -1.9444427322598028 808.1725525574592 175.11794342145356 1056.5790629870855 320.4036457764309 1.5 1.5726542592048645 3.8285984218120577 3.8294009390680985 1.5359916237860123 9.430370929370746 -1.5587136438724143 0.9999997615814209 
Car -1.0 -1 1.772954937620342 450.1362449253366 180.44014030765578 519.3219939402366 228.41734683039786 1.5 1.5949374556541442 4.089873892068863 -4.337169251020407 1.7879370845854978 25.280090635696247 1.6030444979628147 0.9999997615814209 
Car -1.0 -1 -1.7639799405713144 709.9810458053839 177.65921969215924 796.4411048374759 238.4429478381024 1.5 1.5932685256004333 4.020866987109184 3.8294410742713363 1.6478937307494184 20.136227428639664 -1.5760474661972863 0.9999995231628418 
Car -1.0 -1 -1.8076932280060467 742.2819686179294 176.87256856956992 864.4101447620269 260.75953469148317 1.5 1.5755082041025161 3.6921727031469347 3.7943150623875237 1.5938713612047224 14.932336076398023 -1.5588589469578606 0.9999994039535522 
Car -1.0 -1 1.7093026874873514 528.1738585961957 180.38739598048406 562.4372183890729 208.3740931692101 1.5 1.5251106142997741 3.1755934029817583 -3.689271246170566 1.947146298926602 41.16668909215741 1.619923579688889 0.9999967813491821 
Car -1.0 -1 -2.307734916603099 969.5408812094754 167.87100878702876 1241.0 374.0 1.5 1.5901875242590904 3.5558147847652437 3.7991703923187066 1.4828776986727124 4.318339610919715 -1.586206470676933 0.9999939203262329 
Car -1.0 -1 1.8305454479424783 395.1377239009591 180.55837693787663 489.5619462889268 242.64128841376302 1.5 1.5810298293828964 3.8833508759737017 -4.544009299589153 1.733753718597608 19.88723953193618 1.6059129118879856 0.9999923706054688 
Car -1.0 -1 1.8957329879823577 295.7227797954723 180.6490563956904 444.50937064330583 271.0230959483891 1.5 1.6123347476124763 3.8673798114061357 -4.592280173061979 1.6753687467131138 14.252686559324365 1.5840315699537815 0.9999896287918091 
Car -1.0 -1 -1.680102843985724 691.7143345601185 178.4786518249405 736.671073756769 216.5327755841292 1.5 1.523660358786583 3.3231789737939836 4.328550082739823 1.7522119111597432 30.620945400956202 -1.539674152680908 0.9999123811721802 
Car -1.0 -1 -1.7350498261211613 697.1205769524854 178.17690372455314 757.8626430221793 225.09224873536527 1.5 1.529165406525135 3.4857413291931154 3.9882409831041743 1.6992683863796334 25.21180991682763 -1.578160470412348 0.9897206425666809 
