Car -1.0 -1 -1.7689649285666231 714.8914605917181 177.53770421983603 806.2225606835632 241.9541642735813 1.5 1.5834631890058517 3.9427364736795427 3.8043312011371806 1.6368892807569255 19.05803842276491 -1.571936517316152 0.9999996423721313 
Car -1.0 -1 1.759614212846573 442.18763175977625 180.45826735384682 513.385108519812 230.65166819553752 1.5 1.6047750160098075 4.111747679114342 -4.387840033539153 1.7776939614924463 24.248903485135255 1.5806012034376682 0.9999996423721313 
Car -1.0 -1 -1.9984903305289998 825.2099897496117 174.60934340145133 1125.8837907026807 341.9727178792186 1.5 1.5826156854629516 3.7598694235086443 3.8032676524978646 1.5253403074579028 8.384932269679608 -1.5726602906968934 0.9999988079071045 
Car -1.0 -1 -1.824203395956095 751.762453810623 176.6512662056264 885.4349651155395 267.30796762850565 1.5 1.5820928409695625 3.5605410605669023 3.795311375090357 1.5828261410590936 13.876632918195506 -1.5572287524726731 0.9999990463256836 
Car -1.0 -1 1.830433148538265 384.34433668247306 180.5592957064443 483.9517458284126 246.07639470503926 1.5 1.5786722794175148 3.9164724320173265 -4.535817494578506 1.7239646696717092 18.95898858165928 1.595603454109055 0.9999983310699463 
Car -1.0 -1 1.9099464912173965 268.0314351949879 180.6721923549124 431.8016262189066 279.09998597949834 1.5 1.594267275929451 3.888305139541626 -4.60866450477034 1.6650640678788247 13.250264735529957 1.575217950340134 0.9999957084655762 
Car -1.0 -1 1.714073770354492 524.2319636648007 180.3823157087314 560.472941894769 209.23149206876525 1.5 1.5439151346683502 3.3642223596572878 -3.7566319815564855 1.9370089683326026 40.12875415992363 1.620731341834885 0.9999867677688599 
Car -1.0 -1 -1.738856081244183 697.0336426552004 178.1367804850988 760.4427165179487 227.06838377136705 1.5 1.5369758501648902 3.376651790738106 3.8602964531808905 1.6898131074055998 24.17789369310005 -1.5805301741373283 0.9999837875366211 
Car -1.0 -1 -2.4819939774801303 1054.0100088056538 158.6524642653735 1241.0 374.0 1.5 1.560487274825573 3.4178810685873033 3.80477602990481 1.4712821795197177 3.2146474476140057 -1.6127222413804871 0.999805748462677 
Car -1.0 -1 -1.6947707044793503 692.0986751159517 178.4210169324363 740.6204443728727 217.90952721139277 1.5 1.541503195464611 3.4816256284713747 4.271070377638588 1.7427275674413163 29.655469629935677 -1.5517312745240075 0.999724805355072 
