Pedestrian -1.0 -1 -1.6941000021296728 621.1680995427349 167.9849360958994 657.3836063807063 230.67789316434104 1.8 0.9493986636400222 0.9704233638942241 1.0734535888251187 1.4131032281121383 21.14011310373678 -1.643365533151899 0.9999967813491821 
Pedestrian -1.0 -1 -1.6910478002891416 714.9179280811508 163.63286705511132 754.1837297410184 245.1366346432483 1.8 0.7659696534276008 0.9611439451575279 2.9833252930801186 1.406626686282603 16.36441822454217 -1.510722507783447 0.9999947547912598 
Pedestrian -1.0 -1 -2.1321712329734774 64.99966158389945 164.27022991862492 145.0451221452047 282.62044261820495 1.8 0.6991222992539405 0.853075136244297 -7.9222674561028334 1.5392546387820811 11.411338901281178 -2.7390244762089595 0.999992847442627 
Pedestrian -1.0 -1 -1.651420746107343 686.7731549546824 159.39776586454076 733.7297965884177 266.6194991242079 1.8 0.7317663662135601 0.9551186606287956 1.8447385404744097 1.4302402544726567 12.55693279107853 -1.5055542002108437 0.9999908208847046 
Pedestrian -1.0 -1 0.5089283211372433 99.04618460018486 148.03415918241828 214.76787385395983 356.254168141035 1.8 0.6338429197669029 0.674324531853199 -4.072156287418204 1.512081802049502 6.539906972801426 -0.04798849026230403 0.999990701675415 
Pedestrian -1.0 -1 -1.763665507830758 724.3007731482779 163.6919316481531 772.4352577283098 244.05595288352427 1.8 0.9287798337638378 0.8912018992006778 3.3320197477418656 1.4023495576825216 16.535082322299345 -1.5648163953472418 0.999984622001648 
Car -1.0 -1 1.706409864212317 547.6992881125873 179.34108713712305 588.3300163477645 209.73991735004643 1.5 1.5849747255444526 4.081066933274269 -1.6966187363037477 1.3943578120719713 37.54669228093988 1.6612536787947239 0.9999784231185913 
Pedestrian -1.0 -1 -1.6344792518374642 649.8223578743986 159.757328421691 698.8309004674315 267.2439732129303 1.8 0.7845907032489776 0.9673537246882915 1.2125636248303135 1.4371765657387043 12.523112005956472 -1.5379540892925603 0.9999473094940186 
Pedestrian -1.0 -1 -1.8112633207112898 757.2691517032581 165.8048046893614 793.3187430130283 232.40204068189436 1.8 0.7736149735748767 0.9033624574542045 4.766747141968429 1.3769475540423202 19.866251884194416 -1.5757732326772553 0.9999291896820068 
Pedestrian -1.0 -1 1.4256024694600054 715.8483061042471 165.48985137901332 748.5884855983744 236.64929588966797 1.8 0.7232757776975631 0.7933154262602329 3.3405187637152634 1.3961991545923758 18.576170676460354 1.603528964515549 0.9998703002929688 
Pedestrian -1.0 -1 1.8198875754534123 395.21869947557957 168.2828699941912 432.63999177207756 243.5593487793159 1.8 0.7009161196649074 0.8525241658091545 -4.618518902072354 1.485151615029137 17.602983062836586 1.563299580416407 0.9998325109481812 
Pedestrian -1.0 -1 -1.5637186437741504 644.8482898936263 159.59511137828946 685.0926470109598 268.5750139581676 1.8 0.6637405164539814 0.8928173713386058 1.0497937043277044 1.4394891255166755 12.336985596335063 -1.478829928734575 0.9997232556343079 
Pedestrian -1.0 -1 2.3723565322356386 427.2544569193204 167.31122482807 478.36382265388454 245.67328984391548 1.8 0.7724115185439586 0.9107474729418754 -3.5659885558335684 1.475288765077242 17.091399417624018 2.166665065284592 0.9997170567512512 
Pedestrian -1.0 -1 3.7521026250929035 0.0 112.68049649254854 95.69091996550686 373.0 1.8 0.5634544909000396 0.6371470659971237 -2.9311543567932543 1.5091766545297158 3.3619968117066414 3.0350599169691623 0.9995847344398499 
Pedestrian -1.0 -1 1.4058580824093612 765.4270788398474 163.92769355193923 805.6107816880765 240.55959978607 1.8 0.8037687771022319 0.875396516919136 4.396632930153785 1.38844849454954 17.339941590061812 1.6541800379713596 0.999835729598999 
Pedestrian -1.0 -1 1.3926038095845714 740.4525387333641 164.98229599466043 773.8153916817957 237.48329778929596 1.8 0.7003878735005855 0.764977329224348 3.9085709412486596 1.3910974403256566 18.225519617554017 1.603859889503342 0.9995465874671936 
Pedestrian -1.0 -1 3.830089630532415 0.0 107.2988047709316 104.16922870466031 373.0 1.8 0.5761689998209476 0.6195712395012378 -2.735482469652343 1.5077268191010014 3.1376131643908667 3.113054740424973 0.9970006346702576 
Pedestrian -1.0 -1 -1.808769619845292 668.4141271030392 163.3887645869142 715.6082252391747 248.89744865008652 1.8 0.7827097110450267 1.099398036301136 1.9278859523587224 1.4199821530571035 15.709948431207266 -1.6866626153376443 0.722571611404419 
Pedestrian -1.0 -1 -1.830790842842397 698.366886080654 162.68043640794414 744.9208363261978 250.29603204570208 1.8 0.6999547153711319 1.1727148227393627 2.5177864125316622 1.4146042480680443 15.37275229001171 -1.6684497753765923 0.5283531546592712 
