Pedestrian -1.0 -1 1.154209370129498 635.8492235262422 149.50656253898643 705.0455179961499 300.03296686606757 1.8 0.5340015076100826 0.9438900768756866 0.7656054529682772 1.4310605479084166 8.983094452123648 1.23923127253982 0.9999997615814209 
Pedestrian -1.0 -1 -1.4134516633149834 275.3081431626183 160.810296091336 326.15238768895955 275.1000519943058 1.8 0.6630380198359489 0.7102756321430206 -5.005699908595937 1.4915542353804483 11.557092475547746 -1.8221865753319604 0.9999994039535522 
Pedestrian -1.0 -1 1.1725545773545387 494.76579482222047 161.38977153574618 539.8185604786541 255.7989394490752 1.8 0.5874034509062767 0.8812787503004074 -1.7875093452122364 1.437279628896113 14.00409182079201 1.0455991466853278 0.9999980926513672 
Pedestrian -1.0 -1 -2.011652547610906 641.9762535229393 165.40874187160634 666.0464992521722 226.6860995089922 1.8 0.5170059882104396 0.5841141127049922 1.429050015948094 1.3582658873772113 21.13055464193437 -1.9441258172180993 0.999996542930603 
Pedestrian -1.0 -1 1.155932047076142 475.18432389698853 161.1952550704065 523.5913730785203 258.06412289530226 1.8 0.6020921774208545 0.9259002774953842 -2.0954595648215553 1.442920069544514 13.685480946309886 1.0039965351435798 0.9999942779541016 
Pedestrian -1.0 -1 -2.0121804344726133 663.5357413896343 159.76495082565478 704.8061113789785 250.83937425628147 1.8 0.528670710325241 0.8379515752196312 1.5680437520846249 1.3918209087414046 14.451581093626835 -1.9040999869492394 0.9999914169311523 
Pedestrian -1.0 -1 1.3168720341858566 407.0505078991297 168.41254143773065 435.1925472823984 229.85677694231737 1.8 0.6150926023721695 0.8810286901891231 -5.563243070439594 1.4474662582961326 21.242523507276196 1.0607327659937995 0.9999885559082031 
Pedestrian -1.0 -1 -2.5046144491592774 588.2323667464024 167.77455481218308 614.121819943812 219.3871594225826 1.8 0.5717871271073818 0.720390260964632 -0.16323123588661584 1.357727271878623 25.096781593862925 -2.5111184279110774 0.9999884366989136 
Pedestrian -1.0 -1 1.2061293854592428 658.3397478567715 149.50729738893926 727.6177129473717 298.33138258522865 1.8 0.5867169730365276 0.9199250049889087 1.061537418684057 1.4268292011097412 9.064565568583815 1.3227068622920173 0.9999194145202637 
Pedestrian -1.0 -1 1.1583430021187682 388.9640276911073 168.5757254367553 421.9758808492402 230.25748468605883 1.8 0.6414318017661571 0.9057146988809108 -6.015213306740713 1.4535926142528224 21.181611933148332 0.8816448887202398 0.9998883008956909 
Pedestrian -1.0 -1 1.0955269019025051 526.0141011130814 162.0166606124493 571.3600049969376 250.4071371181121 1.8 0.5771250955760479 0.9629554606974124 -1.2406906590951012 1.42522747619465 14.954737829816924 1.012753411135401 0.9995124340057373 
Pedestrian -1.0 -1 1.229646911200394 600.631872672095 149.41850400207557 666.6566472836777 303.5099097163387 1.8 0.5856217376887798 0.7672706179320812 0.29093924801808346 1.4386082710915489 8.708638134071274 1.2630426128718513 0.9993594288825989 
Pedestrian -1.0 -1 -1.937082701081409 654.5989013781747 160.04555602060591 694.7936142169716 250.23670389081977 1.8 0.5553067222237587 0.8496934108436107 1.3876365952732466 1.3934064304897944 14.589774124850683 -1.8422577242043359 0.999347984790802 
Pedestrian -1.0 -1 1.2253700816396857 537.7666245259104 161.58983519180467 577.8125390763197 251.7748846897762 1.8 0.551434376090765 0.9013318017125129 -1.0272053387423787 1.4242010270504302 14.630604413154122 1.1552757461878913 0.9985021352767944 
Pedestrian -1.0 -1 1.015171219439531 437.20669220806485 168.07693994505522 471.9258434296884 228.90640553292783 1.8 0.6720518253743648 0.8708809062838554 -4.6023381966646655 1.43395484712232 21.463979657564742 0.8039480884883062 0.996184766292572 
Pedestrian -1.0 -1 1.139838019606935 539.251358214065 160.99663907100611 587.016165435383 254.18033612820795 1.8 0.6916221722960472 0.7778113268315792 -0.8867926832859059 1.424892282771928 14.159183910413406 1.0772895058009284 0.9959996938705444 
Car -1.0 -1 -1.1898166653717472 0.0 181.30979041197014 280.28697549443586 369.0 1.5 1.9562861442565918 5.103399467468262 -3.1479814464550055 1.5091055417646946 3.7313884639219586 -1.8906119624760491 0.9959356784820557 
Pedestrian -1.0 -1 1.1517484093850034 370.95950086621787 168.8335722417138 401.83155154220606 230.4884085487614 1.8 0.5911311626434326 0.8386565864086151 -6.575432403390665 1.4609683625534586 21.147292585888177 0.8502899845454353 0.9482759237289429 
Pedestrian -1.0 -1 0.9360747617629488 442.14850196797 168.05889013831413 471.0763808317515 228.8895886202702 1.8 0.5233152329921722 0.7308237746357917 -4.516534667804265 1.4334282020576445 21.355268145469616 0.727651043734278 0.576420783996582 
Pedestrian -1.0 -1 1.0481847742573978 502.6349816057978 161.681060900929 547.6615614731029 253.8588682700234 1.8 0.6045056998729705 0.7595411993563175 -1.659958407522952 1.4341447460687282 14.286996934685869 0.9325167377802985 0.5368652939796448 
