Car -1.0 -1 -0.0782757800294234 636.0378614734667 178.81300086236874 743.3452834626554 219.4133854861914 1.5 1.620214109122753 3.985569489002228 2.9606454030860188 1.736908485005274 27.774261087477775 0.027919932207788746 0.9999996423721313 
Car -1.0 -1 1.7211994149603111 427.5170722946023 180.0027220667088 518.95301185237 255.84640869349977 1.5 1.5000058829784393 3.759002548456192 -3.0627662588857367 1.6830065052111542 16.529330527360887 1.5379845341059821 0.9999986886978149 
Car -1.0 -1 1.8735214481541074 209.46992146233 179.6189022643626 458.2907498756618 344.357786721324 1.5 1.5909282982349395 4.087298598885536 -3.0685551274485494 1.6023341846747234 8.805456712848486 1.5381983955714362 0.9999985694885254 
Car -1.0 -1 -0.2737544068103408 695.3936562095246 176.90151273609297 939.0009942203158 259.96396550425436 1.5 1.6627010449767112 4.231138017773628 3.81884250753087 1.5833972777014 13.95505797090835 -0.006640986600194655 0.9999963045120239 
Car -1.0 -1 1.7045832181628358 480.1590962898845 180.01787588010504 551.7101559597501 226.20042268243546 1.5 1.9184455767273902 5.640087139606476 -3.441977436055546 1.797889694899094 27.137069215286047 1.578420150276047 0.999976634979248 
Car -1.0 -1 1.6414805537204282 529.1751207987974 180.07341115553564 572.1173044068636 209.72542381013284 1.5 2.002619814872742 6.1714647829532625 -3.32378767241884 1.942593328895952 41.100506953487724 1.5607864101740974 0.9999812841415405 
Car -1.0 -1 -1.6880391390342924 623.8000782600943 179.4856313771351 654.919003178147 204.92023754849555 1.5 1.5624499440193176 3.315520149469376 1.770965906678682 1.931169300994027 45.15699059961683 -1.648841247954641 0.9999533891677856 
Car -1.0 -1 -0.21850534482923115 675.6640803506806 177.82253464474914 845.705173547391 235.28402168252504 1.5 1.651383240520954 4.319115218520165 4.005930840457252 1.643036911610365 19.84995341136885 -0.01936943928268977 0.9998981952667236 
Car -1.0 -1 2.000381282969962 90.33213224414567 181.5972721485191 307.3735293110435 309.645205666147 1.5 1.4370151355862617 3.2981796681880953 -5.713891112433833 1.6467277918705996 10.37892120276243 1.4971324642512458 0.999907374382019 
Car -1.0 -1 2.527266774498094 0.0 0.0 1241.0 374.0 1.5 1.7254941657185554 4.403587666153908 -2.9674109848572465 1.5303189596671989 2.017898871226218 1.553660794100489 0.9998427629470825 
