Pedestrian -1.0 -1 -1.5355187819739635 278.63633672785215 160.79355168168908 322.7515362296864 275.1901876376292 1.8 0.6412682615220546 0.7244824923574924 -5.0149329140248255 1.4915805900767667 11.574519950619276 -1.944376246133123 1.0 
Pedestrian -1.0 -1 1.2552467451870726 485.9647778664278 163.71955477078913 522.9111774805834 245.76223355463517 1.8 0.5743633516132831 0.9068367563188076 -2.329128958709226 1.4334555858098483 16.041305601138397 1.1110586365077155 1.0 
Pedestrian -1.0 -1 -2.532809972133216 594.9836385336099 167.66039707446484 621.4106888324168 219.4007814495308 1.8 0.5552175015211105 0.7539448820054531 0.08550203908791679 1.3548524283425611 25.036434338754724 -2.529394880929266 0.9999997615814209 
Pedestrian -1.0 -1 1.3416333881982359 587.8415938714385 156.65197993418843 637.7651938965096 270.8848625816031 1.8 0.627113089710474 0.9135444208979606 0.07004752821830718 1.4258760232056462 11.651033716703907 1.3476454456660407 0.9999991655349731 
Pedestrian -1.0 -1 -1.9573972190721527 649.3827433153535 165.15589442252033 673.4689026081868 227.3194530244652 1.8 0.5114740252494812 0.6177238680422306 1.6264743891644649 1.3572669041303165 20.840209961572985 -1.879510090747152 0.9999978542327881 
Pedestrian -1.0 -1 -1.747369668809001 725.0661325987991 156.2069088276234 768.6778604874182 262.8382746464867 1.8 0.5898179978132247 0.9390987947583198 2.431116572511714 1.3915670037422836 12.404907752343115 -1.5538422512498242 0.9999979734420776 
Pedestrian -1.0 -1 -2.4756311314272326 615.9811596660709 167.3055052454624 642.486301201208 219.49005455489572 1.8 0.5881391957402229 0.721683681756258 0.8232504675368884 1.3464149779201018 24.84054722965157 -2.442501858868871 0.9999783039093018 
Pedestrian -1.0 -1 1.3402153988048673 455.2911769256938 163.74697190324272 492.077772848454 247.9627239391756 1.8 0.598712407797575 0.9418746016919612 -2.957341506479061 1.4435451906993026 15.659107076759398 1.1535562713954108 0.9999790191650391 
Pedestrian -1.0 -1 -2.494871464412382 558.8116544061138 168.1881334461679 584.0454391829609 219.66638666422622 1.8 0.5806913159787654 0.6854571893811225 -1.2213658731984143 1.3710296871940397 25.150798611687645 -2.5433950583126888 0.9998708963394165 
Pedestrian -1.0 -1 1.0193464544850004 389.51172122478323 168.87418184137914 423.0498835884438 228.78435022721845 1.8 0.6092472493648529 0.9056317180395126 -6.153820554347464 1.4522641432777212 21.76907948844862 0.7438484867427008 0.9998441934585571 
Pedestrian -1.0 -1 1.17103183590189 504.336513040588 164.23951822362827 542.215572363819 241.8557127120023 1.8 0.5787157945334911 0.9417941354215145 -2.0046790427140455 1.4245095119150413 16.944611099487688 1.053271456560816 0.9995797276496887 
Pedestrian -1.0 -1 1.3105203880781577 557.5269130851823 156.95241432455165 603.658277734535 272.06098958375907 1.8 0.576618642359972 0.7337203741073608 -0.45089691260257636 1.4334335910472662 11.487033130765788 1.2712878425929206 0.9995007514953613 
Pedestrian -1.0 -1 1.3150342754055644 523.434823051495 163.39250302635057 558.7129810641752 244.59670307720688 1.8 0.6299862198531627 0.7508920066058635 -1.5042604127465582 1.4224030947492916 16.128202207763923 1.2220343788478034 0.999254047870636 
Pedestrian -1.0 -1 1.2208059942786555 509.76082457724203 163.17587159255973 551.2388746698198 246.3457714289299 1.8 0.664475143700838 0.8674997396767139 -1.715824836636703 1.4266806702588475 15.833235990329163 1.1128586967799323 0.9991821646690369 
Car -1.0 -1 -1.1847074915542064 0.0 181.32987764933122 279.6821237603983 369.0 1.5 1.9559385746717453 5.093612384796143 -3.168098442405742 1.5092977640075518 3.743883473563129 -1.8869950930264336 0.9991676807403564 
Pedestrian -1.0 -1 1.0254662034968116 421.6006654244145 168.66149749884556 453.12841800724095 227.45050150964926 1.8 0.6033998474478721 0.8578626930713653 -5.289005690307898 1.439086946010786 22.160580217427004 0.791181727251734 0.9634153842926025 
Pedestrian -1.0 -1 1.2517519273435302 471.76333460517117 163.92754537230329 510.4506440348463 245.8228434552327 1.8 0.6586011059582233 0.7609863325953483 -2.6268638383524556 1.4373642607093409 16.025192604005422 1.0892759998652595 0.9188005924224854 
Pedestrian -1.0 -1 1.1247518939999812 446.4232164331884 168.72722159598274 474.03833066075515 225.40857262285792 1.8 0.5041980676352977 0.9815460562705993 -4.743843857422573 1.4276883836756566 22.99172386572816 0.9212788780543464 0.5218939185142517 
