Car -1.0 -1 -1.316499745378674 379.7294475797387 180.4745593664691 495.81328065169816 257.20905960995736 1.5 1.5887465819716453 3.797314924001694 -3.6729290034062045 1.4084517745167195 15.968677306341837 -1.542576056965862 0.9999995231628418 
Car -1.0 -1 -1.4410600626703483 489.9081797109748 180.19876247114763 545.4221863572835 221.3993180146222 1.5 1.63746667355299 4.168917101621628 -3.4993789599988614 1.3184782202239853 28.25756604787656 -1.5642714156445605 0.9999994039535522 
Car -1.0 -1 -1.278405120501316 337.14858657275727 181.3727124574418 417.2666152241465 229.241936889717 1.5 1.5725208938121795 3.7484491735696794 -7.764975926826483 1.3807097931033843 24.40811497583139 -1.5864116764303786 0.9999977350234985 
Car -1.0 -1 -1.5505134911706315 576.9385426819389 179.61568161459985 617.3075117116147 215.73204180178726 1.5 1.6770404323935508 3.8549850255250933 -0.46761854425191696 1.2685489185097538 31.78418794932687 -1.5652247309361143 0.9999971389770508 
Car -1.0 -1 -1.0240353224327634 74.11051315025807 183.23575498948696 221.95440399800822 245.28983924183788 1.5 1.5553903326392173 3.8608843952417375 -12.200277782974245 1.4532710826324702 19.31581462229748 -1.587381779277001 0.9999970197677612 
Car -1.0 -1 -0.9237847476966705 0.0 183.61631980471142 196.59056313210377 296.72618037438536 1.5 1.5858684226870536 3.691007059812546 -8.42437957425379 1.479921119449969 11.382525890336103 -1.5609294623744232 0.9999949932098389 
Car -1.0 -1 -1.155834119680005 208.55896759171114 181.98921596921116 347.6521682783311 251.17953257900302 1.5 1.6105257466435432 3.968225282430649 -7.9130415514176144 1.4311831982594325 17.57117048323896 -1.5789726768296701 0.999992847442627 
Car -1.0 -1 -1.3704227592951683 456.7753705056571 180.79182583996112 494.90676107878863 207.13710067505392 1.5 1.5575798720121383 3.5332659751176836 -7.817655550661267 1.2492526746494261 42.706505301183604 -1.5514736055072886 0.9999804496765137 
Car -1.0 -1 -0.7832765554932972 0.0 185.1619069969597 54.037400198047514 285.7396245718824 1.5 1.5295327201485633 3.861052778363228 -12.093026562307124 1.5003289518453897 12.666360222275474 -1.5455226423826558 0.999977707862854 
Car -1.0 -1 -0.6442216640061564 0.0 185.42204206345656 235.26953770945957 375.0 1.5 1.5848096951842308 4.050047186017037 -3.0309427347010898 1.5023534644364291 2.2199304390701746 -1.5828617644172651 0.9990122318267822 
