Car -1.0 -1 -1.9005899288466765 755.7072678284977 175.42566969567795 1008.4722956483411 336.6499046138889 1.5 1.573335801064968 3.821607169508934 2.8896493937255294 1.5381715060254026 8.689085255201032 -1.5795347896080953 0.9999984502792358 
Car -1.0 -1 3.372425013387984 351.70807658302806 181.42386881266162 485.0616001360024 228.7362512709412 1.5 1.6318684935569763 4.031864416599274 -6.35472797880455 1.796492090785951 24.059345994364445 3.114194977279526 0.9999977350234985 
Car -1.0 -1 -1.6660339689534756 652.6117577149744 178.86131259669028 698.2156409495867 216.08775344531642 1.5 1.62812941968441 3.680214521288872 2.7586582772620263 1.7781245177449316 31.51329598153804 -1.5787170529973251 0.9999958276748657 
Car -1.0 -1 0.3905754672062407 277.02945317785577 181.68153170823365 454.23471314052114 242.07312366004848 1.5 1.6121531397104263 4.1512640684843065 -6.447253205045265 1.7459874356074245 19.133983547519087 0.06557075580092839 0.9999936819076538 
Car -1.0 -1 0.6705438484749611 0.0 182.7486473839416 299.9069730516447 320.8646443636589 1.5 1.5673770129680633 3.716418382525444 -6.05956129915356 1.6347054205406966 8.879345535929321 0.07170514663192205 0.999992847442627 
Car -1.0 -1 3.263184776742471 415.3380267343636 181.15857255911493 514.7896270398753 216.83153105518375 1.5 1.6084805622696876 4.125381496548653 -6.350909806677569 1.876748360297104 31.741423834079434 3.065709698196274 0.9999902248382568 
Car -1.0 -1 3.8954909852993205 0.0 183.9859825110955 158.72144105401284 368.9315078367618 1.5 1.5471213057637214 3.40732881128788 -6.460495930658231 1.6165397398334145 6.736174110421135 3.1309797644575657 0.9999616146087646 
Car -1.0 -1 -1.7156976168405582 676.2356962052337 178.107209686178 750.7387210062291 236.47821809651836 1.5 1.5833287060260772 3.6252426475286486 2.8269375299972475 1.6642353395971063 20.686386521866204 -1.5798820006337506 0.9999288320541382 
Car -1.0 -1 -2.3390634307871845 926.2795941296419 163.09695559172903 1241.0 374.0 1.5 1.5581347540020942 3.3942534148693086 2.902250096444454 1.480503612685864 3.184660994782339 -1.6000284413483483 0.9999171495437622 
Car -1.0 -1 3.6522266927181857 21.968475457976563 182.59275383655802 361.37067595873134 285.5661464830207 1.5 1.6688550382852554 4.446099188923836 -6.530994051718452 1.6672259857482779 11.514136519273233 3.1362625241240085 0.999229907989502 
