Cyclist -1.0 -1 -0.9912933226521268 567.7622361819573 179.63853579446982 614.850772469961 225.5883853679874 1.4 0.6166834875941276 1.7933762192726135 -0.4465216960629571 1.375311768030784 22.460988184502476 -1.0111705819752557 0.9999978542327881 
Pedestrian -1.0 -1 1.385861153475944 711.1870612834679 163.71267508468443 742.5551494030603 229.21564513181798 1.8 0.7357463732361793 0.7670064948499202 3.373020216465311 1.3402684545690091 19.81395539413929 1.5544792850825446 0.9999958276748657 
Pedestrian -1.0 -1 -1.231939300710803 748.9913474623665 166.22989270528964 769.8692067903809 214.94014155133272 1.8 0.6370635263621807 0.4937147282063961 5.763722508606058 1.2741897554498478 26.50013313581993 -1.017776862778936 0.9999939203262329 
Cyclist -1.0 -1 -1.9232163020782245 872.6092694794396 178.36265572081643 940.1861491257179 275.76712192084995 1.4 0.39567719474434854 1.6973820075392723 4.610061290384892 1.3709450269422176 11.014048790244205 -1.526811388381992 0.9999719858169556 
Pedestrian -1.0 -1 -1.8239915245889726 887.5619921797498 140.138998850483 972.2235768146458 324.05836746532617 1.8 0.6001839905977249 0.8650105006992816 3.3193835799294864 1.4066865210281136 7.391631116970688 -1.4019085774805886 0.9999386072158813 
Pedestrian -1.0 -1 2.6910685172729605 718.8020223607299 165.16563453310647 754.0810529611855 221.61069540590736 1.8 0.6069230407476425 0.9572879903018474 4.234806347681539 1.312545515707616 22.961839101475856 2.873447167869431 0.9999092817306519 
Pedestrian -1.0 -1 2.455522292526335 701.068369257359 165.79557029665995 733.2582122513379 220.00141440234182 1.8 0.5683626540005207 0.9271415442228317 3.7710645737637045 1.313254419596455 23.953353208760937 2.611674296851975 0.9997668862342834 
Pedestrian -1.0 -1 -1.267867934863013 757.2136510521167 165.99973103118714 779.6482720433793 215.18812446742274 1.8 0.6018417447805404 0.8109929531812667 6.073563415554766 1.2708955621290816 26.37073281071836 -1.0415008227017266 0.9997015595436096 
Pedestrian -1.0 -1 2.714408265353086 720.7949348707671 165.06449083750994 755.6490460892229 222.0013858983811 1.8 0.5555734530091285 0.9566888704895973 4.249377135240004 1.313573914545615 22.732116707800984 2.899208176132065 0.9994827508926392 
Pedestrian -1.0 -1 -1.1337244887277749 1081.5952844806131 144.50379104216324 1151.018016889087 289.99294486629213 1.8 0.61211823746562 0.4029129657894373 6.5333417976222155 1.3563312967541912 9.10816944616927 -0.5114781419422967 0.9992659687995911 
Pedestrian -1.0 -1 -1.2068269173879427 1095.4617752134052 143.7731195392805 1159.9353104304441 292.78404036561756 1.8 0.5714576251804828 0.3270537618547678 6.5012068605381605 1.3580324336643341 8.864658578667864 -0.5740445415165766 0.9974300265312195 
Pedestrian -1.0 -1 -1.104334301881379 741.10136417662 166.4223979525324 761.562585515223 214.61798291744338 1.8 0.5758330717682838 0.5457140065729618 5.5213074134423294 1.2757456658433661 26.794414433618375 -0.9011168638851983 0.994210958480835 
Pedestrian -1.0 -1 -1.3456305599648823 743.2057287640756 166.2764752034471 763.8693144540732 215.06847250123613 1.8 0.6192526340484619 0.6991601109504699 5.550407795271813 1.2767921609202455 26.52600897429418 -1.1393625597145898 0.9491399526596069 
Pedestrian -1.0 -1 2.4320136048824526 707.4898063948558 165.5960866333824 742.0377253463733 220.31569047686057 1.8 0.6426925331354141 0.9583591975271701 3.9979280402262165 1.3112789664916136 23.776105701146424 2.598604190345627 0.5263187885284424 
