Pedestrian -1.0 -1 2.6014257885499346 705.5402589595299 168.8509685357679 729.6408811098005 205.63518981044604 1.8 0.6012650698423385 1.015589901059866 5.5676897973261275 1.2314028572723497 35.062292158243835 2.758905160423142 0.9999997615814209 
Cyclist -1.0 -1 -1.890276638347011 788.9947274769934 178.96730552528638 847.8358487828835 265.5744609251891 1.4 0.4601425051689148 1.6909057766199111 3.6277794978839113 1.3768774366098486 12.27684645088715 -1.6029555248704297 0.9999996423721313 
Pedestrian -1.0 -1 -0.8409840330179996 788.0179317615477 163.0429665114943 814.0706442803879 226.85475044163312 1.8 0.6164780378341674 0.39162053987383844 5.594361963847417 1.3091465570186616 20.304603299382872 -0.5721327225354058 0.9999984502792358 
Pedestrian -1.0 -1 -1.5975009385073646 646.0126815419371 169.48719400155952 658.8014751907787 207.58502056926352 1.8 0.590674814581871 0.6445899166166782 2.242563759078142 1.281128271677445 33.73458494878466 -1.5311219068851811 0.9999985694885254 
Cyclist -1.0 -1 -1.288014748984049 458.0137872666719 180.90344530547833 492.04840929903725 222.72313785639477 1.4 0.6562305174767971 1.940416221320629 -4.543911648560259 1.4161763638129516 24.682175076379853 -1.4700731496003014 0.999996542930603 
Pedestrian -1.0 -1 -1.4624296140501112 636.9454530336869 169.56309250044353 651.4598242398586 207.79603508198065 1.8 0.6234160184860229 0.6580154903233051 1.8525470537899071 1.2865414831603468 33.65809224247893 -1.4074449251082284 0.9999903440475464 
Pedestrian -1.0 -1 2.647198369529467 715.2240031237693 168.64154851142777 738.6800038200005 205.94756879544028 1.8 0.617606521397829 0.9500979006290435 5.942804457496582 1.2292760110913474 34.553854266986555 2.817518818374497 0.999984622001648 
Pedestrian -1.0 -1 -0.9800466455192263 593.1312603887746 160.98510862918496 643.7968795588464 249.86023034708646 1.8 0.6335575625300407 0.9748661451041698 0.25051106231480774 1.406388584346744 14.89602730070277 -0.9632309238102776 0.9999839067459106 
Pedestrian -1.0 -1 2.760410193879403 0.0 162.2311392601332 62.35997032006571 289.9304542037801 1.8 0.5724703453481197 0.7563838295638561 -8.63761176606435 1.544156259178556 10.430291080635513 2.0687520384748996 0.9998635053634644 
Pedestrian -1.0 -1 2.0185570754770943 666.4354532050633 169.05266078370096 689.7043928830077 207.50220343562427 1.8 0.769787610322237 0.9474124319851398 3.469927343786865 1.2655482376711056 33.7003051292223 2.1211597800215305 0.9986711740493774 
Pedestrian -1.0 -1 2.3697366410505687 699.374062242313 169.11195897671513 723.295956933803 204.79389029388133 1.8 0.5343076333403587 1.1719165861606597 5.4368999745814515 1.2269491651482143 36.22142953944139 2.5187260985334934 0.9986134767532349 
Pedestrian -1.0 -1 2.773489902882547 0.0 161.25146443795447 86.6932114167602 293.25781272066865 1.8 0.6667972102761268 0.8361320503056049 -8.14263544857609 1.539202663485401 10.165185217602739 2.098120200630051 0.9896149635314941 
Pedestrian -1.0 -1 -3.204586914463385 658.555173110447 169.32851928577932 671.7390835074206 207.39691686412547 1.8 0.6341537952423095 0.587211225926876 2.8518325124753257 1.2732231278328385 33.749913470703355 -3.1202882091191158 0.9201754331588745 
Pedestrian -1.0 -1 2.6722294987220385 713.1187850150418 168.7338018517816 733.5805370741145 205.76222992437704 1.8 0.7503018274903297 0.7335196740925312 5.812631944563565 1.229468805420107 34.83334356058479 2.8375757813414157 0.8095484972000122 
Pedestrian -1.0 -1 2.5002587930200892 705.6199614270101 168.96035586468432 727.8095416427219 205.18623035681622 1.8 0.5415109477937221 0.97287358045578 5.610174168606561 1.2280472454022915 35.593368099785145 2.6565911650618137 0.6303771734237671 
