Car -1.0 -1 -1.257254039760696 292.7363085159896 180.62888924531526 463.4155220509602 285.89982349620163 1.5 1.5789703026413917 3.9734194546937944 -3.728082856902082 1.4357739859595888 12.239668950774659 -1.552916661896978 0.9999997615814209 
Car -1.0 -1 -1.7524339853535098 689.8165515010213 178.0572239555438 781.5762926379329 246.93877054401526 1.5 1.5738394603133201 3.334559735655785 2.932706480987685 1.3452445665748802 17.32852006431603 -1.5847810172152264 0.9999997615814209 
Car -1.0 -1 -1.3751217066641521 443.87953156302297 180.50083100224236 512.5401107079683 228.38145614602666 1.5 1.6077138975262641 3.6508100599050524 -4.344514878036831 1.3534242409762467 24.356950890340062 -1.5516339811172826 0.9999971389770508 
Car -1.0 -1 -0.9268977408943033 0.0 182.14723989280444 307.24582439553245 375.0 1.5 1.554165457189083 3.4612549960613253 -3.5146471625446787 1.4885142126715571 4.682689735869168 -1.5707581852901227 0.9999953508377075 
Car -1.0 -1 -1.1054176494841041 151.9514166660835 182.336525039571 311.2164190702132 259.9475254605588 1.5 1.53305274695158 3.8196111589670183 -8.108408267255909 1.4454849529910336 15.805998927072023 -1.5794076240297896 0.9999945163726807 
Car -1.0 -1 -1.5444685825550768 585.174308029932 179.72393156312646 614.0955348423473 205.64073822209718 1.5 1.6516749307513237 4.0253548443317415 -0.4784346454905001 1.183281455121494 43.626935758774025 -1.5554346396264178 0.9999932050704956 
Car -1.0 -1 -1.4719474462346407 523.9543866254976 180.27705388123485 553.9234265424018 203.9297448485068 1.5 1.5988257274031639 3.8839323937892916 -4.532699768915252 1.1879335648670415 47.529404361523106 -1.5670261269577337 0.9999896287918091 
Car -1.0 -1 -1.291562365741287 397.1403886386297 181.1367559486503 452.1852935015575 214.5417737373019 1.5 1.5949657678604126 3.620923545956612 -8.653538156181716 1.317972671218447 34.1094683372419 -1.5400194032725436 0.9999817609786987 
Car -1.0 -1 -1.6213388187534188 633.2004586786795 179.3265147650256 663.5845405762519 205.19647307179676 1.5 1.6347492605447769 3.986065697669983 2.4011499317230953 1.1596627107061095 43.673749331707135 -1.5664148652602476 0.999966025352478 
Car -1.0 -1 -1.2038294581196 326.4086808745169 181.4690300292696 409.53673978071356 227.46894638258956 1.5 1.5278390169143676 3.766898301243782 -8.392017679723242 1.3789570002498175 25.354703839579596 -1.5234647067871434 0.9998481273651123 
Car -1.0 -1 -1.3894120320931704 498.27115041339704 180.35895723090698 541.2211309970963 211.09664783639946 1.5 1.5666928634047508 3.601885449886322 -4.499448706462257 1.264122114166692 36.92116293383491 -1.5106804418053967 0.9997981190681458 
Car -1.0 -1 -1.414446840506856 438.61963742939844 180.85258652614235 482.24375062324344 206.51234225924432 1.5 1.8906383335590362 5.0143709897995 -9.08189209117096 1.2460754619587242 44.565511545254466 -1.615481515475784 0.9993064403533936 
