Car -1.0 -1 -1.8053490252443087 717.133451455589 176.53885182832266 880.1953058635056 292.02226629983755 1.5 1.5652012571692466 3.8707925498485567 2.717669405689245 1.568627694005274 11.429041408765437 -1.5718982341375691 0.9999996423721313 
Car -1.0 -1 -1.9829340437752212 790.7288755355709 174.42036104623426 1147.5170808398407 374.0 1.5 1.5519314005970954 3.7555745363235475 2.9617505249505265 1.519628889593152 6.987964699365065 -1.5820497861739737 0.9999996423721313 
Car -1.0 -1 -1.688040944528022 657.7349454329744 178.53594602308613 715.5945532167306 226.26866155172254 1.5 1.5397945910692215 3.850540754199028 2.54283709305103 1.7130593055918062 25.070287379817263 -1.5869583162155492 0.9999995231628418 
Car -1.0 -1 0.2504564553942823 370.45175826344143 182.01392966884598 442.7381995228494 206.94116085804168 1.5 1.5385477364063262 4.070100423693657 -12.631581434065849 2.0799660150243406 44.83543241534228 -0.024157718816076004 0.9999982118606567 
Car -1.0 -1 1.6886723251420432 481.5863815988967 180.12813100542445 544.2751280415174 232.11495982491198 1.5 1.5716005608439445 3.685324874520302 -3.0851207453782004 1.752849113392736 23.188666666688334 1.5564047535273688 0.9999982118606567 
Car -1.0 -1 -1.6179180932900303 636.963245159545 179.2359687581334 668.8919980713702 208.1515900053891 1.5 1.5841886892914772 4.013067346811295 2.319850162543248 1.8749268528533747 40.33097988844403 -1.5604611021142942 0.9999947547912598 
Car -1.0 -1 0.43141921912656866 279.8526016273556 182.94957198209644 352.5038445537267 207.95474668772175 1.5 1.4918294295668602 3.912038591504097 -18.237839017854004 2.138671293903044 44.78541187546686 0.04469804366561345 0.9999936819076538 
Pedestrian -1.0 -1 -1.8362655938061765 776.5769442079342 164.0312598821792 818.9628035907817 245.18594561943502 1.8 0.7607434436678886 0.7430306196212768 4.202202274811115 1.6046706529133195 16.377782962782792 -1.5851041731101019 0.9999184608459473 
Car -1.0 -1 -1.654776834755393 648.515505000803 178.83938331242388 694.9800353348136 218.05258344641706 1.5 1.5949367105960846 3.956456717848778 2.478101828484054 1.767174111092446 30.1820891237538 -1.5728555422418309 0.9999113082885742 
Car -1.0 -1 -1.7985799971491174 689.5426795383479 177.61878380195984 786.2111272697041 256.0488709617837 1.5 1.4209744080901145 2.7647700652480127 2.588605161052273 1.6114248957005797 15.393054286065981 -1.631971803554569 0.9994509816169739 
