Car -1.0 -1 0.38320800915229425 262.4572494393176 181.73233918795208 441.72681006105284 248.43299730104576 1.5 1.5328459933400154 3.7455687791109087 -6.145769226017388 1.723550158654105 17.29210068019452 0.041722579798425946 1.0 
Car -1.0 -1 0.5289235330150934 87.93636985544937 182.18577944142928 367.54479325175646 290.658786033075 1.5 1.5120059743523597 3.466438364982605 -5.728316278662456 1.6529096366411442 10.955766111727598 0.047156735262598316 0.9999980926513672 
Car -1.0 -1 -0.28343215557873913 760.6884789367829 177.0750905651311 916.1811420184705 232.10842154139542 1.5 1.602373507618904 3.9440667748451235 6.393929668271333 1.6259266155409677 20.62661864313139 0.017159267267908375 0.999995231628418 
Car -1.0 -1 0.34727612546244324 267.3243680003025 181.6489688680855 458.761304032596 245.9664030265071 1.5 1.6566800445318222 4.189195719361305 -6.083582616798172 1.7295968112914326 17.933445625463953 0.020226999125208176 0.9999886751174927 
Car -1.0 -1 0.4527342088269499 183.31918892010782 181.837524177641 412.59370575006494 271.29826180884345 1.5 1.5398934975266456 3.50856953561306 -5.618365169549231 1.6743722450468472 13.120252168844022 0.0481386621806281 0.9999867677688599 
Car -1.0 -1 3.777465906852012 0.0 183.63945219536487 199.88963789268425 335.2849040082817 1.5 1.5013227730989456 3.376107153296471 -6.787906586613199 1.6343375045577588 8.107984037772537 3.0804570794066013 0.9999748468399048 
Car -1.0 -1 0.41354958562483746 248.682871229919 181.75811600345585 424.7956676487853 255.66025645926888 1.5 1.4991220578551292 3.2517055541276934 -5.908261349050887 1.7041746336742625 15.678476743681871 0.05316762526961736 0.9999672174453735 
Car -1.0 -1 -0.18924824930442788 693.3264184261441 178.50474077294555 776.8827915318282 209.59911678744277 1.5 1.6533930346369743 3.8610054671764376 6.155997938049136 1.7889573266228926 35.98348730374399 -0.01981015602615901 0.999958872795105 
Car -1.0 -1 -1.7360346985314727 701.0360717584098 177.42460867227385 802.0185875673801 257.4818221429162 1.5 1.545979131758213 3.398619082570076 2.8557814788312985 1.6089342549177093 15.42481541833831 -1.5529656159367902 0.9999598264694214 
Car -1.0 -1 3.379699163416018 349.08857069431 181.41777179949628 481.99414130451237 231.10647945108246 1.5 1.5843624740839004 3.8081514209508898 -6.142535181339003 1.7821859196552983 22.905126761894362 3.117691028114182 0.9999442100524902 
Car -1.0 -1 -1.71779529963979 634.3664485731609 179.37977270106165 666.4042622516329 202.83126011539383 1.5 1.615561594069004 3.9720973491668703 2.6899519071705726 1.9652087245150036 49.342434591428244 -1.663333215811525 0.9998478889465332 
Cyclist -1.0 -1 1.587084524458672 568.8901545430404 181.77836209886686 577.8028269174046 203.0169166722747 1.4 0.5809039369225502 1.6102673977613449 -2.5171493669242864 2.0172575378962945 49.05902198485136 1.5358208855006354 0.9997568726539612 
Car -1.0 -1 0.17917356133359116 409.5451841149863 181.2171942935726 514.9588056465848 215.96773033186645 1.5 1.7172057673335075 4.4150183469057085 -6.626397055680357 1.8874406756957745 32.48592714181208 -0.022043542065892895 0.9993385672569275 
Car -1.0 -1 3.2948394277266333 404.71645396030357 181.2461462029708 502.4226825491223 219.08516533899095 1.5 1.5915459513664245 3.760046747326851 -6.465044528945081 1.858797133745363 29.908647599412937 3.0819550633390964 0.9992456436157227 
Car -1.0 -1 3.3986889725121543 308.9395420853113 181.72787199469352 436.0815006209913 237.7858595500895 1.5 1.5274610862135887 3.1349512308835985 -6.697596061307708 1.7621891272619887 20.4309901052053 3.0819126248320163 0.9981756210327148 
Car -1.0 -1 -2.785720510166878 354.15153719691693 181.42017159444023 485.5785410124636 226.67730200600138 1.5 1.6034648314118385 4.158173736929894 -6.656327771878528 1.812580638371143 25.293720845959324 -3.043047384419714 0.9963243007659912 
Car -1.0 -1 -2.664437282463348 0.0 0.0 1241.0 374.0 1.5 1.575060424208641 3.5341019302606584 2.794510919774411 1.4652189857143545 1.6134658985896195 -1.6172542954471452 0.8387724757194519 
