Car -1.0 -1 -1.7497892483198325 679.5444182697458 177.6136910859249 787.0352348701841 252.52038089411658 1.5 1.6905129447579383 4.317513343691826 2.6791400548086863 1.6262117738333859 16.899240188104518 -1.5925616464254004 1.0 
Car -1.0 -1 3.3459591270098636 323.27926344949424 181.5407125640766 462.9423679777473 234.58504244428266 1.5 1.5825560808181762 3.772992876172066 -6.466992618365937 1.7726213804433073 21.662135421677647 3.055843222137314 0.999998927116394 
Car -1.0 -1 -1.6488291456598503 655.7768745934842 178.71320628434913 704.3125732690106 221.23017197443588 1.5 1.5661128357052803 3.6499018341302873 2.5939608132698755 1.7410075943479686 27.79580789439733 -1.5557766371083004 0.9999935626983643 
Car -1.0 -1 -1.6395934288229408 638.4228585391002 179.25269860899076 670.7255371622472 208.2775211824033 1.5 1.536145482957363 3.444739294052124 2.3835592623487916 1.8684720986793029 39.777838282945844 -1.5797432037678105 0.9999862909317017 
Car -1.0 -1 -1.7557271613388368 666.1379673812424 178.3210685368087 735.9519255853038 231.66238297086258 1.5 1.5247995525598526 3.450988468527794 2.702526444006304 1.6836903382376371 22.42192444624514 -1.635775269069944 0.9999794960021973 
Car -1.0 -1 -2.7173644176331146 220.76616150882393 181.93234377822068 422.32790881541115 253.15040256345395 1.5 1.5885636702179908 3.9251795530319216 -6.470941563748998 1.7166605912809803 16.30430470132513 -3.0951829711583003 0.9999536275863647 
Car -1.0 -1 -2.8677766538709397 393.1116294421121 181.32225324189892 501.1834120587457 218.42058981162492 1.5 1.652892355620861 4.1703327119350435 -6.879252527322 1.8696868064377088 30.53182270977902 -3.0893901149418697 0.9999523162841797 
Car -1.0 -1 3.4088553340429293 325.8223082131065 181.60910369109712 452.9944266179665 235.65655357009325 1.5 1.5408190459012985 3.266807880997658 -6.427655820600573 1.7663651774895086 21.103355575835838 3.113202202316147 0.9999221563339233 
Car -1.0 -1 -2.5640316724163257 60.40085629245236 182.48925223419081 344.18799147970185 285.5844071045737 1.5 1.5803097307682037 3.709755700826645 -6.468084036541946 1.667261473876279 11.581116932511938 -3.0733793536808833 0.9997237324714661 
Car -1.0 -1 0.4565779441980109 156.0486524453165 182.09129441773075 401.9069722768669 266.71306824539346 1.5 1.64069966673851 3.9803298681974413 -6.282683263385171 1.6891369327114523 13.861360366041929 0.031023307642664234 0.9996904134750366 
Car -1.0 -1 -2.868538373450659 363.48196894083446 181.4868753637127 479.1455089510142 225.41557525778552 1.5 1.5287492915987968 3.7194019675254824 -6.718895407520428 1.8179663821397336 25.745742590872066 -3.1238158504155025 0.9981452226638794 
Car -1.0 -1 0.24430464407184346 335.31745788277476 181.47674968682978 486.1570713203594 230.2630774690205 1.5 1.596217092871666 4.448470708727837 -6.401074773709956 1.78938344352538 23.33240850265951 -0.023450330891881664 0.9964224696159363 
Car -1.0 -1 -2.7372180395691306 291.5081831630086 181.71055173080052 436.0107504751867 242.71689334938023 1.5 1.5530523404479026 3.2323116928339006 -6.432742499196687 1.7433474871809922 18.89608279379282 -3.06533952156571 0.9329700469970703 
