Car -1.0 -1 -1.7506339421432335 699.7795800574394 177.7701420413157 783.7701121844594 238.74342293769448 1.5 1.5852073699235916 3.944765639305115 3.4991805866989205 1.6504250373719427 20.044595605622515 -1.5778057450104994 0.9999998807907104 
Car -1.0 -1 -1.5898948720135455 597.4190772005801 179.5152682148796 633.4491746399232 214.6693754044913 1.5 1.5714524805545806 3.4871189415454866 0.17235062841252563 1.8231189197915505 33.20390115244174 -1.5847042445701105 0.9999992847442627 
Car -1.0 -1 2.2178855752595603 40.0129238553229 183.8554228140827 184.23475017615564 241.05175915882108 1.5 1.532897961139679 3.865858402848244 -14.793878950445356 1.8604003432876481 21.64380209385375 1.618308770652634 0.9999979734420776 
Car -1.0 -1 -1.5558289974249622 574.1492663222764 179.34532714122665 627.2413959203672 229.96523417878177 1.5 1.6051127135753631 3.3649078130722048 -0.3260238122295699 1.726885004270968 23.493357466394073 -1.5697053829815728 0.9999964237213135 
Car -1.0 -1 -2.2307994090942387 320.257268183284 180.90451727674287 474.56274152104885 254.90181017151963 1.5 1.5510045483708381 3.5566391915082933 -4.998699162160789 1.7047105724763216 16.6490750712048 -2.522475318112646 0.9999713897705078 
Car -1.0 -1 -1.6837051505862966 647.7262268062858 178.95680814034944 695.2043102087246 208.24651645841448 1.5 2.0544574156403543 5.511840668320656 3.3596146716387203 1.8698536908967172 40.89654822545264 -1.6017400986191375 0.9999904632568359 
Car -1.0 -1 -2.5541949828530184 447.5623646231282 180.78155928617258 538.1582005193652 216.15415866018373 1.5 1.6029401242733001 3.8142720729112627 -5.367369766733394 1.8773298942810555 32.79115615682326 -2.7164396802571162 0.9999610185623169 
Car -1.0 -1 -2.5326261420867775 1061.8054995057093 136.66867520623276 1241.0 374.0 1.5 1.596202377974987 3.974769499897957 3.683162040784984 1.466840686213819 2.6668049179869784 -1.588517068946038 0.9999388456344604 
Car -1.0 -1 -1.9603786120248703 158.84794206903265 181.18283195664475 375.67188341599183 306.97821756015406 1.5 1.5911866471171379 3.6530143141746523 -5.2057027899638335 1.6441752361306656 10.648357604297113 -2.4150856892254695 0.9999363422393799 
Car -1.0 -1 2.032162748802909 136.72297615878952 182.62418837401012 277.2110675545679 256.9749253510781 1.5 1.4827076837420463 3.3817751824855806 -9.227090217312595 1.7501999927079381 16.727331608969884 1.5280784805628913 0.9996230602264404 
