Car -1.0 -1 -1.89329108084771 752.6168130946459 175.31885517585297 1018.1780254798955 348.11845686795186 1.5 1.5558606505393981 3.8548412293195726 2.7385540056868747 1.5351202909411321 8.244454580825744 -1.5725885986492527 0.9999997615814209 
Car -1.0 -1 -1.7077371719600585 664.1033765048048 178.27950283889686 733.8361310063202 233.7876054901106 1.5 1.559179139137268 3.825308617949486 2.55031078413092 1.6788039532620649 21.80058845454325 -1.5912829032775504 0.9999995231628418 
Car -1.0 -1 -1.630009660546723 637.6556954597173 179.1540886780717 673.6236846405989 210.7261932876042 1.5 1.5995139747858047 3.992161762714386 2.2581278075958755 1.841517048139257 37.07223685458661 -1.5691732642615703 0.9999972581863403 
Car -1.0 -1 -1.6567990035233404 653.6031897047739 178.67821354236284 705.059452901672 222.82598972893263 1.5 1.5724875524640083 3.817908701300621 2.4763953366278226 1.733210733577428 26.931045085339083 -1.5651036794905109 0.9999961853027344 
Car -1.0 -1 1.7488162954234527 429.7221738654595 180.01083220060286 526.3984990015408 252.19956679394775 1.5 1.6051594659686088 3.9014267295598986 -3.0879537440992118 1.691632169156768 17.32910087456827 1.5724725604017795 0.9999969005584717 
Car -1.0 -1 0.23441100246671673 353.76825499942464 182.12935420177936 427.74584472471287 209.06122179950532 1.5 1.4841888591647148 3.8455671191215517 -12.641136898597447 2.0465730831875844 41.6310304210259 -0.06038828293350764 0.9999960660934448 
Car -1.0 -1 0.45310248241224005 255.33958033912208 183.1287463885372 334.845609535437 210.09852452529896 1.5 1.4802709713578224 3.9503368109464647 -18.144515019346446 2.1041314126199016 41.57526343205807 0.04159407218429021 0.9999818801879883 
Car -1.0 -1 -1.8296350579251148 709.1001983182006 176.9660263616255 836.8906674955265 278.95880864928347 1.5 1.4088238149881362 2.7400956049561502 2.569299016027617 1.5774758516286502 12.125592998576874 -1.6208328204837186 0.9999960660934448 
Car -1.0 -1 -2.2460423508259453 899.5948410809237 166.95934135654497 1241.0 374.0 1.5 1.5491381779313087 3.8806627064943315 3.0106746144358496 1.4854294857763153 3.765513718489152 -1.5715826436670055 0.9999343156814575 
Pedestrian -1.0 -1 -1.8837056413530282 804.5554657988765 160.6817146752355 858.7115613407374 258.66856825724113 1.8 0.7884799994528293 0.7316239669919014 4.1210673792528345 1.5767552721504998 13.625077516585455 -1.5899917195227486 0.9999041557312012 
