Cyclist -1.0 -1 -0.6296155575764772 1022.7957628214077 173.33231489658064 1079.6476435973564 212.23862967090028 1.4 0.5522908203303813 1.7663665607571601 16.232630580115185 1.1436013246496244 25.77251570171962 -0.06754143635300228 0.9999977350234985 
Car -1.0 -1 -1.1094636213202145 6.092959279818061 179.41146998118668 411.2978788533861 369.0 1.5 1.5881911411881446 3.8128776967525484 -3.172828616689346 1.4945964936357305 6.533789546481903 -1.5615275372427446 0.9999957084655762 
Cyclist -1.0 -1 -1.540186578193497 932.2371956241271 174.96419901388182 963.1608797304781 222.85928705660987 1.4 0.8007883585989475 1.728387039899826 10.45872552237632 1.2397525004106102 21.613834494921072 -1.0895095626499993 0.9999969005584717 
Pedestrian -1.0 -1 1.475739995946253 76.08498036376353 167.6438315998734 112.31570762107481 258.5177880971716 1.8 0.5126715198159217 0.9574914842844009 -10.546045340498265 1.5469787413254927 14.528591631186051 0.8478538235041754 0.9999986886978149 
Pedestrian -1.0 -1 0.5979685636555068 649.1615071791501 158.21374839693607 711.326055628943 258.25255119373674 1.8 0.6340427815914154 0.9723598629236221 1.366672126556847 1.4006443511956048 13.27274358752481 0.7005752762171882 0.9999865293502808 
Pedestrian -1.0 -1 0.22212310823788137 390.52074844536145 158.50455848453916 465.47466118571367 276.3565664286529 1.8 0.6287598542869091 1.0328784145414829 -2.8140685164853836 1.4657142344599783 11.121609299021129 -0.025702551999364578 0.9999980926513672 
Pedestrian -1.0 -1 3.6458325803282268 110.5509024767869 166.26455664890014 175.98820117733132 261.07668568500713 1.8 0.6028361178934574 0.8859502643346786 -9.011223132249981 1.5313760781541208 13.752392994818507 3.06577717065416 0.9999240636825562 
Pedestrian -1.0 -1 0.698156633123056 87.4625884134831 167.85564689664756 149.44973197479712 255.36701674199057 1.8 0.5544535376131534 0.9363341636955738 -10.258704137325 1.541545652185222 14.858032324827771 0.0938699682566779 0.9999878406524658 
Car -1.0 -1 1.7714301564424686 453.75965229129014 178.12792337528427 493.57963475510036 201.58071346066973 1.5 1.7678812637925148 4.504101586341858 -8.756712262073606 1.349623657708314 47.484497851391644 1.5890669703444065 0.999804675579071 
Cyclist -1.0 -1 -0.045713945727945016 326.4836723374683 184.2805530934002 431.03448254941577 265.39805137760357 1.4 0.6402844123542308 1.7732199773192405 -4.155674834594485 1.4737161413027084 12.865361046661922 -0.35814733902481627 0.9997817873954773 
Pedestrian -1.0 -1 3.7338007822097294 0.0 167.94823220622192 53.1040497643452 262.42010388065955 1.8 0.5236804045736789 0.8735877022147178 -11.441217429043258 1.56248180069123 13.771197350290056 3.0405548691710056 0.9996626377105713 
Car -1.0 -1 -0.6943227960529117 1142.9018820653175 167.91636266099434 1223.0 216.77130004455222 1.5 1.6357414916157722 3.9606476694345476 19.76360851299106 1.1152001220229066 22.570514150167146 0.024868651232446946 0.9995689988136292 
Pedestrian -1.0 -1 3.645864576490133 105.31222889193958 166.47121324773636 176.5176457241181 260.24398401488423 1.8 0.53603011444211 1.0395960442721843 -9.137197951362083 1.5323460392940789 13.874816076950133 3.0635053992231907 0.9993677735328674 
Pedestrian -1.0 -1 0.2387844741834175 402.34163240433884 159.83413836328657 467.0380983109457 269.58113637884077 1.8 0.5996456861495971 0.9449539266526699 -2.896841788855198 1.4627035661894803 11.891491219001242 -0.00016756454971858026 0.9934697151184082 
