Car -1.0 -1 -1.5972105984033051 591.5390418821684 178.95272702105868 654.3402848802394 238.45176921132054 1.5 1.617622610926628 3.660290551185608 0.2601499541396998 1.688421975421721 20.406015992033023 -1.5844625998896105 0.9999997615814209 
Car -1.0 -1 -0.9319402590919728 677.8162063503314 178.0117808189704 789.5970031240223 226.02756246023247 1.5 1.6227450713515281 4.221153494715691 4.312859270819899 1.693836319818795 25.02021961540153 -0.7612427632000787 0.9999995231628418 
Car -1.0 -1 1.9174943256031511 313.62716821621706 181.96255183819574 386.98824498259125 221.73899859871597 1.5 1.5772153183817863 4.133358833193779 -10.815392828195435 1.9080498308654321 30.223675397619616 1.5738477587660373 0.9999992847442627 
Car -1.0 -1 -1.0197441448348008 704.7857975651681 177.04780900776254 870.6703852237855 247.52086256221662 1.5 1.7857799798250198 4.714400184154511 4.4805211668909095 1.6177884573525794 17.914085932720432 -0.7746604243901116 0.9999958276748657 
Car -1.0 -1 1.8266209083588694 423.754870854768 180.6822951286788 503.31945191682814 215.96209907031914 1.5 2.1530967697501184 6.972735983133316 -7.1155585016239815 1.9271674792487632 35.79222907806569 1.6303777575453342 0.9999970197677612 
Car -1.0 -1 2.0185496894492574 224.01898421788664 182.24256867130978 340.3767130786185 234.0984143101632 1.5 1.713837732374668 4.537404936552048 -10.76345703666138 1.842324967312843 23.988187885558684 1.5967788577040256 0.9999949932098389 
Car -1.0 -1 1.9386674764262197 244.488053791672 182.9343728093892 303.5608502358954 219.6490530354252 1.5 1.3602508723735809 3.057730805873871 -14.835844742902646 1.9681508779211736 31.91001565269635 1.5034693916651862 0.9999920129776001 
Car -1.0 -1 -1.3497233352605167 913.2288898909103 173.14917961244964 1207.1925016870591 374.0 1.5 1.597517405450344 3.8828449815511705 4.524461213054608 1.5040451581137997 7.076532456829121 -0.780863360562597 0.999972939491272 
Car -1.0 -1 1.8822046313884262 375.2926247565214 181.66508398081356 429.7740048676488 213.4121633544618 1.5 1.550915141403675 3.998815131187439 -10.669839195500566 1.9798017226472127 37.235385363440834 1.6031315207441867 0.9999618530273438 
Car -1.0 -1 -1.22271077364213 829.7910961738623 175.1024492667818 1031.9545823660717 294.86058500871803 1.5 1.6210683181881904 3.7728539228439333 4.961219796163334 1.5406972910994243 11.024534569636542 -0.7998433272030694 0.9998968839645386 
Car -1.0 -1 -0.8203829905757815 659.4502350763521 178.87608848965246 725.5926236133084 205.94465715287464 1.5 1.6417459145188331 3.948304292559624 4.884280014232481 1.8729653721162614 42.73527605210262 -0.7065852443364008 0.999873161315918 
Car -1.0 -1 -1.6409859242682294 1239.3222248662084 154.58917281954172 1241.0 374.0 1.5 1.7097816362977027 3.8270319372415544 4.2059415828237565 1.4670890966876955 3.218961120514058 -0.7234341065075738 0.5064049363136292 
