Car -1.0 -1 -1.5286468341962745 594.8652723607403 179.62457934787588 628.8504414047455 210.61357979000445 1.5 1.6220665097236633 3.44189093708992 0.099078766954718 1.8682272145626448 37.445410418484784 -1.5260008881476266 0.9999997615814209 
Car -1.0 -1 -1.556130455564337 586.9118264315982 179.29143032776776 638.3402133011881 226.76545766292705 1.5 1.658446204662323 3.3187589168548586 0.06734218378727089 1.7376673877302338 24.922509648699503 -1.5534283994373423 0.9999996423721313 
Pedestrian -1.0 -1 -1.9438239137928 890.7873281288269 148.2912094750599 981.6151158593739 310.0594812205551 1.8 0.676955983787775 0.9330807745456695 3.762092338451654 1.5270470393019713 8.506600218535134 -1.527428791919027 0.9999920129776001 
Car -1.0 -1 -2.175733301581994 387.9203901430528 180.43650199596408 529.9924331647269 242.74423528393055 1.5 1.6611425697803497 4.332040858268738 -4.313349344686147 1.7321075775118873 19.962886729369526 -2.388530449071203 0.9999874830245972 
Car -1.0 -1 2.1929427846716236 82.79314519123879 183.67754117234753 208.5757404134778 238.03819622954137 1.5 1.5263457342982292 3.5014214485883715 -14.319138838999853 1.8633773938131897 22.408455706270885 1.624335038658005 0.9999773502349854 
Pedestrian -1.0 -1 -1.4631525915867225 176.91914019794118 175.693686031863 202.51057329477695 227.37710254361886 1.8 0.7369874536991119 0.47209733426570893 -14.911837714357699 1.9022960198284533 25.53278959500439 -1.9917444149639947 0.9999598264694214 
Car -1.0 -1 -2.3879039441599827 451.33809115292746 180.56202992497984 551.2666593873082 219.29378522853926 1.5 1.6327079877257347 4.198036950826645 -4.678462409260557 1.8465507194034305 30.54277491430758 -2.5398999015477046 0.9999551773071289 
Car -1.0 -1 -1.8234479795376277 0.0 180.98315145072354 301.32487158983673 374.0 1.5 1.5831783905625343 3.795866158604622 -4.61984335798961 1.5973601291752837 6.761644558675965 -2.422838584580694 0.9999511241912842 
Car -1.0 -1 1.848963824269679 294.914515240154 181.8285924648212 378.10826330014555 234.49263620070784 1.5 1.5395345658063888 3.6503812789916994 -8.683341883631938 1.8107708841892953 23.07180961836252 1.4890000065180915 0.9999508857727051 
Car -1.0 -1 -1.914594341739312 169.28708268816936 180.84436752108243 390.955382212669 321.4909086674769 1.5 1.559992742538452 3.578850117325783 -4.606022790774779 1.6280825902261684 9.71487011885009 -2.3573251525547847 0.9999243021011353 
Pedestrian -1.0 -1 -1.1169555267417797 252.89008377149258 177.0108433277907 272.9589626643412 216.611268980547 1.8 0.6682530537247657 0.524369303882122 -15.965469119683549 1.9926606145412178 33.11314464639624 -1.5662206123259408 0.9999221563339233 
Car -1.0 -1 -2.0990872365448072 337.9103288215876 180.79698665612466 478.223753294532 252.5097338045623 1.5 1.5691793084144592 3.7280357003211977 -4.977499885423724 1.7118755274828767 17.355982173282175 -2.3783799568798885 0.9998804330825806 
Car -1.0 -1 1.9361106136619302 165.02231134260742 182.12996655098945 307.66557881180626 259.05611858475066 1.5 1.559745942056179 4.054960843920708 -8.476836165987839 1.7416826535516166 16.670773431108366 1.4656981666896003 0.9995520710945129 
Car -1.0 -1 2.262556821188051 0.0 184.44873630393232 96.29073160369384 261.8504587096538 1.5 1.6750885665416717 4.2995697379112245 -14.34841683816861 1.8049651666468332 16.79049190846956 1.555423661074366 0.9992520213127136 
Pedestrian -1.0 -1 -0.752221830622344 253.02672435286277 177.02474669030522 275.6933141315943 216.5863242391878 1.8 0.6665973484516143 0.6706375189125537 -16.013979414345783 1.995658959700506 33.3509691668526 -1.199876175322805 0.8083027005195618 
