Car -1.0 -1 -1.6817640892524295 652.5344671764416 178.53477346162856 713.197534661355 227.5673162230369 1.5 1.5952062353491783 4.049425435066223 2.3530510574650494 1.7099323312314778 24.579302811169068 -1.5863219230112178 1.0 
Car -1.0 -1 -0.5239835838737004 868.652453863447 174.1790207911362 1234.7519996656815 293.7091845817536 1.5 1.6103264436125755 4.026256737112999 5.793234515404276 1.5200206625325854 9.887320006924266 0.00602285464736394 0.9999992847442627 
Car -1.0 -1 -1.6527652550568614 642.339166202776 179.01155872232698 683.1999135094453 213.95645578198176 1.5 1.567779716849327 3.987797957658768 2.3677601914504134 1.8048800597665648 33.677938947624874 -1.5825747810911877 0.9999908208847046 
Car -1.0 -1 0.24586628376246653 415.2048242743801 181.149840279443 516.2622229088847 217.8433326893843 1.5 1.5959250301122665 3.9605370283126833 -6.148920661184859 1.8646768579084554 30.790685016815043 0.048758550486292164 0.9999809265136719 
Car -1.0 -1 3.69298745163748 0.0 182.86467226515109 303.2895487146016 306.9063431603178 1.5 1.5631555140018463 3.72701273560524 -6.3707003007579575 1.6465158557659654 9.694786382267935 3.111618745323044 0.999977707862854 
Car -1.0 -1 3.8295458608437776 0.0 183.67125376376762 199.41647759037633 356.5883706567913 1.5 1.567949590086937 3.665871036052704 -6.4543649127047535 1.62156193549218 7.222850734649579 3.1002759814222873 0.9999758005142212 
Car -1.0 -1 0.3306953812310105 257.67396342795274 181.76684085615017 450.2951676503263 245.36464619829027 1.5 1.6299039617180824 4.250620913505554 -6.353488917285215 1.733962875240666 18.07834931342745 -0.007263378300939284 0.9999336004257202 
Car -1.0 -1 -2.6159316410528217 72.11735335702697 182.6650861295743 330.8117242488209 280.49244931915814 1.5 1.524134774506092 3.4510644644498827 -6.720815722543031 1.674386869733133 12.00736833691868 -3.1262100497868404 0.7047225832939148 
Car -1.0 -1 3.9908162554518163 0.0 185.00002371073947 46.135215608901355 374.0 1.5 1.6348625093698501 4.2813828706741335 -6.65717941580282 1.5983574193481358 4.797854080483611 3.0445062994917453 0.5385186076164246 
Car -1.0 -1 1.3620702317488593 542.1679235453486 180.27601117315433 577.409710734287 204.24348473032973 1.5 1.56353400349617 4.018353161215782 -3.4564265094943147 2.0227082915149306 48.631144201924144 1.2911152084681647 0.5044843554496765 
