Pedestrian -1.0 -1 -1.289706831447608 661.2862392885933 168.46396778193758 679.5610683660841 211.04949824061111 1.8 0.6638567455112934 0.5084524422883987 2.7787391860823654 1.2927433569740796 30.23813756261499 -1.19806902209786 0.9999998807907104 
Pedestrian -1.0 -1 2.686970995379953 713.7646791822702 167.66503343051855 742.2186827041801 210.46151415130083 1.8 0.6238829836249351 1.0264307752251625 5.225623063204822 1.2616495711880815 30.176086600822334 2.858441460128647 0.9999973773956299 
Pedestrian -1.0 -1 -0.8054632185802852 853.8902160564899 159.18611886548328 889.2392422790525 239.66606965403145 1.8 0.6479798376560211 0.417962346971035 6.0616829892650745 1.324909986348477 16.191259247102565 -0.44723625580338067 0.9999953508377075 
Pedestrian -1.0 -1 2.3752465276365715 700.8429294973376 168.18150727765078 726.1910149712877 209.02742871317403 1.8 0.5521197363734245 1.027204518020153 4.844162477268937 1.2586170822506808 31.675000227847015 2.5270039915998996 0.9999943971633911 
Cyclist -1.0 -1 -1.2318632278118773 480.33646477904284 180.7221098208486 517.1509787340178 224.5347092182675 1.4 0.6249313734471797 1.8887533366680145 -3.5522274860607728 1.4092506008521872 23.584294128780208 -1.3813578645375115 0.9999871253967285 
Cyclist -1.0 -1 -1.8184506769276312 825.0540826405718 178.78661385134754 881.7806470657072 271.3152290603794 1.4 0.44266092851758004 1.7831074565649032 3.9955640071294156 1.3757358840251606 11.599985835046128 -1.4867326478150231 0.9999793767929077 
Pedestrian -1.0 -1 -1.1093220912389372 670.0075326075244 155.8269544411802 727.1039004327392 267.98372357872336 1.8 0.5961972780525684 0.9469342909753322 1.5396675470439891 1.4056772956085528 11.901699927981648 -0.9806712428715569 0.9999780654907227 
Pedestrian -1.0 -1 -1.259213021618284 663.962468032459 168.63463666709757 680.8430124725835 210.09637110235667 1.8 0.6083165787160396 0.5203919976949691 2.9417336641527254 1.2863560923632484 31.049696879741088 -1.1647522310402734 0.9999024868011475 
Pedestrian -1.0 -1 2.0539741795706536 668.7477972518719 167.82282784312162 694.88152125416 213.0221941411654 1.8 0.7342678986489772 0.8738556437194347 3.1004569504384603 1.29664682940635 28.719609372508003 2.1615137934645237 0.9997221827507019 
Pedestrian -1.0 -1 -1.030678508024971 673.4492654851185 168.52243792320664 688.5588764931259 210.03744387491201 1.8 0.563610953092575 0.3391079630702734 3.307561877355693 1.2821527596505755 30.95623684221197 -0.9242359558728083 0.92274010181427 
