Car -1.0 -1 -1.1728438620867105 63.05349330898326 179.12746422744328 454.7867466394634 374.0 1.5 1.5751321360468864 4.102690008282662 -2.7221473028192067 1.5758114385498034 6.6181178556064415 -1.5630684211526555 0.9999974966049194 
Car -1.0 -1 -1.530092610214468 594.6276450440282 179.78572993782853 621.9372203680163 204.61214034525474 1.5 1.6138962030410766 3.6792194962501528 -0.10795151655325375 1.9651119572081566 46.50524382746323 -1.5324138822641713 0.9999920129776001 
Cyclist -1.0 -1 -2.60343342747239 723.7135188966975 182.68449142692853 822.2955668681616 271.2609028967184 1.4 0.49033980146050454 1.612631094455719 2.7002768343207704 1.5778589164347732 12.29462487661612 -2.3872354189541682 0.9999812841415405 
Pedestrian -1.0 -1 2.8619476175295198 727.2889565506039 161.8662706410158 752.3992843710595 258.3177544421044 1.8 0.3671187002211809 0.3804550997912884 2.4053024417822098 1.5953022960892622 13.665314733763465 3.0361781001051487 0.9999418258666992 
Pedestrian -1.0 -1 2.500556148946642 696.3810003963191 164.41003079284636 719.7260793537343 248.58812431210598 1.8 0.39522401317954065 0.3317970342934132 2.0793851214332597 1.6197984612744216 15.679478458301404 2.632405030723435 0.9999154806137085 
Pedestrian -1.0 -1 2.9248640303034805 728.9879608751447 162.07027295331991 754.5497286051278 257.2340792175113 1.8 0.36889068111777307 0.4114009000360966 2.4730141942023915 1.596386307293395 13.837461947830201 3.101715672012192 0.9999250173568726 
Pedestrian -1.0 -1 0.3256235533715084 297.00212120328393 166.11218211326454 319.1861588292531 264.61880885345084 1.8 0.3439582444727421 0.28501255698502065 -5.64174023315894 1.677165410777072 13.363851917954237 -0.07384272018936702 0.9997263550758362 
Cyclist -1.0 -1 -2.772546790456137 711.6474967506762 182.296696702814 793.6796068990707 254.05134483802178 1.4 0.4405356504023075 1.6046245142817497 2.872166347886239 1.6027454874936613 14.849288946398655 -2.5814849893238887 0.998852014541626 
Car -1.0 -1 1.7590384581082008 438.3461368176162 181.32517313391085 474.48421689485843 206.12226643822584 1.5 1.6191933795809745 3.770219397544861 -9.955508186029626 2.072698974770791 46.844980646478064 1.5496336658808845 0.9978119134902954 
Pedestrian -1.0 -1 -2.960131801669243 721.284542631289 162.65346694737258 774.0872727223633 254.59800831209284 1.8 0.4117808796465397 0.9845341116189956 2.7154128351929168 1.6006618249823454 14.49150639645468 -2.774900154271398 0.9999971389770508 
