Car -1.0 -1 1.696870587228767 473.3262718405656 180.0825806514972 541.0464431624641 235.00316694388783 1.5 1.5712416291236877 3.9976375669240953 -3.1216908653023476 1.7433407956439637 22.2420312746075 1.5574304302546638 0.9999997615814209 
Car -1.0 -1 -1.5656674169466955 677.7723728304045 178.16578759501496 736.2017923189624 233.67024288782025 1.5 1.603805136680603 3.746912491321564 2.889509193639071 1.6756125733524265 21.838104083695452 -1.4341165433314187 0.9999997615814209 
Car -1.0 -1 1.9257486150764735 260.2433417897054 180.17727417186578 455.52352069276026 301.52872931013474 1.5 1.5554342910647392 3.8208606213331224 -3.6730623927241415 1.6325604167435164 11.08624316442789 1.6058137297590793 0.9999995231628418 
Car -1.0 -1 1.7885243527328794 423.51973895848954 180.12176104234385 519.3065035521182 251.74276615330206 1.5 1.5004091456532478 3.623285007476807 -3.257054754722932 1.6932790528837192 17.315744374017797 1.6025988936384739 0.9999935626983643 
Car -1.0 -1 -1.210986102470152 690.5818977002206 178.1699131329349 762.4706841271386 223.47976736370498 1.5 1.4878811806440353 3.3467578262090685 4.230913999431781 1.7063363835929364 26.133291729308663 -1.0504812757161004 0.9999852180480957 
Car -1.0 -1 1.683088915264098 507.0374595469723 180.30295643558674 551.3158467976855 216.86283781262918 1.5 1.552402463555336 3.806542840600014 -3.5980605246006916 1.8533071764271245 32.28117137350366 1.5720870375593723 0.9999518394470215 
Car -1.0 -1 -0.3017424267716502 828.2427458004931 175.56065091115718 1079.8134633283044 256.99133169421157 1.5 1.6395744428038597 4.247657817602158 6.649535032695192 1.5586450491060833 14.448054928557655 0.129592223963465 0.9999476671218872 
Car -1.0 -1 -1.0792849022959534 728.1824101147997 177.95702806020924 796.9841735035953 216.88038170582274 1.5 1.494644072651863 3.1255195409059526 6.320206341554479 1.72384282773051 29.91987176732279 -0.871107534566198 0.9999054670333862 
Car -1.0 -1 2.255584596342719 0.0 180.15011068068065 304.29219912125114 374.0 1.5 1.5767261877655983 3.9181242257356645 -3.8656833749109256 1.5715128753377412 5.051059404832508 1.6023497462233127 0.9993435740470886 
Car -1.0 -1 1.1232168530255044 863.1808077611225 174.60589467800133 1151.7248971259307 310.43549685582866 1.5 1.709192667901516 4.464559864997864 5.155991187218775 1.5307568608602173 10.270382895437898 1.5884833216627658 0.9988248944282532 
Car -1.0 -1 1.3982888101240372 520.8281606219592 180.271302231974 565.191769534663 211.92334786188297 1.5 1.6306041300296783 3.866904464364052 -3.546126391691279 1.9046557292757196 37.246243824875116 1.303367300829615 0.9773953557014465 
