Pedestrian -1.0 -1 1.952577310531135 224.62743233665907 172.80133806583243 247.69108459716585 222.9089883515604 1.8 0.547596675157547 0.6372694417834281 -13.450761200505793 1.5249664177804145 25.73843373714997 1.4710180004450935 0.9999996423721313 
Car -1.0 -1 -2.1388816230379826 960.3983985501088 170.49578483240052 1065.3176938271495 217.84489165699492 1.5 1.563797754049301 3.2788968205451967 13.739787275648172 1.1846214808430475 24.070102225008032 -1.6201915303852898 0.9999996423721313 
Pedestrian -1.0 -1 -1.358283175413934 161.5330494412947 171.7430910114181 193.32465159206595 232.44191943218718 1.8 0.6605104103684425 0.8662273667752742 -13.01310442737211 1.5418815245458486 21.479426095498184 -1.9029860357430322 0.9999990463256836 
Pedestrian -1.0 -1 -1.1134317237763989 239.71892536473348 168.14423694207676 284.5372984502437 243.14799789926082 1.8 0.6351876564323902 0.9678462080657482 -8.486398694316586 1.505078157617518 17.44875817227054 -1.5661088685181481 0.9999990463256836 
Pedestrian -1.0 -1 2.3095071711748383 101.78979177229436 168.59857803314983 156.5709112212026 251.1233766731515 1.8 0.5932071737945079 0.8676128022372722 -10.720981730303746 1.5420266937632594 15.889057104921072 1.7159361720045627 0.9999991655349731 
Pedestrian -1.0 -1 -1.9376292127617545 423.76990320805515 155.99394554062425 494.6328119663586 285.71349176242484 1.8 0.6875598363578319 1.0546648435294628 -2.2126039088696032 1.461620284120963 10.435592313729245 -2.1465598503735404 0.9999984502792358 
Car -1.0 -1 -1.4737145432443173 525.579089031044 176.61344670401692 586.7705681427148 226.33224322940785 1.5 1.6192112609744072 4.228284817934036 -1.5602824278643201 1.3843047750866535 23.464453279443106 -1.5401123753425223 0.9999969005584717 
Car -1.0 -1 -1.58559976524263 603.0604934043814 176.10169018460925 635.0137092341033 206.04188852587987 1.5 1.600872029364109 4.15115827023983 0.6966432099551865 1.2810744068710016 37.49668133937918 -1.5670231059801323 0.9999960660934448 
Pedestrian -1.0 -1 3.5501742788944006 224.50701014941808 174.39258955331925 236.8316626503811 215.72183914030978 1.8 0.474730509147048 0.3163886282593012 -16.45294174031994 1.53547825325431 31.03800683668994 3.062745320793015 0.9999867677688599 
Car -1.0 -1 2.507198057603976 1019.49296930854 169.3245591326807 1209.3411522115787 226.74360507654632 1.5 1.5836399540305137 4.057318952679634 13.762012100277666 1.2096432945544384 19.28723438788138 3.1269466757734836 0.9999778270721436 
Car -1.0 -1 0.8146073614761118 1096.1212716991981 168.24570550598517 1223.0 215.48369372027878 1.5 1.6049156457185745 3.85680967271328 19.209534739946477 1.1124262174932464 24.43948587170377 1.4807557304713386 0.9999294281005859 
Car -1.0 -1 -2.1847719768591114 1040.434006351982 169.27985793855544 1158.5883152965077 217.51182180481837 1.5 1.5736949190497398 3.3752581596374513 16.39391503765749 1.1526115418239844 23.678220606475495 -1.5791901779037458 0.9999126195907593 
Pedestrian -1.0 -1 -1.0895771276707402 146.1936439092308 172.3118621642493 180.97066149128773 230.73097366957552 1.8 0.6279279969632625 0.8021876707673072 -13.886928359450739 1.5492650388815656 22.20475130708792 -1.6484665210035188 0.9999589920043945 
Pedestrian -1.0 -1 -1.4390166840231318 169.6179266401464 171.4141619176432 197.81951191728982 233.55163869045475 1.8 0.6053529240190982 0.9318230234086513 -12.552193291977758 1.5383699819900698 21.024458851581933 -1.9772481183197839 0.9998654127120972 
Pedestrian -1.0 -1 2.0365932455226496 268.48047364810566 171.99015837783813 294.61579155037253 223.36816927931483 1.8 0.5889638818800449 0.7121484287083149 -11.521010497828273 1.5033911262022588 25.132532457469505 1.6067674040754856 0.9997759461402893 
Pedestrian -1.0 -1 1.948770885295377 240.02922509101708 172.6252927308719 262.66171257357433 222.60104994720965 1.8 0.5810009807348251 0.5374654687941074 -12.906526622849723 1.5178952136757733 25.753990682497882 1.4842063625666755 0.9997656941413879 
Pedestrian -1.0 -1 1.9084970970170334 215.1578547392748 172.9195307122373 239.03554250696075 223.030880939551 1.8 0.5835731074213981 0.6578942321240902 -13.79266924386776 1.5292323352471613 25.76201199723219 1.4169415672633308 0.9989235997200012 
Pedestrian -1.0 -1 2.761943595326611 117.06244308032102 168.18220081751653 173.14394314959856 251.9804981147079 1.8 0.6432593360543251 0.8691801249980926 -10.263484974340159 1.5370300676088768 15.723045765513348 2.183625686164719 0.9985918402671814 
Pedestrian -1.0 -1 -1.3391020421277562 192.34470120231327 171.2740504581476 223.35890846334553 232.35767101988793 1.8 0.6490935131907463 0.8055013164877891 -11.993300401014302 1.5296970185948655 21.30716046031213 -1.8517774800446374 0.9686471223831177 
Pedestrian -1.0 -1 -1.3117492838804046 201.44660330672278 171.22370840167855 233.0066714700663 231.8865076227966 1.8 0.6531938470900058 0.8196699924767017 -11.789371234923909 1.5263159402173765 21.451226283886843 -1.8142773667958123 0.8503826260566711 
Cyclist -1.0 -1 -0.9579252428608795 140.02874564600114 185.04229857814695 185.15745238786204 231.32290652023696 1.4 0.4151622325181961 1.5110882490873336 -13.963581159611913 1.5497504835809417 22.29904074424518 -1.5173844965782506 0.5640467405319214 
