Car -1.0 -1 -1.2663081423106048 525.7143067224673 179.91391632633955 595.503626707701 213.51505349181937 1.5 2.0186229169368746 5.184950542449951 -2.400411580090488 1.880819186958093 36.123783311611085 -1.3326602141049249 0.9999949932098389 
Pedestrian -1.0 -1 -1.0858967418428727 163.57409810700096 166.98584162120895 218.6133020437558 269.1489457907235 1.8 0.4935595698654652 0.9335207313299179 -7.691176020635969 1.6969674497452407 13.186905917771686 -1.6139040971782548 0.999990701675415 
Pedestrian -1.0 -1 0.5035698356764906 245.08169468273795 165.9180590049236 294.2173590696458 268.6356537311283 1.8 0.6624263271689415 0.5499335497617721 -6.169192737454104 1.6788139905359178 12.988460050881367 0.06014196475478581 0.9999879598617554 
Cyclist -1.0 -1 -1.537462831958226 1090.4549662065535 182.52475568234075 1188.1963951122507 374.0 1.4 0.5980676531791687 1.770622518658638 4.492084541648917 1.4949126243621143 6.170087250648317 -0.9081633845951897 0.9999971389770508 
Pedestrian -1.0 -1 2.6123947485873944 807.0210222348568 155.66729700327298 863.5540188153556 281.6942453471065 1.8 0.6302644990384578 0.5544311858713626 3.270507212243145 1.5548860433021108 10.673131661056841 2.909734952445847 0.9999849796295166 
Pedestrian -1.0 -1 2.7372445446647324 790.7020870080485 155.39497098636576 845.1788567190212 284.0794688277372 1.8 0.7059185326099395 0.5214789442718029 2.9537851547631764 1.5561462327877338 10.473574191906069 3.0121278643568576 0.9999773502349854 
Pedestrian -1.0 -1 1.0108941866802885 1082.2073541323973 149.35086184278143 1146.152426845085 293.6101294815025 1.8 0.4412387989461422 0.5647499606013298 6.42789205079409 1.5070966593857362 9.292333521883107 1.6160559534987033 0.999947190284729 
Pedestrian -1.0 -1 0.7679247807027456 136.62245262877806 171.80919942963587 180.7764603815829 247.84331395231536 1.8 0.5560849353671073 0.7199654847383499 -10.943542721202938 1.7756236605667175 17.424771090912618 0.2071387012812751 0.9999216794967651 
Cyclist -1.0 -1 1.8698689103713027 463.68634315382434 183.75101085338022 495.84493869825195 229.2885641218905 1.4 0.5525894954800605 1.7135555416345596 -4.266995567503404 1.7684489635382177 23.48656432421017 1.6901509642561496 0.999910831451416 
Pedestrian -1.0 -1 1.2725594510351093 798.7481417038324 160.08500574517362 840.8094482895874 262.0658198173826 1.8 0.5593997918069362 0.6623962454497814 3.73918300364004 1.5749802725469753 13.069277977281121 1.5512201031062263 0.9996813535690308 
Pedestrian -1.0 -1 1.292839002395819 800.3845871192053 159.79672961082224 850.7698145973844 263.14854001691344 1.8 0.6855157695710659 0.7426893830299377 3.801285002673392 1.5729492959940712 12.937740415577615 1.5786106467207492 0.999321699142456 
Cyclist -1.0 -1 -0.6082639152276161 588.6824259668062 181.89556097289014 628.8625268959609 213.5680583199171 1.4 0.5877830579876899 1.8378738805651664 -0.08797125264085076 1.8247538316743208 33.09719935969525 -0.6109218756344659 0.9988604784011841 
