Car -1.0 -1 -1.5982977165982244 589.1656680838876 179.13085420481235 645.8654658268043 232.41131982567322 1.5 1.6316369667649269 3.5527905941009523 0.13118640309241053 1.7119530374222953 22.526914721145715 -1.5924742418017728 0.9999997615814209 
Car -1.0 -1 2.326904973359257 0.0 183.04646633892588 188.5015645791544 306.0428922861435 1.5 1.5073203042149543 3.3640945822000505 -8.243703900600527 1.6782681024722628 10.839457661063744 1.6767003416975559 0.9999995231628418 
Car -1.0 -1 -1.8634924932187897 761.9500437954589 176.44012959341933 913.8844321209999 269.14716775683246 1.5 1.6405774772167205 3.964922067523003 4.103638900253005 1.5788825141572937 13.810977910284235 -1.5746719304614258 0.9999992847442627 
Car -1.0 -1 -2.034936554294283 42.76906614531472 180.8500996669398 373.49346458630185 372.24096532463767 1.5 1.5060093745589256 3.5241598755121233 -4.249667890488734 1.5999782941883367 7.386276219720348 -2.5570311705258235 0.9999984502792358 
Car -1.0 -1 1.9026621570674962 243.00911644734728 181.98651865808776 347.3082589419776 246.4353169151753 1.5 1.473640140891075 3.4577886134386064 -8.24402326989142 1.7643516743622152 19.074858931639426 1.4947146614405769 0.999997615814209 
Pedestrian -1.0 -1 -1.781437748728442 698.2451409373656 170.46291916237132 725.7012719823933 220.74415049362028 1.8 0.7904395952820777 1.0459994457662105 3.675133924403621 1.71476033088772 26.377476226946413 -1.643000469603811 0.9999960660934448 
Car -1.0 -1 2.037304028302188 116.183215718516 182.52133876442323 272.75860162514493 266.3498565784632 1.5 1.4370538786053657 3.4055190652608873 -8.527995301334302 1.7252260461588143 15.044640794171285 1.5216192444178718 0.9999945163726807 
Car -1.0 -1 -1.57323202324562 596.7103971993153 179.59679243805957 630.372920529561 211.7734485315583 1.5 1.6028784707188606 3.432264041900635 0.1318450966068688 1.8535089264885225 36.07041121147949 -1.5695768248431874 0.9999889135360718 
Car -1.0 -1 -0.46301206945942264 816.6027541914174 176.81068877914765 938.6634413163808 220.86894589319624 1.5 1.6110864028334617 3.761606526374817 9.459032756768178 1.647125709084952 25.752763095514698 -0.11100764671829769 0.9999827146530151 
Car -1.0 -1 -2.004620377332464 831.377024111727 174.593546094947 1127.7955913948567 338.38699404815367 1.5 1.58063345849514 3.725937244296074 3.9228838494251304 1.5253736985480448 8.509026857593856 -1.5726350328794239 0.9999804496765137 
Car -1.0 -1 -0.5842298540985502 932.6617869719717 175.2474867091902 1130.177169297878 219.47168868682297 1.5 2.2883616879582407 5.843173575401306 14.971508294131931 1.5907657181653037 25.932371701649885 -0.060647086301122394 0.999976396560669 
Car -1.0 -1 -2.1544194324586217 369.5868825877753 180.70348356180153 496.3252388870303 246.81307001145979 1.5 1.5285008147358894 3.3881096661090853 -4.635123978090148 1.7200271127818816 18.481905214369814 -2.400143877663885 0.9999715089797974 
Car -1.0 -1 -2.2090236857793335 490.9996129544967 180.3957141017724 569.770172462917 210.4857794671954 1.5 1.8183028817176818 4.729162392020226 -4.454286475013647 1.937735941686911 39.49316230160026 -2.3213353315976004 0.9999699592590332 
Car -1.0 -1 -2.496053270325477 1073.8942725931022 157.39475163092928 1241.0 374.0 1.5 1.5918778747320175 3.6256647229194643 4.062882875393289 1.469301302182655 3.2860114790893094 -1.6053335825589043 0.9997130036354065 
Car -1.0 -1 -2.264187098672757 436.018541459568 180.56509369661563 537.5359914758434 226.22081361640645 1.5 1.567353729903698 3.7753401815891268 -4.552212017582103 1.799176280017923 26.138007871366817 -2.436618224778448 0.9997120499610901 
Car -1.0 -1 -2.1281648483836006 315.01673817341253 180.835269938839 467.1437824474361 261.46185960407803 1.5 1.5293168395757675 3.4145871669054033 -4.795897864724393 1.6900471731481015 15.451187068175162 -2.4291265169766287 0.9992642998695374 
