Car -1.0 -1 -1.5952893598507494 591.1320291152723 178.94951864218277 654.4872973067731 239.0836367662978 1.5 1.6136441871523857 3.5769908249378206 0.2569447255935654 1.6858613122400719 20.15779448089495 -1.5825433815505845 0.9999998807907104 
Car -1.0 -1 2.0143119207483298 212.32781570230298 182.39895869859953 324.46594180295534 236.99604682708775 1.5 1.5953656777739524 3.9935993522405626 -10.555018014342002 1.8247910314370006 22.521370258581186 1.5760435938795627 0.9999995231628418 
Car -1.0 -1 1.858414330706333 415.32719937432563 180.8875348185032 486.82777676858007 224.09605869136806 1.5 1.6292125478386879 3.9820297181606295 -6.0823001248200175 1.8332455580829834 27.850948421859986 1.6434025645216526 0.9999995231628418 
Car -1.0 -1 2.1548908034634002 36.01972781537547 182.99862182438358 230.9108006378648 261.57311382328515 1.5 1.5654437735676765 4.333675515651703 -10.66278540227965 1.7630767727863137 16.50816513344774 1.581396329398972 0.999995231628418 
Car -1.0 -1 2.0228520104240633 251.91376351643538 182.59684002745792 330.6006309905911 220.21178993611187 1.5 1.5241310492157936 4.154071447253227 -14.05070067754291 1.9604324061564575 31.96515061082899 1.6087112307509006 0.9999921321868896 
Car -1.0 -1 2.085871541146533 38.24092654093589 181.7848893839274 296.50413610732784 305.48692187125107 1.5 1.5772926181554794 3.9328305542469026 -6.455087872593051 1.661158357597629 11.010359738266951 1.5556058128687995 0.999991774559021 
Car -1.0 -1 1.9983941560252856 357.2655239882618 181.5974502546082 429.9656818170098 217.9709834983887 1.5 1.5880320712924003 4.185499858856201 -9.833164790968384 1.9265211720923698 32.98362209431188 1.7086605906446994 0.9999812841415405 
Car -1.0 -1 2.5529320781231726 0.0 185.119600777324 75.74409554735962 235.2551015785368 1.5 1.634794895350933 4.220592838525772 -21.21390099588319 1.9626888428274767 24.940944854003995 1.8481099486311496 0.999964714050293 
Car -1.0 -1 -1.068268540750363 737.9321012881961 176.92034606704982 872.3173737734729 250.45723432077432 1.5 1.5099505454301834 3.4795968353748323 4.531667669318623 1.604429150764594 16.687679645716255 -0.8031054298069817 0.9999480247497559 
Car -1.0 -1 -1.4084968985169781 1000.2943595291094 170.71428971184173 1241.0 374.0 1.5 1.6241010770201683 3.9497564107179643 4.728614067087275 1.4887747740817048 5.8219395230638655 -0.7263574759152276 0.9999499320983887 
Car -1.0 -1 1.975148096050235 459.8542170151126 180.9448000257813 511.12715310794874 206.6197103316525 1.5 1.6333399832248687 4.3552330255508425 -7.886661197003946 2.041107442008567 45.91363042147548 1.805036532874924 0.9998633861541748 
Car -1.0 -1 -0.9848611431490744 688.9948734203845 177.91590691948494 792.254522096149 229.306468254918 1.5 1.5451029434800148 3.593427923321724 4.218209306770447 1.676324689132196 23.249193957760586 -0.8053789297726495 0.9997871518135071 
Car -1.0 -1 1.7321088519992385 523.0052819296708 180.41839674697462 559.5591842609691 205.60735293692835 1.5 1.6897382706403732 4.1927775859832765 -4.399541479098826 2.0093826688798555 46.40302776571205 1.6375799059828342 0.99776291847229 
