Car -1.0 -1 1.8253239122033018 378.4759872599968 181.38848856902487 441.82637936348266 220.35203958195086 1.5 1.6081423059105873 4.149855536222458 -8.47408203820695 1.889073810985589 30.77465534183244 1.5566238602015632 0.9999970197677612 
Car -1.0 -1 3.2907432635237805 18.18109444860746 182.9576857577018 262.9888726846864 272.9271951103058 1.5 1.7039131864905357 3.7340352803468706 -8.840269329849624 1.7166341927685327 13.907021706520784 2.7245082735975803 0.9999699592590332 
Car -1.0 -1 2.050140086433382 437.23621629536393 181.2252217475741 486.6252726529768 208.01043676928927 1.5 1.4963850870728492 3.4366095930337908 -8.895250328859087 2.025725926362171 43.422647216873976 1.848082768913132 0.9999678134918213 
Car -1.0 -1 1.8073056885135212 416.7027729117036 181.26140910276726 467.0591420209142 213.42444441948876 1.5 1.5983354791998863 4.018176582455635 -8.523398528460003 1.9517117413626475 36.717459471288244 1.5792107462843479 0.999945878982544 
Car -1.0 -1 1.8325074500878618 350.088167365856 181.59172962571614 417.2331685342049 227.3947186069415 1.5 1.5089832738041877 3.257184711098671 -8.097874515162335 1.8343329021543904 25.917768746179668 1.5296727856013435 0.9999403953552246 
Car -1.0 -1 3.3243916853661455 0.0 184.05374781428213 111.87608576494549 297.5712790287413 1.5 1.5116408959031105 2.607317876815796 -9.368023639091922 1.6927769717297951 11.091152612815957 2.623018014427048 0.9998905658721924 
Pedestrian -1.0 -1 3.0878693975458664 255.3475618237772 168.4379374266665 285.89003868456155 256.9397103551797 1.8 0.562717255949974 0.545433585345745 -7.133129634412976 1.7105414251708428 15.049581110807503 2.6452574610670627 0.9996984004974365 
Pedestrian -1.0 -1 2.056165694400786 248.29179287401806 169.1181993535031 275.2872279925722 253.50483016125898 1.8 0.39845705293118955 0.37121624015271665 -7.567170873659978 1.7206717478261757 15.580062135730818 1.6040267825087131 0.9995911717414856 
Pedestrian -1.0 -1 2.82583825141078 223.32377988864437 168.55689859757652 257.89403329425596 258.10280372236923 1.8 0.4813352160155773 0.5083340711891651 -7.654941048909492 1.7139800012696706 14.851142089583453 2.349911439414841 0.9969342947006226 
Pedestrian -1.0 -1 2.5274661631850033 247.97247811654904 168.76318471178223 280.5659732756583 255.483504202959 1.8 0.42451564483344556 0.4622735109180212 -7.370610878563019 1.715447324959118 15.278904645180576 2.0779938578566135 0.9810448288917542 
