Car -1.0 -1 -1.561957220383514 592.9601940124081 179.65512268328186 625.6473302447741 210.75767457526118 1.5 1.6112404435873031 3.472130608558655 -0.06002708261024544 1.8683763763773849 37.2988674082649 -1.5635665730249626 0.9999988079071045 
Car -1.0 -1 -1.5691255379322353 587.968159008226 179.28413402654533 639.7037725948728 227.37050142919117 1.5 1.645188082754612 3.2333484411239626 0.08424622480356038 1.7336906983393787 24.55914022075692 -1.5656952104207618 0.9999988079071045 
Car -1.0 -1 -2.3577665857372674 367.6015884434208 180.6585675286096 521.5576584750214 241.8326622153278 1.5 1.6388463348150253 4.215570402145386 -4.667421493823736 1.7357774773320278 19.956118327234822 -2.5875209132817134 0.9999934434890747 
Car -1.0 -1 -2.2378333440278557 328.6813560990317 180.7935331042434 488.6441098544547 253.34330586091846 1.5 1.588422667980194 3.8588336229324343 -4.86950504757078 1.7078262284672527 17.077734551899848 -2.5155998031285147 0.999982476234436 
Car -1.0 -1 2.1332125909615582 0.0 182.8420228695772 216.02351823486194 288.37128710161977 1.5 1.5305405974388122 3.6544161409139635 -8.562178383136514 1.6985783748588414 12.460674454447501 1.5311724384638923 0.9999711513519287 
Car -1.0 -1 -1.9212864587223075 153.1716627946388 180.45310196708692 425.7825399649124 336.79965688585054 1.5 1.7032500848174095 4.486303266882897 -4.377828489252464 1.6215030185293082 9.316037660690293 -2.3605849901821956 0.9999655485153198 
Car -1.0 -1 -1.7426736688791595 0.0 181.26471091693003 249.72292498114263 374.0 1.5 1.600448091328144 3.954305362701416 -5.051038234934786 1.6024367199162648 6.811505579130244 -2.380741612115179 0.9997770190238953 
Car -1.0 -1 -2.3072186295843604 497.2545915993995 180.51816942698414 562.4670410145927 208.74829025539714 1.5 1.5910087645053863 3.74617078602314 -4.63635087201136 1.9571603782610663 41.16750421888873 -2.4193676869061336 0.99977046251297 
Car -1.0 -1 -1.6926023113655249 645.9017221790259 179.02680318852867 690.658321600903 205.92673095310977 1.5 2.042905104160309 5.826859784126282 3.4765773101770443 1.9067393928436651 44.54366790800055 -1.6147114718940598 0.9997192025184631 
Car -1.0 -1 -2.3345636640036265 434.42953946671486 180.60796809334107 539.272777570549 224.15407970507044 1.5 1.5952434882521629 3.9851250618696215 -4.746606064584668 1.8136397712746841 27.32526790089418 -2.5065550367024283 0.9996001124382019 
