Car -1.0 -1 -1.8360140745457687 708.1698758425596 176.13086335911848 915.2731545840621 322.4631500529211 1.5 1.561574687063694 3.739125517010689 2.2996554915320373 1.5514814095628726 9.366134319564098 -1.5952480296280724 0.9999995231628418 
Car -1.0 -1 -1.788965853019402 678.8262951102888 177.6758238077201 780.8541557414748 254.82949189100293 1.5 1.5139032647013664 3.2989571362733843 2.4833578641897627 1.6181613464361493 15.931162136981985 -1.6343298042800767 0.9999988079071045 
Car -1.0 -1 1.6729071836201697 513.9521211007751 180.19950365382005 558.9408266045206 217.6870031960413 1.5 1.5695775419473648 3.9067438364028932 -3.20009827652983 1.8418629463404192 31.58852094309883 1.5719458937605442 0.9999977350234985 
Car -1.0 -1 -1.6658044804989791 650.3200054680215 178.38849253877288 717.4198028107676 236.12548369212163 1.5 1.5634820356965065 3.82738211452961 2.016659388249715 1.6763231401053218 21.023866927402533 -1.5701746824805183 0.9999973773956299 
Car -1.0 -1 1.6781890818588325 536.5779244476088 180.10076984132584 577.1775360272644 212.00355760647875 1.5 1.6394272938370704 4.162522640824318 -2.7029594168932474 1.893053290645496 36.98844042744196 1.6052429556807102 0.9999971389770508 
Car -1.0 -1 -1.3658553909888065 351.2085457462438 179.6837229819891 503.2410532604257 297.60147698261426 1.5 1.5612228333950042 3.548821297287941 -2.6968924556547416 1.6232517823514812 11.18232137979084 -1.6025107512858254 0.9999970197677612 
Car -1.0 -1 1.7182220778409991 432.6594113115941 179.94577465715037 525.9604272978678 256.75845397809155 1.5 1.5417432904243469 3.6276212453842165 -2.8770550163856177 1.678236249940325 16.260658633790456 1.5431009968135017 0.9999958276748657 
Car -1.0 -1 1.6749776527985774 560.6331741777979 180.01439743212248 593.8886757530281 207.2319149348999 1.5 1.5630266189575195 4.075813901424408 -1.936180425197495 1.9471352475928203 42.93753828639914 1.6299152255018772 0.9999908208847046 
Car -1.0 -1 -2.1872459612624295 856.2265390577969 169.86186924125371 1241.0 374.0 1.5 1.4941923812031745 3.1595280885696413 2.584138404960607 1.4909579131136377 3.863311185166098 -1.5977042420443637 0.9999940395355225 
Car -1.0 -1 1.9914063137182425 21.72403874304424 179.0233063967713 450.82835071602494 374.0 1.5 1.5723119050264358 3.6902187883853914 -2.5674478046993676 1.5666728667213752 5.9001790097895634 1.5809721827467502 0.9999825954437256 
