Car -1.0 -1 -1.9196554705647442 766.1577203566675 175.24725422034692 1022.9338472665618 342.8012415585332 1.5 1.5444260582327842 3.424547103047371 2.887463740277037 1.5333621661616477 8.226760523298243 -1.5821040431645257 0.9999996423721313 
Car -1.0 -1 -1.7691058743617607 709.8180507997329 177.03954904005613 835.0994676596537 269.7617464512669 1.5 1.560077679157257 3.7825635194778444 2.8777837848427077 1.591078126862004 13.738735544086964 -1.5626261700552446 0.9999983310699463 
Car -1.0 -1 -2.36554429756788 909.002770418278 147.01815921715024 1241.0 374.0 1.5 1.6507080316543579 4.184313353896141 2.776139325071446 1.4771770849612955 2.7389435852373225 -1.573401870033939 0.9999982118606567 
Car -1.0 -1 0.3331598790260595 355.82284457732686 181.41224039811888 483.3864678031173 228.55997753347154 1.5 1.5273092806339263 3.8481297463178636 -6.374079969657104 1.7980480113471644 24.188643187018727 0.07550184329482487 0.9999966621398926 
Car -1.0 -1 -2.89298228586539 398.8952926367592 181.22954901031324 509.35846907948473 220.0710420099872 1.5 1.602780495584011 4.089120638370514 -6.276574975565976 1.8485035236962948 29.11433729226931 -3.105316237607275 0.9999949932098389 
Car -1.0 -1 -1.6852547461125578 663.8896164159878 178.51139349812598 720.6916825103261 224.69569584701637 1.5 1.5731087446212768 3.841424223780632 2.8265042660809394 1.717986040065137 25.82834602203204 -1.5762542938489956 0.9999886751174927 
Car -1.0 -1 0.5190468966632504 184.70060062772706 181.94334161797775 401.4900046971965 266.20989775372897 1.5 1.5448775634169578 3.5574859499931337 -6.117389689705318 1.6889053687901936 14.00627399869307 0.10725717147323065 0.9999845027923584 
Car -1.0 -1 3.8331062575150847 0.0 183.57835649288162 215.07566879580244 354.1850229648375 1.5 1.542663623392582 3.7059782564640047 -6.310064542506913 1.6204186860236613 7.259323738833443 3.1175502419432224 0.9999790191650391 
Car -1.0 -1 0.5843470529460564 0.0 182.85818889768532 326.2958387569347 308.528733752241 1.5 1.6478941336274147 4.334404182434082 -6.307945947790873 1.6445318354078995 9.568400534595371 0.0014982660624640368 0.9999499320983887 
Car -1.0 -1 -2.641068216567396 80.53640680527856 182.5586006241873 343.0283341843036 281.3220057760683 1.5 1.5142759799957275 3.4833213806152346 -6.465275697628289 1.6702002594110759 11.865112737446863 -3.1399858752873286 0.9998979568481445 
Car -1.0 -1 3.49269656250849 206.2941317515644 181.96419592886673 429.58804407320537 252.12657613570045 1.5 1.6721917808055877 4.447343063354492 -6.6133055980713245 1.7208033136343017 16.556752175394756 3.112679469581467 0.9993410706520081 
Car -1.0 -1 -1.6949364924439723 644.7785342576321 179.08338926556456 684.6035872463392 210.91562770730553 1.5 1.5746279180049896 3.5297075778245928 2.6821684059778512 1.8311148495671021 36.505637140967984 -1.6215955550458772 0.9876343011856079 
Car -1.0 -1 -2.7806219287283107 438.80477170257893 181.0608542521836 524.4485392884836 211.90183854230338 1.5 1.5623072654008865 4.011662912368775 -6.566919956564904 1.932227411488213 36.830846189982125 -2.9570672074940547 0.7521602511405945 
