Car -1.0 -1 0.5709881233385652 40.33297768627326 182.2422189807771 359.32756008756644 301.19575459265616 1.5 1.5312567844986915 3.6417121559381487 -5.657214099493812 1.6433047231314506 10.108717211364636 0.06077603896590642 0.9999997615814209 
Car -1.0 -1 -1.791850130768768 717.0688123120437 176.8433555918859 852.7206752363167 277.88068987523985 1.5 1.5390661105513572 3.372795370221138 2.8269251704326663 1.5789757077144555 12.52947734337664 -1.5699437818282773 0.9999995231628418 
Car -1.0 -1 0.45383331605543664 196.80133320789724 181.87037094149056 425.74306582541004 260.19994503099286 1.5 1.626707662642002 4.094200444221497 -6.144066177086105 1.6993173556496148 14.975439132222633 0.06449966033431462 0.9999969005584717 
Car -1.0 -1 -1.6934199225603075 635.7671502952206 179.3291931122514 668.0464469154052 204.29988781361476 1.5 1.5871523439884185 4.01918315589428 2.62370300132317 1.9358343557517095 46.465191679031165 -1.637013831236635 0.9999958276748657 
Car -1.0 -1 -0.2722076815587311 784.8497619739135 176.53654051140063 968.3770024968709 241.7047963168541 1.5 1.5825357779860496 3.9244076728820803 6.352724244762337 1.5951822054772646 17.64361441920746 0.0733992298457282 0.9999945163726807 
Car -1.0 -1 -0.18831643699464953 701.4482823579478 178.32694751330314 795.3971099996297 212.11579037305864 1.5 1.6641583785414695 3.9930528521537783 6.263553055204912 1.7580399160620617 33.134289069588554 -0.0014856616642815687 0.9999946355819702 
Cyclist -1.0 -1 1.5654026248199853 562.6723906061509 181.92231975660343 572.3820402419659 205.1349071135185 1.4 0.5935431949794292 1.657482285797596 -2.68814567239078 1.976869390640532 45.022205332750275 1.5057663162562507 0.9999911785125732 
Car -1.0 -1 0.4505093846689643 158.40219582888912 182.06588665469116 384.41080835307594 274.75009126794953 1.5 1.5467182293534278 3.232838448882103 -5.864284487354916 1.671870688958097 12.632366403737725 0.01588754256698064 0.9999839067459106 
Car -1.0 -1 0.6634226415425044 0.0 182.98134603056664 277.4805886357531 336.33498933539886 1.5 1.5334772437810897 3.6688851684331896 -5.916104697105153 1.6237353046984266 7.974816996177249 0.025159045061792652 0.9999845027923584 
Car -1.0 -1 3.3873821009702207 302.24897025399844 181.57582341647262 459.3784856463178 239.6069766539448 1.5 1.607297782599926 3.842284020781517 -6.250552228940221 1.7512832848035171 19.839456269099646 3.0821697592695774 0.9999744892120361 
Car -1.0 -1 -2.7827331344312958 317.3567712041142 181.5867937727312 468.3880188942083 232.79623854221117 1.5 1.6204700365662574 4.190088298916817 -6.719581254296523 1.783062312210699 22.405732920395657 -3.074102358022009 0.9998515844345093 
Car -1.0 -1 3.30273940561135 380.99284336299297 181.32627483815253 490.6458441224419 223.71415713518488 1.5 1.6056061282753944 3.7577914565801622 -6.453699899037453 1.82668251443144 26.84766779108909 3.0668331265410007 0.9997220635414124 
Car -1.0 -1 3.494265406815064 253.35632324197923 181.98200527296507 409.6626784957032 247.67895553594602 1.5 1.5301956355571746 3.201582890748978 -6.710746154139629 1.7314577831582358 17.477592362628528 3.127660143371445 0.9994693398475647 
Car -1.0 -1 0.2475339778151295 388.6962557855907 181.28516928924736 507.85486485486695 219.66011523483647 1.5 1.7189138129353523 4.474351790547371 -6.594728293161545 1.856176423542738 29.526845302559817 0.027793570360864918 0.9945843815803528 
Car -1.0 -1 2.8721036058878635 720.065394359964 177.93288387490773 828.3919413958447 218.24707877988953 1.5 1.7758068189024925 3.7694702416658403 6.287342993873147 1.7048566821636728 28.070227171529964 3.0924528717955173 0.5779315829277039 
