Pedestrian -1.0 -1 -2.346798674750529 596.2232760226535 152.59292090169654 682.768997543161 303.1141598144807 1.8 0.6714567102491855 0.8846723034977912 0.43162029630267973 1.4556598599333452 9.141111583704182 -2.2996162335064754 1.0 
Pedestrian -1.0 -1 -2.2528995685083304 782.7316391156264 136.94982561803022 920.2083813100139 362.5688552739605 1.8 0.6926855564117431 0.9452257797122001 2.1098229002158253 1.445968633964789 6.29239832337272 -1.9293826679375512 1.0 
Pedestrian -1.0 -1 -2.494530776127317 586.4200827719731 159.96463451940204 655.7094447977593 269.5449043918647 1.8 0.7055034421384334 0.9623272836208343 0.2953180204304245 1.447542353313055 12.372418364861817 -2.470666245618139 0.9999997615814209 
Pedestrian -1.0 -1 -1.5494961102940332 351.029198291881 164.8382984579165 400.72155409039055 262.3358952946507 1.8 0.8839921586215496 0.8522896587848663 -4.358993139356369 1.493655968978952 13.792448306750146 -1.855604604878698 0.999998927116394 
Pedestrian -1.0 -1 -2.4492932183798897 617.2702793460506 148.48335923144535 721.9063818567868 320.3895685563098 1.8 0.7484447702765464 0.9062877416610717 0.7172781555537973 1.4556502437306087 8.103706042973908 -2.3610109249737605 0.9999957084655762 
Pedestrian -1.0 -1 -2.329877103420408 683.8329677007657 153.71172332954325 774.4228008557315 291.8626025547793 1.8 0.7818437673151493 0.9745104730129241 1.7172620929945792 1.4392705800864336 9.979040369569079 -2.1594593683865413 0.9999915361404419 
Pedestrian -1.0 -1 -2.0594708971552933 794.0231048662937 140.25320534194955 909.8377338784052 347.3222111431053 1.8 0.6652208536863327 0.925587073713541 2.2732818529316523 1.442835194612879 6.7525661668453125 -1.7347342679884774 0.9999877214431763 
Pedestrian -1.0 -1 -2.0841088550112152 837.762081077326 127.05331140934912 1008.7335964973745 373.0 1.8 0.7211516171693801 1.0002983294427394 2.2224914051778004 1.4480033304753763 5.196467074593704 -1.6799596185472352 0.9999806880950928 
Pedestrian -1.0 -1 -2.003068223436472 479.3546430589387 154.00241071553052 567.2018096115934 304.089926582426 1.8 0.7839845985174179 0.970479429513216 -1.0638074342355697 1.4715644962375563 9.230703050362832 -2.1178086558964595 0.9999679327011108 
Car -1.0 -1 1.7921147178312746 459.09113552460826 179.6446556136849 553.3516289237962 242.14276553173877 1.5 1.6410807639360427 4.130334642529488 -2.469718415236079 1.456666971323825 19.371331334493068 1.6653053641279758 0.9999446868896484 
Pedestrian -1.0 -1 -2.37945782018341 639.998608281225 150.8170648997932 730.781436235211 308.4572360578441 1.8 0.7120895691215992 0.8381891556084156 0.9700573803125326 1.450999863760546 8.749534312022112 -2.2690391699459895 0.9999030828475952 
Pedestrian -1.0 -1 -2.4387680165166556 600.981832240936 160.25368979213718 673.1250164818491 267.09544700323084 1.8 0.7586201213300228 1.030266986042261 0.5863507290056615 1.443339975609211 12.727959591839705 -2.3927326361325125 0.9998582601547241 
Pedestrian -1.0 -1 -2.5410185406052133 559.3732259355467 159.0730664764709 635.2018791181414 275.2743266594706 1.8 0.7239128023386001 1.0022730126976966 -0.10919704189351846 1.4538990705554784 11.704501087979308 -2.5503477613118037 0.9998127818107605 
Pedestrian -1.0 -1 -2.1679935860128294 645.7056267946351 154.2860316428523 729.1738935181498 291.9779256038502 1.8 0.7577100329101085 0.9281922623515129 1.1357293574561846 1.445570891342295 9.974997513039465 -2.054624185958181 0.9995633959770203 
Pedestrian -1.0 -1 -2.439999866125644 614.7187476771816 146.642418036739 724.4564922614226 329.06591658381603 1.8 0.7264740325510501 0.9122832238674163 0.6736736493522864 1.4574241268901256 7.664941026028637 -2.3523348728802547 0.9860544800758362 
