Car -1.0 -1 -1.841652043340564 747.2348134222055 175.78451632956805 959.451630237991 320.9057608940049 1.5 1.557295073568821 3.8683729737997057 2.858788390634052 1.546814254943511 9.48475573239086 -1.548903317251478 0.9999998807907104 
Car -1.0 -1 -1.3862043957732544 414.36000066767383 179.26524686184155 552.1098359902265 286.0128407826113 1.5 1.5685534596443176 4.185384374856949 -2.0505467699741105 1.6301858570000844 12.49899588062217 -1.5488127908345801 0.9999994039535522 
Car -1.0 -1 -1.6190483329986307 694.8506994327861 178.3762566210698 738.7000251020982 217.10265003636715 1.5 1.630355466902256 4.201113295555115 4.441221110318523 1.7521803982886146 30.731810834066717 -1.4755265275624139 0.9999985694885254 
Car -1.0 -1 -1.7534599265843187 720.7861736674884 177.12154792353886 831.2927993342137 260.24269050108063 1.5 1.5410630524158477 3.877159443497658 3.293285809032696 1.6017637404266476 15.181003239267529 -1.5398353199150903 0.9999971389770508 
Pedestrian -1.0 -1 -1.3508499635640308 470.5352875430288 169.60714346119968 495.9034259994866 237.96705230193646 1.8 0.5907638490200042 0.41152206510305406 -3.4214035648143013 1.7148641209072708 19.214702357202523 -1.5270648496833188 0.9999778270721436 
Car -1.0 -1 -1.5109585402378098 593.5264964109389 179.73849170571629 623.8595940112208 205.74077792496354 1.5 1.6499380141496658 3.8847750544548036 -0.07372061485233969 1.9454636211315046 44.66006099126993 -1.512609244385038 0.999964714050293 
Car -1.0 -1 -1.3407590505678846 482.7666500653063 179.41771747368625 587.3040620501886 251.46395422265485 1.5 1.6144730642437934 4.14030798971653 -1.7339755417693485 1.679857423496424 17.571106335901646 -1.439123914637838 0.9999595880508423 
Car -1.0 -1 -1.678386713609078 680.094335599242 178.8394954563713 713.9301987246613 205.63268425738534 1.5 1.588146623969078 3.9747326195240023 5.139310681620471 1.8759587056424696 43.27941992625712 -1.560192968757127 0.9999245405197144 
Pedestrian -1.0 -1 -1.3656774774771343 486.9015104914039 171.21964479514523 502.109098249557 229.74108973220348 1.8 0.40236600004136563 0.3562327966094017 -3.626693873520326 1.7500883823148243 22.377158283364718 -1.526351627954517 0.9996206760406494 
Pedestrian -1.0 -1 -1.4004024767217012 493.01615372622814 170.94315957619133 509.82692009913666 230.64629893519447 1.8 0.44514150619506837 0.40153693668544294 -3.348544013247698 1.742747559736666 21.955987716225668 -1.5517479004946095 0.9943861961364746 
Pedestrian -1.0 -1 -1.345487641596748 485.3410463025037 171.16577238816524 499.4743176821465 230.07619849543963 1.8 0.3690401118248701 0.3150612607598305 -3.6653512386712155 1.748774244371781 22.212360777253515 -1.5090279216554505 0.9938236474990845 
