Car -1.0 -1 -1.8910103754094414 744.8419756576059 175.53054664350668 1002.4795562700598 335.63347247925356 1.5 1.590932209789753 4.287031900882721 2.8484251494645876 1.5416805174809367 8.983130115835984 -1.5839529503744585 0.9999998807907104 
Car -1.0 -1 -1.7821950950529124 641.507376329718 178.60164451045628 711.1985583859463 230.13699287345318 1.5 1.5502375110983848 3.2933453589677812 2.00593037254809 1.6982922995336283 23.114839993741274 -1.6956309015539033 0.9999997615814209 
Car -1.0 -1 -1.7942632603165771 603.4083799666934 179.25748736245478 659.108944421257 218.6501583242994 1.5 1.5672510981559753 3.471784156560898 0.7806093765672769 1.7824861300594808 29.931297930151903 -1.7681891332056863 0.9999995231628418 
Car -1.0 -1 1.3547040713678484 702.3596937073015 177.1275996717905 828.6656372783381 267.3618330683834 1.5 1.561216127872467 3.938199442625046 2.830902653273182 1.5960077719813353 14.1629766200942 1.551984711489405 0.9999994039535522 
Car -1.0 -1 -1.462018644698251 411.6977161132279 180.96438460617242 469.2558483131962 227.80214669672023 1.5 1.615915496647358 3.4775177508592607 -5.9773705261234795 1.808189764101247 25.559884752735634 -1.691747614243303 0.9999973773956299 
Car -1.0 -1 -1.7407869565348335 564.4012206736695 179.98573045936683 601.6076394862386 207.65841154488558 1.5 1.5795611336827278 3.540567171573639 -1.64540752547311 1.934065823677312 41.9810637133665 -1.7799609462406976 0.9999560117721558 
Car -1.0 -1 -1.169718624766966 0.0 184.8182410572453 47.996074940191775 259.62371980940384 1.5 1.5607961013913154 3.4389602512121202 -14.909592756498814 1.8124981046097388 16.943978661658836 -1.891336605944906 0.9999449253082275 
Cyclist -1.0 -1 1.6978059232170135 471.4343651489012 183.31554046742062 492.32021349232207 219.1896889828496 1.4 0.6203514084219932 1.830490355193615 -5.28964750294441 1.843436985140481 29.62713516971635 1.521126910052027 0.9999346733093262 
Cyclist -1.0 -1 1.5555531662743294 494.4853679398156 183.0279452260036 509.7635191325412 216.58228532340135 1.4 0.6310000576078891 1.7264925435185432 -4.766938700069627 1.8580492899660848 31.55343179163674 1.4056119163844245 0.9997982382774353 
Car -1.0 -1 -2.6401285393809246 0.0 0.0 1241.0 374.0 1.5 2.030286242067814 5.842355874180794 2.808780397355114 1.464047943465103 1.515853437091248 -1.564220674862389 0.992913544178009 
