Car -1.0 -1 -1.5856220602936573 593.200786523046 179.0814147204057 649.9363611775456 233.04372097619807 1.5 1.6088542088866233 3.4728581577539446 0.27665900819635686 1.7069312436867592 22.19350731207335 -1.573156942674194 0.9999992847442627 
Car -1.0 -1 -1.5452899498314305 594.5383637489134 179.51465566599194 630.783974588781 214.78780925772898 1.5 1.577235621213913 3.56497862637043 0.12677682922137548 1.8232178461581565 33.167302626766336 -1.5414676247772319 0.9999983310699463 
Car -1.0 -1 -1.428481069220022 481.89024174173437 179.73603064501086 563.8427846264234 244.96462099490637 1.5 1.6019650295376777 3.799477827548981 -2.2259969086108455 1.6990926058780176 18.914058372676568 -1.5456322404232365 0.9999974966049194 
Car -1.0 -1 -2.1018371854707425 230.4134313685106 181.19314707210629 415.9876760152617 277.3381074351596 1.5 1.5499432131648063 3.583294016122818 -5.382613278952618 1.6732912813136813 13.255117184252889 -2.4875723282482967 0.9999979734420776 
Car -1.0 -1 -1.7797701561671682 704.6938118979515 177.15941348292125 827.0655595039159 265.00569109726604 1.5 1.5758974969387054 3.8738182306289675 2.908504693377707 1.5982231373183313 14.453358351933723 -1.5811885009196145 0.9999934434890747 
Car -1.0 -1 -1.709201180317913 672.1483811704551 178.46203082670007 728.3865455558924 225.04926412872499 1.5 1.4982447519898414 3.324020889401436 3.0578333231801285 1.7101008065550654 25.307767649279345 -1.5889581768449885 0.9999929666519165 
Car -1.0 -1 -1.7130456416689477 680.0850445040613 177.94492572685695 760.3095492177324 241.24865555098094 1.5 1.563865554332733 3.8572730988264086 2.7979667847280303 1.6504105179995197 19.334466691390265 -1.569329404216495 0.9999887943267822 
Car -1.0 -1 -2.019638478200947 759.5455421581802 174.16165553711858 1241.0 374.0 1.5 1.9822532802820205 5.468699571490288 3.0165444479050736 1.5178316226200808 6.871399915802818 -1.605969728031431 0.9999860525131226 
Car -1.0 -1 -1.6695709111062285 639.6130736286536 179.27303726516593 672.1184616089581 205.9208617241799 1.5 1.5866004422307014 3.6882596582174303 2.683919561869574 1.903019610067238 43.386626362352715 -1.6077891113844258 0.999944806098938 
Car -1.0 -1 2.128142630086666 21.44182999603513 182.50917600045514 265.6576989569529 272.80690893692815 1.5 1.964258824288845 4.7497453659772875 -9.261192983590782 1.731107127925959 14.866224329955545 1.5710053324659885 0.9998884201049805 
Car -1.0 -1 2.2402313652537673 0.0 184.02299715550598 73.79960683047689 318.23342729838043 1.5 1.4633987590670585 3.1987922757864 -9.307551464799266 1.6806260671190651 9.989781432429327 1.4901720722529548 0.9998272061347961 
Car -1.0 -1 0.9221507573099307 437.48915663872305 180.83889611116578 517.0939817879578 218.8755153736275 1.5 1.5084242939949035 3.559767317771912 -5.768073978986287 1.8622556589366788 30.94398010675447 0.7378620346400396 0.9998351335525513 
Car -1.0 -1 1.0569695419023153 349.5987914574123 181.1149041611137 461.2722088600398 238.5501035344458 1.5 1.5637022003531456 3.6280809462070467 -6.112197062730359 1.7640016968201546 21.1960829252883 0.7762214382502692 0.9998107552528381 
Car -1.0 -1 -1.9962566538768582 94.26141965148688 181.55673322548458 340.69603575483546 312.10327749795965 1.5 1.5953505903482437 3.9166102677583696 -5.765927674573133 1.6468068360274997 10.333888394127166 -2.505192951360021 0.9998006224632263 
Car -1.0 -1 2.281835983534543 0.0 184.78345016522906 78.60240898295429 257.5838485419935 1.5 1.4821718007326126 3.419129413366318 -14.67466766330231 1.8120304955178907 17.136688419125456 1.5736782431562961 0.9995507597923279 
Car -1.0 -1 1.9457432660179061 255.97047979739173 182.7764183693323 320.31557578741615 218.0900444836836 1.5 1.5585110083222389 3.46775823533535 -14.86268398227507 1.9840553063342876 33.40448510919834 1.52711288531753 0.7274647951126099 
Car -1.0 -1 -1.5108803644549285 510.2626618310447 179.93159645203357 565.2612456096354 229.38497941734738 1.5 1.622684721648693 3.727621075510979 -2.407790461272168 1.7575038275653265 24.31858902298743 -1.609569006660257 0.5536864399909973 
