Car -1.0 -1 3.6584667874412773 5.5004169031359496 183.3894279525728 266.5835895063965 273.2329088763764 1.5 1.5711064010858535 3.68489385843277 -8.526879733680616 1.7053593682039672 13.145098158568862 3.0830244898756565 0.9999985694885254 
Car -1.0 -1 3.5495145581529783 186.78832150768991 182.63876168374168 355.8356727697137 244.6638293576193 1.5 1.5616100773215293 3.6107590913772585 -8.655835540096504 1.7631322094173454 18.54195898858261 3.112758028503281 0.9999983310699463 
Car -1.0 -1 3.5043152916697733 255.9372488449382 182.34211177820498 385.3421982967786 235.3235730274712 1.5 1.5134048208594322 3.2533666610717775 -8.5964206911947 1.7933406923478388 21.492095251165672 3.1238256573637546 0.9999442100524902 
Car -1.0 -1 -2.813143319930424 324.0290831176198 181.92901553422104 438.23748874239726 223.83132536217755 1.5 1.5805785104632377 3.769119319319725 -8.554779211782458 1.8506574300965395 27.017748368180467 -3.119791344800268 0.9999274015426636 
Car -1.0 -1 -2.87538091905326 396.38785722152744 181.62534837244985 471.41756305213676 211.70482255848455 1.5 1.5669577315449714 3.478789192438126 -9.101044588661397 1.9638271343346618 37.292708570472016 -3.1147456924107417 0.9998281002044678 
Car -1.0 -1 3.25979446721188 445.6910670774927 181.26137002139401 510.2997293772636 205.7438690330528 1.5 1.642792348563671 3.8677385568618776 -8.367744059180875 2.04491143184935 45.79131668048937 3.0790521979292453 0.9997867941856384 
Car -1.0 -1 -2.9317993451303943 430.86351017849637 181.38319784939537 499.2951871607256 207.40282668153904 1.5 1.6198762252926826 3.741360691189766 -8.627287773986497 2.0181632631472297 42.9699562315097 -3.129939870038305 0.9997655749320984 
Car -1.0 -1 -2.90762192634195 418.6924894721845 181.46519137881398 489.81473175059887 209.04925030796915 1.5 1.5762711435556411 3.64466407597065 -8.757476460798005 1.994528598572687 40.577212032204 -3.120184139409338 0.9994730353355408 
Car -1.0 -1 3.3872013637353513 359.98544099259465 181.74779847161315 453.8339797275756 219.35129129112516 1.5 1.5848860636353492 3.4785310298204424 -8.436928207604316 1.8807812221726714 30.018845491757187 3.1132151961287082 0.9994755387306213 
Car -1.0 -1 0.3701388499734708 285.6572179623274 182.12190402971947 416.97106585087715 229.33998037390356 1.5 1.5933763727545738 3.81139614880085 -8.618096638998455 1.820813742406991 24.09856806300687 0.026693030199732102 0.9987599849700928 
