Car -1.0 -1 -1.778806818681414 603.4689009821271 179.15430639165743 663.2898420619249 222.6604120118986 1.5 1.5573589622974395 3.496454891562462 0.7750321542947854 1.754749479144215 27.272060417033494 -1.7503959248450143 0.9999994039535522 
Car -1.0 -1 1.3272583402899794 725.4835714934183 176.4506109031289 890.7526717615457 292.3839546273594 1.5 1.5562374636530876 3.838823971152306 2.8506312646836185 1.5666376680522236 11.373042031193394 1.572846877570969 0.9999991655349731 
Car -1.0 -1 -1.7851812665123485 643.8672439102943 178.36608394297727 726.0165075568211 237.56877918845103 1.5 1.5791332840919494 3.535784271359444 1.9845028679599248 1.6708863895920407 20.471224486296375 -1.6885421435025079 0.9999990463256836 
Car -1.0 -1 -2.0027216788474798 791.3396235166947 173.88249496183184 1241.0 374.0 1.5 1.6951090216636657 4.479494926333428 2.9218221322912394 1.5124894075691684 6.2645644969146606 -1.5663096844826383 0.9999959468841553 
Car -1.0 -1 -1.475632827777854 386.5444287064539 181.0667239325809 449.09593220701873 234.054593563678 1.5 1.5961124122142791 3.296216067671776 -6.022916268173135 1.7790234668010982 22.723473667901615 -1.7347277263787133 0.999988317489624 
Cyclist -1.0 -1 1.6249091691300352 477.2151338492845 183.37077930883862 497.3492323500204 221.66908681968533 1.4 0.6737301617860794 1.7441943779587745 -4.754701535624857 1.8184296248596412 27.775336885588697 1.455368204912867 0.9999932050704956 
Cyclist -1.0 -1 1.7275939455256715 455.33946796440904 183.68681437870802 481.1854751428268 225.08537729955367 1.4 0.6361371397972106 1.7993566140532493 -5.093665349869662 1.8012167978717526 25.785962120116924 1.532568379244532 0.999342143535614 
Car -1.0 -1 -1.7520185036747618 557.1454579601459 179.98127477360217 598.4406184632306 209.73257041987964 1.5 1.6018488004803657 3.673403573036194 -1.8357593169808244 1.9079469808360214 39.28984621461554 -1.7987080524351937 0.9991849064826965 
Pedestrian -1.0 -1 -3.1490284908537958 1175.4377958706932 91.89650715956142 1241.0 374.0 1.8 0.533994336426258 0.5986142463982105 2.880784019894993 1.4812979150176837 3.238956433447163 -2.4220910231259207 0.9854516386985779 
Car -1.0 -1 -1.178837832578697 535.06225899788 180.36245755352522 575.1097278190014 203.9714599814228 1.5 1.5527451902627945 3.3195557564496996 -3.708401301474384 2.027303068219419 48.81605309287876 -1.2546590427544457 0.6275537610054016 
