Pedestrian -1.0 -1 -1.7286283188238611 634.1305851836252 150.57295642096304 723.1026342362896 310.2984225540933 1.8 0.9157836928963661 0.9208228930830955 0.8480293695025621 1.4528247395884124 8.579285114243 -1.6301022144642217 0.9999986886978149 
Cyclist -1.0 -1 1.7208451138951462 430.45181404703897 184.97119063130427 474.59138139360437 257.66325559306586 1.4 0.6463082998991012 1.7003983750939369 -3.0763578537661154 1.476851414520945 14.781234362843913 1.5156485279414313 0.9999986886978149 
Pedestrian -1.0 -1 -1.4938278512787178 733.1979377007351 164.32112491287495 762.4195137065749 241.0465659487563 1.8 0.6328466840088367 0.800890152156353 3.501601114143843 1.3981820347397527 17.321325627151847 -1.2943605641510827 0.999996542930603 
Cyclist -1.0 -1 1.7712493121062856 385.6405991113191 186.91222533374952 456.2059584687824 296.1125442792768 1.4 0.6341658093035221 1.772254754602909 -2.563429452225374 1.4849166405517442 10.195500164435407 1.524927540621485 0.9999959468841553 
Cyclist -1.0 -1 2.071377768898457 72.10867107804006 194.2403116729199 294.5824788269279 373.0 1.4 0.5838114328682422 1.6429413601756095 -2.7768466408881727 1.5029497703218342 4.897673556508641 1.5555972297999519 0.9999508857727051 
Car -1.0 -1 1.7114570603332888 480.88965176056354 180.13037733560532 522.7948233289313 207.37745881270484 1.5 1.8117947995662689 4.41576526761055 -5.724104953079799 1.4254173934326682 41.75486638128593 1.575217950340134 0.9999436140060425 
Pedestrian -1.0 -1 -1.6206035569580728 585.6330594335702 150.66715805758597 670.8883755564995 313.1673198757068 1.8 0.9458103708922863 0.9436389923095703 0.24026427149523844 1.4598216662882555 8.43611877272909 -1.592130825915609 0.9998956918716431 
Pedestrian -1.0 -1 -1.3436092349163788 184.40669154956433 153.53504442652837 282.6282854260145 325.2989282428384 1.8 0.803469543159008 0.8875755153596401 -4.138260441916891 1.5083028235018927 8.053848073487087 -1.8182547847416741 0.9998494386672974 
Pedestrian -1.0 -1 -1.7346480070124697 658.3112357284425 150.93611251225934 749.6381469873139 307.02630822128685 1.8 0.9648887932300567 0.8549931019544601 1.1722485553364685 1.448892334061616 8.7229760282141 -1.6010620343175275 0.9997907280921936 
Pedestrian -1.0 -1 0.19097023430447924 145.41202702059567 153.86832407662956 242.0566401922714 326.2889576830884 1.8 0.7146941058337688 0.8136006563901901 -4.539064357062764 1.5128988726047607 7.965574334582712 -0.3269738713887078 0.990385890007019 
Pedestrian -1.0 -1 1.6570283883322752 418.73535178039765 171.03563257678385 447.849713174975 229.27276970419908 1.8 0.8154725216329097 1.0253729790449142 -5.344599688054801 1.477678416469638 22.76577458097112 1.4264394481989997 0.7136220335960388 
