Car -1.0 -1 -1.5730759667482161 590.6420157509266 179.26268557088977 641.2026846560979 227.27292940484537 1.5 1.6105834886431694 3.2791538655757906 0.14891938325068754 1.7336605610561862 24.621624234835988 -1.5670277237102879 0.9999998807907104 
Car -1.0 -1 -0.7772847084557861 1035.9108133669984 172.70794385160156 1241.0 277.53265796047555 1.5 1.7112419500946998 4.413438451290131 9.323195884604672 1.4982678658128064 11.374050395778598 -0.09065242210892269 0.9999953508377075 
Car -1.0 -1 -2.212368376396257 428.33255589187587 180.4344099188746 546.2076169224107 228.89206872479838 1.5 1.6848579540848732 4.494445633888245 -4.400601062127632 1.7873637689579014 25.16112818987131 -2.3855139176037654 0.9999885559082031 
Car -1.0 -1 2.1294506239594986 66.28056371070369 183.58524310275303 207.5295898193318 240.17069309895828 1.5 1.6476711750030517 4.138158124685288 -14.267063506166473 1.85852316355337 21.99667961500994 1.5540596683833259 0.9999866485595703 
Car -1.0 -1 -2.0360521076891507 231.76083733521483 180.76404090414763 439.5429982537292 292.3831327840322 1.5 1.580168356001377 3.8900601238012316 -4.660632414143285 1.6509516945289617 11.847590476349565 -2.4108405868199214 0.9999839067459106 
Car -1.0 -1 -2.152478016298422 400.1797039633193 180.71832465856815 508.2384139847215 234.40923103137592 1.5 1.5495801836252212 3.622686353325844 -4.959384571343275 1.765525467374628 22.50704943901139 -2.3693602840092525 0.9999445676803589 
Car -1.0 -1 -2.0977005328906175 313.6050477012801 180.72442089413542 472.0516090101094 265.5896399404617 1.5 1.5583189696073532 3.4908617407083513 -4.582593135238197 1.6813177366424197 14.831624948299796 -2.397370294728552 0.9999097585678101 
Car -1.0 -1 2.060142461362813 192.33520083171263 183.09132016328664 279.92197811870653 226.30913657694677 1.5 1.515040223300457 3.4846848368644716 -14.252064158263984 1.9171674481656393 27.62241273985813 1.5838084101637424 0.9999055862426758 
Pedestrian -1.0 -1 -1.8713105191568151 787.9580470446446 160.3328485969986 843.280467713538 261.75120589448926 1.8 0.6820293635129928 1.1136039651930332 3.738051009077884 1.5781291299441378 13.36938899816058 -1.598674866431628 0.9999649524688721 
Pedestrian -1.0 -1 -0.8714689135055367 301.8052315820556 177.3978864348625 320.31657317026935 211.98030674878004 1.8 0.6805343113839626 0.5919931016862392 -15.795223716563125 2.042346870510089 38.03876414322605 -1.265043960013662 0.9997472167015076 
Car -1.0 -1 -2.3663743330617377 478.2174506450785 180.53337829232805 558.1025541557954 213.40952481518823 1.5 1.5826831132173538 3.914589297771454 -4.596908549389942 1.8982876640091875 35.574942926896505 -2.4948798576977596 0.9995414018630981 
Car -1.0 -1 -0.9482756454314126 1241.0 168.69787456288395 1241.0 273.3313417111925 1.5 2.1665297940373422 6.156369161605835 14.92205042354356 1.4407766651969673 11.53274083609324 -0.03545458714035579 0.9993830919265747 
Car -1.0 -1 2.2626331483091717 0.0 183.19747829876738 162.50641085690825 313.5323620937861 1.5 1.5022365868091583 3.5046520203351976 -8.325286318966391 1.6739497995271895 10.34386213264662 1.5849401831587375 0.9986735582351685 
Pedestrian -1.0 -1 -1.7194078957630294 251.71642069799208 176.49234155919174 270.8800817115348 219.25218323315914 1.8 0.6802576154470443 0.4292809430509806 -14.928418198800266 1.9575558525752117 30.802809160393156 -2.170695976414953 0.9724655151367188 
Car -1.0 -1 -1.6402175917386188 0.0 181.44955230478675 75.16233821561343 374.0 1.5 1.4515331506729126 3.8325364261865618 -4.686243190928987 1.5713511182651372 4.206217136400645 -2.4795446554806575 0.8302541971206665 
Car -1.0 -1 -1.5408228248925508 593.1238059456693 179.6515665381523 624.7978087699969 210.26253565160954 1.5 1.562351968884468 3.616561231017113 -0.052186602548368356 1.8755871168497473 37.996652689001095 -1.5421962766584498 0.6726746559143066 
Cyclist -1.0 -1 -1.7013639982411992 779.9875307337771 181.77591475454207 840.5443553848872 262.61686494679105 1.4 0.8600761674344539 1.8635230630636215 3.7078771615698836 1.5818006581708381 13.6901510426431 -1.436866910257612 0.8449153900146484 
