Car -1.0 -1 -1.689011107727666 687.8054133426823 177.76261836685524 772.7898186706421 246.28556578435558 1.5 1.6185468554496765 3.8337382048368456 2.8409012600480517 1.6361889920998045 18.017270628038037 -1.5326221073654038 0.9999979734420776 
Car -1.0 -1 1.8262926847255518 449.6061330195087 180.23520736053626 532.1076193968046 234.57977475537768 1.5 1.5745996057987213 4.008157041668892 -3.6593608001947313 1.7521829013569739 22.544526029985725 1.6653790354689182 0.9999945163726807 
Car -1.0 -1 1.763317445088021 487.10821114808806 180.19308842176338 551.6944738432453 223.05245129679355 1.5 1.7138666033744812 4.273135450482369 -3.4899772829421476 1.8094116319417757 28.190872464974195 1.6401460051497043 0.9999934434890747 
Car -1.0 -1 2.1312130470446213 867.8178013072475 176.01075421412844 982.669549534413 236.2010048908104 1.5 1.4384175211191177 3.0908702433109285 8.538031824363499 1.5925256497576423 19.598220545046267 2.5420725226362766 0.9999914169311523 
Car -1.0 -1 2.1697711256171375 842.439759799206 176.4345825151465 947.99281716398 227.89492395993517 1.5 1.493389581143856 3.3165982484817507 8.988183454143208 1.6211705363700024 22.79369607447496 2.5453779578169407 0.9999656677246094 
Car -1.0 -1 -3.337908512566644 730.6093226457019 178.17698274389838 807.4749284265241 208.11975168526183 1.5 1.6100470468401908 3.6315212517976763 8.13611945812538 1.7815880223911718 37.27983053445682 -3.1230332414296016 0.9999405145645142 
Car -1.0 -1 1.9644110472785685 924.0342697333372 175.21257032881417 1053.3999534132568 246.049353308493 1.5 1.5062403425574302 3.440513697266579 8.956823699642289 1.561644625917075 17.067080691280452 2.4477021574934543 0.9999010562896729 
Car -1.0 -1 1.9241875847358876 249.58429979463023 180.19300124650613 453.74652642296945 298.93283639626264 1.5 1.6461134448647499 4.224947330355644 -3.8796808849752553 1.6391832967704043 11.511026364518814 1.5991043925245823 0.9998564720153809 
Car -1.0 -1 2.3122717477859167 815.5669039597867 176.8177840612849 919.6787871831324 222.27960242621486 1.5 1.5354956060647964 3.468521174788475 9.09070528952579 1.6489484539624168 25.554866728242654 2.65404461621843 0.9997621178627014 
Car -1.0 -1 2.1313030488937956 0.0 180.44298840644396 323.5769335896828 374.0 1.5 1.5486622720956802 3.543306750059128 -3.9415929756872994 1.5833983422262354 6.111432708886436 1.5584832866999763 0.9947388768196106 
Car -1.0 -1 1.8741483884853183 1055.4739703544371 173.73167395527796 1208.3717544228934 252.80894871826885 1.5 1.583622258901596 3.85644645690918 11.226581666288284 1.5214034771645242 15.51127810374092 2.500649201866013 0.9557366967201233 
Car -1.0 -1 2.51919640522004 788.5688409082281 177.1277296611633 904.3110824262193 217.6846928132525 1.5 1.6611770287156105 4.138944533467293 9.251557822325086 1.676989359356321 28.400154509490136 2.834113109107834 0.9288447499275208 
Car -1.0 -1 -1.65618069361475 674.4862148717226 178.36821979565252 730.5084044237739 227.99862381217935 1.5 1.5356475979089736 3.5085039705038072 2.9603809088989204 1.6972756481046507 23.982270182129046 -1.5333616035666806 0.8642969727516174 
