Car -1.0 -1 -0.10316403294708822 667.0498259081735 177.47021698248497 870.4417011845892 251.6152679885425 1.5 1.6608551636338234 4.139179971814156 3.2911334980511784 1.6078579621190183 15.761869715668256 0.10268191894027166 0.9999996423721313 
Car -1.0 -1 -1.6662393603184522 640.8454581988236 179.04281209010367 682.7694792631588 214.23993113735588 1.5 1.5785983324050903 3.57813113629818 2.2925590447893724 1.8006030039290561 33.19273934305794 -1.5972807864334924 0.9999996423721313 
Car -1.0 -1 -0.39214952785031265 785.5750120332121 174.03881308696802 1241.0 337.1252592004052 1.5 1.6410816952586174 4.284690928459168 4.11513258045575 1.5146623743837915 7.678573052388577 0.09982268413039617 0.9999985694885254 
Car -1.0 -1 1.842618675892188 309.12770050983937 179.37943554646506 520.3593951652954 298.6546710459156 1.5 1.873510380089283 5.699676883220673 -2.9606983516269625 1.6373802860799371 12.267375893082576 1.6058001399000705 0.9999901056289673 
Car -1.0 -1 2.189433292509335 0.0 181.98659449007647 205.9413257308137 374.0 1.5 1.4690779641270637 3.456900504231453 -5.762530404012229 1.614797377213926 7.274936766518924 1.519523545107569 0.999975323677063 
Car -1.0 -1 2.2506737992705728 0.0 178.72687102731695 351.35224203054275 374.0 1.5 1.5222292885184288 3.613313522934914 -2.758272011812049 1.5439387424539732 3.532304326768577 1.587706553932053 0.999750554561615 
Car -1.0 -1 1.7224537996788793 482.595340840133 179.6786446594959 568.9129331266986 234.33548582558217 1.5 1.8930258721113205 5.9847070395946504 -2.622876347357094 1.7520975166641075 23.583966057997117 1.6116945624311985 0.9994456171989441 
Car -1.0 -1 -1.6861648283975939 630.9383148525094 179.24615041985206 669.0170592888201 209.71778434421665 1.5 1.5859103322029113 3.7280804038047792 2.0338583525295104 1.8559534370806152 38.22670791489716 -1.6330097811904294 0.9926539659500122 
Car -1.0 -1 1.9744219982240847 183.8802109598057 181.19649163521768 368.722359330886 286.75511741460724 1.5 1.4606034874916076 3.9009010910987856 -5.593687466556439 1.6678661784399773 12.522751122972378 1.5543307503077644 0.9621658325195312 
Car -1.0 -1 -1.1304167107575578 1117.7927112852958 139.38128313739074 1241.0 374.0 1.5 1.660780844092369 4.300692167878151 3.969195269957045 1.4550208876350983 1.8250930387658222 0.009394093355860033 0.8528313636779785 
