Car -1.0 -1 -1.6684824325038892 673.6220527491558 178.47834359124138 725.5246121015786 222.7190843061998 1.5 1.5394246697425842 3.7666285902261736 3.2210247751893415 1.724432782792522 26.843868882841363 -1.5490623014655454 0.9999996423721313 
Car -1.0 -1 -1.8139243557887363 715.1083701093459 176.5788904914062 878.027842692422 289.65670794186553 1.5 1.5603021278977394 4.021376606822014 2.753075793509762 1.5713150926045736 11.721934627033095 -1.5832400415700418 0.9999995231628418 
Car -1.0 -1 0.42953501111176506 365.1164583932686 181.17885593764618 499.00290099282466 230.49078769432774 1.5 1.5960991874337196 3.9233727872371675 -5.798616077880185 1.7845951310144308 23.483229393136508 0.18745176394912175 0.9999661445617676 
Car -1.0 -1 0.46973924465116057 175.11385717155068 182.07543314790632 396.2150529356424 264.9157851373035 1.5 1.5600625917315483 3.638623145222664 -6.297217306248489 1.6920648826922644 14.12679100480558 0.0504134138438361 0.9999632835388184 
Car -1.0 -1 3.29114442503156 408.4142728815927 181.21084618451036 508.25571944192563 218.60962063122383 1.5 1.55090284794569 3.905312952399254 -6.332451334705181 1.8606305236582834 30.218066626081168 3.084575164314133 0.9997536540031433 
Car -1.0 -1 -2.3091631293721058 0.0 183.99146387615139 171.65964976366033 374.0 1.5 1.6301727414131164 4.087598112225533 -6.5172315411726105 1.614568660452188 6.490253910502308 -3.0966352979328975 0.9996347427368164 
Car -1.0 -1 -2.5347566825744137 0.0 182.78491887381588 314.2380363979432 317.140090387288 1.5 1.59830232411623 3.9259383946657183 -6.037082541319796 1.6358000395446997 9.006789137883741 -3.1252575675633296 0.9996305704116821 
Car -1.0 -1 0.5606123850745786 51.972386559430944 182.49305229920307 351.6623040749306 284.9051838320725 1.5 1.6350947812199592 3.956841540336609 -6.500846822062656 1.668406204193442 11.657520304309468 0.05191282828780583 0.9877497553825378 
Car -1.0 -1 -1.6584917310139664 664.458913042051 178.7871237491102 707.1877356026746 215.39973711217098 1.5 1.5712690100073814 3.4030506879091265 3.2536103200318247 1.7761620130997773 31.82580497392961 -1.556613836498235 0.8991080522537231 
Car -1.0 -1 -2.7250552944116557 452.42339786275767 180.96652132228047 525.7532671332726 212.56216283334544 1.5 1.5476651981472969 3.261563789844513 -6.053003595076421 1.9180877812821295 35.99752205721837 -2.8916474143650874 0.6521871089935303 
