Car -1.0 -1 1.925838455548326 246.91750025750247 181.85990314369667 364.6742988497069 240.52069235075817 1.5 1.7779531449079513 4.402446982264519 -8.874239803045393 1.7949714976733397 21.36731555287176 1.5321966846797126 0.9999997615814209 
Car -1.0 -1 -1.7923285081761713 703.1706340045939 177.17180474766658 842.2880403687545 254.3448060837796 1.5 1.9774174809455871 5.429455873370171 3.538351267885008 1.6187985156192788 17.058437411804814 -1.5878035510566575 0.9999979734420776 
Car -1.0 -1 -1.5716434100809202 583.7191363642402 179.25667130372443 638.1679837666668 229.77403057464906 1.5 1.6488561898469924 3.343356263637543 -0.02076967127629812 1.7239271830001337 23.518909358120013 -1.5725265150566143 0.999992847442627 
Car -1.0 -1 2.0723522088684465 165.62068086412904 183.1379770028973 268.00333032180674 227.90170210500173 1.5 1.5841061741113662 4.150630396604538 -14.72572309020103 1.9178677074348014 27.210664784505003 1.5763099074324192 0.9999842643737793 
Car -1.0 -1 -2.1038833411288973 281.4375252740351 180.74507900177395 463.89871104669993 273.8853417224215 1.5 1.6097663462162017 3.7344521403312685 -4.654161600604389 1.6708323242882506 13.756135703423938 -2.4301272789624075 0.9999386072158813 
Car -1.0 -1 -2.030598710929825 170.77452236095021 181.14602662951546 391.4214504833767 302.75667998118286 1.5 1.5543390557169914 3.6189331233501436 -5.088719054049523 1.6452504758042377 10.869466447467873 -2.468456701436315 0.999872088432312 
Car -1.0 -1 -1.5819106260434483 661.1005557682703 179.0263037819712 690.2855037500854 207.24260305288828 1.5 1.5819833174347877 3.7851403027772905 3.6863011949009925 1.8691126547547596 41.15584516375285 -1.4925796846535546 0.9997593760490417 
Car -1.0 -1 -2.271761989768434 482.10116712628496 180.60406340905797 550.0428893634346 211.42741890613584 1.5 1.5987759947776794 3.5738720118999483 -4.987539018776977 1.9257438175360493 37.806884769447336 -2.402926043668066 0.9994520545005798 
Car -1.0 -1 -1.574997426411603 592.7571984858414 179.62821959528006 626.9869655008224 211.5082468566611 1.5 1.647149820625782 3.595361348986626 -0.05494536354886651 1.860128643767585 36.51493267096529 -1.5765021620926005 0.9992585778236389 
Car -1.0 -1 -2.245063872347715 405.8346166405928 180.73448040040802 515.9557853902296 230.4814778019808 1.5 1.591871728003025 3.776455906033516 -5.079639380901599 1.7839007826294395 24.14349357511267 -2.4524331251767024 0.9963366985321045 
Car -1.0 -1 -2.1424432217907365 384.0911643061771 180.58991309373693 515.0238393161053 240.06973984876714 1.5 1.6814049825072288 4.16329414844513 -4.747208801145914 1.7452873253847032 20.785293850865127 -2.3669845024731497 0.99369215965271 
Car -1.0 -1 2.2277513236196267 0.0 183.2817440572854 143.55356437931633 317.5232651030056 1.5 1.5520260229706764 3.724963825941086 -8.600422855204213 1.6758405921428372 10.246667114135471 1.529479428133692 0.9899880290031433 
Car -1.0 -1 -2.2948543509477592 452.18361442630265 180.6909368754628 535.7184141049587 217.57296186494017 1.5 1.5993303179740905 3.6873611181974413 -5.201064906270428 1.8661225701384159 31.887027084764743 -2.4565396467831477 0.9858440160751343 
Car -1.0 -1 2.1865353265536833 30.015219572484863 183.75602916488646 187.472467669137 243.72825676931728 1.5 1.6247790798544883 4.169697177410126 -14.343845526017015 1.8478969720624365 20.902452341475897 1.5851123213728489 0.7635772824287415 
