Pedestrian -1.0 -1 1.0113690179799504 522.8755506341905 137.705430603585 622.8819037638453 363.51307721678273 1.8 0.571253665536642 0.70246611982584 -0.33775994236148543 1.4605754476371977 6.082851790205907 0.9558994015071052 0.9999994039535522 
Pedestrian -1.0 -1 1.6271230915417898 518.6152707870931 168.62441855719456 535.8925754424209 220.93508967325303 1.8 0.5614616468548774 0.7337567888200283 -2.7408769212550723 1.3928963719953376 24.705985898667965 1.5166351040217536 0.9999771118164062 
Pedestrian -1.0 -1 2.6630317983623533 563.2753595404065 167.6702783813594 588.2520532073355 221.83128736477744 1.8 0.482810989767313 0.6988504461944103 -1.017556966858868 1.3751545281922504 23.87659577586287 2.620440232749802 0.9999595880508423 
Pedestrian -1.0 -1 2.2234306951129144 562.2722879749796 167.7529544806044 584.9842093113339 221.58371296939774 1.8 0.4963758893311024 0.6217671118676662 -1.0940279612135433 1.375301846509731 24.034347237008227 2.177942740913254 0.9999110698699951 
Pedestrian -1.0 -1 0.7537028029309214 482.13275377680196 134.01588368213143 608.3677088703423 369.0 1.8 0.5814431726932525 0.8167985387146472 -0.5275744775654575 1.465637120837249 5.586910674503386 0.6595515449854987 0.99979168176651 
Pedestrian -1.0 -1 1.0206100180782214 554.7720707507686 138.28600133143976 661.8455636040491 357.7803768013493 1.8 0.5976835757493972 0.8453839018940925 -0.03793924885118433 1.4555230889838935 6.31004991754497 1.0145975788447517 0.9870510101318359 
Pedestrian -1.0 -1 1.5640872242209332 540.2367899040424 168.36641124734615 555.4667344154716 220.6869157456372 1.8 0.5228310383856296 0.5619415573775768 -2.0214074748935493 1.3840969032554067 24.622880144393683 1.4821762283656257 0.958977222442627 
Pedestrian -1.0 -1 1.6383362734137081 528.8870757769593 168.51008045209682 545.7374317526093 220.7312129746942 1.8 0.5406950160861015 0.728485968708992 -2.3926030485846885 1.3882542344885387 24.73806057463404 1.541918679079737 0.8777737617492676 
Pedestrian -1.0 -1 1.319439549539695 492.5054772972508 167.19792629657115 517.8649633311478 229.3026266880611 1.8 0.5677450008690357 0.7748537257313728 -2.9965378451597555 1.4160304964593307 20.95429949712786 1.1773990829798835 0.835979700088501 
Car -1.0 -1 -1.256116900441669 0.0 181.32572427598421 252.88778743053282 369.0 1.5 1.869325202703476 5.351101842522621 -3.158657717825875 1.5093448545356851 3.712071290925128 -1.9611420194294793 0.510185956954956 
