Car -1.0 -1 -1.7980137508414142 733.578906188537 176.40747997620323 895.5997254771039 290.392681330804 1.5 1.581895214319229 3.9442850768566133 3.0160878611622564 1.5673601904160863 11.609399076488435 -1.5438357825067384 0.9999997615814209 
Car -1.0 -1 -1.7164337096269 704.4093370424337 177.54741277391105 794.8502570907082 248.5006398642935 1.5 1.5787378445267677 3.7652628988027574 3.2014622436870313 1.6260708779390585 17.413688696729817 -1.5346165830877168 0.9999994039535522 
Car -1.0 -1 1.8481101331985998 395.6853725605668 180.06830474066354 514.8151331258795 258.91692220974846 1.5 1.5650675192475318 3.9347501963377 -3.3488313859612417 1.6816653198595142 16.111882208118995 1.6431794047316135 0.9999943971633911 
Car -1.0 -1 -3.390530093362024 758.1510498726861 177.67601388495484 856.4985103672985 214.1934293153321 1.5 1.5993372097611427 3.7531087666749956 8.294036643938629 1.7109545655245473 30.681850576412536 -3.126516417660986 0.9999945163726807 
Car -1.0 -1 1.7628365911187789 457.42572338668634 180.02644092627534 544.2643572595383 237.19745195958134 1.5 1.7592542365193367 4.455708575248718 -3.2077187510545464 1.7392373333076885 21.762496638691015 1.6164936900099338 0.9999841451644897 
Car -1.0 -1 2.2292546942616043 0.0 179.91274119721783 330.43379821962327 374.0 1.5 1.6027875736355781 4.086130720376969 -3.719351900311247 1.5713516282700395 5.183534723164542 1.6068589568098606 0.9999802112579346 
Car -1.0 -1 1.8874802678239582 1020.008254309382 173.87900399985259 1176.9245230029776 267.9328381672482 1.5 1.4567355185747146 3.119018164277077 8.838798237072522 1.521102570441316 13.06907881658302 2.482131946082932 0.9998505115509033 
Car -1.0 -1 2.1727301561464327 854.0991426809933 176.14594490503995 982.2010057639505 230.01344972815065 1.5 1.6118154421448707 4.0182753026485445 9.411754483598358 1.6090393091773585 22.06120339980058 2.5759723067244114 0.9993287324905396 
Car -1.0 -1 2.20396835649382 889.3345435382706 175.5923021076126 1037.1457079921124 238.41519361192093 1.5 1.6112369045615196 3.6985921233892443 9.238303459186566 1.5782010467289895 18.93555522600957 2.657874095435959 0.9882981181144714 
Car -1.0 -1 2.085750787537891 941.141275824175 174.8640929064 1101.0375583087596 249.3230436071317 1.5 1.5560364842414856 3.593280774354935 9.21442909827535 1.549948738701783 16.208490626427405 2.602681863304001 0.9882469773292542 
Car -1.0 -1 1.7276634938848874 523.5749334098342 180.08777606118235 572.3105081289732 216.25941586909028 1.5 1.589282651245594 4.105467584729195 -2.799405892665352 1.8509712657218211 32.86491832121778 1.6426894545515598 0.9854639172554016 
Car -1.0 -1 1.7452551859272916 1147.25396898493 171.96818559709448 1241.0 295.52696919165544 1.5 1.5618002533912658 3.54385883808136 9.25043579806585 1.4896041189198046 10.471637776118776 2.4688117384871067 0.9801344275474548 
Car -1.0 -1 2.4408458629053547 822.2283879717652 176.63913612330785 947.5565274327934 223.32345001264196 1.5 1.6064843654632568 3.9185436934232714 9.402127874130931 1.637952264615515 24.81761244033762 2.8029867291410984 0.9199697375297546 
