Car -1.0 -1 3.4462246286602207 161.52197674013158 182.40495345701856 368.395193075682 253.03994830476077 1.5 1.6189631566405296 4.01533232331276 -7.87588159799877 1.735486721724844 16.68540533204264 3.005208718772751 0.9999997615814209 
Car -1.0 -1 0.6338436077052665 0.0 183.391719709008 270.7958961153976 286.80045506345846 1.5 1.6410347566008567 4.075321790575981 -7.893007760276359 1.6818160902582946 11.533358245438887 0.033689304194177906 0.999997615814209 
Car -1.0 -1 -0.3029563224799239 713.2121184416594 177.10781229898527 902.8179442249591 250.34201079061486 1.5 1.5702035769820213 3.6849221706390383 4.177850142395342 1.5982710914860256 15.74091533649596 -0.04352434078720637 0.9999970197677612 
Car -1.0 -1 3.7558334073188258 0.0 184.0213176549711 182.43189308306447 326.37481668095523 1.5 1.547582682967186 4.031120476126671 -7.7441371774247685 1.6511181185451491 8.746912901616135 3.0311677336653293 0.9999943971633911 
Car -1.0 -1 3.3514162587110157 230.29778425881452 182.3109211223582 383.9353828626448 236.37868264845335 1.5 1.5990391865372657 3.989054498076439 -8.979722297779347 1.7982048097435348 21.570035980122586 2.9569330096205295 0.9999841451644897 
Car -1.0 -1 3.3698469732074816 280.62568674831977 182.32440059599486 403.7780247286675 219.8310909333 1.5 1.7306278020143508 4.62246150970459 -11.294405135231031 1.9168470970531386 30.581167490597966 3.0160604596098484 0.9999498128890991 
Car -1.0 -1 -0.3169634497641223 684.2476856005343 177.66274762917587 843.8039865620317 241.1468576078552 1.5 1.564980161190033 3.6210520684719087 3.76818134155227 1.6280430344807393 18.175169015759096 -0.11253388325241634 0.9991124272346497 
Car -1.0 -1 -0.797194729591173 925.1764138018725 169.5869942679209 1241.0 374.0 1.5 1.6777769222855567 4.0738365173339846 4.512870972981893 1.4821767720712944 4.972641702517418 -0.06022949615982601 0.9787386059761047 
Car -1.0 -1 0.7856507562628361 0.0 185.15024498312417 40.60788048964757 374.0 1.5 1.6074175506830215 3.8708320379257204 -7.645928713098805 1.6243602809312634 6.286219296774437 -0.0970344106343133 0.954085111618042 
Car -1.0 -1 0.2565595738691844 285.4264439805698 182.1706661166521 403.29249958072216 229.50477845791156 1.5 1.4894845455884933 3.4332478910684587 -8.853381974953686 1.8235559083915205 24.123103927600756 -0.09518642822769709 0.7253330945968628 
