Car -1.0 -1 -1.3428398385619336 390.73910741911266 181.00736562075917 464.06443225466484 229.86137390824783 1.5 1.5974488601088523 3.8901864111423494 -6.2128782653608985 1.8023598015444597 24.764089460753375 -1.5886489777502162 0.9999995231628418 
Car -1.0 -1 2.67318932536212 866.1089589457177 175.43471793302842 1096.3796637776109 245.35299904371485 1.5 1.6956713542342186 4.359904539585114 8.25105865577458 1.5620458625917049 16.39212759355983 3.1395172953566135 0.9999991655349731 
Car -1.0 -1 -1.6847109601115298 678.1367240837169 178.0329462498309 752.8455030861858 237.83298328934993 1.5 1.62238949239254 4.007562857866287 2.840977738604898 1.6618150884338945 20.469028935825083 -1.5467980625715596 0.9999984502792358 
Car -1.0 -1 2.5769542948040347 913.8059450722438 174.34622195031136 1225.4372272997432 262.21165847738405 1.5 1.706084844470024 4.636006292700768 8.192344317342265 1.5295169426757476 13.220700222236337 3.131704676147324 0.9999972581863403 
Car -1.0 -1 2.008674267277889 189.44629642762666 181.48618938042245 362.5272073119892 275.21832371233614 1.5 1.5519332632422447 3.680449214577675 -6.192121626542251 1.6868720367897003 13.736208533777768 1.5851650118788303 0.999996542930603 
Car -1.0 -1 -3.4583617567889267 800.2493457123622 176.75639176892082 952.4758087137923 227.04431735824352 1.5 1.6183123484253883 4.160196197032929 8.17964593475135 1.626949892140864 22.529398907060386 -3.1100950996067867 0.9999915361404419 
Car -1.0 -1 2.337906642994108 0.0 180.16268308641227 256.67458638382175 374.0 1.5 1.5419532105326652 3.631689262390137 -3.7639989419039885 1.5605599496352796 4.105954963826262 1.5959319949110569 0.999977707862854 
Car -1.0 -1 1.7598116332822902 459.0630594185599 180.83366134943714 507.2741976309588 213.6788403896707 1.5 1.6466027617454528 3.9724549770355226 -6.286337284658202 1.919734761730166 35.9192527311546 1.5865533232649387 0.9999585151672363 
Car -1.0 -1 -0.6576935096874865 1107.6578081677044 173.8084319282697 1241.0 212.69352150799685 1.5 1.7259268581867218 4.433917862176895 22.611595328259924 1.5395661159280698 28.756128052819122 0.008651777109827318 0.996894121170044 
Car -1.0 -1 -3.2932247958200493 709.0812500673047 178.5726205079431 774.3549804039263 201.6903909170473 1.5 1.6650233909487724 4.077368837594986 8.71831194558471 1.888974886037395 48.14210851032412 -3.114071087041174 0.9947803020477295 
Car -1.0 -1 -0.6581380167222913 1057.1388364842192 174.44282570257872 1189.5954247558418 209.44618998097644 1.5 1.7237991586327552 4.7147201865911486 22.634172400048683 1.5728639806505487 31.964596222489703 -0.04199560085800716 0.9891439080238342 
Car -1.0 -1 -0.8013099567924932 1238.8378620603166 171.9226649458775 1241.0 222.42793081819542 1.5 1.846477811038494 4.755829882621765 22.627231084536774 1.4726972779778562 22.374505426767865 -0.010295943417821607 0.9310451745986938 
