Car -1.0 -1 1.8100549833357065 370.95866741275916 180.58246556474748 477.07045311860674 246.0949151121166 1.5 1.7253442227840423 4.420934107899666 -4.849712185832937 1.7304035513548486 19.257740848952626 1.5633529861781257 0.9999997615814209 
Car -1.0 -1 1.7593799433538455 435.5285189883937 180.59946066681877 503.4535618619192 228.83004750109464 1.5 1.5915370106697082 4.001973804831505 -4.835381178303621 1.7911417441769952 25.083125303792112 1.5689417560908454 0.9999992847442627 
Car -1.0 -1 -0.418076789947619 891.7000255852993 175.6160723327684 1075.96058439496 229.3025015411673 1.5 1.723567259311676 4.505455729365349 10.833340461401475 1.5854288737013462 21.239206864933706 0.05358903010817937 0.999992847442627 
Car -1.0 -1 2.093148943267082 0.0 178.76749257751933 448.27965487757376 374.0 1.5 1.7215794444084167 4.412244123220444 -2.724651000817568 1.5629492308869106 5.385043630515383 1.6247396349867405 0.9999823570251465 
Car -1.0 -1 -2.173875004457445 1042.9166373599753 174.72099493790293 1137.5054083235407 212.56038906170454 1.5 1.5955130130052566 3.549458321928978 20.188443825342237 1.5840872849814522 30.566365702521264 -1.5901683858272178 0.9999712705612183 
Car -1.0 -1 -0.12714462908566063 676.8902870743019 178.63606005658525 765.3971853201207 210.62137996594777 1.5 1.6183512777090072 4.067435723543167 5.300819025733842 1.787716558550194 35.000424031861186 0.02316324313613347 0.999947190284729 
Car -1.0 -1 1.9706067286916695 238.77159348287452 180.76610242742362 419.7987106545604 281.70289039072094 1.5 1.5740739673376083 4.044804584980011 -4.898345383815108 1.666505645235073 13.095392280562843 1.6126682639082492 0.9999407529830933 
Car -1.0 -1 1.493127758045494 684.0107517642446 178.44346420188174 733.5058090995097 217.2145840543667 1.5 1.7365828648209571 4.4573070973157884 4.102617286458597 1.7568939800038985 30.840527141828343 1.6253781199415744 0.9996587038040161 
Car -1.0 -1 -1.4953285048350415 616.2626452313898 179.4733434537317 649.2102632156189 206.91278768566082 1.5 1.6608153030276298 3.6349406957626345 1.3366572707241862 1.9053850179003522 42.25120565684182 -1.463703096905027 0.9966943264007568 
Car -1.0 -1 -2.106340217897779 1095.2033284037018 174.19200513715637 1191.464002959598 211.86608261715034 1.5 1.6012169912457466 3.7594108402729036 22.606452887377678 1.561114482785522 30.812489897051673 -1.4733671406891686 0.991529107093811 
Car -1.0 -1 1.783763592785664 469.6457327346517 180.58192867597967 524.2741647588183 218.62098159427097 1.5 1.5657619133591651 3.7886092931032183 -4.855199102833341 1.855010838234495 31.173531587351622 1.629257428642136 0.9661253094673157 
Car -1.0 -1 -0.6417566492567773 1117.998258248884 173.747747288767 1241.0 210.98787724466771 1.5 1.7243292674422264 4.444981601834297 23.958589973354243 1.5387209934268744 30.036725857874988 0.03154556354018621 0.791940450668335 
