Pedestrian -1.0 -1 0.08431639310649541 1019.5491887258967 158.5955077084626 1050.6309968556002 255.83549299585772 1.8 0.5858499117195606 0.4633838802576065 8.039317485606054 1.53642027762939 13.726481751452177 0.6141394813868659 0.9990171194076538 
Pedestrian -1.0 -1 1.6548848600647408 561.49569792631 170.50755325725464 586.3774555622292 228.71937258721314 1.8 0.7192858055233955 0.8062991805374622 -1.1750824091928032 1.727802023264831 22.72291841279439 1.6032173514326633 0.9970051646232605 
Pedestrian -1.0 -1 1.1235360000213204 919.4475961646044 117.62499982657107 1105.4251801109779 374.0 1.8 0.7796746239066124 0.580835298448801 2.2757911843108976 1.4982703510673077 4.251244695177692 1.6150414824446262 0.988349199295044 
Pedestrian -1.0 -1 1.385434919539947 736.7405684869069 171.25437534285135 759.1351785476379 214.77625681421472 1.8 0.7532665997743606 0.9908387929201126 5.750737272325573 1.734199679462979 30.335143758070735 1.5727851271589817 0.9800080060958862 
Pedestrian -1.0 -1 1.0359753097016133 1048.858868419181 114.02925499248869 1241.0 374.0 1.8 0.8660601012408733 0.5148781955242157 3.0363605819324317 1.4888412704355283 4.117885118009041 1.6713371157606662 0.956904411315918 
Pedestrian -1.0 -1 -0.19201513053881603 1018.2356557384031 158.82676234530985 1058.6192600192821 254.60106145042062 1.8 0.5858040906488895 0.567202877998352 8.210407351271245 1.5367273389257419 13.928784841831945 0.34061543544265205 0.9371960759162903 
Pedestrian -1.0 -1 -1.559119316683383 584.7913026355394 171.4682367762872 607.846180858324 222.98626299681789 1.8 0.8055340990424156 0.9537174858152866 -0.5266809527191618 1.7519402951673935 25.687618033160938 -1.5796197448533518 0.8643940687179565 
Pedestrian -1.0 -1 1.671191914670556 548.8274199645352 170.71748528450033 571.6816393373883 228.49628383835076 1.8 0.653700952231884 0.7319147258996963 -1.6158785580767483 1.7337983306284814 22.85106556337817 1.6005959391554416 0.569354772567749 
Pedestrian -1.0 -1 -1.2314711578854618 900.6510156347335 161.63510943896048 957.2114018410941 248.71952418130732 1.8 0.7997544042766094 1.097843286395073 6.844725120877542 1.568467868509674 15.58510150451294 -0.8176482478764397 0.5535897612571716 
Pedestrian -1.0 -1 -1.0220271408471437 571.7095013011259 171.62556411478874 603.3297074306848 222.944553797556 1.8 0.8099316179752349 0.8495190672576427 -0.8465591138274112 1.7572707261278928 25.87427573000729 -1.054733649888311 0.5228255987167358 
