Car -1.0 -1 -1.8099866723556173 691.5069973845136 176.69205423746106 858.0366761967348 298.3432547906984 1.5 1.5635431304574012 3.5660939782857897 2.2158142611157863 1.5675552160419917 10.819194604499605 -1.6079761842873437 0.9999998807907104 
Car -1.0 -1 -1.6724443919470435 643.4327892626338 178.54804210775436 706.6322811944221 232.10342037678961 1.5 1.5652128055691719 3.7980473160743715 1.901821948775291 1.6932308487851506 22.525378802451808 -1.5882139700141293 0.9999997615814209 
Car -1.0 -1 -1.7919083792882677 669.0098752764137 177.91175725810984 763.7140140007327 247.6077262757096 1.5 1.5508315086364746 3.345964339375496 2.427126511348883 1.6352509178914514 17.509308150720237 -1.6541669378664834 0.9999994039535522 
Car -1.0 -1 1.6864041775646812 515.9922379631363 180.24476019158948 558.7645875375783 215.9615184916289 1.5 1.5235206604003906 3.7413472801446916 -3.302403488730018 1.857291993592593 32.961234145291655 1.586546885963303 0.9999983310699463 
Car -1.0 -1 -2.007158054214605 800.1049571742057 173.63012877087792 1236.6329984115337 374.0 1.5 1.5183866515755653 3.159836170077324 2.5569819621244028 1.5079347753968975 5.460061136812556 -1.5691851862382633 0.9999972581863403 
Car -1.0 -1 1.6523390914803329 537.4426688960943 180.16197738913087 573.5308843896153 210.663085453377 1.5 1.5962426111102104 4.04388667345047 -2.893330480413278 1.9106536594011871 38.479875651524196 1.5772895693739475 0.9999983310699463 
Car -1.0 -1 1.7214756334647883 446.72181862275914 180.03166715453372 530.4449365300202 249.31372440504546 1.5 1.5168257549405098 3.4818245589733126 -2.931840663319531 1.6941995060536041 17.732509858399617 1.557620926699366 0.9999902248382568 
Car -1.0 -1 -1.3806426134543563 381.1280368496455 179.77960190354932 511.58136011296517 281.38266087128574 1.5 1.5595537170767784 3.654623639583588 -2.776843840784291 1.640450444821813 12.746929652807113 -1.5951356506582839 0.9999890327453613 
Car -1.0 -1 1.9439924134508613 158.04358051593485 179.20386333129085 478.0980270495354 374.0 1.5 1.598391731083393 3.927637127041817 -2.6273399206575143 1.5831487940704234 7.4159168631434405 1.6035063147505344 0.9999841451644897 
Car -1.0 -1 1.7556841852290075 554.4367424856259 180.05090438507463 592.9151392440331 206.37621185522505 1.5 1.6134080037474632 4.288614776730538 -2.222504589006655 1.967166795783121 44.56458456724014 1.7058539271315158 0.9452390670776367 
