Car -1.0 -1 -1.2153378925583276 696.3921908170719 178.01991379851964 773.8811346428645 226.5616143870016 1.5 1.5139274790883064 3.379584339261055 4.267200528663733 1.6891595450143377 24.526637871150136 -1.0430798689511163 0.9999985694885254 
Car -1.0 -1 1.9796137861000356 188.24338436788494 180.13523720144627 436.32334536770463 326.4857284598089 1.5 1.5688872456550598 3.8347004473209383 -3.6656933599212156 1.616267050610505 9.534884367478965 1.612583386894089 0.9999984502792358 
Car -1.0 -1 -1.5722931826112343 687.3358827346968 177.96015865025416 751.258383777641 238.1707455921768 1.5 1.6145643338561058 3.831321981549263 3.0169797710329602 1.6584671744766648 20.326620814887573 -1.4249438802388055 0.9999980926513672 
Car -1.0 -1 1.0434903036236334 898.5854698602348 173.76905328243961 1241.0 341.05112872311315 1.5 1.7560339093208313 4.532284152507782 5.219939018227886 1.5143638765138974 8.766679548382234 1.58054231404863 0.9999948740005493 
Car -1.0 -1 1.7395724448627006 462.62668282836614 180.05648979155748 540.0690281952114 239.45241279922436 1.5 1.5569661304354667 3.8646391153335573 -3.0530663830522693 1.7258783599338905 20.640739009656617 1.5927226424177707 0.9999904632568359 
Car -1.0 -1 1.8214705658674224 402.3874639024262 180.00959988607895 517.4726805059693 260.27764007385946 1.5 1.5354054540395736 3.8869960725307466 -3.188365031114373 1.6768630344943365 15.814630117606407 1.6225287795027317 0.9999818801879883 
Car -1.0 -1 2.417886552946382 0.0 179.97125887365482 221.97386210636634 374.0 1.5 1.5882917240262031 3.9497683316469194 -3.792779108696369 1.5540234535477155 3.451511065784585 1.5854146361311496 0.999962329864502 
Car -1.0 -1 1.6682919169123007 507.9600029288558 180.2846368700587 551.6129892320652 218.53848456732283 1.5 1.5144922330975532 3.5176558911800386 -3.4058552074315886 1.8352241159949265 30.745410367396897 1.5579656799647468 0.9998795986175537 
Car -1.0 -1 -1.1305217670034062 741.9290325728625 177.7549486608289 813.3963941757409 219.03140517694888 1.5 1.5229657784104347 3.1885283559560778 6.584443863415698 1.7046467881622476 28.35043595714912 -0.902315632500921 0.9943304061889648 
Car -1.0 -1 -0.363906315150504 847.4466013224642 175.0785357654499 1136.7127805237533 266.45681430288164 1.5 1.640644346177578 4.280147191882134 6.590738208816836 1.5434729586605245 12.937093987896777 0.10726873477431707 0.9903236627578735 
Car -1.0 -1 1.4192408054332148 521.1205776143469 180.2234329300215 566.0288198141498 213.2142272715983 1.5 1.6245211035013198 4.031668093800545 -3.399523900880418 1.8892270589506528 35.918339398621974 1.3248759945246833 0.9826545119285583 
Car -1.0 -1 2.1909938426739313 881.4344536068354 176.65571377366436 946.1941605759762 203.58993151518467 1.5 1.61406961530447 3.7669001638889315 17.803909799624353 1.7322265268531145 42.328907227025645 2.5891392111738742 0.7697798609733582 
