Car -1.0 -1 -1.335311603693761 358.9070958167157 180.3520327016974 494.5168000926935 271.6769134516906 1.5 1.6017288461327552 4.031855848431587 -3.3405076743685997 1.4212460740560071 13.820606303811518 -1.5724679653674853 0.9999997615814209 
Car -1.0 -1 -1.5672501139860764 558.876322652172 179.3774132829727 623.0944382665097 237.58892022594713 1.5 1.6559726119041442 3.8148349642753603 -0.5187974794618916 1.3506896684049996 20.44480652457307 -1.5926201837745053 0.999998927116394 
Car -1.0 -1 -1.178745219714939 234.85067823155498 181.8421079980001 362.85668047142866 247.37129425363116 1.5 1.6016021862626075 3.987896677851677 -7.797831548259791 1.4239078041223039 18.451371815436918 -1.578594249733959 0.9999988079071045 
Car -1.0 -1 -1.122636245379281 37.666915474299344 180.53789811283414 427.3977606132589 375.0 1.5 1.5950924277305603 4.109072175621987 -3.1751915251685183 1.4688393275021836 7.031733641974527 -1.5467798459020001 0.9999983310699463 
Car -1.0 -1 -1.2219444322164044 330.8804727055899 181.72021410348404 387.3389863372997 212.50175143347343 1.5 1.5653128296136856 3.708184373378754 -12.721182662208317 1.3307944625401649 36.893425710410774 -1.5539872265097243 0.9999747276306152 
Car -1.0 -1 -0.8262437424347839 0.0 184.6556745630927 119.06970600757768 347.2979704961683 1.5 1.5554048612713813 3.558332708477974 -7.755208764294461 1.4959662592885439 8.405656164309843 -1.5714153141041776 0.9999743700027466 
Car -1.0 -1 -1.3605797755544233 445.9121116560582 180.26794148421635 528.6873530108817 237.2045113977927 1.5 1.584584128856659 3.9313467711210253 -3.4413671137968556 1.3707820069884138 20.935490753742524 -1.5235023545708997 0.9998975992202759 
Car -1.0 -1 -1.5465628501802042 510.37909208070914 180.1877953289607 549.4794981463248 216.76514623894099 1.5 1.5983330577611923 3.726535898447037 -3.388759773735987 1.2949419955114088 31.399060555474605 -1.654072233536516 0.9994634985923767 
Car -1.0 -1 -1.3071799870912337 383.72701960613114 181.14966391306677 446.6177644163714 219.1744305708656 1.5 1.6034331664443016 3.878045317530632 -8.068711616799995 1.3407343700707095 30.295309921947887 -1.5674730218623323 0.9983935952186584 
Car -1.0 -1 -1.0503609737343635 232.05881847806424 182.31031245961464 321.3531105844405 225.87123068155756 1.5 1.5205219879746437 3.3549534648656847 -12.140307117849868 1.4010855750002293 26.48913029751919 -1.4801062727954728 0.9032538533210754 
