Car -1.0 -1 -1.9089515674071367 766.5503468863105 175.0664833803203 1062.116767954744 356.6580263269466 1.5 1.574442584812641 4.241353508830071 2.942484426616232 1.5318402359874188 8.136766756302922 -1.5619553281602008 1.0 
Car -1.0 -1 1.937228939050455 139.38900968587384 179.91840841045195 435.48628455208035 343.2388210848595 1.5 1.7852476358413696 4.4734692692756655 -3.648267895577645 1.6112195697586256 9.069597987472871 1.5547823150965827 0.9999997615814209 
Car -1.0 -1 -1.5684503460853725 611.3942629430308 179.43053888020188 644.6688497881156 209.22089596880346 1.5 1.7213102921843528 4.414050889015198 0.953919942320613 1.8811024216583703 39.541213807051335 -1.544330324107085 0.9999980926513672 
Car -1.0 -1 -1.664554681355279 745.0577831373752 176.90155311880935 843.7957903326436 263.39057068042763 1.5 1.5607668578624725 3.6176888763904573 3.5492572787565213 1.5928995434194182 14.591673088116679 -1.4259497980263574 0.9999974966049194 
Car -1.0 -1 -2.2955496808205433 943.1198468703127 165.13762402688755 1241.0 374.0 1.5 1.550677840411663 3.2863541066646578 3.051765809950708 1.4813717994632025 3.4188419643783257 -1.566820557289992 0.999990701675415 
Car -1.0 -1 -1.4294392857842302 476.4404223632835 180.69768808815226 520.361533820882 210.71681706954564 1.5 1.746370506286621 4.626186800003052 -6.088368459988614 1.955988020162432 39.587741357443214 -1.5820379462700827 0.9999899864196777 
Car -1.0 -1 -2.463712538352362 0.0 183.47838783544103 302.92435612206106 253.01868966270584 1.5 2.2417117401957514 6.665841352939606 -11.244850838894662 1.7793543361832604 17.477147526101536 -3.035436228909765 0.9999750852584839 
Car -1.0 -1 2.308437823504574 0.0 179.77163298857707 276.14965952412393 374.0 1.5 1.5623039126396179 3.745970365405083 -3.513758456350227 1.555722246491678 3.8960520730808748 1.5745868563612522 0.9999690055847168 
Car -1.0 -1 -1.3289612197548466 415.5272374001231 181.26785390640515 467.2854390648624 211.1406484693225 1.5 1.7206496119499206 4.649411377310753 -9.27142145213945 1.992667635143083 39.87971022199078 -1.5573881623011572 0.9992392063140869 
Car -1.0 -1 -1.412194832301042 762.0005795977002 177.01002741940005 850.483338531792 239.1319408626198 1.5 1.70023353099823 4.35557873249054 5.5107196712307 1.6294003445793706 20.066265327173536 -1.144176290431295 0.9991191029548645 
Car -1.0 -1 -0.379904334803836 797.9054099104815 176.92452343438836 968.0404902176814 210.3263197129212 1.5 2.25593229085207 7.151925426721573 12.664253864148915 1.6984438724067006 33.9020588865545 -0.022401885190282543 0.9936683773994446 
Car -1.0 -1 -1.6075420284678807 556.4018075732633 180.17365682878653 583.87057919268 205.3611343673158 1.5 1.6069662317633628 3.6415698498487474 -2.603803039386235 1.9856992906973567 45.95222089573488 -1.664144770303045 0.9301904439926147 
Car -1.0 -1 2.687675235316626 726.7460784676498 178.19258608092082 801.8236958241233 207.27105516576225 1.5 1.5852436915040016 3.6273358881473543 8.258647022314287 1.7969070010513377 38.86925920922524 2.897034275527817 0.5122561454772949 
