Car -1.0 -1 -1.5607115663248243 597.7380314241127 178.94601912056402 659.0479490387839 235.39870453163346 1.5 1.663445171713829 3.48975048661232 0.5093558878831429 1.6953819164274893 21.323762964903892 -1.5368293347444875 0.9999996423721313 
Pedestrian -1.0 -1 -1.6039743920110143 834.6084786131938 145.77511796930295 915.1566574964022 325.69803026416565 1.8 0.7692967101931572 0.8090202257037162 2.7543156874988055 1.529453048693417 7.71819320550061 -1.2612011889603478 0.9999972581863403 
Pedestrian -1.0 -1 -1.9955398816116956 684.673604111701 172.9489531631488 706.7859565964035 210.13166594833731 1.8 0.719339170306921 1.0305146247148513 4.177792235858935 1.805112693718995 35.52965418632286 -1.8784912983563287 0.9999884366989136 
Car -1.0 -1 -2.178453582717636 910.0830403558053 172.19690981600226 1241.0 374.0 1.5 1.6343892112374305 4.217173022031784 4.140394603054472 1.496816978262665 5.9968146185259155 -1.5741777867686493 0.9999841451644897 
Car -1.0 -1 -2.1985314709484634 465.1500734925358 180.4557130147246 548.8772995738069 222.58008940366088 1.5 1.527886514365673 3.373047944903374 -4.0872877373472924 1.8143524715984143 28.059847535954628 -2.3431773940708975 0.9999635219573975 
Car -1.0 -1 -1.7859911524280674 736.3145127127353 177.26708704317173 833.8214803964547 245.1515891443203 1.5 1.5891876563429832 3.6695952087640764 4.200835513053967 1.6219142597441984 18.02611918023267 -1.5570359146830184 0.9999462366104126 
Car -1.0 -1 -0.45834836171853555 860.0508229964017 176.3991138738248 1009.910771088252 208.7414041843186 1.5 2.3890071108937265 6.22732253074646 15.643971775515968 1.6791042036114905 35.06350713164306 -0.03869147697952815 0.9999126195907593 
Car -1.0 -1 -2.238224446863682 526.1963525666233 180.27158490675185 589.9146781072033 204.2388776032559 1.5 1.785413970053196 4.688916590809822 -3.6025462156933994 2.027386246415164 48.93100206893252 -2.3117168704655513 0.9999077320098877 
Car -1.0 -1 2.2280578535604585 0.0 183.05945031477455 176.7496583643053 311.4332004114963 1.5 1.493375238776207 3.4795454263687136 -8.11444623312301 1.6728028148005858 10.44723165668873 1.5676817139002936 0.9999028444290161 
Car -1.0 -1 -1.7974444369764262 58.951802029213965 180.91612630604473 320.5251112256111 374.0 1.5 1.5232321366667747 3.5948457688093187 -4.566402546192466 1.6045915089315608 7.507494179228007 -2.343905047574316 0.9998815059661865 
Car -1.0 -1 -2.190224308590517 437.09074743163274 180.53963576502156 534.0106386392555 228.3100323808378 1.5 1.5088206648826599 3.575364735722542 -4.4087247520738 1.7859888684441534 25.021378840554068 -2.3646324435856685 0.9998767375946045 
Car -1.0 -1 2.127038489938959 136.193855591451 182.1844536764718 309.46472994726105 266.5184702658462 1.5 1.4983455210924148 3.609268230199814 -7.942177085455826 1.719561418800326 15.094804456383347 1.6426880240400852 0.9994398951530457 
Car -1.0 -1 -2.3009142615469527 367.2111752524475 180.46999142504288 523.4672204690331 252.8855205859313 1.5 1.5329814076423645 3.6456296712160112 -3.9677210434045533 1.6971580358803766 16.968557811021267 -2.5306151072171077 0.9987402558326721 
Car -1.0 -1 1.9910838344383412 289.1014135881568 181.84717169858416 381.46002419542117 239.24038172645206 1.5 1.405172099173069 2.96460599899292 -7.89541505466008 1.779247652093211 20.852325714886092 1.6291303515394748 0.9987732768058777 
Car -1.0 -1 -1.93497695425469 781.8430646893243 176.12342395126055 947.6557930276086 275.64540172469754 1.5 1.551866953074932 3.5840048015117647 4.2716790408372045 1.5667010930904373 12.815409659589788 -1.6132351207223279 0.9986194372177124 
Car -1.0 -1 -1.7508436739758915 713.1753322472896 177.8222497685579 789.741019109191 229.42052645449593 1.5 1.7065771415829658 4.102457177639008 4.438610388559793 1.6758484402480738 23.426397239880927 -1.5635928614672763 0.9985296726226807 
Car -1.0 -1 -1.5870921927994772 608.3697855058558 179.4653407873773 642.9240152695327 212.33901757802244 1.5 1.6097086042165756 3.4217468023300173 0.6953729736594321 1.8397462459606928 35.3232943193468 -1.567408774807353 0.9983319640159607 
Car -1.0 -1 2.1708704870113626 33.212342017608975 183.72984069366197 188.39377763259893 244.42034695758474 1.5 1.5824493512511253 4.129898038506508 -14.104224357093218 1.8425810299933603 20.636062436388038 1.5713217139204563 0.997523844242096 
Car -1.0 -1 -0.3089383946406341 762.7956181495698 177.72371961080253 854.3359134816361 209.79358282890794 1.5 1.6772905856370925 3.9504586279392244 9.53202034803143 1.742465685286173 34.94783001316352 -0.04266519943741389 0.996502161026001 
Car -1.0 -1 -1.5311276705947425 0.0 180.4719325813463 100.73009877794003 374.0 1.5 1.6263893365859985 3.839950126409531 -4.09589526594869 1.5603322562269606 3.7487127288903324 -2.360754446187292 0.9815319776535034 
