Cyclist -1.0 -1 1.9224355282849777 286.06360671206244 186.64132379946383 352.77789602159595 267.691191337823 1.4 0.5914983831346035 1.80055410861969 -5.519477537243396 1.6791698141832512 13.679190647497434 1.5389203270289558 0.9999929666519165 
Pedestrian -1.0 -1 -3.3640016248182194 920.0464233810079 164.8288885817543 954.1910932899053 232.9424799482122 1.8 0.522819210588932 0.7376929305493831 8.738280221121906 1.5882826673610222 19.39468669284455 -2.9406902352955684 0.9999873638153076 
Pedestrian -1.0 -1 0.6185921945252117 176.99250042634736 171.29004160850334 224.4814294765679 247.5914488595163 1.8 0.5600795641541481 0.8201838962733745 -9.877661935184648 1.7634630357254468 17.338669479644572 0.10075788100692204 0.9999731779098511 
Cyclist -1.0 -1 2.105119988308049 224.26484739090043 187.85711351572726 320.6133798016937 290.4370751784474 1.4 0.53369892090559 1.7073151215910911 -5.134500573993053 1.6468503103911203 10.976251757056652 1.6675767779310764 0.9999688863754272 
Pedestrian -1.0 -1 -2.2772153474043777 0.0 166.18247945407398 11.006232836009314 285.3447662675979 1.8 0.5561138063669204 0.5935499005019664 -9.891011352262028 1.6995815461721746 11.213553981494279 -3.0000291625645503 0.9999493360519409 
Cyclist -1.0 -1 -0.8848922382417601 619.3096747938173 181.81670492414815 665.2040854757644 221.01916160958413 1.4 0.6895466268062591 1.8813414990901947 1.1843252634326769 1.7488529739049155 27.121620304479986 -0.8412527600911004 0.9999699592590332 
Pedestrian -1.0 -1 2.49201174012744 941.6407969247886 164.05731197676747 977.1711940088016 235.14992652138002 1.8 0.5336266502737999 0.6290621615946292 8.950252639552097 1.5776337303454695 18.590136923828265 2.9407108902891697 0.9995920062065125 
Car -1.0 -1 -1.2325187953369876 463.7450177981843 180.04502935022956 562.6461227878925 226.68976994260262 1.5 2.025319312512875 5.161499467492104 -3.477950578320654 1.7945208093612444 26.778404443382836 -1.3616747419026238 0.9995473027229309 
Pedestrian -1.0 -1 2.8497501195946695 803.5782838972468 168.4856213419824 843.9734369145143 222.73648802235783 1.8 0.4649329025298357 1.214879148453474 7.1113221723898885 1.655418517018635 24.1732382864163 3.1358604311903537 0.9995280504226685 
Pedestrian -1.0 -1 -2.0248563574748135 883.2276812382036 165.91705993080623 919.2132168929709 230.222001031972 1.8 0.6500605054199695 0.8408934369683265 8.27341050181454 1.6061815708376874 20.637238300944066 -1.6435767943647248 0.9990257024765015 
Pedestrian -1.0 -1 2.7710922056627023 808.9050035739313 167.89206057878604 852.9850522548941 225.09924670298145 1.8 0.45646317563951017 1.262491338700056 6.984869383245496 1.6442324716847179 22.97524521006682 3.066230404373032 0.9957455992698669 
Car -1.0 -1 -2.6993485671549653 393.5709299050084 181.62590189319323 468.6042425202567 210.60618020259577 1.5 1.5219603225588798 3.64885390996933 -9.716663814366202 1.9894260415673348 39.11956178603978 -2.9428054849293575 0.9906961917877197 
Pedestrian -1.0 -1 -3.3566249799895482 826.7729340674226 167.60721272966512 865.1404443575275 225.55337554342086 1.8 0.5020613342523574 1.06455362662673 7.3744618415426855 1.6373751918082207 22.712974479220485 -3.0426820079472408 0.9893983602523804 
Pedestrian -1.0 -1 -3.284657795033874 804.9314533435837 168.61419853944477 838.8217134014527 222.3908843009119 1.8 0.5461925201117992 1.0353991322219371 7.139641920613939 1.6584442046460317 24.491333343878296 -3.001001552739416 0.966644287109375 
Pedestrian -1.0 -1 1.583294814620418 0.0 167.51854175912447 32.6913723738244 278.1979973539738 1.8 0.5693345822393894 0.8244371533393859 -10.209839138921318 1.7135863414624122 12.231160719604826 0.8877269466731208 0.7789660096168518 
Pedestrian -1.0 -1 2.2064084756550058 1241.0 107.32067455739886 1241.0 374.0 1.8 0.6627990424633026 0.9627193704247474 4.267848764883265 1.4742975128014957 3.9711710189623433 3.02779995202623 0.7425203323364258 
Pedestrian -1.0 -1 0.7299118706264365 0.0 166.48596424827215 0.0 285.6167179201793 1.8 0.7188532993197441 0.5529740385711193 -10.27519914640322 1.7041403592151902 11.261390158476683 -0.009726838269506178 0.6659924387931824 
