Car -1.0 -1 -1.7906730325889075 722.521849529799 177.05349846861847 842.3872996661552 261.791217756455 1.5 1.569506575167179 3.7601283311843874 3.3398953203292643 1.5976799832760908 14.837414798265439 -1.5692638438802702 0.9999995231628418 
Car -1.0 -1 -1.6868911228089922 679.4777760161663 178.51378965841923 729.1708401478293 219.97341386939488 1.5 1.5377656117081642 3.356986728310585 3.592614298323579 1.735195829184867 28.249160866934037 -1.5603942163896305 0.9999986886978149 
Car -1.0 -1 -1.8699390703244487 767.4600310935539 175.7371124968719 969.8556354081006 310.36234566162926 1.5 1.560242523252964 3.5329470902681352 3.2439519354498816 1.5470114049350563 9.892914770150036 -1.5530805113401753 0.9999979734420776 
Car -1.0 -1 3.4587517560778096 292.3002898213374 181.69394862562226 449.3984379016265 242.11061564977373 1.5 1.5130937591195106 3.6137821644544603 -6.228364522291643 1.7411483725640542 18.892262256313735 3.1402945399244846 0.9999972581863403 
Car -1.0 -1 3.535037326974857 117.87330187504017 182.2096852453293 392.16083756147646 270.65220541062314 1.5 1.6185658544301986 4.265224424004555 -6.44902928047908 1.685643489925754 13.35900689699309 3.085286605354172 0.9999910593032837 
Car -1.0 -1 0.8052113843753197 0.0 183.01554866971574 252.0022863499108 374.0 1.5 1.593668994307518 4.02121716439724 -5.6638441092521274 1.6057249507262925 6.506711744104356 0.08895747264357975 0.9999719858169556 
Car -1.0 -1 0.2207907915589797 398.40021772177505 181.13023234868567 511.5135022559069 225.92551475823223 1.5 1.5235642462968826 3.6214916527271273 -5.407124028960076 1.7986706130149384 25.225542412984748 0.00963489612075261 0.999963641166687 
Car -1.0 -1 0.2797031662726355 338.7955264774261 181.35609344071096 489.33898071264775 235.6168863864106 1.5 1.545088042318821 3.9563546448946 -5.672808706625191 1.7573034153224933 20.99935412012275 0.015858932337488453 0.9970576763153076 
Car -1.0 -1 0.134181071782125 411.4784840309917 180.997374021247 520.2243085395573 224.96924837040459 1.5 1.5938424065709114 3.641343724727631 -5.141601208037833 1.8024524848676287 25.85573150924255 -0.06211550632980891 0.9944532513618469 
Car -1.0 -1 3.3817139052372247 364.09553793638895 181.33928216725621 490.99339538117937 229.73002670981964 1.5 1.5384160473942756 3.7351878851652147 -5.899470632773092 1.7849889317773013 23.418967797453647 3.134938466544968 0.9853384494781494 
Car -1.0 -1 3.3055250298496324 359.4364775935833 181.30778928015775 485.24624118890006 231.62326898171193 1.5 1.5394790589809417 3.6365071803331377 -5.88209342674898 1.7777935481486864 22.748140069194434 3.052492487426621 0.9845830202102661 
Car -1.0 -1 0.24437391597450706 428.08830806651525 180.9664008000598 526.1873160778223 221.2401944636882 1.5 1.550612461566925 3.4880402058362963 -5.173882708687471 1.826345152391427 28.108945220316198 0.06234602530929021 0.9618262648582458 
