Car -1.0 -1 -1.2441449059175027 65.56142811365538 178.95895924485 448.339388871232 374.0 1.5 1.581122961640358 4.207352039217949 -2.6374275817150026 1.573033653565401 6.437992662643348 -1.6329562860217435 0.9999992847442627 
Car -1.0 -1 -1.3226818943809768 347.68951563599165 179.53814317843572 515.3220946970041 297.42958564424777 1.5 1.5761210143566131 4.1215943664312364 -2.658463795384762 1.626061544636332 11.489975996490143 -1.5500533776965482 0.9999980926513672 
Car -1.0 -1 -1.6917520530114951 662.0955280656615 178.460992394758 722.0442833735567 226.42623993244655 1.5 1.5670324236154556 4.101428624987602 2.726427480078036 1.711471546439308 25.103945291863504 -1.5835705251109344 0.999997615814209 
Pedestrian -1.0 -1 -1.2996945524060808 397.1799028259033 168.52972440551918 418.6802818829429 247.5668923287309 1.8 0.36700042225420476 0.47008926309645177 -4.714173521134568 1.7018763733953806 16.665503078106948 -1.575362765756671 0.9999914169311523 
Car -1.0 -1 -1.5087469638160929 544.727624185895 180.1326598574517 579.4536829177906 210.37549822453246 1.5 1.6269010052084922 3.6527572691440584 -2.5485065346827636 1.907166979739924 38.494825494684584 -1.574854367473398 0.9999679327011108 
Car -1.0 -1 -1.8534430157955746 727.5739308006007 175.871339413827 947.641308079921 327.07340269999315 1.5 1.5425121903419494 3.8392020881175997 2.5449933285330775 1.5467422350074052 9.160702515346296 -1.5824603168901545 0.9999513626098633 
Pedestrian -1.0 -1 -1.2002839589670613 366.44225916958544 166.18602939711033 406.337247777687 259.86761728404304 1.8 0.6123392403125762 0.48678131103515626 -4.423140933027927 1.6722393246868545 14.124245387687477 -1.5037694955852372 0.9998043179512024 
Pedestrian -1.0 -1 -1.2267152003604584 394.8769555445346 168.88044913511365 417.56882709799584 245.90016941003208 1.8 0.42119394317269326 0.35679820254445077 -4.863464536288508 1.707493417091548 17.05199941037257 -1.5045520300653321 0.999786913394928 
Pedestrian -1.0 -1 -1.2360970030232816 402.0165990365559 168.3221964913502 426.5238816247477 248.11658297261462 1.8 0.42582662105560304 0.4253172341734171 -4.523109662857177 1.6981295160215644 16.50015101877159 -1.5036498765137536 0.9995299577713013 
Car -1.0 -1 -2.1681522575531496 813.0492485971582 169.33148275383343 1241.0 374.0 1.5 1.580686916410923 3.907770898938179 2.386611206980103 1.4917404870493787 3.7385337935693754 -1.599988033124481 0.9993618130683899 
Car -1.0 -1 -1.7185573270526886 641.9449563909105 179.08377967921868 684.1066435787255 210.3200590650713 1.5 1.6094323739409446 3.9501606047153475 2.662472713696185 1.841585352200347 37.48745627145497 -1.64765335718659 0.9986183643341064 
Pedestrian -1.0 -1 -1.2065320213163107 366.38116490750747 166.4423452086925 401.9287927307876 258.64396441737176 1.8 0.5648787625133991 0.4086946163326502 -4.524504460999508 1.6751867451815876 14.303777381794362 -1.5128890174117429 0.9581620097160339 
Car -1.0 -1 -1.3638547388171132 407.5738175693353 180.11959744559456 512.6605440985032 255.50081761017535 1.5 1.602228407561779 3.8599225252866747 -3.3716780767011207 1.6876770948659745 16.6639444164072 -1.5634932621058566 0.8753448128700256 
Pedestrian -1.0 -1 2.4152914603588824 525.3281328523238 176.49483348390535 538.2216234163099 203.02389238549662 1.8 0.46880534179508687 0.7604972019791603 -5.3967637218791715 2.052429221395952 49.51342053959463 2.306724059577805 0.575822114944458 
