Car -1.0 -1 -2.384095445994025 962.2443509138539 140.60636184865598 1237.0 373.0 1.5 1.624988068640232 3.8989687830209734 3.2126273482742818 1.4439132104105112 2.9673715977539072 -1.5590326935660583 0.999997615814209 
Pedestrian -1.0 -1 1.8766753622078438 265.2897665685072 147.06650891131073 354.1760447209278 350.90403052288053 1.8 0.5899631910026073 0.6976637549698352 -2.7539993113803036 1.497314666415058 6.712888765854983 1.4873594482752936 0.9999970197677612 
Pedestrian -1.0 -1 2.2013595991229256 24.831357389292567 150.09186350933118 134.43305982411042 351.3820454119818 1.8 0.6225598536431789 0.5513402193784713 -4.895491987905964 1.5205189849032428 6.6968420799740285 1.5701200207087653 0.9999264478683472 
Pedestrian -1.0 -1 1.630513230314626 374.9782431104228 155.65686763232407 422.0045330456473 304.4143203981303 1.8 0.538321354240179 0.585089486837387 -2.5882269176306893 1.4886339018267656 9.033503977868724 1.3514742096278327 0.9999159574508667 
Pedestrian -1.0 -1 -1.2264732698339686 216.19865761729173 142.55954858982278 325.99823551623365 373.0 1.8 0.6408139623701572 0.6568260051310062 -2.7477921780949037 1.4995994192040827 5.920550800757665 -1.6609996641662461 0.9998494386672974 
Pedestrian -1.0 -1 -1.1684949069200827 292.4875452031691 142.03726785290652 408.3621653342608 372.06346173223017 1.8 0.7016770102083683 0.6842824190855026 -2.116424409704209 1.4925904336455347 5.981795729609141 -1.508560677119766 0.9994540810585022 
Pedestrian -1.0 -1 -1.009151278907954 168.7610610672313 143.25502746020177 304.9614514928984 373.0 1.8 0.6951638989150524 0.8176196858286857 -3.0835263850924077 1.5028669589783923 6.042799883946365 -1.480989874401365 0.9992961883544922 
Pedestrian -1.0 -1 1.529557834260933 287.53966695313943 147.69861435816685 358.5392188871932 347.30201134074315 1.8 0.6039098396897316 0.6893189184367656 -2.739341333195575 1.4965625519223618 6.912874917043877 1.1522740562770026 0.9925192594528198 
Pedestrian -1.0 -1 -1.0160892359978624 17.814197492210962 146.84888080525826 142.49966610334502 366.8783345549832 1.8 0.6670047089457511 0.5764107711613178 -4.514913092809928 1.5179184927687308 6.186498696221214 -1.6465371782567841 0.9890751242637634 
Pedestrian -1.0 -1 1.205270380334366 330.22152679956434 153.76219832925275 397.0337936740401 315.7674704214748 1.8 0.5383907377719879 0.6630325250327587 -2.8350183128379927 1.493166164825577 8.405655389044043 0.8799764355036872 0.8972602486610413 
Pedestrian -1.0 -1 2.02186849353751 312.3853771127164 148.10038831989365 405.298912153467 342.7957902216328 1.8 0.6226482361555099 0.6940161369740963 -2.4015936165320446 1.492590259196822 7.020719557952814 1.6922736048658908 0.8508948087692261 
Pedestrian -1.0 -1 -1.0857602764452776 0.0 146.5650782852128 96.21924966640876 371.5463742935 1.8 0.7202236473560333 0.5150490932166576 -4.848842790993266 1.5218892880212505 6.0652495928002095 -1.7601636509087426 0.7203144431114197 
Pedestrian -1.0 -1 -0.10078319793003715 341.8929065699831 153.09765763813397 401.7447821142222 318.37252788066655 1.8 0.508724109083414 0.5978628553450107 -2.6662491909532995 1.4920281839671803 8.174215161174986 -0.41608019272354674 0.7012501955032349 
Pedestrian -1.0 -1 0.7486778550121842 335.64004237614324 154.53074558662098 417.62075107265844 311.2101313858506 1.8 0.6040896780788898 0.7295592248439788 -2.7572923114237735 1.49151495663341 8.678787777126793 0.4410583217951911 0.576814591884613 
