Car -1.0 -1 -1.935345171643151 772.7946905305846 175.02327977972703 1061.488156153349 353.48239393080536 1.5 1.5570784479379653 3.8157037019729616 2.981194136422517 1.5302437047541464 8.023149771881965 -1.5795814647015674 0.9999995231628418 
Car -1.0 -1 1.6879961935012693 491.7716727951682 180.12459262289204 550.9583539023474 227.67656192569618 1.5 1.6163360819220542 3.8513461619615557 -3.0706153792489035 1.7745153746759479 25.27616630362452 1.5671059330317634 0.999996542930603 
Car -1.0 -1 -1.7903680523321537 707.9897028216021 176.84457110016155 851.101056367744 280.05123617504944 1.5 1.556066659092903 3.882395711541176 2.7128663867209935 1.5807227465782052 12.5813357983976 -1.5779933790352685 0.9999828338623047 
Car -1.0 -1 -1.846338369402285 681.780615874337 177.7519263226711 779.5034966176393 251.02642981105498 1.5 1.4544947564601898 2.871394392848015 2.61563208748814 1.6225142027034503 16.48129929807447 -1.6889479617264611 0.9999438524246216 
Pedestrian -1.0 -1 -1.787182221085507 773.1290575464003 164.80456594633975 810.5165094120663 241.95085728373374 1.8 0.7223797522485256 0.7312053374946117 4.277858355189432 1.6125460689675244 17.207702051356932 -1.5435203454133612 0.999920129776001 
Car -1.0 -1 -1.6911986273105284 656.1656681474785 178.59770609456493 712.3996682149514 224.3069497379691 1.5 1.555711080133915 3.832558032870293 2.568810379732696 1.723488093779436 26.0942747740564 -1.593071351819907 0.9998598098754883 
Car -1.0 -1 0.2122435208871727 379.5105927801092 181.9487058767055 445.46392855738065 206.35364491789008 1.5 1.5976056948304176 3.798189249634743 -12.56105418023426 2.0905430736667294 45.91863718967783 -0.05477435986069269 0.9998353719711304 
Car -1.0 -1 -1.6305870212145224 636.6744535389447 179.24914272765173 669.1316413537661 207.3044127558378 1.5 1.6132662564516067 4.128237676620484 2.391865313407874 1.8872504794354565 41.58278489033351 -1.5731297676127893 0.999818742275238 
Car -1.0 -1 0.43080942260317046 290.2879291933062 182.8731603812748 358.2493741070895 207.2785198873535 1.5 1.5226131796836853 3.7261592715978624 -18.1826730167035 2.149852570337278 45.91089680645736 0.053719206652368824 0.9996803998947144 
Car -1.0 -1 -1.6622374910013917 648.0161726847106 178.8909609021335 692.4612011976421 216.64615413174448 1.5 1.5582470715045929 3.832261872291565 2.5058179778359113 1.7775633029325055 31.204049853962204 -1.5821051924165828 0.9987567663192749 
