Car -1.0 -1 -1.5711537324017715 593.2640064216221 179.53089182790185 630.4820991835549 215.05570215776953 1.5 1.6061395898461341 3.5683976978063585 0.04159750345836128 1.8215260266793023 32.91935057698219 -1.5698901144813304 0.9999996423721313 
Car -1.0 -1 -1.5604993010574912 571.2605057730896 179.3763685496655 626.0733898105966 229.68102709316292 1.5 1.6676616415381431 3.333040189743042 -0.4022812556589525 1.7289933273734275 23.61798749748336 -1.577530487966959 0.9999992847442627 
Car -1.0 -1 -2.5889695776797774 414.30790270020594 180.90570531296848 524.1039735835406 222.21676291847353 1.5 1.5990708515048027 3.9620763182640077 -5.5423547099903026 1.8312207859064988 28.202976480235968 -2.7830135385182246 0.999998927116394 
Car -1.0 -1 -2.164436100842887 204.2224915117831 181.0806240072493 425.29134660943026 288.58596763938107 1.5 1.5662845715880394 3.7320716798305513 -5.020615312570136 1.6563518141632068 12.00038020102682 -2.5606788555767874 0.9999984502792358 
Car -1.0 -1 -1.6606617140226667 652.6710719000841 178.8149525352135 703.160348949337 212.00469231487423 1.5 2.0292213678359987 5.396975439786911 3.2825960859360492 1.8223634094481638 36.27524779230676 -1.5704161608035234 0.9999974966049194 
Car -1.0 -1 2.191252913690045 0.0 183.0332011284427 188.83662380245897 295.9682847897232 1.5 1.588018101453781 3.989897158741951 -8.955120284239186 1.6974512609161374 11.955682750454413 1.5483752926203864 0.999957799911499 
Car -1.0 -1 -1.7149228420735945 0.0 181.6738268215632 182.10904589169832 374.0 1.5 1.6046725705265998 3.4117235362529756 -5.147227833777572 1.5955357426089747 6.054058374705096 -2.4195394674923763 0.9993927478790283 
Car -1.0 -1 2.3126101784590487 0.0 184.92792449936414 63.04192478080919 259.5175887668938 1.5 1.5068347126245498 3.432104226946831 -14.857011408532871 1.8103980538179851 16.79620984543868 1.588399398322922 0.9986048340797424 
Car -1.0 -1 -1.7742446079065417 722.8819486516346 177.1050187363325 837.9157361494825 258.5398372006444 1.5 1.5919985741376876 3.9351193726062776 3.446839968875759 1.6032066275962713 15.474248311775463 -1.5550757842746121 0.9911020994186401 
Car -1.0 -1 -1.462586060046803 559.1634885794725 180.14150734790593 589.2813426227858 204.08762650090063 1.5 1.6133925437927246 3.8263006627559664 -2.3887066794092093 2.008420814922604 48.34342277915023 -1.5119571099665505 0.9260662198066711 
Car -1.0 -1 -2.5275111706338285 491.6357449176685 180.68379926047345 552.5210233460197 207.6343476308255 1.5 1.4953252419829368 3.2934437066316606 -5.209246777385764 1.9763866246772466 42.42785878739379 -2.649678663411413 0.750224769115448 
