Car -1.0 -1 0.6221688928842248 0.0 182.670241390758 318.02157836278496 308.9186763951678 1.5 1.5619371578097343 3.7548939257860185 -6.12581773451896 1.642806754957869 9.587442877582914 0.05360679229232244 1.0 
Car -1.0 -1 -1.670350726029292 636.3884303498141 179.24591771024336 671.186378617709 207.22897338361736 1.5 1.60439373254776 4.006706041097641 2.44514853230536 1.8872686398518044 41.63837742022848 -1.611694653579269 0.9999966621398926 
Car -1.0 -1 -0.18877212159775827 710.8721389112238 178.02379379142346 824.7544040015999 217.7850633456797 1.5 1.6825849682092666 4.122687739133835 6.085643093854232 1.7097689443385968 28.33632478355488 0.022779150805200852 0.9999970197677612 
Car -1.0 -1 0.28647020915672416 340.9430460336895 181.50376178490117 483.58430611788395 227.67125145440684 1.5 1.6908104091882705 4.4051195055246355 -6.725416562949485 1.8067240186769402 24.663580330453545 0.02025644381972722 0.999990701675415 
Car -1.0 -1 0.7278431019620524 0.0 182.99603949356958 251.03886629453078 341.42919757783676 1.5 1.5169060349464416 3.3176692694425585 -5.973345625990079 1.6227558058852505 7.823251819936878 0.07573418220015936 0.9999915361404419 
Car -1.0 -1 -0.4508675591940723 842.2714608835103 175.21553889352322 1112.260688808015 266.0683459131973 1.5 1.6120700657367706 3.956138950586319 6.297341971576448 1.5448560153981359 12.772867556824878 0.007184429964746752 0.9999872446060181 
Car -1.0 -1 3.504681440411754 194.69791422882574 182.00670760425606 408.40017150324906 259.7357144230295 1.5 1.5827607855200767 3.765036028623581 -6.329910101579882 1.7013662115719737 14.98361720627247 3.104968059059006 0.9999852180480957 
Car -1.0 -1 3.570887488368424 100.04969909863648 182.52657562188548 337.51673577495325 275.71344178054187 1.5 1.5387958407402038 3.3269266158342363 -6.776403799498565 1.6818324769569926 12.663514289988104 3.0795460820158542 0.9999799728393555 
Car -1.0 -1 -2.741587819702297 232.01837647511638 181.96271796654625 425.68103494726427 248.06532951021782 1.5 1.6109662622213363 4.066353526711464 -6.760811282205602 1.7319857094385747 17.477497266980023 -3.1106890002873286 0.9999765157699585 
Car -1.0 -1 0.625577744314872 0.0 182.47195419140166 349.16048119175014 302.4769462560484 1.5 1.6457051530480384 4.260105130076409 -6.153985972976268 1.649177923112538 10.168510019249277 0.08134321769210272 0.9999557733535767 
Car -1.0 -1 3.4225558927974884 319.7557014987842 181.63197354194713 462.0588775061639 233.22995439209228 1.5 1.6182795658707618 3.8725277900695803 -6.672454235867274 1.7792591600364445 22.08951337341138 3.1292062878569187 0.9997885823249817 
Car -1.0 -1 0.8307170917500459 0.0 183.6790506539811 179.2579175757317 374.0 1.5 1.5625760450959205 3.7938723832368852 -5.568786819288632 1.5919466060405334 5.2845976285571306 0.01914052566024236 0.9996826648712158 
Cyclist -1.0 -1 1.6366827515326183 548.2714760137608 182.26652356878367 560.6823186153988 209.8938431864131 1.4 0.5491831831634044 1.5819056451320648 -2.9462236681223484 1.9051096782759227 37.896015091261695 1.5590938766810554 0.9996966123580933 
Car -1.0 -1 2.8497851875387585 731.73492407173 177.5682103545308 864.0126102097727 226.5006209476475 1.5 1.5959343433380127 3.808652472496033 5.919824048439835 1.657425270637435 23.160940640457603 3.100022900100571 0.9993613362312317 
Car -1.0 -1 -1.918715683840806 770.718155937321 175.02253808748375 1044.4026018577065 357.54925495471025 1.5 1.523325641453266 3.331439805030823 2.7777026081846405 1.5283153144192285 7.632982659346228 -1.5697048865866405 0.9948288798332214 
Car -1.0 -1 -0.3475623573553548 774.3587544767462 176.71232450627264 951.7130550445422 239.5435500839148 1.5 1.5786583095788955 3.9036503553390505 6.223185655806704 1.6018090816263324 18.146687124021426 -0.017192796864782058 0.9888189435005188 
Car -1.0 -1 3.30005003230677 434.0931158127831 181.14796012867046 520.1878313939751 212.51616325903728 1.5 1.5910219892859458 3.9997181415557863 -6.577994431369486 1.9214410083048816 35.787704036001735 3.1182730078657688 0.976402997970581 
Car -1.0 -1 -0.1819244947481247 716.1210708083582 177.90613858544285 831.224564162701 221.31903937263732 1.5 1.602494765818119 3.8139554232358934 5.785386785236221 1.6885397638636426 26.001823353969595 0.03700844844314031 0.9603537917137146 
Car -1.0 -1 -0.332507761386748 811.365439968829 176.04970763618252 1009.4998586153308 252.3009763926047 1.5 1.5988778814673423 3.50869060754776 6.1389447760439895 1.5714384876932128 15.155949011998025 0.05234603484603337 0.8310462832450867 
