Car -1.0 -1 -1.2956672850193192 348.51992342791806 180.83405840493592 461.524221954584 251.31502457712793 1.5 1.5855782225728035 3.944024679064751 -4.763917660869712 1.4078796299912135 17.271894327261467 -1.56479481008393 0.9999997615814209 
Car -1.0 -1 -1.3842258876775395 449.1326165211928 180.52949534899992 510.8515873461281 224.06768369881007 1.5 1.5788373097777366 3.775507074594498 -4.697412068133202 1.339679719791364 26.65983152416985 -1.5586338304590923 0.9999986886978149 
Car -1.0 -1 -0.9970513695744982 0.0 181.88519818277942 343.3200292449052 370.5389907001026 1.5 1.5565142527222633 3.469105672836304 -4.297888802047011 1.4746501381202302 7.484903682395111 -1.5182899581876141 0.9999970197677612 
Car -1.0 -1 -1.2538045026821405 305.74502524754 181.6227824954925 390.61602008935773 229.74622424666225 1.5 1.6102359190583229 3.7301922708749773 -8.701573087863814 1.389140575398264 24.289010780356023 -1.597811275222574 0.9999831914901733 
Car -1.0 -1 -1.139712197082171 211.82061790873817 182.40834302419984 308.2041052936909 228.19741375102384 1.5 1.615854774415493 3.8342932730913164 -12.236072174746118 1.4091652918296453 25.47551883792112 -1.5874817232277734 0.9999322891235352 
Car -1.0 -1 -1.065387610669738 128.5045462424892 182.5158804230837 295.98831886847194 260.8546172448957 1.5 1.580587637424469 3.692854431271553 -8.427066300824878 1.44943611275013 15.615246544775472 -1.560264657312308 0.9999213218688965 
Car -1.0 -1 -1.54301904454767 576.7055006874959 179.7150048705978 611.4562375717709 210.85208154488546 1.5 1.6626963883638382 3.771762040257454 -0.6807320830081224 1.2361403473438553 36.51984719996292 -1.5616569445144874 0.9929388761520386 
Car -1.0 -1 -0.833463952423821 0.0 185.10549004707752 77.68120552738085 286.26207422926944 1.5 1.8345971152186393 4.834488269686699 -12.368328805607646 1.4994969641007296 13.090620727095427 -1.590498878681336 0.9698408246040344 
Car -1.0 -1 -1.41671711696846 445.135658588846 180.86489449541702 483.48250641079255 205.4874480274649 1.5 1.752588202059269 4.409265753626824 -9.149800615146884 1.2360812749623584 46.028353623616724 -1.6129452707853658 0.9625617265701294 
Car -1.0 -1 2.177806035173374 22.14109981248053 184.05466623919733 129.83461421486953 223.34548342853373 1.5 1.5359247595071792 4.004076358675957 -21.682623417995583 1.4568066304446132 29.462237323086896 1.543360157808985 0.7428768873214722 
