Car -1.0 -1 -1.3541097978589698 423.28565795442626 177.62839801229362 516.9074635832093 242.55963914071444 1.5 1.56793003231287 3.9004503309726717 -3.4026042100844567 1.43526961859393 18.303769129385923 -1.5379081303861482 0.9999960660934448 
Pedestrian -1.0 -1 3.4653566039395876 342.0987692693438 170.82976320093448 373.7052493571957 223.1733562417231 1.8 0.5245765231549739 0.9190637178719043 -8.613567592931213 1.4689912808522265 24.577534118282212 3.1282675147017063 0.9999979734420776 
Cyclist -1.0 -1 -0.25765976053012873 882.5540606001892 175.55195115936792 948.0997918193497 222.34770785378728 1.4 0.5491167798638343 1.746620287001133 9.410767170628908 1.2535305210514711 21.5532681671551 0.15401880343886784 0.999993085861206 
Pedestrian -1.0 -1 0.3589097773557568 397.34938150501006 169.36725953922254 431.84072049841694 225.86172403642206 1.8 0.600184828788042 0.9263817712664604 -6.183382473770363 1.4468435226931537 22.865280873975482 0.09480027755233221 0.9999935626983643 
Pedestrian -1.0 -1 0.14931980686631904 407.5201202178192 169.17249768199687 440.72500145859686 226.06457718482272 1.8 0.6073356166481971 0.9553655542433261 -5.835197639385224 1.4431619704815957 22.716028475879423 -0.10211964050797054 0.9999908208847046 
Cyclist -1.0 -1 -0.46656461354363943 679.3488845364818 177.25835338729672 716.8376529976227 205.8430143521397 1.4 0.6659666568040847 1.7382007583975791 4.623157116582937 1.2426694134478449 35.22536122092573 -0.33606536785629815 0.9999901056289673 
Pedestrian -1.0 -1 -2.5176301183425807 339.8829899659887 170.58899716833787 374.34634036939235 224.36308157860446 1.8 0.5715259842574596 0.953413874655962 -8.466566578749692 1.4697843051425143 24.070890338826782 -2.8558494607594356 0.9999648332595825 
Pedestrian -1.0 -1 0.7260567970612266 527.8362585798061 168.57131831174138 561.3665885440552 219.76688189079007 1.8 0.7062855668365955 0.9798810377717018 -2.200392817222786 1.3821238069895505 25.43017365716959 0.6397449215266364 0.9999641180038452 
Cyclist -1.0 -1 -0.38976911364711975 815.4032513369101 175.9999016128196 867.8437573931831 213.99107953982758 1.4 0.5844755589962005 1.7673420280218124 8.80264524036901 1.2356850906258838 26.40181508082161 -0.0679490129139764 0.9999903440475464 
Cyclist -1.0 -1 -0.6213241491010644 293.73353574017983 183.08842513343296 358.1770045690899 231.3746932307426 1.4 0.6451493620872497 1.7842254161834716 -8.500731634279925 1.4837291195967126 21.51834646256358 -0.9975523511555535 0.9995759129524231 
Car -1.0 -1 -0.6609920953263103 1048.7064848182483 169.74453728908605 1167.560369810695 201.5488147494033 1.5 1.7592102780938148 4.588325557112694 24.345454077618445 0.9941836373829699 34.32164890531436 -0.04403026501205989 0.9981142282485962 
Cyclist -1.0 -1 -1.7626538003570247 811.2237077024507 175.6788034495395 835.0516816694084 206.22148723535926 1.4 0.7455532930791378 1.771479707956314 10.250163399820133 1.1804657574708328 33.3247447784443 -1.464253672459398 0.9980652928352356 
Pedestrian -1.0 -1 0.19493610173520154 248.00935896251042 172.85634633098334 274.30480358865765 220.77406347194372 1.8 0.5785267360508441 0.8054393835365772 -13.120629582295408 1.514382755834733 26.937441301192056 -0.2583204070713861 0.993026852607727 
Pedestrian -1.0 -1 -2.738737371140668 418.2177019870466 169.9215901850213 450.3337683406915 221.74982595878015 1.8 0.5991223759949207 0.9419397011399269 -6.042421660809099 1.434141429930567 24.92376895567927 -2.9765845100071773 0.9817721843719482 
Pedestrian -1.0 -1 -2.6214318546220046 347.80691870912625 171.09872893067674 382.1463026951503 221.34633902254308 1.8 0.6402892552316188 0.9980210594832897 -8.758987588188894 1.464745514958553 25.732882173279222 -2.9495119611409053 0.9660914540290833 
Pedestrian -1.0 -1 0.2369856527078047 251.46915862096114 172.91820293876808 281.18100200456394 220.0902245875684 1.8 0.6002447128295898 0.9232838198542594 -13.126690311736269 1.5122002302743343 27.36463096067478 -0.210286811986242 0.8753199577331543 
Car -1.0 -1 -0.6536764874089651 955.3924214194104 171.0512623986227 1056.1108840961792 202.99151722524172 1.5 1.6914448261260986 4.062691566348076 19.39938087194645 1.0577118275760615 34.31932853112888 -0.1391920606282098 0.8653551936149597 
