Car -1.0 -1 -1.7246359902191983 687.0839868978201 177.77309271107873 774.4277691219335 247.6011278684106 1.5 1.548706230521202 3.4262950092554094 2.768575526003253 1.631069919442623 17.45442048465782 -1.5673290661678208 0.9999998807907104 
Car -1.0 -1 -1.5411662352572828 583.3122750653117 179.2542969092868 637.2129518821325 229.0646686676926 1.5 1.6585119560360908 3.3652978509664537 0.011509692524202374 1.7272693411383986 23.871283662690963 -1.540684078880821 0.9999997615814209 
Car -1.0 -1 -1.4609061632792841 518.9792711641827 179.94852268538756 573.6492710440589 225.26614804438455 1.5 1.5943632021546363 3.636554864048958 -2.2963765981616047 1.7769405348775766 26.290733016800573 -1.5480305245753867 0.9999980926513672 
Car -1.0 -1 -1.5835213184407084 594.2980807477084 179.60296816566213 628.5140241591046 212.03281849974394 1.5 1.618993890285492 3.5991432636976244 0.0051214937677150464 1.8534202263306794 35.93384144652532 -1.5833787928011758 0.9999750852584839 
Car -1.0 -1 1.0480758968887194 264.61038752086 181.3400627346306 417.95411232283533 259.30912373530333 1.5 1.5291864544153213 3.7099706500768663 -6.082533759115057 1.7096797070154381 16.029011214057466 0.6853918274256843 0.9999630451202393 
Car -1.0 -1 2.253420688592934 0.0 184.5074362088761 98.72572411569365 256.47607077350324 1.5 1.5965361639857292 4.106271502375603 -14.872038043726809 1.8207214621433023 17.76867544706666 1.5565337379786628 0.9998960494995117 
Car -1.0 -1 0.8231572692887361 451.9096392786537 180.81216987942196 531.273882647716 212.47266561596862 1.5 1.6261198118329048 4.156327483057976 -6.153918544324922 1.9302545073946533 37.05953005930168 0.65860383113357 0.999785840511322 
Car -1.0 -1 0.9122203388329106 310.49708000634246 181.2328846271047 452.75484140284414 245.40256071305043 1.5 1.5794966861605644 3.791855138540268 -6.116235220144904 1.7414830404064439 19.03761312117152 0.6013647755000251 0.9997689127922058 
Car -1.0 -1 1.2095202796538838 0.0 182.34251042896392 229.32463391058124 342.88266192154316 1.5 1.5011169508099556 3.8392575949430467 -6.40386541755047 1.6354582385826524 8.603369104669316 0.5696489055964606 0.9997021555900574 
Car -1.0 -1 0.9681332886756537 390.45517197993087 181.05167066509347 487.11894260875505 225.60595865026053 1.5 1.5420960754156112 3.9224261909723284 -6.468622586424375 1.82703882424166 26.86667355032428 0.7318627079341071 0.9996497631072998 
Car -1.0 -1 -0.88198984918839 0.0 178.69231682020825 354.2247720048463 374.0 1.5 1.525307123363018 3.3265004426240923 -2.656826062167013 1.5416083821702746 3.411890568844689 -1.5436049821462972 0.9995326995849609 
Pedestrian -1.0 -1 -2.897314457200893 769.9621981683845 167.90870472457507 798.487093067308 228.1080164555499 1.8 0.694383729994297 0.7011130943894386 5.279367080315455 1.6524901480814973 22.041460331807478 -2.662223533788 0.9940209984779358 
Car -1.0 -1 -1.3369721335442084 642.0250811574041 179.15777108331903 682.9491017711428 207.46819377756924 1.5 1.5722254782915115 3.3930236965417864 2.980248975476792 1.873979199262659 40.90780344946238 -1.2642477909710748 0.9916099905967712 
