Car -1.0 -1 1.7981427986075922 388.8741837138954 181.1751416991837 454.1995207559881 226.6043986540294 1.5 1.5204839900135994 3.658214819431305 -6.842608682679453 1.8255612469382416 26.34731182862837 1.5440482338282722 0.999998927116394 
Car -1.0 -1 2.1711518236881577 0.0 181.79317493548353 259.68363483750375 345.15483171405475 1.5 1.6762881100177764 4.216516998410225 -6.256087406011861 1.637723407985661 8.969444814328996 1.5621132095667976 0.9999821186065674 
Car -1.0 -1 2.9458965990674466 703.8744221143331 178.43793979414795 792.8116260737052 205.59083393460782 1.5 1.678502795100212 4.733503845334053 7.789536391740245 1.8248549027103849 41.06892473946064 3.133339869972092 0.9999810457229614 
Car -1.0 -1 1.7317553743597929 489.5209245409381 180.35307900945764 543.538947524263 218.17105011612787 1.5 1.6896553829312324 4.222550851106644 -4.056822240274709 1.8510580803781784 31.60231197501445 1.6040825724562229 0.9999488592147827 
Car -1.0 -1 2.926066648475256 692.9652484733094 178.5812697131351 778.3846880583125 204.03637242788096 1.5 1.8029097959399223 4.854084414243698 7.580737404911567 1.8574783944055895 43.9790154055716 3.096760976310593 0.9999276399612427 
Car -1.0 -1 -1.5857852015618623 631.3332274915456 179.43644364323075 656.4636604874316 203.51617768329905 1.5 1.6027039408683776 3.942135211825371 2.1922303729958146 1.9567409500299338 48.0292484026663 -1.540173205607806 0.9998588562011719 
Car -1.0 -1 1.952026538497963 218.69892063988763 181.39366652067903 377.1142000630451 264.94901750342024 1.5 1.6526507705450058 4.187808048725128 -6.519821285229919 1.7086557758346088 15.489069555094643 1.5536078651759284 0.9586784243583679 
Car -1.0 -1 1.412256622100006 524.6072154266436 180.40392340013108 559.0679006046564 207.261705987711 1.5 1.478414286673069 3.79061536192894 -4.177686206383994 1.9761843908393681 43.4511429809503 1.3164045055720466 0.9541356563568115 
Car -1.0 -1 2.604520415089973 880.1476506127235 176.47826470050612 992.2410730917463 202.44634922449592 1.5 2.021327663958073 5.947667968273163 19.533410253151548 1.725077544565371 43.39301799050274 3.027499902244431 0.8070721626281738 
Car -1.0 -1 1.5769767931103273 472.99631260819865 180.90889661475458 503.08639554844575 209.39715484412338 1.5 1.6132191315293312 3.7029440075159075 -6.962024193092084 1.9805293082887645 41.05260484143904 1.4089872082087653 0.6544070243835449 
