Car -1.0 -1 -1.760041307441765 707.0586283289039 177.13992525613313 826.4917904175365 265.1229520969945 1.5 1.5661674112081527 4.011363026499748 2.935336731302703 1.5985155463948222 14.508453519945052 -1.5604168763991935 0.9999998807907104 
Car -1.0 -1 -2.164027292559803 875.5186878272635 169.86574724721038 1241.0 374.0 1.5 1.572142031788826 3.8988305747509004 2.9846161798085618 1.4908459927510176 4.257379667141353 -1.552600101628576 0.9999982118606567 
Car -1.0 -1 -1.716982281980417 695.1652367644064 177.84930606036295 772.7697941995197 240.2744562448136 1.5 1.534944263100624 3.509987381100655 3.188024673065453 1.6468227558765658 19.385465279670157 -1.5539868688818557 0.9999973773956299 
Car -1.0 -1 -1.7267032699164278 658.3733647463316 178.80315716630557 706.6615101858441 214.53550039236873 1.5 1.598343488574028 3.8645072400569918 3.2061892331222355 1.7881037671848312 32.920357622118054 -1.6296171630409104 0.9999972581863403 
Car -1.0 -1 -1.5748744953563183 602.2751597504625 179.7129059669736 628.396489890184 205.15848826701608 1.5 1.5754132091999054 3.637838971614838 0.2928426230942162 1.9486332736241894 45.33380315706835 -1.5684148884054763 0.9999924898147583 
Car -1.0 -1 0.45622250031383804 78.344139212067 183.64756464734688 261.6628142057337 243.38595675201054 1.5 1.5711984157562255 3.923272204399109 -11.768428166663748 1.8051564082453768 19.416467547764206 -0.08867426315811702 0.9994828701019287 
Car -1.0 -1 1.92872819238292 432.7158931788541 181.01322531818727 491.54137268267795 215.02906501405516 1.5 1.536816407740116 3.820011255145073 -7.0957721374782885 1.9164208789724482 34.78408698231836 1.7274944663008274 0.9946744441986084 
Pedestrian -1.0 -1 1.4132116859615045 704.3204323221421 172.19047392834273 719.354472766261 212.42310932904348 1.8 0.5728882297873497 0.6765148162841796 4.5612833118340745 1.7706717296537988 32.62225067654072 1.5521322925898688 0.9898642897605896 
Car -1.0 -1 -1.596338018658482 654.5679353096783 179.04937186735478 686.8416498268086 209.3358334806375 1.5 1.607690241932869 3.586358812451363 3.1466531139717935 1.8451674356959464 38.31953576249871 -1.514405687400375 0.9764770865440369 
Car -1.0 -1 1.674098985369354 486.66908908337564 180.87238404686266 517.4298505338824 205.12880755654655 1.5 1.636793141067028 3.7776297450065615 -7.143317812412706 2.053098941389722 47.81219389633074 1.5257922848078864 0.8938556909561157 
Car -1.0 -1 1.7104529701476892 459.65404051661244 180.9754793804927 497.2223064066337 210.10103070302415 1.5 1.5295606598258018 3.947688502073288 -7.327601004459063 1.9762889817091498 40.27742694696947 1.5304929455134528 0.7614369988441467 
