Car -1.0 -1 -1.9464038357524918 6.994574462585435 181.74959990206554 292.85662172132686 340.20488453722606 1.5 1.5908873200416564 3.8777972131967546 -5.757476871916937 1.6306349763571784 8.795247654288051 -2.526014582314764 0.999991774559021 
Car -1.0 -1 -1.591127470853657 593.6794824956132 179.04854656423967 651.1898214860861 233.13386072116776 1.5 1.629892972111702 3.732227769494057 0.2916848279973138 1.7079811273737968 22.3091381004111 -1.578053536419992 0.9999600648880005 
Car -1.0 -1 -1.4229663973229627 470.2206453777046 179.67871797718146 559.9940809695519 251.18140092396305 1.5 1.591535334289074 3.844427925348282 -2.2249596957114224 1.6836986544257198 17.44234793601142 -1.549841986098562 0.9999501705169678 
Car -1.0 -1 -1.5158980928059704 593.6201614240458 179.51343116461427 631.9020474961744 214.5619407796426 1.5 1.5799379467964172 3.5818322122097017 0.13460556439332397 1.8256604132760312 33.40889886834719 -1.5118690813567979 0.9999390840530396 
Car -1.0 -1 -2.113471509094066 780.0672298588488 173.03456982839415 1241.0 374.0 1.5 2.0338356986641886 5.624903228878975 2.978096264357154 1.502411651748446 5.357290980966876 -1.606112943091665 0.9999376535415649 
Car -1.0 -1 -2.0427222441117747 189.00412198260904 181.2240356780702 394.7590150672583 291.5351440340408 1.5 1.555969987809658 3.6930600672960283 -5.350156689569432 1.6581202281876115 11.83648830810713 -2.4672426144268855 0.9999113082885742 
Car -1.0 -1 2.1852723838539245 0.0 182.57674485264428 244.02915657489322 284.48200830498234 1.5 1.8639814600348472 4.837940868735314 -9.110326915579583 1.7154608119644394 13.521806808275702 1.5923814654310764 0.9998725652694702 
Car -1.0 -1 1.064445347505655 325.4802058504381 181.18934403754648 447.8436259583118 243.61948444260324 1.5 1.5755482509732246 3.7041670203208925 -6.197707083041641 1.7489842076864683 19.67291298215629 0.7592503269526617 0.9998455047607422 
Car -1.0 -1 -1.7364885070017828 687.6193689713974 177.72580954019193 778.8564027489574 247.08196302928772 1.5 1.569489811360836 3.861737859249115 2.8715769850889608 1.6336944546221959 17.809620039463688 -1.5766269565236313 0.9998049139976501 
Car -1.0 -1 -1.6860266516245808 677.4010017473433 178.33387464455936 736.8054822202585 228.26027184454645 1.5 1.5451377749443054 3.3436241120100023 3.0788858547928735 1.693354649218386 23.726920107696575 -1.5569843212750298 0.9995991587638855 
Car -1.0 -1 0.9029507788104973 426.1017640740301 180.86938117364505 512.8850901962314 220.80673181263734 1.5 1.5105601891875267 3.7176630020141603 -5.843690890606373 1.8489594260956255 29.595484217497415 0.7080063064906257 0.99932861328125 
Car -1.0 -1 2.000640061750672 239.9257215610217 182.900541667643 308.65775938769036 219.79012815460246 1.5 1.5093997612595558 3.3193165928125383 -14.806974951306458 1.9677975291294107 31.905389974283867 1.566130801043238 0.9989821314811707 
Car -1.0 -1 -1.824348868519404 717.5935343963941 176.71905927706118 872.9310418079006 278.49776915263607 1.5 1.6496122375130653 4.003326085209847 3.022654698829624 1.5797734470179554 12.803628335189865 -1.5925155906614405 0.9944543242454529 
Car -1.0 -1 -1.676749298184218 641.4434281309177 179.22308824595217 675.668794882657 206.8798597489963 1.5 1.5910085782408714 3.7005873888731005 2.74103895189756 1.8866493410956884 41.8781944942533 -1.6113898726787907 0.9924998879432678 
Car -1.0 -1 2.3505772251595376 0.0 184.363638003929 16.36426116104506 348.2794168540192 1.5 1.4918623983860015 3.4059474736452104 -9.211531982059796 1.6648311090018024 8.57570788225813 1.5294481952998298 0.9753370881080627 
