Car -1.0 -1 -1.584627124212456 583.1073200347644 177.91537539942797 700.9571016869733 289.968802447034 1.5 1.6073870033025741 3.7714122354984285 0.4239643132149936 1.5960179573939701 11.731179412849606 -1.5485028895225865 0.9999990463256836 
Car -1.0 -1 1.8818916424073981 384.620460736929 181.49529017048087 442.94193056347575 213.87331596091926 1.5 1.6066119566559791 4.384789851307869 -9.96985769684292 1.9682849551802353 36.8410559694276 1.6176037669142307 0.9999958276748657 
Car -1.0 -1 1.8294869545996117 421.0787094364467 181.37763875817987 464.91683821740173 208.58307398172147 1.5 1.5786661326885223 4.00324487388134 -9.944020083125228 2.0331724791722845 43.075042283841846 1.6026081919630588 0.9999939203262329 
Car -1.0 -1 2.0687802946181275 174.5647597540029 182.50321634866734 305.57592469826557 243.22575341467268 1.5 1.5651003018021583 4.034159567952156 -10.382304128495363 1.8019249434444158 20.508310333607593 1.600146281715256 0.9999936819076538 
Car -1.0 -1 2.205931323615098 0.0 183.50637530382522 158.60201258139838 281.22862721032703 1.5 1.6006192684173584 4.183654722571373 -10.653339962104384 1.733065406753837 13.646486650031308 1.5430914600703376 0.9999933242797852 
Car -1.0 -1 -1.302019651047479 844.938417579321 174.18991542015775 1103.1374504997646 345.0138052663616 1.5 1.6154785200953483 4.13531908094883 4.373542381194201 1.5197974244052492 8.431033050258968 -0.8234900395062311 0.9999734163284302 
Car -1.0 -1 -0.9903119418390633 675.0166659917401 178.63284460286977 739.8911431547539 210.12439690164652 1.5 1.574251663684845 3.601878371834755 4.988953719200915 1.8111802563148947 36.9300131260542 -0.8560327450421197 0.9999037981033325 
Car -1.0 -1 -0.9229001543554198 694.042767664375 177.95822818162156 797.3152303778671 223.82927545476866 1.5 1.6331807270646095 3.886442866921425 4.882091998418078 1.6973051374630364 25.927428000921502 -0.7367810765889031 0.999736487865448 
Car -1.0 -1 2.202067998806056 279.1813026371008 182.57624181472443 348.52609408113557 215.82537657187518 1.5 1.527004738152027 3.2344682633876802 -14.47239523766364 2.0000294686833824 35.327231057301525 1.8132560133894504 0.9949420094490051 
Car -1.0 -1 2.3559991444876434 254.37505747459477 182.91804958332264 325.8684146688936 208.63937585544696 1.5 1.676504549384117 4.234626379609108 -20.402769545817687 2.175644576903375 46.13452615467361 1.9396128535231174 0.9750223755836487 
