Car -1.0 -1 -1.2645958051116601 157.22231299115646 179.06251045184806 472.7663696366478 374.0 1.5 1.602274414896965 4.313886028528214 -2.610389904307523 1.582943099850324 7.413369775669338 -1.6031573126700265 0.9999995231628418 
Car -1.0 -1 -1.3056666572917461 374.95688779727203 179.5626096982582 529.666825012472 285.6499675609548 1.5 1.581062239408493 4.042188313603401 -2.5794631753141437 1.6360646674112302 12.52683591100373 -1.5087431753661973 0.9999992847442627 
Car -1.0 -1 -2.046940777054387 784.8615446896213 173.04207129251304 1241.0 374.0 1.5 1.5903274089097976 3.8503395885229112 2.3654700913776114 1.502089521483741 4.707270971186031 -1.5812839018788678 0.9999961853027344 
Pedestrian -1.0 -1 -1.2868628646693603 415.75920720718227 169.13343227820639 437.65191349228826 243.57793635327877 1.8 0.41780793368816377 0.42624399326741697 -4.53366913143155 1.710397909096219 17.663210880434693 -1.5381120602276666 0.9999929666519165 
Car -1.0 -1 -1.5236299179074215 547.669829158034 180.10669674003205 580.8391935522783 209.66566197839725 1.5 1.633540403842926 3.898291152715683 -2.4974308446793563 1.9175215121960587 39.53708057304706 -1.5867129052665574 0.9999908208847046 
Pedestrian -1.0 -1 -1.2949453158119582 384.0743549698115 166.94455605117952 420.8119121731155 255.29810469139792 1.8 0.622836922109127 0.4890085689723492 -4.3438963506605885 1.67996654159758 14.943613093850658 -1.5778352339428408 0.9999711513519287 
Car -1.0 -1 -1.6756868574096218 646.9982301193858 179.0688624372316 685.192054559992 209.347397756488 1.5 1.6100792706012725 4.082901266217232 2.91571696388452 1.851104256012239 38.65410410769917 -1.600398453944598 0.9991065859794617 
Car -1.0 -1 -1.8418364613186178 717.0586652363725 176.23598654598953 908.969997131012 309.49840820350084 1.5 1.5234752118587493 3.903954711556435 2.5571178681988336 1.557366696174423 10.18941280710736 -1.595956058302198 0.9982249140739441 
Car -1.0 -1 -1.6770929006888644 663.4028480639648 178.48276468309828 722.0995116857963 224.65341682698912 1.5 1.6480988383293151 4.190045458078385 2.85838880716284 1.7199409415589824 26.047600670688922 -1.5677931137059373 0.9957036375999451 
Pedestrian -1.0 -1 -1.3199746687002223 409.56719554412496 169.37658135629385 431.4784880703346 242.70625011659033 1.8 0.4513768505305052 0.35889842808246614 -4.744825079439414 1.7149987444909327 17.889956360613503 -1.5792286079984648 0.992787778377533 
