Car -1.0 -1 1.9522448573322313 312.5092052601518 181.88397819064517 394.530818200398 221.4408352337643 1.5 1.732800018787384 4.492009666562081 -10.822211375768745 1.912890982584231 30.67994276808138 1.6131262659987033 0.9999972581863403 
Car -1.0 -1 1.8756356726968921 413.43628559612443 181.47430339150426 457.5015106822583 208.15151094212507 1.5 1.5078023567795753 3.8805144399404528 -10.580275523396903 2.0478781543813147 43.83886853080341 1.6388196825941623 0.9999949932098389 
Car -1.0 -1 1.892222068515419 371.7866461907229 181.68239731649481 427.3095546301069 213.71218979274877 1.5 1.5314683809876442 4.042574998736382 -10.743685679186415 1.977775668593913 36.966911145518125 1.6093838095625461 0.9999936819076538 
Car -1.0 -1 -1.00794148038769 678.7473909378452 177.89560657267776 797.5538053098823 227.33086889460668 1.5 1.7926585420966148 4.6517765641212465 4.431649601320609 1.68908504895277 24.685724819424152 -0.8303108374264581 0.9999939203262329 
Car -1.0 -1 -1.112609725290595 752.9138077217693 176.29161093652783 925.855680300326 268.0659055302917 1.5 1.6033459946513176 3.9094297707080843 4.469701117021948 1.575938181691068 13.899281013019595 -0.8014761368420465 0.9999923706054688 
Car -1.0 -1 -0.8407606192703408 662.9416833439656 178.51491780451093 751.682503948046 215.51249542288545 1.5 1.61938616335392 3.994702410697937 4.283660898241379 1.7644735711464268 31.748662927824764 -0.7066463987019403 0.9999892711639404 
Car -1.0 -1 1.973449135901305 304.47581797533906 182.53812828634906 354.56291295948097 212.7512681942746 1.5 1.3866490244865417 3.0852804452180864 -14.90659371458937 2.036594120878989 38.38655885716865 1.6030447363813938 0.9999698400497437 
Car -1.0 -1 -1.5870612610250854 595.4414770755607 179.12261888828994 649.8195411642564 230.3770483031033 1.5 1.6237175583839416 3.478444230556488 0.3266157593307756 1.7177653174347531 23.280509763330702 -1.5730326020300878 0.9999637603759766 
Car -1.0 -1 -1.2294105593611024 794.8865859269716 175.1302110448307 1016.7897176975513 310.7656111665148 1.5 1.5858298659324646 4.019129139184952 4.220388417080034 1.5384883446357287 10.064419256681887 -0.8323458592083794 0.9999618530273438 
Car -1.0 -1 -1.0477296981541884 740.3653444743848 176.94989039000043 876.1583117651876 245.90397566076228 1.5 1.5903898075222969 3.6984580129384996 4.9060832033813035 1.6118860488530515 17.779524587182774 -0.7784897247937066 0.9999377727508545 
Car -1.0 -1 -0.9412541426777437 651.1762611328716 179.0452699849143 709.5741750378279 202.4939834582319 1.5 1.7401611924171447 4.390737649798393 4.845900958150591 1.9445356666889244 49.543705572001365 -0.8437536517765862 0.864582359790802 
Car -1.0 -1 -1.659382694277895 1241.0 154.95443886206616 1241.0 374.0 1.5 1.6964588806033134 3.9300499975681307 4.368215555009452 1.4663897056189974 3.3160651285510054 -0.7379082600262507 0.5152485966682434 
