Car -1.0 -1 -0.029038632832417727 644.5178970143876 178.51125540892295 767.1908837613146 225.27554236003942 1.5 1.631970752775669 3.9768724262714388 3.152072143498299 1.699561854790967 24.394743092543205 0.09946052630874089 0.9999995231628418 
Car -1.0 -1 2.2338196225055658 0.0 182.0197581411225 211.08625006113144 374.0 1.5 1.4911048606038093 3.458351504802704 -5.765437656252313 1.6147529401945957 7.267746965389905 1.5631829937312263 0.9999991655349731 
Car -1.0 -1 2.0626531976862017 0.0 179.20828164485442 406.15581698882517 374.0 1.5 1.6155232235789299 4.179044303297997 -3.0113010386104055 1.5676806171869715 5.547974723876826 1.5653740604731696 0.9999867677688599 
Car -1.0 -1 1.697449805594294 518.9840676350708 179.9738828300965 574.8803008891764 214.3033497647929 1.5 2.000936542451382 6.179042768478394 -3.06252454367502 1.886003094997023 35.95051501671314 1.6124677538832248 0.9999923706054688 
Car -1.0 -1 -0.3519326846106199 729.1479405650591 175.84110976942796 1050.3388264581658 287.3709143858582 1.5 1.6359288737177848 4.06946302652359 3.862874517225109 1.5475114187616705 10.566317112243583 -0.0014427463200432872 0.999977707862854 
Car -1.0 -1 -0.2933796470069048 687.5831560524734 177.28324140775666 900.9479650617131 247.51023274037883 1.5 1.628616501390934 4.430440676212311 4.049810752466163 1.607081234941511 16.454379272234014 -0.05205269257095882 0.9999605417251587 
Car -1.0 -1 1.7469716972267413 460.9519986384359 179.88223785180588 551.026498069371 235.94547440487847 1.5 1.8567847579717636 5.498901244997978 -3.1612761856055376 1.7494145523584341 22.78310506836398 1.6090967535933078 0.9999054670333862 
Car -1.0 -1 -1.7193869655181306 624.8376947530625 179.38981691875696 660.8185654413411 206.9748900316681 1.5 1.5773814663290977 3.520829838514328 1.8322125757446588 1.8968400440225006 41.93457123942673 -1.6757225627687318 0.999327540397644 
Car -1.0 -1 1.7902917185662022 367.9683231301331 179.8813206211057 502.6187863612537 280.8954995075082 1.5 1.527617548406124 3.7263701230287554 -2.9875956400884913 1.6436695520361555 12.841891938877252 1.5617131431910651 0.9984690546989441 
Car -1.0 -1 1.8111977777931632 279.88765553709027 181.10194883776623 399.5646436112536 262.4084122993365 1.5 1.5408793956041336 3.904123839735985 -5.78116074514629 1.7035306805993258 15.745333695696266 1.459312363466944 0.9429847002029419 
