Pedestrian -1.0 -1 1.6754761957398714 699.1218092361689 167.8501299303169 715.3041262988337 211.10098566803288 1.8 0.5969828486442565 0.8098268441855907 4.303221123314581 1.2750270280966944 29.88650096406957 1.8184788107832492 0.9999997615814209 
Car -1.0 -1 -1.601868135752398 733.3210262331656 174.41775491852496 762.7039553657853 200.40948904780979 1.5 1.6140724092721939 4.051829364895821 8.635610962876507 1.1503685181449503 42.93137399642143 -1.403367833295141 0.999994158744812 
Pedestrian -1.0 -1 2.01404016408158 1081.7150510429465 126.55930179570356 1203.4294546155281 369.0 1.8 0.5373945951461792 0.6594720788300037 4.190008158804879 1.4050628109916043 5.585512342642693 2.657641398902756 0.9999266862869263 
Pedestrian -1.0 -1 2.265945416280835 1022.9397819717371 131.3881769453916 1145.588766291088 353.38635379756215 1.8 0.6767739102244377 0.5636402897536754 4.086432933443382 1.4034993507965399 6.132369062926136 2.8537433028181614 0.9999043941497803 
Pedestrian -1.0 -1 2.1442884858642666 1052.3337691976353 129.58760271574886 1155.5747038041745 360.9011459864905 1.8 0.5276364766061306 0.46685571111738683 4.053262919912056 1.405526520390279 5.829752656320424 2.7518341422041477 0.9997791647911072 
Pedestrian -1.0 -1 1.2340479010771153 982.6211072169324 125.97383339166207 1099.9509962361305 369.0 1.8 0.5617929182946682 0.6625955484807491 3.2132798518864516 1.4189019463493315 5.340522000627511 1.7757010340651096 0.999049961566925 
Pedestrian -1.0 -1 1.4429238551766281 691.0895669160453 167.90875747701492 708.1132458065873 211.4424661313196 1.8 0.601929847896099 0.8555982753634452 3.9418304007709306 1.280873476638912 29.65865516230097 1.575056064124924 0.9978417158126831 
Pedestrian -1.0 -1 1.533906032529155 709.9869716198184 167.71677998332981 726.3143679074282 210.91455287968728 1.8 0.6483513422310352 0.8917727068066597 4.764826218605727 1.2688232268809994 29.938665493023713 1.6917352557142795 0.9915035963058472 
Pedestrian -1.0 -1 1.4478329629966176 1040.0527895461903 123.8217563699357 1145.712864797921 369.0 1.8 0.5745507337152957 0.47058901078999044 3.469826602412788 1.4166773607890621 5.138317893806232 2.041778075691086 0.9512662291526794 
Pedestrian -1.0 -1 2.1904006850054762 1090.19879639832 123.27883439662449 1223.0 369.0 1.8 0.6636390022933483 0.5855086751282215 4.097180903745596 1.4079669603879286 5.261940416349517 2.8519836544951023 0.8165210485458374 
Pedestrian -1.0 -1 2.1263099265001317 1139.5922738027687 120.28916603218475 1223.0 369.0 1.8 0.4819872349500656 0.5020504377782344 4.083692451825401 1.4100434111908573 4.9022435112725855 2.8208663344343723 0.7062758803367615 
Pedestrian -1.0 -1 -3.4423080875784655 1178.8583965642445 115.88306672224229 1223.0 369.0 1.8 0.4805174682289362 0.44120797216892244 4.004786008833846 1.4128718215707483 4.559200156048505 -2.7215575734761104 0.6902592778205872 
