Car -1.0 -1 -0.36878537235025166 731.7751244789926 176.59027881369042 951.7422524761384 262.33736684424207 1.5 1.56702199280262 3.6259672164916994 4.218368853170379 1.5754991479720317 13.603248326093986 -0.06808836857346126 0.9999972581863403 
Car -1.0 -1 3.537683298274076 92.7070856126658 182.71183933562466 338.8919716872438 263.46374682243817 1.5 1.6247563555836677 4.078963634371758 -7.8861839696188545 1.7143557824869025 14.653368736058825 3.04395841359697 0.9999963045120239 
Car -1.0 -1 0.7156206824979117 0.0 183.94924909476498 208.00513295738335 311.5589419548844 1.5 1.6270813092589378 4.062834617495537 -7.821475586238332 1.6597742198571062 9.49688457824752 0.026664181551660813 0.9999943971633911 
Car -1.0 -1 3.375066884223565 188.8083301029914 182.46628564201083 362.426132053647 242.97405829813965 1.5 1.6453929737210273 3.974581000208855 -8.923280854673674 1.775540701609518 19.458779345442448 2.945106136794907 0.9999632835388184 
Car -1.0 -1 -0.3372710067931255 695.2998650022598 177.30606885479858 879.2334493871537 249.37385460093358 1.5 1.5663858994841575 3.6734337478876116 3.8319929412646037 1.6057192764801471 16.10392336771391 -0.10366149345902033 0.9999324083328247 
Car -1.0 -1 3.2455766969967645 282.18824144792893 182.30233390990617 387.4134793053104 223.21370166375146 1.5 1.5765036016702652 3.7071830153465273 -10.731997808444579 1.8866432003668494 28.25996610228337 2.8826396346052707 0.9996644258499146 
Car -1.0 -1 -1.0491410382971524 1133.3577994996124 157.29885196360638 1241.0 374.0 1.5 1.6550729542970657 3.968212616443634 4.536481976772825 1.4591719292275456 2.7956037440887593 -0.030626610913549148 0.9991796612739563 
Car -1.0 -1 3.871301579282495 0.0 184.78462386677984 77.30829559561886 374.0 1.5 1.5413098528981208 3.8099030524492266 -7.514315631535377 1.6270146886225074 6.673195499360956 3.026686775680405 0.9972227811813354 
Car -1.0 -1 0.30882815245132966 258.13860736921777 182.3006846539988 389.3534104351197 234.11951030486523 1.5 1.5109574913978576 3.434979033470154 -8.724362150059472 1.8007384685033336 22.070535205287733 -0.06761522690323421 0.9621084332466125 
Car -1.0 -1 3.455376708240997 170.1810557795929 182.60215554532974 339.53385384605264 250.79172056528077 1.5 1.5571015447378158 3.293437746167183 -8.377929836335872 1.7457203775364185 17.157035462257188 3.001125800605637 0.8770560026168823 
