Car -1.0 -1 1.9420571213846454 132.60994757657622 179.90065658283837 421.8605356476072 359.3506960069258 1.5 1.5574979156255722 3.8990198194980623 -3.4211817250651286 1.599232440520751 8.152297643859592 1.544719382128443 1.0 
Car -1.0 -1 -1.8582647117698603 728.9932789175024 176.63606023795123 875.3083694469378 281.9328767274995 1.5 1.4620012164115905 3.210478138923645 2.992272837755735 1.5719975667336334 12.028992100361908 -1.614458085098539 0.9999998807907104 
Car -1.0 -1 -2.0001292385047797 786.9708187791467 174.37208714753024 1168.654581455447 374.0 1.5 1.5537906929850578 4.0119974434375765 2.9697876451134984 1.5192734169194257 6.962079561022073 -1.5969327754017455 0.9999998807907104 
Car -1.0 -1 1.678864580859925 454.8715553001452 180.40692370136938 515.2478943258008 230.4249112415045 1.5 1.5813736736774444 3.93848070204258 -4.1617551369357955 1.7754035453887476 24.258287915985818 1.5089585026118415 0.9999995231628418 
Car -1.0 -1 -1.7703972143549853 674.7252579370828 177.99888417772834 759.1494591369242 242.13843447626735 1.5 1.5327059224247932 3.302603077888489 2.6501669736515456 1.646777076315002 18.83746461058224 -1.6306285532799107 0.9999996423721313 
Car -1.0 -1 2.3291884206049147 0.0 178.23972899051267 301.3630172776659 374.0 1.5 1.6498057663440704 4.271656510233879 -2.885765158139042 1.5371941306402057 2.7581772827391338 1.521187945208277 0.999997615814209 
Car -1.0 -1 -1.6935545521647108 633.5474503588929 178.91451710553645 685.0427297194316 219.6701216693343 1.5 1.5745303153991699 4.125260424613953 1.887082585772544 1.764035009783689 29.284404769957675 -1.629203678169523 0.9999915361404419 
Car -1.0 -1 -1.7216097390017444 646.5324916942919 178.5744749013826 711.4212807120769 229.6769317008729 1.5 1.5676577135920524 3.4828255444765093 2.1119908149298965 1.6997544103502435 23.361920756230827 -1.6314516859736783 0.9999076128005981 
Car -1.0 -1 1.6747223805759566 480.99141176400457 180.4639048207207 528.6754814309629 219.7845321000729 1.5 1.581628856062889 3.9249429970979692 -4.390228098843129 1.8408239410536056 30.286214682510074 1.5307671268794196 0.9994626641273499 
Car -1.0 -1 0.3727000081278482 0.0 0.0 1241.0 374.0 1.5 1.5372707068920135 3.827725586295128 3.564458290666378 1.4554787434882603 1.4598157243096463 1.5547863682124274 0.5343050956726074 
