Car -1.0 -1 3.710415930354106 0.0 183.56498110992595 251.63969305698473 277.9589436063125 1.5 1.6171016290783882 3.7535524487495424 -8.554638681395932 1.6991680884241545 12.524713720456193 3.1111765980681003 0.999997615814209 
Car -1.0 -1 -2.7286013499610267 235.56067406215524 182.31488934346567 396.9497337227702 236.93676426402953 1.5 1.649600875377655 4.028148439526558 -8.510526141398573 1.7872641520011465 20.99756140350334 -3.1136771003392085 0.999995231628418 
Car -1.0 -1 3.417824984036736 293.3649251468079 182.04699116780824 417.4302410607378 229.97533333360755 1.5 1.5797332420945167 3.5679927587509157 -8.374979185698523 1.8153578955886802 23.822327103312247 3.0797610163649143 0.9999377727508545 
Car -1.0 -1 3.4420056750712247 329.2346612308312 181.96335265933286 435.25022954757486 222.0334403996788 1.5 1.5768906593322753 3.644378346204758 -8.876135876637697 1.8660689575629192 28.167382930357007 3.136734712119919 0.9998600482940674 
Car -1.0 -1 0.39577842018920983 173.81432834646841 182.62157886504178 356.03459282560414 247.15620948984505 1.5 1.612686601281166 3.755916890501976 -8.513963355736918 1.755273742322621 17.933524392279192 -0.04746694962051936 0.9998341798782349 
Car -1.0 -1 -2.8878369234124177 385.015932142168 181.644496210867 470.52697807451267 214.26377551574402 1.5 1.564284835755825 3.6788804948329927 -8.68166871967019 1.92915444203049 34.399405266607445 -3.1350528756764278 0.9996174573898315 
Car -1.0 -1 3.576055278746989 97.06240658283018 182.99009785747776 309.8331541776809 258.7816767291545 1.5 1.5853837624192237 3.6427421987056734 -8.621333893844971 1.7304597417552288 15.451014681312309 3.067107188697678 0.9974250793457031 
Car -1.0 -1 3.26990099827375 402.7118342025566 181.50130738118025 479.90490412633335 212.21996202950348 1.5 1.611860704421997 3.6554845541715624 -8.582233229936397 1.9528968408029737 36.77137326606443 3.0406111359556736 0.9962164759635925 
Car -1.0 -1 3.32766384033374 421.93494042497116 181.40887101637273 493.63686657433783 209.70653132719502 1.5 1.6240086898207664 3.6145302027463915 -8.350000737376732 1.9801143363250524 39.61003045517097 3.1199005722960056 0.9923672080039978 
Car -1.0 -1 3.9771018900189126 0.0 185.59852434357518 20.78275495928196 363.94176019660546 1.5 1.6046828150749206 3.8093822568655016 -8.410338986945812 1.6405488343029624 7.062384070071199 3.1048049807509006 0.8301182985305786 
Car -1.0 -1 -2.5478141383879507 361.14168007481493 181.68047918832173 450.6456553058843 218.33092117145878 1.5 1.5756985664367675 3.463769194483757 -8.921413125425465 1.9007266837587646 31.43736817391493 -2.8243280212071284 0.7813268303871155 
