Pedestrian -1.0 -1 -1.954076385728899 848.5385782315835 149.28782436662783 940.0489609795933 302.42344005446125 1.8 0.7677714832127094 0.8862043291330337 3.548543204278058 1.4227149137019126 8.885272371810874 -1.5741101261836035 1.0 
Pedestrian -1.0 -1 -1.1836347125571884 547.9533887468064 160.65374237325452 616.3251934969616 268.740358450792 1.8 0.9081256136298179 0.9442818842828273 -0.3654934062527742 1.4541270681745067 12.561371394597616 -1.2127231220391137 0.9999984502792358 
Pedestrian -1.0 -1 -2.442446965587247 736.4030327693715 157.4610169356232 811.4053184213795 271.385178631718 1.8 0.769863699376583 0.9379488907754421 2.820518974629664 1.4214811277939987 11.953106710784105 -2.210720376172338 0.9999967813491821 
Pedestrian -1.0 -1 3.303327146082337 292.43347714053795 161.36470678593926 360.8582576264082 281.9489661214898 1.8 0.6754027239978313 0.8966226622462272 -4.286768037023477 1.500741348415922 11.142293409681294 2.9360539793928684 0.9999910593032837 
Pedestrian -1.0 -1 2.501627535436703 442.8358742300502 162.60611492207974 514.3350650920487 266.26931388412356 1.8 0.8861763894557952 0.9447169050574302 -2.282678323060806 1.473205597607847 13.118140977658316 2.3293433070143283 0.999944806098938 
Cyclist -1.0 -1 1.6440845556167993 504.9223587557634 183.9071501267166 539.7680481620237 248.69802137899936 1.4 0.6826519526541233 1.5217450007796287 -1.817591869371697 1.4585851455947554 16.349422430228667 1.5333675583216804 0.9999991655349731 
Pedestrian -1.0 -1 -1.6090517393685226 540.3774849847667 170.91751193314002 564.5268225924226 222.32180692050437 1.8 0.8224645189940929 0.9699484825134277 -1.7808377461966975 1.4305001098354961 25.677281905441838 -1.6782954643156869 0.9989664554595947 
Pedestrian -1.0 -1 -1.652178601113511 532.3780666161708 171.11576721191147 555.1713479995135 221.95206298895505 1.8 0.7537412948906421 0.8125470511615276 -2.106154395711638 1.433374784009674 25.893935156258873 -1.7333376864579064 0.9978674650192261 
Cyclist -1.0 -1 2.2656594700118005 0.0 206.72234955799416 94.16343633143319 373.0 1.4 0.6737364947795867 1.7627861842513084 -2.3728480305042345 1.5069472553873544 2.079176383154267 1.4143931110713142 0.9301150441169739 
Pedestrian -1.0 -1 -1.874056769563302 733.2672367053445 158.09363676247483 794.7875202076632 269.43086326114303 1.8 0.8032629758119583 0.78975600451231 2.667815604703786 1.4228792091228082 12.038392790585194 -1.6559723104026658 0.9093078970909119 
Pedestrian -1.0 -1 -1.5629684287343277 564.4065502107549 170.16800182858847 587.7802164006469 224.37218210049755 1.8 0.7761128738522529 0.9233158573508262 -0.8798429391318554 1.4247737934877716 24.324154613230057 -1.5991242388871056 0.6541076898574829 
Pedestrian -1.0 -1 -1.5732018237552914 555.7430904661643 170.1795742190579 580.7664208957316 224.81293780944034 1.8 0.8243397369980812 0.9423582375049591 -1.1424453439418614 1.4281144339683125 24.155358791279788 -1.6204623366382462 0.5705417990684509 
