Car -1.0 -1 -1.6917070708726911 633.36927984165 179.01467349647672 680.8450732547343 216.05316454354107 1.5 1.6055429846048355 4.079022493958473 1.9832941121963021 1.791348043112344 31.994721322362 -1.6297981190171582 1.0 
Car -1.0 -1 0.42227945173999015 131.2175233160358 182.37516019228858 389.85890908199417 260.4196088766565 1.5 1.700129222869873 4.540786755084992 -7.148923845352631 1.710051076420648 14.986705098540025 -0.022813872494970047 0.9999992847442627 
Car -1.0 -1 -0.5047985886980442 893.9009490082266 174.60452208738545 1145.226721738928 280.11326283129665 1.5 1.4987797036767005 2.9918799668550493 6.07978756452241 1.528949189200157 11.031152013393793 -0.0010751048710686778 0.9999973773956299 
Car -1.0 -1 -0.3594067153547573 761.2939814316769 176.63789727483265 958.5699425678405 246.59803392518222 1.5 1.5794629722833633 3.9364258319139482 5.538820030378298 1.5909533358384624 16.41639338903221 -0.03400452534226008 0.9999958276748657 
Car -1.0 -1 -0.5651047643440226 947.1928738075917 173.12255281335783 1241.0 314.7445285518648 1.5 1.5332062289118766 3.3377601325511934 5.937751230530451 1.503830047600692 8.484411215599865 0.04551546176406316 0.9999949932098389 
Car -1.0 -1 3.5583613237444442 55.308812840753156 182.5469685848724 343.8337356566693 279.26675463600697 1.5 1.6459599629044532 3.984239187836647 -6.9011034146740196 1.680286310967881 12.389552638644037 3.05015217065416 0.999991774559021 
Car -1.0 -1 -0.3594113596907833 751.9859800731325 177.0216667886314 914.143311246051 237.97038440260695 1.5 1.606854659318924 3.707956013083458 5.689477682150732 1.61432246424029 18.804422062635442 -0.06560702721146174 0.9999922513961792 
Car -1.0 -1 3.386981816686088 357.6683795811733 181.54340888324106 474.7083133894086 224.90473865733176 1.5 1.5678059801459312 3.8231472045183184 -6.988961415481451 1.8245109853085426 26.09890845641664 3.1253332972487033 0.9999889135360718 
Car -1.0 -1 2.6106836805382505 802.3873060744288 175.80831739191504 1032.279788644601 262.2828398740564 1.5 1.5730392679572105 3.7101010352373125 5.665169841546614 1.5603421743360488 13.615490803888802 3.004977095123154 0.9999771118164062 
Car -1.0 -1 -2.4084152249373103 0.0 183.77902510698434 217.42823396750768 339.86748682348303 1.5 1.5893461674451828 4.112008449435234 -6.826363626041432 1.6323873433385236 7.8825398571623655 -3.122131184735571 0.9999669790267944 
Cyclist -1.0 -1 1.6132443702055155 501.3708999914314 183.4024032201321 521.0309958722653 227.64626915877463 1.4 0.5841711096465587 1.6409278407692909 -3.33068740854806 1.7647169711069006 24.07587731186661 1.4757756431910651 0.9999287128448486 
Car -1.0 -1 -2.8807229834626655 382.9913503251205 181.39430899952387 492.2801253559163 220.67975892022667 1.5 1.6082507118582725 3.959629547595978 -6.860365719794511 1.8511410474939418 28.776616040616823 -3.114755229153906 0.9998410940170288 
Car -1.0 -1 -0.7997200898637611 1100.6468571370024 168.50432953907477 1241.0 374.0 1.5 1.577339743077755 3.7163233876228334 6.1907112126613955 1.4714429796948774 5.641574480911652 0.032054825625147144 0.9972445964813232 
Car -1.0 -1 -1.6316877505996563 620.1215223571687 179.55290465624824 647.1996843663729 203.96762875850965 1.5 1.5453909084200859 3.6014704525470735 1.481840050531161 1.9550587018067915 47.15029075177956 -1.6002700767156226 0.9972250461578369 
