Car -1.0 -1 -1.2150751067223353 224.13613304751289 181.06305204636115 422.093845916783 287.61741337815437 1.5 1.6897902384400367 4.3184591948986055 -4.615812855824641 1.4426730503684664 12.278268690662697 -1.574663960435663 0.9999994039535522 
Car -1.0 -1 -0.9068570615595346 0.0 183.84283142789207 178.1972903436899 305.00686605869544 1.5 1.583285492658615 3.7355488657951357 -8.394788845175867 1.4841352165058876 10.764638211167968 -1.569189264266987 0.9999949932098389 
Car -1.0 -1 -1.5425818094631107 575.6361634466597 179.4772141530125 624.0587689435523 223.4352537807016 1.5 1.6538955762982368 3.857642275094986 -0.2769964812791509 1.3053143067196182 26.4692630619259 -1.5530462628838164 0.9999696016311646 
Car -1.0 -1 -1.366038167259739 430.5679678237623 180.60081828409423 499.6804658039423 227.0660350911509 1.5 1.5939100205898284 3.9967680841684343 -4.947237228701212 1.3521526506881312 25.209493615229658 -1.5598205626618606 0.999972939491272 
Car -1.0 -1 -1.492504074992662 522.4752826814489 180.29377646979782 551.3810055729801 203.81963790289637 1.5 1.6145416095852851 3.8988059878349306 -4.692535975112651 1.1873113208920831 47.79503768709446 -1.5903708218273265 0.9989351630210876 
Car -1.0 -1 -1.4376773059163384 481.4091237259692 180.26256788932577 537.3061248234325 212.65056490774452 1.5 2.007909727096558 6.012050670385361 -4.883328205963401 1.2717346126627516 36.295573560325906 -1.5714175342607801 0.9988051652908325 
Car -1.0 -1 -1.0504408795924294 192.51480584342974 182.52636955802686 298.143065646432 227.8382959203557 1.5 1.6012864679098129 4.014851388335228 -12.926782036688106 1.4121040058363148 25.842595351395122 -1.5142582515862328 0.9981188178062439 
Car -1.0 -1 -1.2857007437575585 305.5757529000929 181.58667330948975 390.34642065491937 230.98694057113764 1.5 1.5792230635881424 4.000310835242272 -8.547618082643256 1.3909387172771017 23.86682234062453 -1.6296070526030404 0.9952601790428162 
Car -1.0 -1 -0.9993334696494298 2.665337525025116 183.67989119811506 178.70020358277299 251.70040703493305 1.5 1.6021933898329734 4.063522306084633 -12.68125128765957 1.4672633073732873 17.913973349490842 -1.6153399171915395 0.9869555830955505 
Car -1.0 -1 -1.468467044463602 382.4381471606296 181.40440200536494 417.0053335334132 205.81451107025063 1.5 1.694890533387661 4.559256371855736 -13.442396706253039 1.2669272198053254 46.56385463254585 -1.7495132396605355 0.6826193332672119 
Car -1.0 -1 -0.6996539816050371 0.0 186.66845214852165 0.0 342.92899575120714 1.5 1.689167183637619 4.43434142768383 -11.95548665183476 1.5242650183712538 9.191012461632912 -1.615044594803129 0.6651897430419922 
