Car -1.0 -1 -1.5980174812907215 597.7252573016652 178.9963822466644 657.7894951064641 234.41647831520666 1.5 1.659080435335636 3.5122605532407762 0.42998334070170136 1.6999359126751437 21.67922509757891 -1.5781861926105363 0.9999969005584717 
Car -1.0 -1 2.1419854988601887 198.08686514083274 182.00627545545566 346.1656610637517 253.7570287949409 1.5 1.5704544752836227 3.523387995362282 -8.034108467163637 1.744708274798093 17.407717868572917 1.7095882773359836 0.999991774559021 
Car -1.0 -1 -1.830968065944853 755.992302238002 176.71119065302253 883.9940292440946 261.048250614139 1.5 1.5826043233275413 3.73117910027504 4.112985320164512 1.5899032412971903 14.874791531344037 -1.561201266073857 0.9999779462814331 
Car -1.0 -1 -1.8460268813724678 718.7439446493642 177.51701525288613 817.0676126077914 238.18220717327569 1.5 1.628873360157013 4.020089519023895 4.244371307761351 1.6443404086803468 20.215660236789684 -1.6390781487014634 0.9999823570251465 
Car -1.0 -1 -1.9855618198792262 824.2114533455866 175.0482571115137 1063.3174466317946 313.90368478287957 1.5 1.5407948315143585 3.4725139409303667 4.0977996590409695 1.5348403722750357 9.591508647324423 -1.5818021475013835 0.9999662637710571 
Car -1.0 -1 -0.5733646093618374 880.6662408865271 176.0662815341027 1039.9304334960868 211.75788799975516 1.5 2.3242472231388094 6.097975981235504 15.473740064526416 1.6502263066681084 32.128663467986 -0.12453051010635921 0.9999316930770874 
Car -1.0 -1 -2.2611075719000624 305.6431750823675 180.55408527070583 497.61643071435185 271.38410541452 1.5 1.571708407998085 3.6443887770175936 -4.105085565931759 1.6661769314892152 13.86571758116954 -2.5489458600666866 0.9999016523361206 
Car -1.0 -1 -2.1712011125094826 408.3956344202965 180.62627274592228 516.676181346234 235.6139796943758 1.5 1.53075200766325 3.454204884171486 -4.575597067891124 1.7553559394212217 21.92202449187692 -2.376968459286962 0.9999004602432251 
Car -1.0 -1 2.1756758512660603 0.0 182.54948816640845 239.59397208267112 294.8197287255316 1.5 1.615488764643669 3.9510706931352617 -8.03850906571049 1.6878821945661142 11.96664715781823 1.5841672301252903 0.9997715353965759 
Car -1.0 -1 -2.2839387156599855 517.4077092991904 180.28594852165043 588.029064170625 205.97711665069883 1.5 1.8528825163841247 4.674088817834854 -3.7122583038143673 1.9953349579809418 45.753725203728685 -2.3648970286038264 0.9988565444946289 
Car -1.0 -1 -2.2466492952163426 438.86456585525036 180.50717510674855 539.2298157248399 228.6841227097839 1.5 1.5186384811997413 3.5236171007156374 -4.23609928780581 1.7813430933184458 24.751389893733645 -2.4161529699948177 0.9948220252990723 
Car -1.0 -1 2.1856043193385393 0.0 184.35499464732803 111.51914201307281 257.11799979750873 1.5 1.5878348171710968 3.7486883372068407 -14.069896540481183 1.808407145576236 17.40129999617675 1.5056690414759772 0.9863561391830444 
Car -1.0 -1 1.9594855773038387 290.7235396264438 181.8231478843948 383.3606540734025 236.67603208072998 1.5 1.4667073756456375 3.3785732954740526 -8.262174023214932 1.795094276743548 21.997696974277996 1.600195395942551 0.9857423305511475 
Car -1.0 -1 -2.2854186817659476 480.12914490534325 180.4628681055799 557.8751883948256 216.72012006838426 1.5 1.522451315820217 3.5102034479379656 -4.148050946550016 1.8594535395105956 32.31330830507317 -2.413090185323034 0.9780440926551819 
Pedestrian -1.0 -1 -1.9012631875488022 688.9712771339081 172.31590080253443 711.641977861354 212.81978902188104 1.8 0.7161506943404674 1.044531960785389 4.039655495869542 1.7764445294656126 32.647315355709736 -1.7781527201321465 0.9683694839477539 
Car -1.0 -1 -0.4512248635966265 785.6963916668036 177.3826244604165 882.8070123897328 212.83234261327524 1.5 1.5891671672463417 3.7823377668857576 9.833097272001268 1.707151468920226 31.873582661544397 -0.15198548237351006 0.9586620330810547 
