Car -1.0 -1 -1.5236283130865855 580.9642848166781 179.50596227339952 624.7394263437957 219.03706002268495 1.5 1.6412897527217865 3.703177955746651 -0.28254769525038737 1.7932883476958956 29.89019195555445 -1.5330808880415303 0.9999853372573853 
Car -1.0 -1 -1.6245432249717047 589.2736594787989 178.76167829811533 665.1455191635714 249.6713011316947 1.5 1.6088350236415863 3.2352397710084917 0.2771153458321687 1.6545391925536148 17.181554831453493 -1.6084159697082383 0.999980092048645 
Car -1.0 -1 -1.6961760579762175 682.8030443760721 177.99780336825364 762.236559598457 233.85498166913138 1.5 1.8134192124009132 4.544767227768898 3.2723019886309865 1.674171615447425 22.087147074919212 -1.549091852330838 0.9999765157699585 
Car -1.0 -1 -2.3923507831208317 449.6427088943227 180.6204986387908 544.7803569631839 219.42590705396435 1.5 1.6079193472862243 3.8985645890235903 -4.812915746413519 1.8459051043954187 30.345111705690297 -2.5496465126660213 0.9999550580978394 
Cyclist -1.0 -1 -3.5191292396889375 893.5563199518384 180.7107556788518 1011.6046612371283 258.18821888221186 1.4 0.726118267327547 1.8646840497851371 6.3437277980155855 1.552375199745877 13.53912110072298 -3.0809583226826533 0.9999563694000244 
Car -1.0 -1 -2.2650648329524765 408.2661872005926 180.73730856775563 516.3311880544362 230.4646056375368 1.5 1.564723302423954 3.6271760731935503 -5.008371119940522 1.7822185898304441 24.05458923782732 -2.4703406254437312 0.9999017715454102 
Car -1.0 -1 1.8957308851845358 323.8353223687487 182.0209335784305 388.93264902538573 218.1962116678136 1.5 1.6310124218463897 3.920407456159592 -11.510244163610755 1.943193026841918 32.88356027771264 1.5590290268275397 0.9998202919960022 
Car -1.0 -1 2.105959844780326 183.14564651843529 182.65623005940546 303.86123003341146 236.39476135971455 1.5 1.6283635541796684 3.934720766544342 -11.515945396110986 1.838825978556502 22.892870503785357 1.6398861288984836 0.9998036026954651 
Pedestrian -1.0 -1 0.0886342812288998 443.1799505157086 166.77952609416747 478.97316501073925 252.77344028037163 1.8 0.5731883019208908 0.703351341933012 -3.2268245901136994 1.67320869612173 15.426142609321575 -0.11757142941025325 0.999530553817749 
Car -1.0 -1 -2.3128393037554513 492.31833867558663 180.51646965037438 559.674178067505 211.23804293581094 1.5 1.5516574054956436 3.4919249385595323 -4.465483009906462 1.9203228075103305 37.81590905214976 -2.4303797642376765 0.9930385947227478 
Car -1.0 -1 -2.249976887473495 430.6916766984403 180.69020027758825 527.221809162049 224.01899254666293 1.5 1.5602028489112854 3.8140668094158174 -5.0765629965203365 1.8186702922350528 27.47304588436126 -2.4326992193844656 0.6806711554527283 
