Car -1.0 -1 1.7800280008870761 435.0226151176755 180.78604324494611 496.6260131612262 222.02031739853751 1.5 1.6152307882905006 4.112297904491425 -5.771404873305891 1.8430902323917855 29.107032894194987 1.5842847704847873 0.999993085861206 
Car -1.0 -1 1.8417752818645712 390.46289224303956 180.9217100755113 470.25978580723654 233.06191432111507 1.5 1.5472736701369285 3.7229961276054384 -5.725955102181798 1.781086438043042 23.220989139577263 1.6000130057295383 0.9999576807022095 
Car -1.0 -1 2.0285005272583687 172.97370849309877 181.3043254810131 369.5374834261077 283.8922652513554 1.5 1.5962597474455833 3.8325736790895464 -5.808843875266497 1.6731186514562855 12.807796200525027 1.6027068972548069 0.9995844960212708 
Car -1.0 -1 1.8845080406742625 323.1726294540815 181.0803812863696 432.5200769068269 249.0987080221327 1.5 1.549612034857273 3.702935439348221 -5.770421819694196 1.7292329592650884 18.215157348775705 1.5777175307234348 0.999255359172821 
Car -1.0 -1 -1.6778425091355595 667.4767767521045 178.680180849977 714.4692877612553 216.73320554755034 1.5 1.5883546814322471 3.83094162940979 3.3694363356139445 1.7657087989720626 30.942801932659385 -1.569377460112099 0.9991625547409058 
Car -1.0 -1 1.7495081847856089 475.60973513440496 180.6760074867032 521.8314923196717 212.90381719642394 1.5 1.6104206934571266 4.153325644135475 -5.631425629810948 1.920929642252676 36.695509186382665 1.5972325682600559 0.9990580677986145 
Car -1.0 -1 2.746189766871354 811.2503566886033 176.83651415305204 939.3230699604202 222.03626983959836 1.5 1.5558476120233535 3.856807065010071 9.0732862449463 1.6429384194369903 24.96227313238431 3.0948226332624973 0.9987573623657227 
Car -1.0 -1 2.8375702629360657 776.0618047689835 177.46435123522437 875.5705884841669 215.19841558239267 1.5 1.6099945202469825 3.6082225412130358 8.794450949923464 1.69559227187263 29.717905716160836 3.125289905067307 0.9958413243293762 
Car -1.0 -1 -0.6661953510070681 1109.1175142135514 173.82955098941113 1241.0 211.43094609015822 1.5 1.815204744040966 4.424140465259552 23.37012657061207 1.5417930774966149 29.73585672693446 -9.639660385676386e-05 0.9506867527961731 
Car -1.0 -1 -0.7116880718267148 1081.7622438748285 174.21506504704664 1208.7305633016201 209.17115626329323 1.5 1.7237796008586883 4.502198335528374 23.689841499547793 1.5627960074516338 32.06837995032125 -0.07543952862289972 0.9368324875831604 
Car -1.0 -1 2.7548740132812495 798.8605343943666 177.17074614770658 897.4572406545698 218.11353853008046 1.5 1.6242281094193458 3.197125953435898 9.003658074006033 1.67071977282199 27.549774825512785 3.070745933051926 0.8300104737281799 
