Car -1.0 -1 -1.6004740418445578 573.4611387209131 178.95776489406379 644.7029581210713 247.68010801370949 1.5 1.588366974890232 3.2986442118883135 -0.1300717147984643 1.6644880066577241 17.721813104593362 -1.6078135492887837 0.9999377727508545 
Car -1.0 -1 2.127759866916098 65.64540155834125 183.1916266533642 234.8585475788209 246.47477049008145 1.5 1.8291075274348259 4.555774343013764 -12.605198374085052 1.8214035348622188 20.12509953521878 1.5681959827754157 0.9996906518936157 
Car -1.0 -1 1.9116838506977571 310.19303185394193 182.4408712873956 362.72739900075493 210.86502483485825 1.5 1.6346371293067932 3.799274054169655 -15.616590818412739 2.074370238583884 41.283030359318154 1.5500396927210944 0.9909185171127319 
Car -1.0 -1 2.162017959010633 10.56474553543103 184.61871337226242 127.72190681747396 232.09946048608114 1.5 1.640217986702919 3.485408288240433 -18.983099540103733 1.9445021842709245 25.4557485783848 1.521255656084742 0.9439589381217957 
Car -1.0 -1 2.033943348817669 222.26649556384234 183.30245828368467 282.8623361718152 211.38966985521915 1.5 1.6299779087305069 3.782895815372467 -20.680826691571347 2.1336461378169163 41.835440940246194 1.5748360037764133 0.7644175291061401 
Car -1.0 -1 2.070326162989959 186.84815472867382 183.50992312376258 256.91031811824587 215.51075582432824 1.5 1.576705139875412 3.6987493306398393 -19.802744804916532 2.072872941592135 36.9086986973993 1.5778808474501194 0.7097902894020081 
Car -1.0 -1 1.9426043276235698 320.8678371391247 182.33337152208375 374.26647160935164 210.97215683565622 1.5 1.6147347658872604 3.6866000413894655 -14.838202070436356 2.0619689250483693 40.88332410842762 1.5944483160933078 0.7058997750282288 
Car -1.0 -1 1.9898073653155317 205.0534901540062 183.06416136596843 284.4946196513507 222.48219430797457 1.5 1.6008906558156013 3.724942219257355 -15.293931385866241 1.9565453534630501 30.33669724697923 1.5228535374018806 0.6545422077178955 
Car -1.0 -1 1.9162588522490185 331.3259887455155 182.22950008315172 383.4543004071883 211.06456408342612 1.5 1.6102195277810096 3.701930728554726 -14.18296139125805 2.052070268510384 40.59858041489104 1.580166566367966 0.6226513981819153 
Car -1.0 -1 1.9332232240756535 308.0174218341454 182.46469634942682 361.199073647244 210.40138166900874 1.5 1.6128063693642616 3.912387278676033 -16.009667901880068 2.0864634568554647 42.0427079055665 1.5693813999507087 0.6176659464836121 
Car -1.0 -1 2.0254604959165112 157.985080852696 183.78016177100878 228.03238891964097 215.8715523480234 1.5 1.621672187745571 3.755934026837349 -21.308263731132488 2.0893705385733123 36.965367199668414 1.5025457580897468 0.5716167092323303 
Car -1.0 -1 2.0865566444387724 185.65151985086882 183.46429000725914 259.03779024368976 216.13587629355703 1.5 1.5576232716441154 3.8506104171276094 -19.460855586747304 2.0632101666151335 36.329807474198354 1.5947804331739963 0.5338262319564819 
