Car -1.0 -1 0.2112045579738868 394.4762307259806 181.83245043421766 459.06421211424356 205.0427622253521 1.5 1.5772557377815246 3.9359840124845507 -12.22141234583147 2.1103382511810422 48.15575398941124 -0.03733725945023128 0.9999905824661255 
Car -1.0 -1 -1.7867701865416201 697.1867296562144 177.28484946018327 815.8543041406031 263.0264032162828 1.5 1.5720047548413276 3.658173468708992 2.778605005525334 1.6017796817851286 14.662323571595918 -1.5994846290585143 0.9999676942825317 
Car -1.0 -1 1.6413417471336154 511.5078953864036 180.16896933532587 557.4759014077549 220.6589258746489 1.5 1.599684965610504 3.670031812787056 -3.0450527028471397 1.8158889518473968 29.260265733587843 1.5376471718165534 0.9999659061431885 
Pedestrian -1.0 -1 -1.7818515088041942 762.8284155530914 166.37284354595423 793.8399661463802 235.36785915295204 1.8 0.686561831086874 0.6109577164053916 4.409300457237054 1.631271964258208 19.13208496024214 -1.555340312482093 0.9999518394470215 
Car -1.0 -1 -1.699948398813673 653.9143764597587 178.709653186279 707.0109477911981 220.58662714030044 1.5 1.5816571682691574 3.7938083082437517 2.6530690708706537 1.7456962476800393 28.304119939525133 -1.6064871037986619 0.99988853931427 
Car -1.0 -1 -1.6444863354327408 637.4158778563893 179.29685007565854 668.2651632975503 205.97099584350713 1.5 1.5677471205592155 3.8227016597986223 2.5045868091987398 1.9053192430488128 43.42537764973271 -1.586874512084995 0.9984954595565796 
Car -1.0 -1 -1.7526814485511606 681.6140355780265 177.9972395785417 758.435856346134 242.04565475507158 1.5 1.4295822501182556 2.9748043537139894 2.718344450877691 1.6441122370930579 18.651425292020917 -1.6079558404770238 0.9974604845046997 
Car -1.0 -1 -1.8539544961235404 747.0820902055212 176.0050090877366 938.3421543060074 306.3791295237897 1.5 1.541534487903118 3.6245985448360445 2.9967905079665926 1.5528405417254456 10.200781475462255 -1.5682134025872243 0.9965596795082092 
Car -1.0 -1 -1.6738908299515005 646.9857399841025 178.99596072351392 688.1344566516537 213.7706824101115 1.5 1.5396234139800071 3.5434218615293505 2.5869216610690007 1.8011707408621425 33.54457741998626 -1.5969242482122523 0.9226974844932556 
Car -1.0 -1 4.200771800051951 281.2824200188816 0.0 1241.0 374.0 1.5 1.6783936440944671 4.516000908613205 2.380173940362178 1.4521921805686344 -0.05160900362449248 2.651654946800095 0.5729426741600037 
