Car -1.0 -1 -2.2770845600019207 1035.912953453012 169.29878562621275 1158.2875991601848 217.47234653874673 1.5 1.6043594598770141 3.300045666098595 16.357850243503 1.1527776126016736 23.734363007880628 -1.673640118041311 0.9999935626983643 
Car -1.0 -1 -2.157416506490967 958.07656160208 170.4544308703569 1068.8158662649212 217.87666506920993 1.5 1.6344635307788848 3.429081526398659 13.78079761212848 1.1838024678921188 24.12535810223317 -1.6384304324772698 0.999942421913147 
Car -1.0 -1 0.9694735072462833 1100.101169184657 168.22446393138486 1223.0 215.49634177729874 1.5 1.6453296437859535 3.9752061039209368 19.228819651930785 1.1120313108645261 24.467316088587296 1.6355564475019992 0.9998024106025696 
Car -1.0 -1 -1.6007684015064652 603.4291173439966 176.13218215795823 635.1788965161 206.20642323969128 1.5 1.548641037940979 3.5048636168241503 0.697551205164162 1.28357885189882 37.02115697478171 -1.5819286695357901 0.9997157454490662 
Pedestrian -1.0 -1 1.2387043083800622 706.0849949034966 155.13161692445016 763.2271261423921 268.6449911493822 1.8 0.6389433078467845 0.9982969172298908 2.092381242165279 1.3993848256489827 11.749503523610937 1.4149393280360358 0.9990777969360352 
Cyclist -1.0 -1 2.082383406439229 84.3238730316389 189.2913753962611 227.77573218120367 332.7139121328806 1.4 0.5814914152026176 1.7176157355308532 -4.965954139779565 1.5105203965832652 7.876173020051377 1.5198363502833503 0.9986352324485779 
Pedestrian -1.0 -1 -2.1343589229787865 412.11480257314383 161.90570021720742 474.93080527945904 258.91659190448155 1.8 0.6192672558128833 1.2478642657399177 -3.198829882672824 1.4566274491711524 13.77274888776129 -2.3625707189228877 0.9994848966598511 
Cyclist -1.0 -1 -2.9036336019899704 665.9209908334694 180.45775808610395 773.12005771716 267.83700811666534 1.4 0.6419749490916729 1.6852660596370697 1.8882979063415406 1.400977499310917 11.943806482592057 -2.7468329230931148 0.9985835552215576 
Pedestrian -1.0 -1 -1.7112267689825473 393.1619465492334 162.11540087452366 435.9913579364444 260.1659673479188 1.8 0.6315586648881435 1.20087745860219 -3.7335681643294083 1.4641367067917872 13.651355917703798 -1.9781926135208947 0.9945057034492493 
Pedestrian -1.0 -1 -2.6991677119561803 501.1462741201505 161.1267568835702 564.4160568880751 255.80371436701017 1.8 0.7502111166715622 1.0214782811701297 -1.4605442276411018 1.4333101066555192 13.960763326278128 -2.803406314053808 0.9886296987533569 
Pedestrian -1.0 -1 2.2756015372008136 0.0 163.9760543539047 0.0 290.36006213985706 1.8 0.6048115462064743 0.6203115478157997 -10.350726498194952 1.5663269353539802 10.397898388376186 1.4924768646571296 0.9585857391357422 
Pedestrian -1.0 -1 2.101040628516955 0.0 164.5123845039402 0.0 290.18642421192726 1.8 0.6129401296377182 0.703886479884386 -10.905239639856998 1.5726786385049982 10.54326739768507 1.2987677296015876 0.9317585229873657 
Pedestrian -1.0 -1 2.7201842597582413 670.032721955098 156.68380751930806 748.1845911474422 263.5233726060364 1.8 0.5553778752684593 1.2305924229323864 1.7684527000898271 1.4004009929080574 12.343623491724188 2.862484443183762 0.9439034461975098 
Pedestrian -1.0 -1 2.1900977444871366 0.0 164.8847482570741 0.0 289.61747320298815 1.8 0.5095783181488514 0.605886385589838 -11.189798764953938 1.5763233671454375 10.545060919059233 1.3750445087763923 0.7546194791793823 
Pedestrian -1.0 -1 1.7781541257142288 0.0 164.67676694046094 0.0 293.91325570332407 1.8 0.6262981824576854 0.7688303038477897 -11.49064377588206 1.581282862098893 10.337899307139299 0.9399959286067145 0.5434390902519226 
