Car -1.0 -1 -1.7164423525421708 676.6367788373684 178.08923155818317 751.6805695397917 237.14772825180796 1.5 1.5727853894233703 3.624188017845154 2.8134275491015095 1.6620629161597822 20.46489304575574 -1.5798229408126814 0.9999696016311646 
Car -1.0 -1 0.28923894509763537 344.014418452074 181.39072638187804 489.1384051315282 231.2557128608068 1.5 1.644703608751297 4.150157657265663 -6.104707973574246 1.781575812043831 22.884990197661825 0.028553171953882496 0.999966025352478 
Car -1.0 -1 3.6688806286172233 0.0 182.94322627724574 294.6111280146473 297.7187225898058 1.5 1.599990439414978 3.6579890668392183 -6.807577219201185 1.6592566679963685 10.472150128406058 3.0924597859343113 0.9999622106552124 
Car -1.0 -1 0.6228196612628241 0.0 183.05194596496747 280.738324525494 336.78811707282597 1.5 1.611088079214096 3.9759262025356295 -6.066945088487932 1.6256654545058058 8.007017527183072 -0.02559347549942561 0.9999586343765259 
Car -1.0 -1 0.35754817195751887 242.30390667471542 181.77635073358235 436.54385649419606 254.1066798657345 1.5 1.5393393605947494 3.7109723806381227 -5.919453451610195 1.706859212782675 15.924001592507592 0.0016460855815070058 0.9999263286590576 
Car -1.0 -1 -2.0033794851134603 775.6547082423264 174.46268344271786 1132.65087649988 374.0 1.5 1.5426358699798584 3.481065344810486 2.732976666659714 1.519318705663706 6.727059756219384 -1.6174829537656648 0.9997079968452454 
Car -1.0 -1 0.2517750358034736 331.30441470046225 181.48098791019643 463.5005214823827 237.3384421027484 1.5 1.5845956772565841 3.309789535403252 -6.0055620592829495 1.7554148452041984 20.48234748526797 -0.03343780437973567 0.9996240139007568 
Car -1.0 -1 -0.24160027906338513 728.300713743502 177.7548510846692 848.2360523598995 221.71974526544224 1.5 1.6263088703155517 3.853522849082947 6.218657687200927 1.679943712959735 25.617349440470687 -0.003454999127660475 0.9994829893112183 
Car -1.0 -1 0.15305664739190813 435.22731257457366 181.13342549223097 524.073384205701 211.22959607365217 1.5 1.7065521821379661 4.31893267929554 -6.731937749536909 1.9395594323641234 37.36552098444238 -0.0251955548909051 0.999439537525177 
Car -1.0 -1 0.818258686084105 0.0 184.08637316349441 164.22430251243497 374.0 1.5 1.661333304643631 4.17707362473011 -6.072259969487641 1.5996549873007206 5.5131913471592195 -0.015358165898595533 0.9993718266487122 
Car -1.0 -1 0.3058475206447997 304.2287755149888 181.44804129964916 472.7998556685499 244.79675412718657 1.5 1.5339447677135467 3.751286354660988 -5.512391574897593 1.7251030652268113 18.080844814868872 0.009924574694361008 0.9987542629241943 
Car -1.0 -1 3.557903195696766 109.85776547275994 182.50452888420648 340.4108539565652 272.7122571797963 1.5 1.5744006752967834 3.339495000243187 -6.890166739375299 1.6874601943898062 13.08694118505448 3.0732874751051487 0.9979762434959412 
Car -1.0 -1 -0.2174463868245409 682.5038425380941 178.70496067095604 758.7176361144599 206.06799301747097 1.5 1.68170468211174 4.004034262895584 6.204410623440986 1.8402544989748904 40.94008487539904 -0.06704230705765316 0.9960745573043823 
Car -1.0 -1 -2.7952390001408025 396.9847639477194 181.21461705958447 501.36683385475925 221.8623583546641 1.5 1.5796810880303382 3.6425145834684374 -6.256520520434901 1.8372182958780732 28.054934987534537 -3.0146581689503535 0.9900839328765869 
