Pedestrian -1.0 -1 1.4868319544602293 564.4401792713137 161.7107314091414 593.9559447963461 249.8080927332584 1.8 0.5641622960567474 0.6237545542418956 -0.5867272559744956 1.4177239595984654 14.785688951591336 1.4471706589076179 0.9999998807907104 
Pedestrian -1.0 -1 1.4394326317872417 546.0044245567916 161.8428777815887 577.4655338936517 250.38631181738376 1.8 0.5571927435696125 0.7805800557136535 -0.9548087464129252 1.4223450988782977 14.805655445507332 1.375032349428858 0.9999990463256836 
Pedestrian -1.0 -1 1.32641827440996 622.4840819628431 161.24858115008635 652.366987095885 247.64398462102326 1.8 0.5162945508956909 0.5485769852995872 0.6447680630318093 1.4005299441910108 15.04641146330714 1.3692440231654304 0.999810516834259 
Pedestrian -1.0 -1 1.0654918748094075 654.7611044484378 153.95437060000884 706.8759047617259 278.5061751965201 1.8 0.45473100878298284 0.7868382640182972 1.0874459698134329 1.418032076622251 10.664274340473526 1.1671115597102302 0.999748170375824 
Pedestrian -1.0 -1 1.401543945197845 649.9559722787612 160.9887559027322 680.7139628401117 246.65260843580242 1.8 0.5396881632506847 0.7495760478079319 1.253392773854789 1.3916439816114017 15.248670194107671 1.4835564335200446 0.9995637536048889 
Pedestrian -1.0 -1 0.12760479821921888 1223.0 16.03258484058231 1223.0 369.0 1.8 0.5641245774924755 0.7990737006068229 2.7626141673197813 1.4422230950090869 2.026761892208621 1.0654534538600104 0.9975873231887817 
Pedestrian -1.0 -1 1.378292744173512 662.1715825692684 160.8463098691879 689.7121163131964 246.56771472996823 1.8 0.4616414222866297 0.7004469193518161 1.4797912291418287 1.3889282104467422 15.212465628287005 1.4752625664088386 0.9937806725502014 
Pedestrian -1.0 -1 1.2783996312712849 579.8114414842796 161.35663487237855 616.279915792969 249.90243397669016 1.8 0.5597709238529205 0.7849412530660629 -0.19455455709616135 1.4124706621144982 14.826726602111092 1.2652785023066657 0.9816526770591736 
Car -1.0 -1 -1.2451450323856752 0.0 181.28556190544947 261.8603027918171 369.0 1.5 1.844763432443142 4.9560102194547655 -3.1804526771451602 1.5089157433343756 3.8460658823726286 -1.936096296706472 0.9809136986732483 
Pedestrian -1.0 -1 1.3649366821597972 592.9446455784554 161.4586796412982 626.8927122845986 248.67880256324807 1.8 0.6081363677978515 0.5872640319168567 0.05744175602983843 1.4086597154654543 14.935376248257164 1.3687826832148688 0.9759156703948975 
Pedestrian -1.0 -1 0.2201347081547822 1223.0 32.32889510475799 1223.0 369.0 1.8 0.6582710452377796 0.8274275369942188 3.42166052621652 1.4325224157453191 2.260623485668021 1.20708434184524 0.8942393660545349 
Pedestrian -1.0 -1 0.2731877745369853 1223.0 0.0 1223.0 369.0 1.8 0.6896304458379745 0.8495022103190422 2.856427084061494 1.4442778945916506 1.4107387555612123 1.3852426250788825 0.857750415802002 
