Car -1.0 -1 1.980765341030455 254.73909854263894 182.30472377573392 347.65422263831283 227.33527509930857 1.5 1.6795292988419532 4.132832077145577 -11.45705131490623 1.8808806700165734 26.975822144071348 1.5791356444319309 0.9999957084655762 
Car -1.0 -1 -1.7444789515892578 695.5235804339084 177.51479050657466 804.059817277382 248.3302524309775 1.5 1.8364141255617141 4.4665227204561235 3.234514288223363 1.6299067767106956 17.814080765217984 -1.5648650695246202 0.999993085861206 
Car -1.0 -1 2.116282001150135 82.23268682337657 183.11140733074376 241.43169471197385 250.23619706431785 1.5 1.6936993718147277 3.9369142174720766 -11.444831207296586 1.7942001482494343 18.695338391858513 1.5669578750941413 0.9999645948410034 
Car -1.0 -1 -1.5702408588701708 582.7645124976456 179.54971566509292 623.3515037834441 218.23079607996385 1.5 1.6093550741672515 3.581366550922394 -0.3362213137554889 1.7991776189628435 30.399376287641864 -1.5813005464759213 0.9998956918716431 
Car -1.0 -1 -1.5956538558529576 587.9378450379558 178.79641680373007 660.2308178755637 247.134020268798 1.5 1.6191056489944458 3.5313407450914385 0.24618532497844575 1.6625644554005783 17.918079877658972 -1.5819152277570707 0.9998878240585327 
Car -1.0 -1 -2.2131156282143865 368.9310058771205 180.7869324133771 497.5423500067622 241.6790639793449 1.5 1.6010404124855995 3.624357518553734 -4.993848371678687 1.7396504085743796 19.996716181693134 -2.45784337917832 0.9998278617858887 
Pedestrian -1.0 -1 0.2221124614534757 381.0312721358219 161.66558026481383 434.6505495713144 279.830185779918 1.8 0.5924356661736965 0.697481495141983 -3.2089287830514963 1.62992480576831 11.303206021074269 -0.05450482765701839 0.9999352693557739 
Car -1.0 -1 -1.6945828073822011 679.4310902561957 178.48638969890462 730.7500466105055 220.04009248881556 1.5 1.5485313281416893 3.628153216838837 3.6297687033885504 1.7358840054525386 28.352552737680128 -1.567252788753484 0.9995856881141663 
Car -1.0 -1 -2.2221501726172503 432.13380481090627 180.6030415503073 532.2114416471351 226.0628638327843 1.5 1.5836930394172668 3.840514507889748 -4.757553933576595 1.8033142823683586 26.326349962698384 -2.4009351293232783 0.9984709620475769 
Car -1.0 -1 -2.2629001153863157 516.6512257624694 180.48253857631755 568.9838349147735 205.00018963424358 1.5 1.546102811396122 3.4500869482755663 -4.432502461319563 2.016034286843444 47.006081711291564 -2.356918470063482 0.9984049201011658 
Car -1.0 -1 -2.5097348439249405 390.4448507492877 180.8510323696546 515.8548202759262 232.13941145191873 1.5 1.6049391150474548 3.6722468703985216 -5.054610642801998 1.7720569492557607 23.035676442452765 -2.7257369319584708 0.9960851669311523 
Cyclist -1.0 -1 2.5118757013963693 1047.6588518375384 180.87224882937406 1180.4764330139963 294.90847461511106 1.4 0.6729622863233089 1.2396141447126865 6.385480492464324 1.507179586014085 9.257400461768743 3.115703094001633 0.9988777041435242 
Car -1.0 -1 -2.167888797543611 484.27634551113266 180.4689806797412 555.060122690222 215.49636419556657 1.5 1.5782714381814003 3.471282359957695 -4.273328667133512 1.8733043703552836 33.51181248091483 -2.2947213808682307 0.9755293130874634 
Car -1.0 -1 -1.7590735309020964 660.0993015666106 178.88567779000192 705.3717733684125 211.31650307565022 1.5 1.595744726061821 3.5428474217653276 3.527115208217774 1.815744941119241 35.889194076903266 -1.661110200979982 0.808058500289917 
