Car -1.0 -1 -2.06024698317952 826.0607528816179 173.3482817877018 1241.0 374.0 1.5 1.5197322264313697 3.2668507218360903 2.859127518971305 1.5052584193340917 5.509399212464301 -1.5815510117125255 0.9999665021896362 
Car -1.0 -1 -1.5446953374233285 569.2320868530143 179.32621831393325 624.6060878252216 231.03294993487543 1.5 1.64216500967741 3.629736465215683 -0.42039838929881734 1.724880824668473 23.20622758639429 -1.5628091134738666 0.9999620914459229 
Car -1.0 -1 -1.6606794727423524 655.9959818760009 178.52222527454342 713.7722124811748 229.01961647527455 1.5 1.5469303846359252 3.6058279246091844 2.336499658049056 1.7003509076284846 23.645906868182454 -1.5621871827777964 0.9999593496322632 
Car -1.0 -1 -1.461711122889796 523.5351754863208 180.16588440515628 567.0487074743575 216.56808342256238 1.5 1.5596654757857322 3.5580924272537233 -2.8789316202632205 1.8453243654767157 32.24429297568896 -1.5507599944856507 0.9999560117721558 
Car -1.0 -1 -1.2461990278696748 278.8228542952345 179.7866941128991 478.58671955930566 321.62667021158654 1.5 1.5014326691627502 3.196534749865532 -2.8522460421450675 1.6063292979970674 9.40630495041277 -1.5406137770649535 0.999954342842102 
Pedestrian -1.0 -1 2.519319917340571 731.1772820840151 170.71744708169336 756.5723023971912 217.5278353505472 1.8 0.8110191233456134 0.6201608598232269 5.193745254111098 1.7182009011883905 28.241550297731823 2.701192128654343 0.9992859959602356 
Car -1.0 -1 -1.0835158240626128 0.0 178.91642575312164 395.2445099461381 374.0 1.5 1.5696559593081474 3.588271376490593 -2.685382090353482 1.554467487171215 4.613274872647169 -1.6106687272575242 0.9990231990814209 
Car -1.0 -1 2.0992455397803678 76.82394383835876 183.69577424877056 201.95220549896607 236.05354060444392 1.5 1.6085299223661422 4.016024854779244 -15.2349264740458 1.885059008323659 23.55714650545326 1.5251781185481208 0.9987107515335083 
Car -1.0 -1 0.987349397734951 423.43826855358293 181.0266431550983 498.981980428918 216.96888567309983 1.5 1.576286044716835 3.7113840252161028 -6.848466413820259 1.8933326205536658 32.825164153151704 0.7816652496668952 0.9976311922073364 
Car -1.0 -1 0.7859805512790203 460.9273309427932 180.9001951905405 528.9401271320895 207.84545330645375 1.5 1.6490092992782592 4.024526339769364 -6.933855061953585 2.0017931446415247 43.11541439312446 0.626525088152613 0.9956156015396118 
Car -1.0 -1 1.9165674249172286 289.95815326763693 182.54757151190904 347.0984313144116 213.10067308742094 1.5 1.6032860174775123 3.9275868356227877 -15.582565262719294 2.0467762971663555 38.67747387293702 1.5335766514155524 0.9943408966064453 
Car -1.0 -1 -2.170814537422001 382.04981229801496 181.07554575137607 480.92369550033476 228.85229419812774 1.5 1.5692327663302421 3.592994299530983 -6.282025186746742 1.8059888236908443 25.041393528635503 -2.416607753434454 0.9942482709884644 
Car -1.0 -1 2.4041486850274647 0.0 185.8593121333407 0.0 279.3144637516455 1.5 1.5896276131272316 3.5809191435575487 -15.135371677836561 1.7827686685711044 13.871523786591096 1.5752074599226535 0.9822189807891846 
Car -1.0 -1 -1.5446757346291784 587.1479220720233 179.6536462134962 621.2440356364741 212.66586642539116 1.5 1.5780764192342758 3.530081969499588 -0.28086168658587723 1.849756231073663 35.29424979559528 -1.5526332846519095 0.9806435108184814 
Car -1.0 -1 1.1549029460739866 126.54055411494349 181.8750433103071 321.5948253767465 293.7467654165374 1.5 1.510699701309204 3.3520227789878847 -6.291706194267248 1.6651179310901267 11.5543123662898 0.6562666138026373 0.9561155438423157 
Car -1.0 -1 0.9481853242259071 345.46356029235574 181.2148289270562 461.34407304175636 235.73026009952218 1.5 1.5744880333542823 3.653712061047554 -6.42552153481277 1.7771137365967102 22.13384099648362 0.6656483848902839 0.9384298920631409 
