Car -1.0 -1 -1.7588250390077556 580.4544210077187 179.3874963641657 638.486138128623 223.5903746155559 1.5 1.542164248228073 3.3596450954675676 -0.12352453922247633 1.7594089652155502 26.80963856398779 -1.7634324739363534 0.9999843835830688 
Car -1.0 -1 -1.8427027232979183 649.7803808893318 177.70358262310475 775.1212100529117 262.08978807104313 1.5 1.6038423895835876 3.6876509457826616 1.9289866600581151 1.6141346299919632 14.985599898539173 -1.7146840105440957 0.9999760389328003 
Car -1.0 -1 -1.4392684581837618 403.264331978401 181.29697979982635 451.9263318249979 218.25765189559002 1.5 1.6225990399718284 3.7537502616643907 -8.097896561915377 1.8992884167471742 32.132122598816736 -1.6861461932447297 0.9998676776885986 
Cyclist -1.0 -1 1.7186553987379691 362.12182422150744 186.5942667215608 419.57739640872796 289.05828447210735 1.4 0.5823632262647152 1.8356156095862388 -3.3757827679133157 1.6291623971138247 11.061620617620044 1.4224533279750007 0.9998836517333984 
Car -1.0 -1 1.7894221095270924 275.55539833171065 181.11123996786927 396.2222994985452 261.23088603490095 1.5 1.6349895417690277 4.155576837062836 -5.994817213341226 1.70973906241933 16.123347815206497 1.4334513386103767 0.9998414516448975 
Car -1.0 -1 -1.9756571513145684 753.98885141362 175.20305359033253 1031.3729399421281 350.9418830758204 1.5 1.5395887687802314 3.366933998465538 2.743403340196417 1.5318528196926768 7.936752860569797 -1.642855570712362 0.9995373487472534 
Pedestrian -1.0 -1 1.6491051730002304 400.95026809830586 176.73532826329847 414.6025841861476 209.30870444990353 1.8 0.6849595837295055 0.6851028211414814 -11.34595713863466 2.0196868802449837 40.367874157166476 1.3751100738856452 0.999332845211029 
Car -1.0 -1 -1.5925517963679605 560.8657681886799 180.00247484400356 592.1904970810319 211.33021138447302 1.5 1.5254673108458519 3.236845371127129 -1.7864942034851297 1.8832212336216834 36.97409661264969 -1.6408317024495942 0.9986805319786072 
Car -1.0 -1 -1.3115592832362186 160.76985728588355 181.1095521133689 343.8459720303337 304.57234432636824 1.5 1.5741024658083915 3.6098918437957765 -5.234353194548222 1.6475270111747498 10.940068251685695 -1.757824511328016 0.9885357022285461 
Cyclist -1.0 -1 1.9558516971688638 267.3398840254883 188.28524349949538 369.1703419288729 317.0988224788803 1.4 0.5678361773490905 1.698448185622692 -3.59113992753369 1.608763392110036 8.892353483271473 1.5720343470533908 0.9899466633796692 
