Car -1.0 -1 0.18221550770586023 366.17733317940906 182.00021382492085 440.5225966008744 207.67008564616344 1.5 1.5793096765875816 4.126410794258118 -12.540683363912182 2.0686620487512464 43.84584134817823 -0.09636457363632747 0.9999946355819702 
Car -1.0 -1 -2.0600810292911076 816.948783716605 173.57258793169368 1241.0 374.0 1.5 1.5616346642374992 3.6514590054750444 2.9759624236150355 1.5080675940719543 5.896245384970765 -1.5926632760700328 0.9999939203262329 
Car -1.0 -1 1.7008367627154266 466.62458222654186 180.1202091009634 536.9107493983458 237.13310983679355 1.5 1.5792079761624336 3.7490131825208666 -3.1577506297532345 1.7343917867389849 21.34942149920237 1.5539933880183356 0.9999881982803345 
Car -1.0 -1 -1.7194083310299968 658.0711640442189 178.45545687736072 722.1790147842138 228.7081072378782 1.5 1.540825192630291 3.8300810873508455 2.5272706901822333 1.7011495331630566 23.915130931760178 -1.6141224587943894 0.9999420642852783 
Car -1.0 -1 0.38196411594817814 274.5342235630675 182.99000467321977 349.85440240779695 208.56096347239864 1.5 1.509159480035305 3.940124672651291 -18.034139103435905 2.1252644220588364 43.70864570584533 -0.009355978169713697 0.9998273253440857 
Pedestrian -1.0 -1 -1.868991387932126 790.795363936988 162.99862601718257 833.0482618700562 249.051995576231 1.8 0.7021437890827655 0.6724055416882038 4.260570750927718 1.5942105061790273 15.436042447419435 -1.599682296687041 0.9995599389076233 
Car -1.0 -1 -1.8545770404795083 724.6629862469688 176.21769685683668 916.3251202351402 304.91224065418027 1.5 1.5794596195220947 3.757431593537331 2.7362631076628343 1.5577327170109028 10.405498462123699 -1.5974354250964267 0.9993792772293091 
Car -1.0 -1 -1.8278686520775738 692.824307724161 177.4537710573281 798.8193795893484 261.9462591202615 1.5 1.3985122114419937 2.758978728950024 2.562157963897516 1.6012628914888631 14.394111454931599 -1.651713208356176 0.9988743662834167 
Car -1.0 -1 -1.6336546810627006 651.8721398867732 178.79962852115713 697.0883274316606 219.63330201326224 1.5 1.5623653799295425 3.6480853825807573 2.481214287039342 1.7535327944150374 28.8801529889797 -1.5479509672757727 0.9983952641487122 
Car -1.0 -1 -1.6419085272593463 638.6703617888566 179.2164495762094 672.0047271371108 208.8907874969004 1.5 1.5366187810897827 3.677768123149872 2.379300101351562 1.8615231409566486 39.10871784541106 -1.5811453201484424 0.996116042137146 
