Pedestrian -1.0 -1 -3.0282885274244085 534.3536962330711 162.89716081742787 587.2201358323416 259.7119033583105 1.8 0.7146773420274257 0.9368199415504932 -0.8049576652436748 1.4553947171667654 13.735263209175299 -3.086826757588659 0.9999666213989258 
Pedestrian -1.0 -1 -2.0276336431895756 709.686110975956 163.79937968486288 754.8208189665927 244.4831152198426 1.8 0.7192004032433033 0.8489531025290489 2.965435248618309 1.4063282682677973 16.530127281100718 -1.8501260141518456 0.9997487664222717 
Pedestrian -1.0 -1 -3.589350648921804 1105.4527953111944 150.91038872242441 1200.6835862006842 278.11113781048294 1.8 0.7731115005910396 0.8659772135317325 8.088647506972519 1.3684475123388011 10.628278392293277 -2.938815192380224 0.9994933605194092 
Pedestrian -1.0 -1 -2.4736916366369774 982.9947866748195 152.4422427403333 1066.8736391908017 278.9242066402676 1.8 0.6773311205208301 0.8406189762055873 6.2708221221818805 1.3877868153233286 10.73522968651905 -1.9450193504479272 0.9992088675498962 
Pedestrian -1.0 -1 -1.2668369706073805 183.05170547487356 150.79040452211677 292.48541015054906 338.0586049936922 1.8 0.7634447447955608 0.9499867007136344 -3.7730358413819687 1.5061951949128196 7.433395974253928 -1.736529395976339 0.9958184361457825 
Pedestrian -1.0 -1 1.9082743944119605 489.6064846385707 170.3211943982872 516.7187017025752 228.24961677970853 1.8 0.6129432030022144 0.8315743438899517 -3.1377481943581462 1.4537531317906867 22.786611634982794 1.7714335799177707 0.995564877986908 
Pedestrian -1.0 -1 1.203381064228611 759.1835392326773 141.00859049026056 867.8585663437148 346.66142383893623 1.8 0.7381366126239299 0.7754500515758991 1.9035084787443974 1.4469770137149 6.704277416585331 1.4800252159449714 0.9950716495513916 
Pedestrian -1.0 -1 2.177940963519012 504.7195524776335 169.95296030016118 540.0272345009134 228.73436001261052 1.8 0.6614243172109127 0.9841861695051193 -2.506100182456889 1.447523098357199 22.58440929641894 2.0674271464308323 0.9936303496360779 
Pedestrian -1.0 -1 -1.6854090590653705 789.2460200025192 140.5535542294651 891.6102445265747 346.87758960317444 1.8 0.8167379096150398 0.7882169939577579 2.156866119539942 1.4441604939194748 6.730177214554228 -1.375273601212774 0.9911869168281555 
Pedestrian -1.0 -1 -3.4520967719518536 941.6766961373881 157.56697758350475 995.1309369389295 259.0789789001361 1.8 0.5967761881649494 0.7173046961426734 6.632731726613297 1.3768953015703354 13.086115361994642 -2.982982114949499 0.9742099046707153 
Pedestrian -1.0 -1 1.7900201374072797 850.8946651562034 138.7523038862104 949.7295472658502 350.65122155204705 1.8 0.6784732945263385 0.8548340320587158 2.7261389761750494 1.4382605905882246 6.643986455575055 2.179388511176926 0.9493551850318909 
Car -1.0 -1 1.7636465476568024 458.8925515016483 180.00533219121394 530.9944743802646 223.1857918599145 1.5 1.8472223103046417 4.655987632274628 -3.956273449557674 1.4491438406362769 27.32133553568963 1.6198408484419407 0.927773118019104 
Car -1.0 -1 1.6498219850346698 500.64987861715366 179.81823153635088 544.5919083814789 212.62282528800213 1.5 1.7756090059876442 4.685899850726128 -3.7996217400061925 1.4240320174968526 35.210745464597544 1.542327090105738 0.7347555160522461 
Pedestrian -1.0 -1 2.098590022191577 942.9137549907705 157.55715233353072 1000.9999319879543 258.5168849419864 1.8 0.7209457017481327 0.659956832230091 6.808853674021833 1.3743975178846703 13.28600194600003 2.5721742987593235 0.6438198685646057 
