Pedestrian -1.0 -1 -1.7222207833750185 714.2271831343634 160.7370874498455 765.2363774804681 258.48206148370247 1.8 0.823102568089962 0.9081124819815158 2.5804496529312626 1.4189101431642919 13.693829952609866 -1.5359660173442704 0.9999854564666748 
Pedestrian -1.0 -1 3.3862513850076326 357.05155402648694 160.9480176269756 426.3110793484909 279.73174377468945 1.8 0.7374378412961959 0.8933722533285617 -3.3162098828844035 1.4898682459660184 11.269683294076874 3.1000695109327854 0.9999532699584961 
Pedestrian -1.0 -1 -1.8566784192586703 785.3110454445243 163.62370297741586 828.417885252609 240.65565824118963 1.8 0.7675320401787757 0.9060541659593582 4.882748466229439 1.3834902099641067 17.239462911243024 -1.5806762306627375 0.9999223947525024 
Pedestrian -1.0 -1 -1.6961373196212077 765.9855429176058 160.75807359206846 812.2081115906683 255.1941710370155 1.8 0.7736830532550811 0.8887339875102043 3.6499777721096676 1.405905232375193 14.178873509983918 -1.4441839615490777 0.9997426867485046 
Pedestrian -1.0 -1 1.431289175987413 909.2765971104028 152.05330674253156 974.4103483273847 286.2218888428009 1.8 0.7208994150161743 0.7958003811538219 4.730207073682668 1.4062702055354641 10.120664040710333 1.8685028433760227 0.9994015693664551 
Pedestrian -1.0 -1 1.3697502834312725 875.8145620033197 153.88944394408244 938.9429622869146 279.9881515744214 1.8 0.726073470711708 0.745406050980091 4.48971154206216 1.4071875533780938 10.687732498407124 1.7674469828566135 0.9992438554763794 
Pedestrian -1.0 -1 -1.698553245609669 714.2564159153304 157.92290586473055 766.069760083762 271.66975607500626 1.8 0.722023893892765 0.9237719260156154 2.2285218736722534 1.428197974995427 11.84685574726523 -1.5126152756300313 0.9993071556091309 
Pedestrian -1.0 -1 -1.6623519071375428 682.098383158937 160.54721702484656 726.7895632262888 261.66847353218094 1.8 0.7365387424826622 0.8369496583938598 1.8419642007953483 1.428304106910601 13.21932123919044 -1.5239045257356507 0.9970963001251221 
Car -1.0 -1 1.7418267044081048 548.1875160072311 179.20633165322198 598.9577429057493 214.85304664787867 1.5 1.6191846251487731 4.0397393077611925 -1.2000390743851082 1.4044592154747453 32.334534879647435 1.7047304987867893 0.9923700094223022 
Pedestrian -1.0 -1 1.9817005909984524 284.9791790561536 162.27686925551393 348.765070396179 278.25610073410843 1.8 0.6884202852845192 0.8156890541315078 -4.607546778346375 1.5029567325482318 11.564527756100984 1.6025564551313938 0.9837839007377625 
Pedestrian -1.0 -1 -1.3412215042451856 707.2318356882244 152.74237343101598 781.9946142025874 295.2922585338317 1.8 0.7887352749705314 0.980369609594345 1.898456022276259 1.4382083106083678 9.676829936648497 -1.1474961797383172 0.9802387952804565 
Pedestrian -1.0 -1 -1.5324098262590935 728.71123593163 151.7102601813873 794.6704575925687 299.0672376261085 1.8 0.7955562815070152 1.00810821428895 2.0553895485090576 1.4374517985291848 9.359990973130104 -1.3162476579335076 0.9797001481056213 
Pedestrian -1.0 -1 1.2001137719278052 890.8925592708883 153.1802755213714 959.5808570579463 282.30746063615624 1.8 0.6773336350917816 0.7520738549530506 4.62697380235074 1.406549667489552 10.402590753812971 1.6186270594557346 0.9783909916877747 
Pedestrian -1.0 -1 -2.2950012337823695 633.9357269463458 166.3235049307718 679.8372553603596 237.29881064412538 1.8 0.8061402969062328 0.8973604559898376 1.4166975007004639 1.4162898987021684 18.81610460643062 -2.219851271310125 0.939828634262085 
Pedestrian -1.0 -1 0.3421484953612739 278.42483993357285 162.79342493604565 342.8113110553234 276.1454709699916 1.8 0.46190494000911714 0.864672989398241 -4.750947439681765 1.5042403364072885 11.654491349961981 -0.044934825101171215 0.8524587154388428 
Pedestrian -1.0 -1 -1.7125760348934547 737.6709385989383 153.20741084583437 809.006099289003 291.55669769589724 1.8 0.8080961674451828 1.0516586273908615 2.297164505750139 1.4332286590757128 9.901971652573627 -1.4846178675678117 0.7858713865280151 
