Car -1.0 -1 -1.515200099560609 555.2099431443879 180.05141381816563 587.6488647176656 208.77288451018416 1.5 1.609320242702961 3.9578898370265962 -2.1639168403715594 1.9256702320930787 40.65377246096741 -1.5683778629780305 0.9999980926513672 
Car -1.0 -1 -1.9840825412681151 769.6761638114407 173.88739390540943 1236.689296886469 374.0 1.5 1.599019069969654 3.678352248668671 2.40449846570885 1.5110278394081853 5.601858398515711 -1.578632581108485 0.9999918937683105 
Car -1.0 -1 -1.6683279328908747 662.6591196401046 178.5697725572167 715.838733748461 222.7787958654484 1.5 1.5807470798492431 3.948465970158577 2.8462755998984726 1.7297213049715183 26.971057176837764 -1.563186352667634 0.9999889135360718 
Pedestrian -1.0 -1 -1.269056603294196 425.79737282239176 169.89671282048158 442.94743475174 239.52073657627164 1.8 0.3380157079547644 0.38204011768102647 -4.635618154635242 1.7239026511210487 18.85218338257398 -1.5101660462704045 0.9999864101409912 
Car -1.0 -1 -1.3358735848884535 398.22646434759776 179.6023379790848 535.45110910584 276.1886958662439 1.5 1.5939906731247901 4.074696686863899 -2.5540405103378427 1.6466626813833913 13.566456818375286 -1.5219569998469693 0.9999420642852783 
Car -1.0 -1 -1.304157078731908 241.00260705942765 179.25266422651433 484.8113061661246 353.3938252258061 1.5 1.5720943480730056 4.056122761964798 -2.5907991228016782 1.5932094062637665 8.415361325643389 -1.6028141836312157 0.9997753500938416 
Pedestrian -1.0 -1 -1.1949708956145408 422.07761573988483 169.6266129907517 448.73251482994306 240.94912949765353 1.8 0.5162697777152061 0.5032263256609439 -4.519727651379889 1.7189067398878464 18.491352582958687 -1.4346945742752892 0.9994083642959595 
Pedestrian -1.0 -1 -1.4147702000786764 386.2626499247436 167.96219493702793 413.9733261487912 250.7617111736986 1.8 0.5245263248682022 0.4581977639347315 -4.683722734047526 1.6940136325823312 15.944042342878756 -1.7004924873497826 0.9981189370155334 
Pedestrian -1.0 -1 -1.099693026336484 419.6087308674189 170.0699033745464 436.73639817610507 239.06364708054656 1.8 0.3304892245680094 0.3165139377117157 -4.838657116619973 1.7277226317160803 19.012427602105276 -1.3489021966841561 0.9898324012756348 
Car -1.0 -1 -1.8360205892370984 713.0248033329162 176.54631302416215 880.538049104188 293.2952746615569 1.5 1.5506625667214393 3.665627029538155 2.6486163808555845 1.5674143742726525 11.24316741633463 -1.6046631830420834 0.9888010025024414 
Pedestrian -1.0 -1 -1.364491170055545 393.07421612904346 168.09250665116105 419.6830615877252 249.60083290525776 1.8 0.5060726337134838 0.383722784742713 -4.60193033818152 1.6952067671007474 16.140861291212975 -1.6422325978663308 0.97197026014328 
Pedestrian -1.0 -1 -1.035482846455686 395.64472474819246 167.71005733418622 433.3005097729171 251.36941402139755 1.8 0.5991741575300693 0.5584947325289249 -4.346599232131576 1.6896816776963053 15.870340545937855 -1.3028092841294152 0.9612464904785156 
Car -1.0 -1 -1.7067432824473643 650.6146995178858 179.06516307844396 688.6604966581042 208.58931882076027 1.5 1.5621893599629402 3.7868505835533144 3.1725584599351047 1.8562207015823002 39.40319905712886 -1.6264013434436662 0.9154089689254761 
Pedestrian -1.0 -1 -2.0577922772512154 886.9039543645492 153.93347729425403 961.7567797370979 284.3143650680699 1.8 0.7296488180756568 0.7213536210358142 4.438510853745628 1.5391467290725307 10.347871240448468 -1.6525977263834817 0.6397717595100403 
