Car -1.0 -1 -1.756187136125463 624.0983994225058 179.36928235975313 662.3584137692516 208.05205190555006 1.5 1.5326861783862114 3.3720290780067446 1.7801193338610524 1.8804660549668684 40.315398671007614 -1.7120609740403039 0.9999585151672363 
Car -1.0 -1 0.5564677756407204 0.0 182.4434207741589 345.0102021236214 307.114775793311 1.5 1.610010166466236 3.761860963702202 -5.774532168805104 1.6396870946598106 9.644036898466599 0.016955300173486988 0.9999591112136841 
Car -1.0 -1 -2.403403156397865 923.0892803725101 149.40978449274908 1241.0 374.0 1.5 1.6226670265197753 4.032393780350685 2.8794719119934973 1.4764302076850397 2.7719305332472266 -1.5989781404521806 0.9997343420982361 
Car -1.0 -1 3.832657985680738 0.0 183.91476546860508 169.23782666066626 366.1132824672058 1.5 1.58103299587965 3.7524553507566454 -6.697619857067084 1.6215616167671172 6.97695447758561 3.0676842808683933 0.9994971752166748 
Car -1.0 -1 -2.3308979306883155 720.5772229145063 177.80636440197944 819.1732948646203 220.10988543260984 1.5 1.592012357711792 3.748985615372658 6.096049215323104 1.706860998760556 28.06863576550158 -2.1170355240490775 0.998838484287262 
Car -1.0 -1 -2.735729112063617 314.8212786933367 181.61397618853502 455.9306591277164 235.1635426143725 1.5 1.56589565128088 3.6976209402084352 -6.6828505306051404 1.7731849379496554 21.497876996465042 -3.03712006012467 0.9951881170272827 
Car -1.0 -1 3.565678984817668 91.67501601924909 182.46251694623902 337.3373060139021 281.50615942125285 1.5 1.4982035875320434 3.241557863354683 -6.459994796061159 1.6710831696432464 11.954919455407358 3.070264804359299 0.9944451451301575 
Car -1.0 -1 -2.8455990811524092 336.2006812661293 181.48865017747949 482.3343223513647 229.65165472744667 1.5 1.7082935690879821 4.315744948387146 -6.560176389717614 1.7949614828072666 23.70525733673551 -3.115581587949072 0.9787421226501465 
Car -1.0 -1 3.4322309245760803 274.4594818049526 181.89591220451086 423.383834870845 241.69667637446886 1.5 1.4977844923734664 3.4407547235488893 -6.906732854677101 1.7514524196382815 19.192414295622406 3.086792337890488 0.9727884531021118 
Car -1.0 -1 4.035768820593296 0.0 185.6309647958509 0.0 374.0 1.5 1.5367862328886985 3.613930431008339 -6.795451296554231 1.597040749255812 4.53213065677076 3.05316148995958 0.6255877017974854 
Car -1.0 -1 1.9294787583043398 598.2344485882621 179.7295426035945 636.9392725960506 202.9630122026925 1.5 1.5759775906801223 3.3693841218948366 0.5257973237579949 1.990084735805542 49.53497187695583 1.940093028541428 0.568370521068573 
