Pedestrian -1.0 -1 0.5741998064436444 755.6657091862553 166.38651683488817 799.7851822625126 235.7543906891462 1.8 0.5131684735417366 1.034446482360363 4.42608824574791 1.6325356186124536 19.269948338020384 0.7999724586817878 0.9999948740005493 
Car -1.0 -1 2.055282727147758 99.4868750220632 181.0622927949489 356.23499458102543 318.62467468038716 1.5 1.5393559381365776 3.676358473300934 -4.994371228319908 1.6345217414008422 9.938395321238296 1.5896108031233371 0.9999825954437256 
Car -1.0 -1 -1.996749201608075 826.8758475159726 173.51679580079332 1241.0 374.0 1.5 1.603424970805645 3.833342206478119 3.011496699530684 1.5075582311057882 5.8834296466671425 -1.523658079155956 0.9998546838760376 
Pedestrian -1.0 -1 1.8433377034173464 370.03636130867085 172.69910777928553 392.04835679902015 229.84069785361916 1.8 0.5618327789008617 0.4748751435428858 -7.332906370744544 1.7954785909560778 22.973706147252173 1.5343724926325935 0.9997605681419373 
Pedestrian -1.0 -1 0.6816153634390502 759.0180189831281 166.1098103774314 802.4198213382533 236.87355523169543 1.8 0.5396682329475879 0.9864076532423496 4.418825292239869 1.6288075325660438 18.905936730733405 0.9112204750392096 0.9995604157447815 
Car -1.0 -1 1.7058868896919752 492.0500773517071 180.41421835670863 539.88742943468 216.83686239579382 1.5 1.6116317853331565 4.043701899051666 -4.21940244195604 1.8630032189243935 32.58079331810723 1.5770978808363498 0.9991958737373352 
Pedestrian -1.0 -1 0.9359912741900067 773.7040747792827 166.52017158825092 812.100994339275 234.19433002398776 1.8 0.564634197205305 0.9475972063839435 4.946516745406155 1.6318903992776954 19.73423357210355 1.1815878589961188 0.9973217844963074 
Car -1.0 -1 -2.778339798282225 0.0 0.0 1241.0 374.0 1.5 1.6992133602499961 4.325378549098969 2.792992511458595 1.4582006553988855 0.940478666246035 -1.5323460708048684 0.9930353164672852 
Pedestrian -1.0 -1 -0.21415251093238766 644.352062257855 173.88646974482435 666.2075401660546 207.88095710753308 1.8 0.5850890211760997 1.0662503100931644 2.3827645347994935 1.856118183086422 38.5951203148716 -0.15249331394699642 0.9793753027915955 
Pedestrian -1.0 -1 0.07114843840698357 664.0428561048107 173.6970581301857 683.3304336089404 207.66713400807365 1.8 0.6030906483530998 0.9888985686004161 3.3761063050527325 1.8459293452965202 38.624344495212725 0.15833561023208073 0.9403899312019348 
