Car -1.0 -1 -1.1964540218881667 87.55030266952734 182.44735968114747 286.73964942062867 287.0987403808454 1.5 1.604245652258396 3.8779886931180956 -6.986677994965908 1.4614517491240804 12.332333497689088 -1.711902097859655 0.9999819993972778 
Car -1.0 -1 -1.6745954188543126 541.879545129106 179.43752196241363 617.8002790827369 239.60743395378046 1.5 1.6797148182988166 3.9717281728982927 -0.9183948889174423 1.3570846993055141 20.005769081133096 -1.7204697142031533 0.9999806880950928 
Car -1.0 -1 -1.1558688112928703 140.46965157690406 182.83898199615945 258.57954169114845 236.31597294909935 1.5 1.6496453925967216 4.131139305233956 -12.530576201837844 1.4344656105421936 22.295537075461137 -1.6678948784854752 0.9999477863311768 
Car -1.0 -1 -1.4490456615800709 443.3034028274494 180.50706050589503 505.4978313474727 228.7666848797386 1.5 1.6101154059171676 3.8406124830245973 -4.465366802667665 1.3547778585130243 24.304707899938123 -1.6307437169041974 0.9999262094497681 
Car -1.0 -1 -1.2538218812278226 250.72926541968994 181.84648874980638 359.3503119153913 239.32532339523942 1.5 1.6540837034583091 4.273842138051987 -8.701529010441751 1.4132063998273605 20.949897589506584 -1.647490137317453 0.999922513961792 
Car -1.0 -1 -1.3382266615578935 345.99516694836535 181.50898298306683 404.0854059134317 216.85302870975406 1.5 1.6086265936493873 4.076329109072685 -10.504516968462582 1.3438183266847288 32.599822646447876 -1.6499477113273484 0.9997422099113464 
Car -1.0 -1 -0.9028181213900048 0.0 185.3606063709664 71.13661209074425 375.0 1.5 1.5704492598772049 3.527769309282303 -6.3702090096487725 1.5027005002162943 5.917654481638927 -1.725029037394796 0.9974741339683533 
Car -1.0 -1 -0.9880431731529009 0.0 184.79125575222298 94.07430017650056 288.2873766176432 1.5 1.8507209166884422 4.9455857396125795 -11.727761189051266 1.4949796148843657 12.998823146291898 -1.7220818708327157 0.9972142577171326 
Car -1.0 -1 -1.4374712295617305 383.8690661374759 181.38156093599216 421.4072180118704 208.68078588124226 1.5 1.598903027176857 3.7531992912292482 -11.809170833973948 1.2904583198585555 41.466885643426714 -1.7149120579150063 0.9923200011253357 
Car -1.0 -1 -1.2172218527850445 224.2714843131735 182.37469910895896 310.5629825054526 219.7726210520717 1.5 1.8415553987026214 4.796033960580826 -14.706471735909213 1.38718103895889 31.296979941308795 -1.6565013761308534 0.9909399747848511 
Car -1.0 -1 -1.5573329894742052 455.07524424721356 180.78361377198775 484.8011330044569 204.06685510905615 1.5 1.8879393607378006 5.4564064860343935 -9.407161248443591 1.2155984883861353 49.158979521617574 -1.746409163871084 0.9578136801719666 
