Pedestrian -1.0 -1 2.8765858241683486 755.1943502358956 162.49751354978184 794.6223778804975 253.64674213997728 1.8 0.6771663695573806 0.6197953157126903 3.277218985799039 1.5958396560672918 14.597999338914024 3.097422230239731 0.9997870326042175 
Pedestrian -1.0 -1 -0.9345686786560818 261.21808252453906 169.63124518032376 312.6890153265888 250.89420923200376 1.8 0.6333489462733268 0.9543418444693088 -7.429922456097208 1.7289728161773208 16.51295731602221 -1.3573768595841271 0.9993888139724731 
Car -1.0 -1 -1.3203917600848674 551.5312675367204 179.78746643883852 611.3111175924496 209.7290745327091 1.5 2.0479556664824488 5.459862065315247 -1.5324819065020938 1.9159794659039884 40.364856650822254 -1.3583392808821542 0.9978123903274536 
Pedestrian -1.0 -1 -1.5657222072012555 887.9745620463925 152.9115663059616 935.7881206501055 290.3840502902996 1.8 0.584308572858572 1.1189197681844234 4.1582413037277774 1.539241035679341 10.073616030395552 -1.174242780604635 0.9958682060241699 
Pedestrian -1.0 -1 1.1606056100695104 939.7735372890562 159.23809790211254 980.9202267820345 257.38061874196575 1.8 0.48568225726485253 0.6224270470440387 6.520408264381733 1.5506330311734846 13.551022384678193 1.6090798258741916 0.9813406467437744 
Cyclist -1.0 -1 -1.404319365216224 879.4736389861201 182.06967255418704 943.1133086831549 292.94567221399825 1.4 0.5766209706664085 1.5271123990416526 4.162094341876289 1.5388603327501265 10.041088092480903 -1.0113704363491876 0.979201078414917 
Pedestrian -1.0 -1 -0.582060251476491 969.0144485202778 156.6358583558305 1025.9645157061566 267.10114334436776 1.8 0.5277975022792816 0.655102127045393 6.409836083667802 1.53608791694759 12.047713996782939 -0.09311230579880306 0.9410400390625 
Pedestrian -1.0 -1 -0.8063239240123952 952.6340951224579 156.49450402983243 1012.988536854929 268.7629297982989 1.8 0.5229377679526805 0.736944705992937 6.1093619562819015 1.5380660175933303 11.93326231198063 -0.3331535617497308 0.895417332649231 
Pedestrian -1.0 -1 0.4108548712775886 337.2417965681067 169.5942502086896 376.0319817687245 246.2018770378367 1.8 0.7174710303544998 0.6478634223341941 -6.12709580323759 1.7237655968743477 17.331585768782528 0.07104591926070622 0.8357270956039429 
Pedestrian -1.0 -1 1.113963775207721 1112.6290396914849 142.01083766537286 1205.9469819318278 324.8537575497915 1.8 0.524697595089674 0.6715841151773929 5.6160406208393665 1.49672189208248 7.479201515022141 1.7580327868422092 0.5770424604415894 
