Cyclist -1.0 -1 1.814442094702808 380.67942022072276 186.6622549274859 449.8410503191925 288.38729970734903 1.4 0.6078319184482097 1.7617863163352012 -2.8159386432017413 1.485683711072828 10.856962038419319 1.5606669624659675 0.9999606609344482 
Car -1.0 -1 1.6519476243205298 491.46806357807 180.0118557469188 529.9592570270705 208.64404093963444 1.5 1.765666951239109 4.459820178151131 -4.979892415474317 1.4228882626376367 39.895772357206674 1.5277673443171638 0.9990144968032837 
Pedestrian -1.0 -1 -1.3504411061222379 763.3317181217097 162.14698494004878 800.4895590737274 249.05558291578956 1.8 0.6123575873672962 0.8034025810658931 3.8309567555906727 1.4004084183970367 15.371429221444219 -1.1061912337925774 0.9964765906333923 
Pedestrian -1.0 -1 2.826121504069272 788.459009055858 159.35288938799607 842.6725741600371 260.42456753006854 1.8 0.61252401471138 0.7954422876238822 3.8564297855180034 1.4068510974134367 13.108114687278647 3.112250316139084 0.98976069688797 
Pedestrian -1.0 -1 -1.5809600985121712 699.6401831876947 166.04006412174436 726.9522662354783 235.13967095617951 1.8 0.7047757066786289 0.9367035262286663 2.954742548081575 1.398450259851063 19.223155044301258 -1.4284462491658074 0.9685395359992981 
Pedestrian -1.0 -1 -1.3021615467748342 769.0859527750983 161.67050449690115 809.8928787484784 250.8313859356926 1.8 0.6511894546449184 0.7434575378894805 3.8899433640197625 1.400920791380134 14.98392559140805 -1.0481609264996392 0.966249406337738 
Pedestrian -1.0 -1 0.09776272813186579 614.114020677101 148.59083551194843 688.6261004730605 321.356755598246 1.8 0.6936630725860595 0.7555421933531761 0.5145988438671812 1.4584909607383691 7.885034263593139 0.16293303569289616 0.9630321264266968 
Pedestrian -1.0 -1 -1.8983890387109126 725.1735567563949 165.4936870013663 765.627186992123 235.6196700996485 1.8 0.7457595810294151 1.0585872016847133 3.764834954796158 1.3903247574399225 19.009460869804087 -1.7028686116125924 0.9483737945556641 
Pedestrian -1.0 -1 -1.357518226414874 161.04641435799306 151.59965210171703 264.49457242244495 335.95100595137114 1.8 0.7747092776000499 0.9750901281833648 -4.114008823145098 1.5094244484936803 7.587628286597656 -1.8543529073384148 0.8925845623016357 
Pedestrian -1.0 -1 1.9543724558564115 778.5146248131603 169.01120419411941 800.7934662969617 216.3728612516694 1.8 0.5726237341761589 0.8114546097815036 7.266524702506802 1.3263836100594422 27.794440384100966 2.210087049003464 0.8521827459335327 
Cyclist -1.0 -1 1.9429936008634194 190.45999694499326 191.69466778464712 397.2605718028287 373.0 1.4 0.7978820733726024 2.009798821806908 -2.3221510728096826 1.4958279103578418 5.640558375712358 1.552452011904444 0.7897469401359558 
Pedestrian -1.0 -1 -1.4388426565180408 664.3662106766678 147.5038538692436 739.4368071691428 322.81139226512 1.8 0.7069221258163452 0.9344668619334697 1.0780736479858817 1.4523030041643474 7.917009847559997 -1.303503261008535 0.7299575209617615 
