Car -1.0 -1 -1.590992442914097 565.927296708298 178.47252948537607 665.2939443769515 272.4522333207218 1.5 1.6165879115462303 3.349526834487915 0.006671540239462671 1.617933698815758 13.406114564185684 -1.5904947939005238 0.9998811483383179 
Pedestrian -1.0 -1 2.046167726842934 1031.6647107287847 168.64856073560918 1044.6732650064946 209.15114587483953 1.8 0.4753615267574787 0.17069117426872255 19.133374664622853 1.6134612715119223 32.31021903623736 2.5808153033217014 0.999637246131897 
Car -1.0 -1 1.7701427655057524 453.47939163834405 180.68719184709624 512.7557975335055 212.80001698230754 1.5 1.9555535659193992 5.844548207521439 -6.615703827984524 1.9458684482515278 38.08659394753756 1.5981571555098117 0.9971357583999634 
Car -1.0 -1 0.532076576756028 0.0 185.49335001998983 96.62639520159772 222.08606461297964 1.5 1.5216142430901527 3.642866250872612 -24.7028712143729 2.0656820854502054 31.268021654272875 -0.1365593234684808 0.9914677143096924 
Pedestrian -1.0 -1 2.120090450090381 1026.8400435473025 168.75569739003652 1037.50682176607 208.9962636275756 1.8 0.43888907209038736 0.0763471031561494 18.966605471490332 1.6170366566265424 32.48372154416929 2.648572909828049 0.9887761473655701 
Car -1.0 -1 -1.6059326219377092 1160.3839238469402 165.47967427806748 1241.0 374.0 1.5 1.6215783104300499 3.7040187537670137 4.558853449425206 1.4751928842347695 4.3509603304775615 -0.797205642857824 0.9867023825645447 
Pedestrian -1.0 -1 2.0765648586245082 1036.6467191846184 168.5961471132972 1050.7532063407007 209.0749303240289 1.8 0.45560156255960466 0.29625040739774705 19.40747569731187 1.61102065909328 32.35376548217972 2.6168756365736545 0.9789447784423828 
Pedestrian -1.0 -1 1.4849683091650787 1027.5280775515696 168.69907942966415 1040.0378930953032 209.17508118732974 1.8 0.45840260833501817 0.30346610844135286 18.94214355996023 1.6155851301060513 32.320127710653814 2.01508878469072 0.9221687912940979 
Pedestrian -1.0 -1 -1.0069427092292347 855.78234886439 164.96535721871584 887.7660543886866 236.34850651279754 1.8 0.5218738250434398 0.6253107011318206 6.6964749053405725 1.601437535179375 18.589509800170045 -0.6611846844342095 0.9130762815475464 
Pedestrian -1.0 -1 2.0939880686553316 952.7979350119684 166.23624082163215 986.5064468465033 224.6080827964204 1.8 0.4759604137390852 1.0806656934320926 11.294806911725782 1.5962873830415742 22.744473472997047 2.5549085020979465 0.5931425094604492 
