Car -1.0 -1 -2.2623806145157035 1034.3594981125818 169.29361961190077 1158.3667353092687 217.48431923471878 1.5 1.6194880500435829 3.3949444562196733 16.347824824590667 1.1527409268789488 23.765627803756818 -1.6598374257471902 0.9999887943267822 
Car -1.0 -1 -2.1419239043879204 957.3397733152981 170.45149252775968 1069.3448942920322 217.84216993581836 1.5 1.685480822622776 3.4827938795089723 13.791268596235302 1.1834977404826694 24.157536362211204 -1.623184737810169 0.9999654293060303 
Pedestrian -1.0 -1 1.00498743311458 399.18966754881285 159.86691740894844 467.57171737614084 269.3693005233607 1.8 0.7212700814008712 1.0047029264271259 -3.017369880205842 1.4624849772143953 12.225321958830293 0.7630104263636724 0.9999606609344482 
Pedestrian -1.0 -1 0.5887962362135597 687.4909935509878 152.3793825694109 772.3258103933188 281.67508818464125 1.8 0.6762299247086048 1.0318396173417568 1.7915084699779964 1.410184867847239 10.438591172350291 0.7587639530512946 0.999951958656311 
Pedestrian -1.0 -1 0.8226396162062396 503.63839995491287 155.1502079958837 587.4922399818064 282.92629136993924 1.8 0.6946119971573352 1.0872099108994007 -0.9425527300880456 1.4445609351378346 10.577289662743445 0.7337633808467047 0.9999442100524902 
Pedestrian -1.0 -1 1.1049088380831682 392.05882459467705 162.40338960474452 459.089384723701 257.89869160496374 1.8 0.8294632218778133 1.2196722000837326 -3.618844128689675 1.4605309010495928 14.054392427856277 0.8528947075221197 0.9998670816421509 
Car -1.0 -1 0.9660552322971931 1100.6206918179703 168.20960224335832 1223.0 215.51703875977952 1.5 1.6453903660178184 3.987863522768021 19.24781902593607 1.1118530240490867 24.454899836022182 1.6328647017439426 0.9998124241828918 
Pedestrian -1.0 -1 1.0316409116413832 458.29126923047636 160.34791005731432 528.5763113354243 262.3746920899537 1.8 0.8456300504505634 1.1003228396177291 -2.128426485449218 1.446111833371319 13.162272363003314 0.8713220795008796 0.9997308850288391 
Car -1.0 -1 -1.526893750476059 604.7623252432869 176.10548869748027 637.0249475151259 206.27748726217888 1.5 1.5428074195981025 3.1547775983810427 0.8487372830220269 1.282958696264009 36.77143617628727 -1.5038164193418366 0.9997106194496155 
Pedestrian -1.0 -1 0.6306421109441098 653.435557775116 151.07876638289844 745.5280381342346 290.0765893544623 1.8 0.7062447749078273 1.0458125293254852 1.2513514460004829 1.4206742431449546 9.767130255193667 0.7580665787074226 0.9996238946914673 
Pedestrian -1.0 -1 0.726149340143593 548.9291610604528 155.6970497584967 629.2672412748744 276.9748623219422 1.8 0.7096900165081024 1.0556533493101596 -0.2996649894306183 1.4335377964913287 11.1003024427221 0.6991597851130622 0.9995480179786682 
Pedestrian -1.0 -1 1.181754605273364 425.0170451370419 162.49054585948772 481.34088672323065 255.40481682008837 1.8 0.7769709013402462 1.0433161191642284 -3.1308895360374422 1.4527404717598926 14.342467682109556 0.9668311317774909 0.9994615912437439 
Pedestrian -1.0 -1 0.9917161585904908 402.8068751313188 159.06977471613982 482.7089853376734 272.35543710890977 1.8 0.7799789801239967 1.203502670675516 -2.790420290920397 1.461149556083448 11.926904355580465 0.7618898590418952 0.999504804611206 
Pedestrian -1.0 -1 0.7745808889540791 533.8661425209563 154.81296763206618 617.7940034450866 282.18343668214607 1.8 0.6291497059166431 1.1413388445973396 -0.4928693463465987 1.438657543372283 10.60161287723915 0.7281243046137946 0.9991875290870667 
Pedestrian -1.0 -1 0.9635825425760244 462.46663575349635 154.46755637719218 545.9335198974483 289.3910010648336 1.8 0.6906284511089325 1.0602811843156814 -1.489791645826775 1.4543758270653753 10.050488470553498 0.8164233406397957 0.9976443648338318 
Pedestrian -1.0 -1 1.0256416326022337 377.52860323589243 162.43198867925116 444.63701305525916 258.9012184934858 1.8 0.823194582760334 1.0865809887647628 -3.848463525027853 1.464509485764351 13.859752185824485 0.7547930916163581 0.9954351782798767 
Pedestrian -1.0 -1 -1.4395036219253778 195.12618501292926 174.47355877140512 215.88917381506533 217.24970817932092 1.8 0.7006791912019252 0.5923063986003398 -17.055006986358627 1.5478923636238915 30.153035864947103 -1.95425616303948 0.9893653392791748 
Pedestrian -1.0 -1 1.8190171923825667 266.52362025561365 171.31847759959743 296.73540447157563 226.56492525057232 1.8 0.7119899176061153 0.9235404923558235 -10.791715729109697 1.5023991410757562 23.550027025876126 1.3893267353388923 0.9896622896194458 
Cyclist -1.0 -1 1.3570872579141118 585.2900164936285 179.54909582867268 617.718734229014 226.05710129797018 1.4 0.6530695155262947 1.7691093057394027 -0.15959462604515445 1.372936830136294 22.21346711176461 1.3499027927729743 0.9774707555770874 
