Car -1.0 -1 -1.554421651108272 563.1746240789329 178.2499369941606 671.759978902405 283.2063166841104 1.5 1.5811667338013649 3.3736760288476946 0.09456765041224789 1.6042937101241692 12.189999101688716 -1.5466640005495889 0.9999500513076782 
Car -1.0 -1 -1.3734908823538488 979.680969866731 169.54706027715412 1241.0 374.0 1.5 1.6506465643644332 4.12853756248951 4.404198541780713 1.4854537565299535 5.176316148751213 -0.6685114065792901 0.9999368190765381 
Pedestrian -1.0 -1 2.1834323456120712 984.1010385984827 170.06354586474376 993.2224421131378 205.56162516390356 1.8 0.395243151858449 0.15358152128756047 19.27317839912749 1.658862258259338 36.79509301868341 2.6659362196882785 0.9998626708984375 
Pedestrian -1.0 -1 -1.1469419398761878 770.42777866084 167.8188758025136 801.8380715818312 228.52185748060822 1.8 0.6095968678593635 0.908131480962038 5.313238113825471 1.6510533899382174 21.93823843163525 -0.9093265692379815 0.9997395873069763 
Pedestrian -1.0 -1 2.3393904987170493 984.8877090136846 170.02733879626723 998.1010741612773 205.61266656484753 1.8 0.5518684655427932 0.2858734715729952 19.41980281139838 1.657377729493407 36.80126438704147 2.824946987624985 0.9976305961608887 
Car -1.0 -1 -1.224681458107494 848.1014933646761 174.29870443291733 1107.9768739133758 330.5153601836543 1.5 1.5944267183542251 3.9092084884643556 4.606185108328756 1.5219572052107264 8.87280165588337 -0.7458430091526849 0.9966455101966858 
Car -1.0 -1 2.2206793704365433 0.0 183.99103986723694 49.38537160379112 327.46258089755526 1.5 1.683390748500824 4.363859680294991 -10.257642957951461 1.6925729342481708 10.172464615819859 1.4311119755122321 0.9940162897109985 
Car -1.0 -1 0.4814457999292434 65.12583238900827 184.88453675856974 159.40943597422626 216.49731394545583 1.5 1.4331188544631004 3.606207159161568 -24.72478726777966 2.114043768445345 35.87269368400204 -0.1220200816777093 0.9358388781547546 
Pedestrian -1.0 -1 2.5538803325690473 1013.2399659730306 166.7284891308861 1032.8741991423826 218.9362367124916 1.8 0.5388496935367584 0.35415510907769204 14.354134076744433 1.5891646252649774 25.15519271639547 3.072419035430771 0.6562052965164185 
Car -1.0 -1 0.399907364439422 291.8704945216927 182.89346156790893 356.584312481401 206.4252751806123 1.5 1.6183507189154624 3.6233263581991197 -18.836682911902408 2.174067286498705 47.566520002706675 0.022847815355982102 0.6553539633750916 
Pedestrian -1.0 -1 1.634651029679614 978.948614575666 170.11786560702927 988.9442539552147 205.57149292599584 1.8 0.44478178285062314 0.13885014019906522 19.03793041508421 1.6614426930515243 36.80419360860386 2.1120238184889377 0.6229602098464966 
