Cyclist -1.0 -1 -1.3409525316218742 496.000919466814 180.59246357505992 525.3994317014859 224.57763026288578 1.4 0.57007787078619 1.817636427283287 -3.138036393958867 1.4047196927436014 23.435367619010997 -1.474062495925699 0.9996904134750366 
Pedestrian -1.0 -1 -1.2056740268802493 682.4800416978879 168.19183525978775 701.2323824743453 210.69428036792704 1.8 0.6307777509093284 0.5888970129191875 3.7089620046358234 1.280223362459319 30.34668835304448 -1.0840575257923943 0.9988583326339722 
Pedestrian -1.0 -1 1.9524919535585472 675.9905113137547 167.289860995958 700.4727982423844 215.11594749123435 1.8 0.705477923899889 0.7469388216733932 3.1685145646721455 1.3043298973094568 27.102394762772754 2.068872678275925 0.9986685514450073 
Pedestrian -1.0 -1 -0.9326246054905776 693.3305076388899 154.030146500209 760.147279594325 274.3208077781696 1.8 0.6125278331339359 0.9148629873991012 1.872797571093737 1.4055728903920213 11.112932206294662 -0.7656691829350335 0.9979889392852783 
Cyclist -1.0 -1 -1.8302243462131915 832.4538578689435 178.6858765654744 887.7026720033193 270.334339543837 1.4 0.43709823191165925 1.6465746358036994 4.1208406369756725 1.3739471194131032 11.634004746975906 -1.4898069734361512 0.9967615008354187 
Pedestrian -1.0 -1 -1.1554532492816252 692.9486381151901 168.00276331455623 712.5557504070453 210.7321013887916 1.8 0.6049060754477977 0.6881921112537384 4.160991284625486 1.275027951534605 30.231515241095718 -1.0186751047757012 0.9952700734138489 
Pedestrian -1.0 -1 -0.9339313458065299 877.0779427805346 157.44921601088396 920.3051720211354 245.6814752007757 1.8 0.6262803941965103 0.5618673309683799 6.118215602573887 1.3313732062276307 14.832557382315208 -0.5427081147816522 0.9933400750160217 
Pedestrian -1.0 -1 -1.003191888405619 680.8617943689936 168.3052469949141 699.6417452285871 210.28083659188363 1.8 0.6025883860886097 0.5624296635389328 3.684836906303259 1.2785406364978618 30.72326160590551 -0.883825675645147 0.9933466911315918 
Pedestrian -1.0 -1 -0.849260610512915 885.506142336087 157.03533895478887 924.6970057400833 247.2851696886031 1.8 0.6088663384318351 0.42455648332834245 6.094270649407656 1.3336342701629624 14.463347734118559 -0.45047743717697686 0.9918618202209473 
Pedestrian -1.0 -1 2.8651520124023797 704.2892083371396 167.85433611577662 729.580363843906 210.49675384316325 1.8 0.5706689812242984 0.9458004988729953 4.753461752524214 1.267688951520295 30.180616053876605 3.0213692069014133 0.9347230195999146 
Pedestrian -1.0 -1 2.432776709646668 714.0949747540747 167.24428960982988 744.7585106121526 212.1950258956228 1.8 0.7203746147453784 1.007122502475977 5.058162678326077 1.2706860721275326 28.87468083274539 2.606193530555588 0.9323084950447083 
Pedestrian -1.0 -1 2.613796652318832 713.8574952077573 167.2191616392369 740.6506617070314 212.62234713095762 1.8 0.5906127884984016 0.8854715645313262 4.895564020453359 1.27498210777963 28.45738691678247 2.7841604828795017 0.8589824438095093 
Pedestrian -1.0 -1 2.4085462119376775 713.9204239595125 167.44831573460297 739.0837327906021 211.55869904830695 1.8 0.537018433958292 0.9005534023046493 5.016313810113628 1.268894143333221 29.314907787070794 2.578022944923264 0.8170665502548218 
Cyclist -1.0 -1 -1.9664722494575724 822.6525104958381 178.70409501949686 905.9857090830702 272.5521407066804 1.4 0.5924927562475204 1.8441824734210968 4.112889016119622 1.3748707713072776 11.478740120180806 -1.6224180842426164 0.6722161769866943 
Cyclist -1.0 -1 1.7382130029680858 343.60431660424155 185.57190578811947 426.52320749731734 305.2469497338969 1.4 0.736051195114851 1.9470368072390556 -2.903774047058032 1.4761559500124848 9.365919490416806 1.43757431109878 0.5591598749160767 
