Car -1.0 -1 -1.5811789217676813 599.6555658041308 178.6853741917754 672.3718893710987 247.42099715927895 1.5 1.6162839278578758 3.3074697971343996 0.5630366737644461 1.6569095980745003 17.697324601928898 -1.5493748589095218 0.9999866485595703 
Car -1.0 -1 1.8962784570927482 337.5114653114325 181.95247915332035 399.73967705279233 216.12886600155926 1.5 1.669132199883461 3.919070076942444 -11.554393833938809 1.9623660752094025 34.673246513038144 1.5746149897535862 0.9999443292617798 
Car -1.0 -1 -1.5468148997519875 583.2791096911984 179.50249179650555 624.7042783324798 219.93750989646978 1.5 1.5707677721977233 3.4668861448764803 -0.24425257592086544 1.784449618380547 29.083285691713204 -1.5552130854364974 0.9999159574508667 
Pedestrian -1.0 -1 -0.047262371722313096 513.4860856742155 172.82621643353235 532.6762651312097 220.89868632721993 1.8 0.6090987034142017 0.6935934096574783 -3.3440746509572055 1.799317467796034 27.372619613392562 -0.16882856289413997 0.9997965693473816 
Pedestrian -1.0 -1 1.0027919405506802 1119.5039591041725 152.95121439864073 1198.318694192448 274.4511906847504 1.8 0.6307854808866977 0.8043458245694637 8.379459327197216 1.5055017287460515 11.112257656402184 1.6488950133284153 0.9994901418685913 
Car -1.0 -1 -1.658996682470479 655.8048035014075 178.8077072829427 703.450694954942 213.94201619633756 1.5 1.8158581599593162 4.5173394054174425 3.1511140881972115 1.7982134055113068 33.831893233361974 -1.5661242823724193 0.9993663430213928 
Cyclist -1.0 -1 -3.2357364857980184 777.6829684643627 180.37878850075901 833.9556721531549 221.15255143734578 1.4 0.7802799835801124 1.853167687356472 6.858937147476323 1.6720694626482622 25.51116145246628 -2.973087267079626 0.999658465385437 
Car -1.0 -1 -3.8510104977459383 1138.4674457928256 173.03065145757165 1241.0 226.0195740364776 1.5 1.7322773605585098 4.478195172548294 18.43502954881025 1.5057882620311585 21.303165849318056 -3.137663201489721 0.9973369240760803 
Car -1.0 -1 -2.471527387680842 473.6974499841861 180.66866081142484 547.7516687507706 212.89596432456415 1.5 1.5253719434142112 3.440750625729561 -4.982305911099604 1.905262406924768 35.852691617024846 -2.609609083333288 0.9691327810287476 
Pedestrian -1.0 -1 -0.035975432991232986 517.2237867479223 172.77011823126395 534.8449677184349 221.00855285376173 1.8 0.657653671503067 0.6375356137752533 -3.2231856724790813 1.7972277630757678 27.294881385258336 -0.1535186330464227 0.9375091791152954 
