Car -1.0 -1 1.7322488060030843 532.4108666085909 180.115051898614 576.2056078191454 213.21497783745943 1.5 1.5487470224499702 3.8876815259456636 -2.7275128924748433 1.878554610185969 35.57651634799287 1.6557323813398899 0.9999967813491821 
Car -1.0 -1 -0.08613121501562929 629.5004099752034 179.2858376284962 705.2751086563991 205.64461127984313 1.5 1.737476934492588 4.299688202142716 3.2921585502529234 1.8860512159423206 42.37800578994904 -0.008601383366857252 0.9999934434890747 
Car -1.0 -1 1.7720988042408918 415.2523012549979 179.86392074339568 529.8824770388563 257.724518579333 1.5 1.7043862983584404 4.41634715795517 -3.023546980977585 1.6825312512553272 16.52350259374645 1.5911164164503635 0.9999856948852539 
Car -1.0 -1 2.1414447090636806 0.0 181.5323087104838 282.8926604151778 348.08668093293596 1.5 1.5451416864991188 3.7920577943325045 -5.574992296964771 1.6265952678252151 8.59320679118607 1.5659364899012702 0.9999902248382568 
Car -1.0 -1 1.8480785924656162 254.05473891599775 179.66240743331525 470.68806549231886 327.00523735929653 1.5 1.59578328281641 4.041715201735497 -3.034327150215656 1.610018288148185 9.575199940207838 1.5411953171107429 0.9998883008956909 
Car -1.0 -1 1.7127082989921887 484.4326306734451 180.04906164637944 550.9452805469714 232.11358252894223 1.5 1.5869869410991668 3.9331650853157045 -2.9383385480717026 1.7525830571407202 23.31157031820499 1.5873231768568576 0.9996254444122314 
Car -1.0 -1 -0.2556352979252854 649.7008126359734 178.62630979155696 761.3722556413758 218.3780002338521 1.5 1.622544278204441 4.109274458885193 3.7023879348071334 1.7376814968066936 28.597919649257197 -0.1268878738072259 0.9968991279602051 
Car -1.0 -1 -0.4158777742057889 648.7862079382679 178.83466056227525 736.4571730669229 211.73061139878337 1.5 1.6088312983512878 3.8733875870704653 3.927461617491415 1.7994379160190377 34.73372365469862 -0.30328257481125426 0.989738404750824 
Cyclist -1.0 -1 -3.7476937008826976 1044.0102163392767 185.05336732022522 1241.0 374.0 1.4 0.5883980102837085 1.807556164264679 3.871267972713921 1.4861338558292314 4.702731672637882 -3.058968261876379 0.9851617813110352 
Cyclist -1.0 -1 2.3858814309037424 955.3808118497531 184.39647537242507 1186.321461484889 373.6590174348802 1.4 0.5366581983864307 1.6579380750656127 3.6407042025295535 1.5001538735972666 5.811006105731573 2.945572125907761 0.9539914727210999 
Cyclist -1.0 -1 2.394173151653802 980.7480128274402 184.4234900641026 1238.402757870656 374.0 1.4 0.6068004786968231 1.6689124077558517 3.755203427980297 1.4961860659066268 5.547129060596405 2.9892704367598117 0.8408414721488953 
Pedestrian -1.0 -1 -3.6808779650934316 966.344501940074 136.003572856274 1165.1651048213585 358.36283396022134 1.8 0.5702176623046398 1.326518927514553 3.7782708121886457 1.5020533925828221 6.131778578678445 -3.128647283711706 0.9854572415351868 
Cyclist -1.0 -1 -3.3335353159644274 1028.4032029515295 183.51942001833567 1241.0 374.0 1.4 0.5431312628090381 1.9280646488070488 4.185584660352804 1.4897211848975402 5.363626179136232 -2.6708823005345206 0.5512154698371887 
