Car -1.0 -1 -0.942811891486891 690.6070403818118 177.59408871029083 822.6214907848215 236.99783303662113 1.5 1.6277237355709075 4.007014495134354 4.183871365926698 1.6477595918900672 20.481628534845214 -0.7413097778942925 0.999971866607666 
Car -1.0 -1 1.8580077900164562 363.5504633212219 181.20895274579388 446.0791845997403 229.71925291447445 1.5 1.6611364230513572 4.091142725944519 -7.058822735403179 1.8145189716968537 25.07234876050659 1.5835733294447483 0.9999711513519287 
Car -1.0 -1 -1.6067358581872 590.0961620643524 179.33565154591724 638.4418647925281 224.14408519095463 1.5 1.6318213686347007 3.4430934607982637 0.05580580666876097 1.753287461973619 26.405241688218382 -1.604622424640928 0.9996200799942017 
Car -1.0 -1 -1.0154631841995518 745.0315689985647 176.27882381947393 938.3053628713559 267.79502260683955 1.5 1.6188739359378814 4.110166665911675 4.511982817739146 1.5756476169670919 13.914217822871437 -0.7018904248860223 0.9995324611663818 
Car -1.0 -1 -0.8763920325670774 653.5969354760507 178.65747176807898 739.9978637532047 212.23680288375667 1.5 1.7511755719780921 4.424149778485298 4.240443282738273 1.800255384535856 35.1282727522223 -0.7562601725247248 0.9995239973068237 
Car -1.0 -1 1.9347048864789862 365.1405458493114 182.10481494930383 405.7889109359704 205.84784992916767 1.5 1.5258696421980857 3.3482598632574083 -15.12126349760206 2.146026025982877 48.639073655577995 1.6332900404890598 0.9988609552383423 
Car -1.0 -1 1.7550097534269682 424.04848917559156 181.43930572207947 460.24933227727416 206.09993068487248 1.5 1.5817417323589325 4.1859670102596285 -11.025983884351756 2.0907611502167915 47.49104683039447 1.5268816192958015 0.9981831908226013 
Car -1.0 -1 -0.9783379675043349 685.651366229274 177.9734489718174 789.9530899567368 226.80585004569056 1.5 1.6335215911269187 3.8209910064935686 4.355102463790086 1.6880507521074026 24.509403626850794 -0.8024823824551446 0.9930533766746521 
Car -1.0 -1 1.9130514838833101 390.8504421578563 181.52965553928922 447.110647584368 210.34737444035477 1.5 1.713593353331089 4.4437340021133425 -10.863699324896062 2.0234685093492426 41.21710120728821 1.6553399443586887 0.9771381616592407 
Car -1.0 -1 -0.9142548083484983 685.9014896625841 178.18749349913097 777.4934826000032 219.78005279346934 1.5 1.5895678222179412 3.7534794330596926 4.784143698762147 1.7237022378813625 28.35387237954297 -0.7470994154599053 0.9749932885169983 
