Car -1.0 -1 1.9027118131119751 340.76565324180274 181.25352639968148 435.0660928604669 235.08667735032577 1.5 1.6219124689698219 3.994184595346451 -6.923549243772643 1.7889156761144411 22.75957449113061 1.6074027895887912 0.9999812841415405 
Car -1.0 -1 1.9576175945612049 361.75501502864535 182.1415841104283 402.4956593026488 206.31700433929282 1.5 1.483444732427597 3.1643858671188356 -15.041019415149506 2.134956048168283 47.66110022442546 1.6519267439802707 0.9998387098312378 
Car -1.0 -1 -1.6007003153130892 592.4725172343818 179.3158450406566 640.039600436541 224.3750342697504 1.5 1.6136641174554824 3.400016811490059 0.12826663637874042 1.7506881311306082 26.22979896410483 -1.5958102429893357 0.9997559189796448 
Car -1.0 -1 -1.00293225314228 696.1120098646987 177.46727593715718 829.901695949329 239.86847971477675 1.5 1.644947987794876 4.0468382209539415 4.201425821642252 1.63896744149989 19.65821526548157 -0.7923763553288323 0.9996726512908936 
Car -1.0 -1 1.7697440099386113 421.138879986608 181.46720407611775 458.1408707894943 206.64350303065487 1.5 1.5582696095108985 3.9910784482955934 -10.93295185997549 2.0782507233925256 46.38818901588328 1.5382839878413337 0.9969135522842407 
Car -1.0 -1 -1.0400623138925091 761.0086801769904 175.9591442938555 966.887937900849 275.94950234921413 1.5 1.6243191927671432 4.061344501376152 4.575776013376923 1.5640469756854054 12.868847695676788 -0.6984340111401421 0.9925135970115662 
Car -1.0 -1 -1.0011631250510447 689.7093289994873 177.8768735899214 796.8711121298277 228.77599721111392 1.5 1.6269956275820732 3.8525036096572878 4.379610923604442 1.6783900308762278 23.609921728319982 -0.8177491585400446 0.9904847145080566 
Car -1.0 -1 -0.9242882840722042 688.3312916553011 178.11838082004425 782.573974490379 221.36118783942 1.5 1.5917934969067573 3.7313832461833956 4.755022808053684 1.7133438990746988 27.333443579773697 -0.7520484487202508 0.9888906478881836 
Car -1.0 -1 -0.8578396625349709 655.0950950206333 178.62392961139662 742.7085216974625 213.3442683309451 1.5 1.6864732399582862 4.3012215316295626 4.190639346003816 1.7881963325703831 33.92422954198209 -0.7349329153683526 0.9796884655952454 
Car -1.0 -1 1.8754472062688117 386.66457663035925 181.61796234429377 438.21984464577565 211.05963341902543 1.5 1.6107360392808914 4.080220919847489 -10.932789726580568 2.012100750966902 40.05970146365349 1.6090228438337864 0.9758532047271729 
Car -1.0 -1 -0.726956981345236 643.8933509609294 179.05023018010831 708.9089793196837 206.90421420099995 1.5 1.5839545547962188 3.552028772234917 3.7849508949973902 1.869555701402 41.297940489125054 -0.6355624357846125 0.7953207492828369 
