Car -1.0 -1 0.4985854225630588 51.38630197711878 182.3974492811067 369.1887945310745 287.1536698856608 1.5 1.65121169090271 4.068965700268746 -6.137626052579413 1.660916814442933 11.30812009099761 0.00131563743087224 0.9999837875366211 
Car -1.0 -1 0.47031103929109097 179.06848898074398 181.95390832798057 408.6118916006134 266.2437222050727 1.5 1.5696989864110946 3.7577713400125505 -6.049128692673066 1.687370809486756 13.928454403971088 0.060589595637049 0.9998389482498169 
Car -1.0 -1 0.17719243883262933 455.750825327595 181.06387862262127 533.756254646565 206.9929953645403 1.5 1.7254740491509437 4.378994417190552 -6.891988544241319 2.0023931885024244 43.21513721224728 0.019043370089258473 0.9997791647911072 
Car -1.0 -1 -2.281694976245424 869.6252087491927 164.43946364701708 1241.0 374.0 1.5 1.6352132454514503 4.085621100664139 2.7843459174925735 1.484364559036456 3.434872982151834 -1.6005173018809897 0.9995287656784058 
Car -1.0 -1 -1.7056519132497043 657.8640417552621 178.6213503319193 713.5635794621427 223.50809030674827 1.5 1.5490323796868324 3.5156341761350633 2.6548649113184215 1.7252617768704206 26.350943418306425 -1.605240465202604 0.9991599321365356 
Car -1.0 -1 3.4963715050654516 219.7827964938281 182.0641609835395 400.52149318242834 253.0586159411613 1.5 1.5675856292247772 3.4427216768264772 -6.721862430784852 1.7193415233534555 16.307178895241744 3.105390059944016 0.9989652633666992 
Car -1.0 -1 -1.8101533021371237 706.1675055681527 176.93984050552612 844.7571861094802 276.85438301049834 1.5 1.5608247861266136 3.437275302410126 2.7012080530198888 1.5822248654291358 12.713261945516813 -1.6007950110968692 0.9987152814865112 
Car -1.0 -1 0.2986323000094644 350.0095420807978 181.34908979944524 485.40738432931744 233.7299590787439 1.5 1.5277209252119064 3.6599873125553133 -5.7827037020405685 1.7664642913493838 21.764712219685595 0.03894035418960027 0.9948768019676208 
Car -1.0 -1 -0.6764618135385734 378.1468929549907 180.89480294926264 495.60898999502564 231.46384219483951 1.5 1.4828015610575676 3.6625592529773714 -5.7009525518385 1.7879774653588352 23.9055333270285 -0.9105675379422051 0.9914883375167847 
Car -1.0 -1 0.23907003496614207 387.33965398482883 181.30011730676202 494.52829315617277 224.22498883754267 1.5 1.5975015729665756 3.5340479135513307 -6.159860680052306 1.8183493008986973 26.34741167800249 0.009401484331812182 0.5051659345626831 
