Pedestrian -1.0 -1 1.7713592786485908 483.2019330562438 164.37700980075837 528.9995148645235 256.16497057812956 1.8 0.7671122930943965 0.8500488966703414 -1.955126479460295 1.4654612325741372 14.53392740873043 1.637640464301926 0.999972939491272 
Pedestrian -1.0 -1 -1.644724251477427 773.508785138069 162.74451752991138 811.4640011494639 245.5788853039637 1.8 0.7523790493607521 0.9471423484385013 4.2432620692914025 1.3936655861992142 16.14104761400546 -1.3876544545081002 0.9998062252998352 
Pedestrian -1.0 -1 1.6939031752033105 564.8964266286769 171.3211247244886 587.5278766686909 218.9460011156095 1.8 0.7848359204828739 0.7311203077435493 -0.981758210311574 1.4163137967801553 27.54557406014439 1.6582770228346408 0.999454915523529 
Pedestrian -1.0 -1 -1.5637600870382296 577.0952226567628 168.16585265861863 609.3883637905161 232.74939882875245 1.8 0.9001176364719867 0.9076355516910553 -0.2615402899327485 1.4295149745034332 20.474403948477043 -1.5765334047053499 0.9994106292724609 
Pedestrian -1.0 -1 0.7402448929548857 348.90229867319914 160.30271400206448 419.9988452454959 283.31428429865576 1.8 0.7062151588499546 0.7663912631571292 -3.3572340078265674 1.4911359301971547 10.992054719316098 0.44381968577834535 0.994492769241333 
Pedestrian -1.0 -1 -1.3604922239388437 859.851001847302 157.81226635651743 907.0539407759034 263.007952262382 1.8 0.6605755098164081 0.64626871868968 4.964534555343366 1.3959606377929954 12.740272892243448 -0.9889204064991814 0.9943315982818604 
Pedestrian -1.0 -1 2.220896146765023 409.5712769117205 156.16212076869624 498.50700471961454 298.3587622339507 1.8 0.8328381486237049 0.8404932476580143 -2.013709530505941 1.480594813942259 9.648891580193512 2.0151507735212864 0.9918435215950012 
Pedestrian -1.0 -1 -1.6122459968387663 0.0 145.91763864641717 4.276845012317644 373.0 1.8 0.5843523450195789 0.5258916437625885 -5.373074127973604 1.5280228900599164 5.908622793568551 -2.35020919243363 0.9671679139137268 
Pedestrian -1.0 -1 1.4124852234339942 693.7935967067207 169.52649039226964 713.8911594380368 219.3960792178246 1.8 0.6004472754895687 0.8579543352127075 3.73090053371426 1.368875407439441 26.359296958592633 1.5530914505335944 0.8439357280731201 
Car -1.0 -1 -2.7475073340545872 0.0 0.0 1237.0 373.0 1.5 1.9762160748243331 5.756207045912743 2.449688513482473 1.4584016841546592 0.8656227573707751 -1.5163763026383263 0.8029349446296692 
