Car -1.0 -1 1.713889020344002 502.6872230802963 179.13226941278617 590.6163312588196 240.734095075792 1.5 1.752653394639492 4.770280656218529 -1.4092654343809203 1.4435382519409679 19.93114611638742 1.6432998061140598 0.9997962117195129 
Pedestrian -1.0 -1 1.6792606968068309 563.3221641717885 161.67650184531468 610.100767893794 263.68690926045207 1.8 0.7597389191389083 0.9917513959109783 -0.2961177963708721 1.451483416962364 13.199274782483695 1.6568300604780735 0.9997174143791199 
Car -1.0 -1 1.8129986223369319 392.6375412627905 179.52820067121826 556.4208206221413 276.4991249608404 1.5 1.9102488204836845 4.696279627084732 -2.1727585424044875 1.4707998508891003 13.528193633823406 1.653748977180344 0.9993515610694885 
Pedestrian -1.0 -1 2.96112776794641 588.9922838698927 165.03123429441533 635.5815169010281 246.33835020370515 1.8 0.8436414904892444 0.9239770963788032 0.20082092136768792 1.4366291105018165 16.39330392334601 2.973377335067612 0.9964074492454529 
Pedestrian -1.0 -1 2.5594560167401212 569.6245911492648 165.93117675058414 627.2067421365053 242.81994587240482 1.8 0.9305229902267456 1.0660543598234653 -0.1114934914165312 1.436730769334051 17.496809842002182 2.5530838847120823 0.9891248941421509 
Pedestrian -1.0 -1 -2.089133830614126 875.5060523585578 130.26297362379535 1044.1272447523072 373.0 1.8 0.8078686453402042 0.9076015584170818 2.6491299777718473 1.4424569325798469 5.510795039313968 -1.641031705835138 0.970866858959198 
Pedestrian -1.0 -1 2.9947263608278956 591.6479561312642 165.8980822300921 634.1299475176861 242.2494585116861 1.8 0.7566537268459796 0.9239682488143444 0.23324351790073164 1.43338323439365 17.3687138527966 3.0081544995268406 0.9678092002868652 
Pedestrian -1.0 -1 -2.0145932249263034 767.956963132689 169.6885826716914 788.0667658316768 214.02940290208977 1.8 0.581374254822731 0.6449930861592292 7.239785912606735 1.3215136890213788 29.53250918949117 -1.774187923469816 0.938085675239563 
Pedestrian -1.0 -1 1.5978195218134714 953.7388480745304 147.5492538446859 1011.4224199700984 304.6171782513783 1.8 0.5940358646214008 0.7210719890892505 4.5679313771463095 1.4122737743141645 8.689248687266836 2.081814515586716 0.6177434921264648 
Pedestrian -1.0 -1 2.235104998141275 989.6098101132897 145.6675481772322 1078.0814756094508 310.53296276047365 1.8 0.5298315107822418 0.7320717468857765 4.89445401072165 1.4101377051433222 8.219368526243967 2.772192943092209 0.5803755521774292 
