Car -1.0 -1 2.0580729713669124 62.22626754736751 181.4679632734763 322.5304962963041 307.9598253034607 1.5 1.6143885001540184 4.089702528715134 -5.987248596912977 1.6549658130903078 10.890771708987526 1.5554184158656257 0.9999960660934448 
Car -1.0 -1 1.9320708395639938 316.4454854083686 180.96159661089104 440.9438672033532 249.64815867783133 1.5 1.6287062808871269 4.190781202912331 -5.770906383460988 1.7311482949811154 18.39791017175289 1.628118741508347 0.999991774559021 
Car -1.0 -1 -1.8665129557968885 730.9537036821174 176.5429718453266 894.7575179493581 279.8323000409747 1.5 1.6004100933670997 3.9974460870027544 3.2825581166396094 1.5754337363237414 12.651135654265445 -1.6126437755909306 0.9999121427536011 
Car -1.0 -1 1.8438885178997444 401.5522498201233 180.87001005420478 478.32947217036934 230.66742226585353 1.5 1.5445942550897598 3.7937501937150957 -5.669475310856115 1.7915718400430634 24.281226775278352 1.614505994315964 0.9996343851089478 
Car -1.0 -1 1.809013025890049 463.8819301473065 180.69353712619034 517.3487607772048 216.1600058534855 1.5 1.5647657707333564 3.9031470686197283 -5.4970612336952565 1.8851125828414261 33.40465237628068 1.6459150195082248 0.9986935257911682 
Car -1.0 -1 -3.7904342435509735 1032.788747615871 173.0168144038737 1241.0 274.62606928550497 1.5 1.5965190276503562 3.636603665351868 8.96309069782323 1.503133895356447 11.475619445941796 -3.127352313199316 0.9984649419784546 
Car -1.0 -1 1.3838077418392125 671.986831653102 178.5090189018984 729.6405592560037 221.1515739645587 1.5 1.5483852967619895 3.541805085539818 3.3724590199877524 1.731554410320685 27.67826355132414 1.5050551136347907 0.9932100176811218 
Car -1.0 -1 -3.6625638501155144 924.4337182226374 174.6558900026071 1167.6082507914389 254.91791382465198 1.5 1.649576660990715 3.8376713663339617 8.490714421207269 1.5383693203384463 14.369190842688173 -3.1288644830372676 0.9829195737838745 
Car -1.0 -1 -1.771183148163391 697.4569612623418 177.61338859737353 794.5905240675252 245.92801152290352 1.5 1.6040292128920555 3.9628467082977297 3.2354127861353272 1.633081713496766 18.11873911963295 -1.5944783753391845 0.9647321105003357 
Car -1.0 -1 -3.906158029622635 1169.739858367896 170.55968008512988 1241.0 303.1899340984556 1.5 1.5833035603165626 3.3474119871854784 9.23756474099889 1.4744099580573085 9.004984012163689 -3.1080112020161494 0.9330455660820007 
Car -1.0 -1 2.4413048124476724 0.0 182.68902953124544 57.12273629359272 374.0 1.5 1.591341246664524 3.6396010339260103 -5.9593387834453555 1.591719554006836 4.86813157219107 1.5554644306513923 0.5464895963668823 
