Car -1.0 -1 -1.5723649087888494 561.3805438068176 179.53540718642813 615.7028169358007 228.09823906276327 1.5 1.6792694598436355 3.7709380060434343 -0.6928462284643065 1.325679379331919 24.11015392770993 -1.6010937011477095 0.9999984502792358 
Car -1.0 -1 -1.443416419451112 469.416866654707 180.19703873818335 535.4700232355376 231.94672740540656 1.5 1.571843822300434 4.059361529350281 -3.2998992065279507 1.3556619192998693 22.874665480925177 -1.5866880017009122 0.9999845027923584 
Car -1.0 -1 -0.9267415471828941 0.0 183.74068935178533 190.57175588159748 321.34987907913967 1.5 1.5982842564582824 3.935726222395897 -7.661354776750772 1.4850529476429668 9.8145645060325 -1.5895474674787862 0.9999788999557495 
Car -1.0 -1 -1.2291419956250798 195.74043406720386 180.41612471569397 455.80481109059707 336.52893546045624 1.5 1.6279608502984046 4.149789598584175 -3.2010488494239864 1.4550147893082406 8.978854312220903 -1.5716043094315124 0.9999698400497437 
Car -1.0 -1 -0.9470879168482098 56.39879352473929 183.38289789701187 207.8600727153186 247.5055553384249 1.5 1.5119623884558677 3.4781145423650743 -12.16361968807979 1.458257096943815 18.582897721422917 -1.5266620154168946 0.9999504089355469 
Car -1.0 -1 -1.4940331314981194 529.311453818543 180.24531265685098 557.3094732214951 203.26058164001503 1.5 1.5985750153660774 3.940839555859566 -4.36081974648531 1.1771906582445453 48.827142570674525 -1.58310818212596 0.9998227953910828 
Car -1.0 -1 -1.296446330606085 407.5427416540722 181.04515005363072 462.12471642495075 214.1655017838897 1.5 1.5893850967288017 3.740666297078133 -8.251788278710057 1.3122496687424485 34.45284920984079 -1.5315275723722321 0.9987465143203735 
Car -1.0 -1 -0.9951264240371853 258.5643756553179 182.10710107522624 346.049739069503 222.13093604230824 1.5 1.5327567726373672 3.5675989955663683 -12.18933155149698 1.3846282132287187 28.827535715362 -1.3951630602267129 0.9896473288536072 
Car -1.0 -1 -1.3635432111316061 504.64261185610536 180.28756813040215 550.0095297764027 211.6135300061069 1.5 1.5796324729919433 3.5438215851783754 -4.035388811344773 1.2651545478087236 36.257349285761464 -1.4743855381992204 0.9508470892906189 
Car -1.0 -1 1.7871169391603363 375.99779042044946 181.43135852093738 417.43115849669203 207.63185513551744 1.5 1.545165528357029 4.118352991342545 -12.6662603024341 1.2844746214849667 43.25856007718897 1.5022753914210456 0.8423833250999451 
Car -1.0 -1 -1.3021257291644106 296.8695237456289 181.58876992478028 387.61435772353894 236.4490382106005 1.5 1.5982874229550361 3.8104402393102648 -7.904254854274265 1.401963014701156 21.61553008108122 -1.6526959324863297 0.7462500333786011 
