Car -1.0 -1 -1.6395887932862223 675.0339187579243 178.34407389984858 730.9801427155385 227.14084224417377 1.5 1.6069287925958633 3.941510480642319 3.0538713220787437 1.7031773506142796 24.641387348700697 -1.5162849100914342 0.9999651908874512 
Car -1.0 -1 1.7892741602291489 497.7245743385923 180.17839182573996 557.9498869176066 221.1528420165735 1.5 1.5918894231319427 4.004914176464081 -3.29110914715978 1.8181630136770073 29.22913076925504 1.6771495223005832 0.9999232292175293 
Car -1.0 -1 1.8354206741862273 406.77238225278194 180.160311132585 515.6093120923975 250.09872666914305 1.5 1.6148670136928558 4.1735904783010485 -3.6199903623300007 1.704837031725236 18.054679867780397 1.6375429511030735 0.9997574687004089 
Car -1.0 -1 -2.3364086195436773 970.2186977560982 173.82070797178946 1241.0 280.42802053355035 1.5 1.7093465223908424 4.10986305475235 8.25921804329922 1.5198356148125032 12.362066827555035 -1.7474075863745553 0.9996265172958374 
Car -1.0 -1 1.8765802875657795 308.39956033086173 180.34267791133547 461.9861031440997 282.2389542200961 1.5 1.542651329934597 3.592846778035164 -3.81706378979025 1.6508579133439427 12.69124083538859 1.5844230532606662 0.9995352029800415 
Car -1.0 -1 2.2638729201611385 0.0 178.47549289252837 400.36608061272256 374.0 1.5 1.6455820322036743 4.142134127020836 -2.730824666801285 1.546874636677766 3.840926969286612 1.6458153605421604 0.9995259046554565 
Car -1.0 -1 -2.279779828356203 891.3591879616212 165.10343319521073 1241.0 374.0 1.5 1.615360800921917 3.5527440279722216 2.775786637884363 1.4835690116340963 3.350110812085381 -1.5878618909653766 0.9993174076080322 
Car -1.0 -1 1.7990144824913008 520.332043883944 180.1318762861874 573.1731723542417 214.1010547100648 1.5 1.6353117793798446 4.250232738256455 -3.036403086849359 1.8760947811935265 35.028975933090706 1.7125480055769504 0.99918133020401 
Car -1.0 -1 2.3426050423416767 790.8882208796896 177.14473114793427 894.4547314646941 216.88407751859486 1.5 1.602339980006218 4.087105628848076 9.411398259953465 1.6842620152494028 29.257494667703703 2.653826463218552 0.9974990487098694 
Car -1.0 -1 1.89930662302645 928.7733361063562 175.56610004656275 1025.919201009703 228.8101372422042 1.5 1.6061559811234474 3.599393975734711 11.37522619296129 1.5912241913611895 22.341353938530755 2.3702518820723117 0.9974836707115173 
Car -1.0 -1 2.070621390803023 848.1936468994666 176.39175765400935 949.9876553306264 226.75812365747822 1.5 1.5815774470567703 3.517093372344971 9.390341441121139 1.6238689986643893 23.45833566105825 2.4513852477034153 0.9931661486625671 
Car -1.0 -1 -3.272301602015933 710.4804251487911 178.50176007663183 777.7724382590607 203.99166511419 1.5 1.6596822559833526 3.829227250814438 8.065297705335016 1.8504403050234486 43.79543351905081 -3.090183691182409 0.9927830696105957 
Car -1.0 -1 -2.566306670223317 1129.369402573354 171.81984999221982 1241.0 281.47389115027846 1.5 1.7016634836792945 3.8165899485349657 11.011407813482464 1.486211336154911 11.926918234535712 -1.8207991580155236 0.991724967956543 
Car -1.0 -1 2.0677292257647792 816.8951116828847 176.8975761947538 899.6580515317977 221.9917059301822 1.5 1.4765730619430542 3.1750912338495256 8.901419453143756 1.6546186061824701 25.906019940261128 2.398694980140549 0.9713079929351807 
