Car -1.0 -1 -1.6867932042712876 646.5150834223165 178.5875035443976 711.5565541565769 220.04490015137017 1.5 1.96809773594141 6.0442863523960115 2.6934954830989826 1.7629288747140517 29.9936474399706 -1.5972312456604583 0.999998927116394 
Car -1.0 -1 0.4135009794405766 206.1040888462911 182.0454718558807 415.166189807033 252.91816518672755 1.5 1.6572442397475242 4.0597016483545305 -6.730432870977526 1.7201056141780176 16.371618004185358 0.02345923980208806 0.9999860525131226 
Car -1.0 -1 3.842010904287834 0.0 183.6391896286715 198.793661025069 356.8562458348653 1.5 1.5917212262749671 3.535275769233704 -6.3802820949898535 1.620441883026001 7.190571838108748 3.116250026222092 0.9999648332595825 
Car -1.0 -1 2.786388347149231 750.5764478346409 177.02887179484762 926.5218059872809 233.72510273384052 1.5 1.696813341975212 4.377366465330124 6.261647661932998 1.6228193832255686 20.195644032475123 3.087039101119858 0.9999253749847412 
Car -1.0 -1 2.5507130779149576 914.2897138977851 173.6026624744355 1241.0 294.80090838920023 1.5 1.628417570888996 4.164138671755791 6.489067940019116 1.5113416846611876 9.760292933635048 3.1374524712523044 0.9999122619628906 
Car -1.0 -1 3.219294352230089 412.15291819888114 181.1033910363458 517.0717866438986 217.96009294293387 1.5 1.7071921870112419 4.293872651457787 -6.199786113913514 1.866996399218519 30.961187079883675 3.021664369102341 0.999678373336792 
Car -1.0 -1 -0.38611077978756203 872.1005012398872 174.85522934015333 1143.0387512538045 271.22284954453573 1.5 1.5329661339521408 3.7155723690986635 6.504073723884862 1.5369060246040354 12.221232468825713 0.10295955737563543 0.9970502853393555 
Car -1.0 -1 3.352025678788288 366.1043623918496 181.4243977228162 484.8901852369283 225.20454800809708 1.5 1.5812298774719238 3.8909977793693544 -6.6022616030556165 1.8185910491280408 25.92339088884573 3.1026438355406345 0.9861582517623901 
Car -1.0 -1 -1.5918845707809124 630.135694776153 179.3043709632166 661.797404882811 204.38320514593227 1.5 1.9469298914074897 5.597574126720429 2.2715411823314544 1.9496381026134277 47.429872058367 -1.5440285104003293 0.9703221917152405 
Car -1.0 -1 -2.667690350890429 262.59708092397256 181.8984251517688 420.34513760452046 242.97088441565992 1.5 1.5842428922653198 3.5668189197778704 -7.061530212459609 1.7511939659711 19.0112289315246 -3.0233362476017818 0.881867527961731 
Car -1.0 -1 -2.5507532251296197 1017.1420141286304 133.7878036729213 1241.0 374.0 1.5 1.5268261104822158 3.415159744024277 3.045560188933936 1.4698450675134116 2.3097927325779817 -1.628820681073938 0.5824361443519592 
