Car -1.0 -1 2.2713400445056315 0.0 181.3412595801052 213.99690765579032 374.0 1.5 1.7743435248732566 4.645271834731102 -5.505530358048016 1.5998397038327095 6.103675648896311 1.5374197204920905 0.999664306640625 
Pedestrian -1.0 -1 0.7474059612441348 328.54355136691674 161.82049935057861 394.38034964513025 282.51302935781337 1.8 0.5455737493932247 0.80786659643054 -3.897462579839311 1.6358050074356465 11.169848613041339 0.41168729861709047 0.999439537525177 
Car -1.0 -1 2.1126146405444146 1135.4760345447994 173.18712960246663 1241.0 228.815257801912 1.5 1.6354762509465217 4.452880707383156 17.63356444369438 1.510728851454258 20.96577116731101 2.811898219581467 0.9993334412574768 
Cyclist -1.0 -1 -2.41551206909606 375.6356568876425 184.589446383641 433.8462766270805 229.13147919699182 1.4 0.6453716687858104 1.888902348279953 -6.8052807992461615 1.797950884700213 23.743522112748686 -2.6946454803135738 0.9991508722305298 
Cyclist -1.0 -1 -2.225156857153795 382.5790097260025 184.46201107802887 433.53101561958886 228.38261037664586 1.4 0.6524486027657985 1.854150977730751 -6.84166904983502 1.8035687760749626 24.24421407698077 -2.5002026120808467 0.998736560344696 
Pedestrian -1.0 -1 0.7528954893867597 349.5303597577324 162.54406147706618 410.09877861259906 277.9745362681442 1.8 0.5523940108716487 0.7601654648780822 -3.7698839833741005 1.639586723476921 11.660598042906377 0.44020096858474184 0.9974019527435303 
Pedestrian -1.0 -1 -1.5532743268392988 202.39190288045117 157.70625844695846 263.378331913815 310.7728066997934 1.8 0.646741085499525 0.8510051786899566 -4.751237532983879 1.6222266362951672 9.007850297871741 -2.038644091286932 0.9872658252716064 
Cyclist -1.0 -1 0.28284062267654386 281.8240684191646 187.00563504056953 378.92504057956967 261.8085985936976 1.4 0.5588107302784919 1.666201327741146 -5.449108559758587 1.6816408820463216 13.986725068995307 -0.08866079250839778 0.9753393530845642 
Cyclist -1.0 -1 0.4813323491322308 270.8907126445932 187.1357253020534 387.35051991341317 263.76908288782954 1.4 0.4488406728953123 2.0786693811416628 -5.352558816514112 1.6769760541369025 13.638021087636815 0.10733131965133123 0.9660921692848206 
Pedestrian -1.0 -1 0.6677716022134004 314.4688628308536 161.44015334989135 382.2691460819932 284.91071841178376 1.8 0.5261957205832004 0.810483705997467 -3.997857665933789 1.6339625519336831 10.892105955765716 0.31599621375533515 0.5925931334495544 
