Pedestrian -1.0 -1 -1.7305872304805225 680.74704336235 158.62995603352877 738.082212169948 270.4289514188392 1.8 0.822467778623104 0.8111777275800705 1.742152966675924 1.4330779158692393 11.974651183190947 -1.5861141244557244 0.9999401569366455 
Pedestrian -1.0 -1 -1.4874323230749604 370.79252908054025 161.2488421010057 427.6496959317843 277.8152358643807 1.8 0.8149508878588676 0.9147779576480388 -3.292901948310768 1.4885858525159132 11.616807041342001 -1.7636467377331597 0.9999327659606934 
Pedestrian -1.0 -1 -1.6572532840630665 652.0835221301624 158.78590427320526 705.8908657667381 271.6497839604499 1.8 0.8130695231258869 0.794715017825365 1.2228163627983306 1.439041051379564 11.857622579566293 -1.5544916196402652 0.9991740584373474 
Cyclist -1.0 -1 1.668797064770409 527.2561805526325 183.4601716550997 559.9934499948854 244.05193637942602 1.4 0.6428619407117366 1.6043769687414169 -1.4210877237080108 1.451018272378858 17.45422076806589 1.5875582575758518 0.9999033212661743 
Pedestrian -1.0 -1 -1.884687431320813 702.6611646226656 158.49392502832154 765.6188970283949 269.47657201729777 1.8 0.858055942505598 0.7152800008654594 2.1732975851432257 1.4281617593372247 12.060237531326187 -1.7063973406937463 0.9921048879623413 
Cyclist -1.0 -1 1.6439780825433674 582.6374225362642 182.0383629804728 607.9764171342207 225.9337059349536 1.4 0.7306221432983875 1.5101133406162262 -0.21461014734107078 1.4194225720343954 23.70353487565706 1.634924399848801 0.9797740578651428 
Pedestrian -1.0 -1 -2.508999051776537 538.5132398873171 170.96382357464697 570.4337931722453 221.95210984321352 1.8 0.7308983735740184 0.8888250708580017 -1.7140935935654023 1.4291081451965346 25.90308264393452 -2.5750760594990596 0.9627698659896851 
Pedestrian -1.0 -1 -1.2942547189379525 743.6470750981481 167.7211699860499 769.1353734234569 224.47438625979018 1.8 0.5863375522196292 0.9012548744678497 5.008951977608355 1.3640893866953663 23.315778331203877 -1.0826400975373132 0.9185889959335327 
Car -1.0 -1 -1.2891827767764463 547.0901243765217 179.43748089887742 587.5307158314653 202.83260868059358 1.5 1.653672245144844 4.0435491621494295 -2.230137510354206 1.3684665986397975 48.212951844807215 -1.335405812659536 0.8498226404190063 
Pedestrian -1.0 -1 2.134850801745053 579.551590653711 169.5248427345444 618.3434544523776 225.8283832902788 1.8 0.7490710847079753 1.2100198797881603 -0.09881093895241726 1.4182586748044677 23.673793998928424 2.1306769728621067 0.9551026225090027 
Pedestrian -1.0 -1 1.7028615476834588 528.0101173987889 166.66489162557082 561.1787097635033 242.87338968603385 1.8 0.6836459532380104 0.9812632136046886 -1.4061322628200166 1.450804684344005 17.47169544711067 1.6225540518721164 0.7509784698486328 
