Car -1.0 -1 -1.757019123739187 588.8637935045957 179.20921677652598 652.1965268105148 226.6712073319604 1.5 1.5800729885697364 3.438553449511528 0.25396060068687193 1.7377849420171327 25.122377581002677 -1.7469105283406121 0.9999879598617554 
Car -1.0 -1 -1.1845404231766195 53.433337065066894 181.19772414959994 315.95201776956634 331.82288836347243 1.5 1.6019849598407745 3.630371627211571 -5.187830725300304 1.629817933618941 9.2928402190963 -1.6937039578941209 0.999982476234436 
Car -1.0 -1 -1.8499514483740525 669.9897014272601 177.28372233730818 811.32863105711 274.3801424525807 1.5 1.573091422021389 3.5458727300167086 2.169075833724068 1.5925677038052384 13.164930841661741 -1.6866568634894235 0.9999476671218872 
Car -1.0 -1 -1.4733743612113077 404.20953197209406 181.26175755859464 451.5963536303628 220.25616515803708 1.5 1.5999848514795303 3.562997889518738 -7.663522104342972 1.877057198979283 30.444270446752682 -1.7199739823725564 0.9999227523803711 
Car -1.0 -1 -2.0761987000113176 794.598392490308 173.9314774040494 1210.280157888519 374.0 1.5 1.531255853176117 3.3209918558597566 2.802682216960672 1.5120294283686142 6.100139079048355 -1.6455176110055787 0.9998828172683716 
Car -1.0 -1 1.8425960601451972 229.01250155957084 181.10237268398836 382.33286535724204 272.3883745952138 1.5 1.6922254607081413 4.390087214112282 -5.94417536489944 1.6926911370333215 14.54353663779155 1.454598589739527 0.9996576309204102 
Cyclist -1.0 -1 2.09807983509595 125.06846579091103 190.67719695390295 297.39516911866025 374.0 1.4 0.5565643802285194 1.7552577450871467 -3.574122118870889 1.5841124252678265 6.5511648035164995 1.598643767829758 0.9989849925041199 
Cyclist -1.0 -1 1.8127077599387889 303.94292514312355 187.94332479532386 390.6523983005642 319.87937191278905 1.4 0.5803220465779304 1.7968357101082801 -3.200036426395122 1.6035551726894128 8.78937771005489 1.463545008501734 0.9896154403686523 
Car -1.0 -1 -1.697152039819518 562.7479502583558 179.91188840979115 600.9577310626972 212.89586074044405 1.5 1.4688579857349395 3.157700088620186 -1.4498991310241525 1.86120716671453 35.2081907207438 -1.7383095184948785 0.9493269324302673 
Pedestrian -1.0 -1 1.3712521045776316 397.8946866823182 176.47260168427044 412.2091333579797 210.70712815715245 1.8 0.6397343732416629 0.5314203470945358 -10.944909288542153 1.9948653563003256 38.39851984387031 1.0935808857295173 0.8879600167274475 
