Car -1.0 -1 -1.7395949566414892 677.1432165905704 178.22038443567962 763.7688934626484 240.63390934593892 1.5 1.6552202895283699 3.670177844166756 2.8444864283528406 1.3330110432498923 19.124848376672517 -1.5919448519733292 0.9999940395355225 
Car -1.0 -1 -1.2158471273436857 206.43216161485324 180.7959357862739 434.6136720769571 315.55901193864054 1.5 1.5864085897803306 4.0042179197072985 -3.7318295571012166 1.4519363776759786 10.00138662363735 -1.572978406273995 0.9999932050704956 
Car -1.0 -1 -1.0413451996426455 55.401474972809126 182.79509031271044 267.95365548378044 276.339237877824 1.5 1.5887154757976532 3.94390509724617 -8.139232355871071 1.4623162307061757 13.50528508097041 -1.5837257421251876 0.9999761581420898 
Car -1.0 -1 -1.3627423399634033 425.65114939173753 180.56275211810203 502.0683042079215 232.9516008104476 1.5 1.5999304622411727 3.729759764671326 -4.4391525380244685 1.3679078118127086 22.453558477479653 -1.5579289878394944 0.9999630451202393 
Car -1.0 -1 -1.5498363080782853 583.7449323742538 179.7412394604224 612.3143588207607 206.41588637842491 1.5 1.604846727848053 3.8132692247629167 -0.5618300524801725 1.1932850052735542 42.33252212442248 -1.563107359283839 0.9999071359634399 
Car -1.0 -1 -1.3267251239014146 381.7333126470223 181.2545408026024 436.49357590332534 216.94055250379836 1.5 1.555258084833622 3.4681888788938524 -8.802064479599524 1.3346307596277671 31.964818333730896 -1.5954327425595862 0.9998953342437744 
Car -1.0 -1 -1.2154362365546896 300.1790571453549 181.67016895281057 386.39786742324907 231.0046330535368 1.5 1.5194423988461494 3.5392577320337297 -8.629084572869598 1.3933304013541132 23.62636938295569 -1.5656149965387327 0.9997836947441101 
Car -1.0 -1 -1.6068723947196444 630.5640837052688 179.38448939637533 657.5100287256762 203.67315852848898 1.5 1.585860227048397 3.9913902550935747 2.2806728096464735 1.141012102318073 46.39661456603168 -1.5577559117835504 0.9997625946998596 
Car -1.0 -1 -1.4161012035999332 490.1596509537231 180.41089982781997 533.8439215140405 212.6667619490289 1.5 1.5910642713308334 3.5777668029069902 -4.672065384580009 1.2776928045224882 35.231904240592684 -1.5479409257557732 0.999097466468811 
Car -1.0 -1 -1.4652050982405935 516.7311346898307 180.33458469187485 547.5209019150819 204.83545749145142 1.5 1.575992864370346 3.6771158248186113 -4.80842676514557 1.202298144892435 45.845661380439246 -1.5697059496913595 0.9976396560668945 
Car -1.0 -1 -1.3692111363289128 427.9502907477573 180.92938937977416 475.0513646831089 207.9817015983015 1.5 1.8027913317084312 4.668826100230217 -9.123734664406307 1.2634633946106524 42.1999235895115 -1.582136510932122 0.9890996813774109 
