Car -1.0 -1 -1.5559982891292694 640.1679165205117 179.24791722418482 669.0779472697141 206.387231764159 1.5 1.6350968301296234 3.886026379466057 2.640609586317543 1.897543138841227 42.81891062681021 -1.4944070513036591 0.9999626874923706 
Car -1.0 -1 2.238113665075912 0.0 181.28812395325053 235.02709495996325 374.0 1.5 1.5836468458175659 3.8744314134120943 -5.006350886270748 1.5947239578817654 6.1187828636242605 1.552376910052027 0.9999226331710815 
Cyclist -1.0 -1 1.6950408627549294 415.21004223373114 185.30219688371264 457.92256784165903 261.23915868470414 1.4 0.6239321574568748 1.7800279453396797 -3.51474462156558 1.6667876353753757 14.520821381130228 1.4575597484919685 0.9999582767486572 
Car -1.0 -1 1.826278892973855 380.8814556134041 180.71495897850255 476.85421002691055 237.0377954625971 1.5 1.7315701141953468 4.642029342055321 -5.465833002774905 1.7676408248942344 22.19754429648354 1.5848460078199924 0.998977541923523 
Cyclist -1.0 -1 1.6211410522425858 511.36795777844253 182.97358613944604 529.6359230906762 219.89313818417247 1.4 0.6372604079544544 1.7744457840919494 -3.5990143274472817 1.8165596864505849 28.764528546381822 1.496668024859156 0.9987419247627258 
Car -1.0 -1 1.7712127229332526 493.9992902272342 180.5772049399686 537.6817927324224 209.41528975290353 1.5 1.6417250528931617 4.242616382241249 -5.306012468141682 1.9610917373186114 40.86677332974275 1.642098176475388 0.997199535369873 
Car -1.0 -1 -2.3580437494508897 884.8687669952562 139.68858260385414 1241.0 374.0 1.5 1.6173795357346534 3.966742616891861 2.4600148252918332 1.4777700400212486 2.4761549269002434 -1.5759153366696579 0.9904819130897522 
Pedestrian -1.0 -1 1.538916918217525 452.6782055829304 166.0546223029184 492.916913524635 256.2642788923095 1.8 0.785032895207405 0.9379850260913372 -2.9022369837794066 1.6646863444296491 14.938869814912795 1.3470329483363288 0.8208961486816406 
Cyclist -1.0 -1 1.6672369993103149 446.73970621613495 184.92189911552197 489.312359612483 259.0124627356788 1.4 0.695259266346693 1.7847905427217483 -2.946916110283066 1.6642742089157219 14.85428162860796 1.4713916023585456 0.7225916981697083 
Pedestrian -1.0 -1 1.4777453489584427 411.49501655337207 166.06005503176064 450.4519795887105 258.9103919906626 1.8 0.6734529070556163 0.9455862946808338 -3.6690412478102554 1.6686501878485995 14.543061459658182 1.2306143482539313 0.5145471692085266 
