Car -1.0 -1 -1.5749809287427876 587.0372116787861 178.8991416964742 656.1714897808516 243.40055601563677 1.5 1.6378986209630966 3.2890508443117143 0.23933143973895626 1.671205900526626 18.73789040216508 -1.5622090306740744 0.9999940395355225 
Car -1.0 -1 -1.7953336560552324 726.3679651210534 176.6860049895674 882.2974088223177 273.04186756816836 1.5 1.816018533706665 4.494454202055931 3.3872732186864187 1.5850100000837748 13.673147899362402 -1.5524909282710893 0.9999966621398926 
Car -1.0 -1 -2.15722683327421 308.0558874012765 180.8198997831922 473.96651451430375 259.9544243120482 1.5 1.612502758204937 3.8617501527071 -4.941541121113336 1.696163400977772 15.88912788671464 -2.458745853104864 0.9999734163284302 
Car -1.0 -1 2.2435004105106895 0.0 183.7332164238442 155.12560274251786 272.67689819595574 1.5 1.6562598317861557 3.9376816272735597 -11.360863048211153 1.7508073488638847 14.628763835878102 1.5831844687422336 0.9999592304229736 
Car -1.0 -1 -2.2466320917088214 358.38082104352856 180.79294669930468 495.8029743967028 244.89489656749535 1.5 1.6010422751307487 3.606187415122986 -4.914463182895426 1.7286939174171367 19.028732050361246 -2.4993747035649165 0.9999319314956665 
Car -1.0 -1 -1.725056915740634 692.9866003973179 178.12626367305816 758.5572478658961 227.36414286376382 1.5 1.5842799589037895 3.886467453837395 3.772297007433126 1.6924193156668046 24.338288998760596 -1.5712861441450683 0.9998766183853149 
Car -1.0 -1 -2.1888523021300443 463.729366304176 180.49049851855065 547.5021752453907 220.64872320391436 1.5 1.5562039360404014 3.651767832040787 -4.356711623336421 1.8323625496638385 29.51057888236989 -2.3354257504132137 0.9996174573898315 
Car -1.0 -1 2.0822268607920904 168.39831239547905 182.65563697302278 297.13649632432197 239.54360147892248 1.5 1.6390981644392013 4.107047107815743 -11.27526195324171 1.8250689747584965 21.819987235113548 1.6052770495375217 0.9996104836463928 
Car -1.0 -1 -2.377814778356313 511.46776971600207 180.47877242360556 568.7280859684183 207.379261236033 1.5 1.5383219838142395 3.197643768787384 -4.188533920950389 1.9687245847524868 42.726489767527106 -2.4755338589337215 0.9996155500411987 
Car -1.0 -1 -2.2619293477972553 397.83812590501554 180.6372670478241 521.2013771630756 235.71159241967786 1.5 1.5884653225541114 3.8371412575244905 -4.6787096898976905 1.7570042512632573 21.975501253277407 -2.4717028896000723 0.9992363452911377 
Car -1.0 -1 -1.7509237391833183 669.4284415552785 178.60289901357206 725.2736997804299 215.99619883831102 1.5 1.70204998254776 4.172813755273819 3.7231666805798724 1.7702419077231903 31.734017054535357 -1.6341335038330895 0.9993138313293457 
Car -1.0 -1 -1.5395385741598973 586.5102030318113 179.5340752300315 625.5058232379652 217.08790954753835 1.5 1.5802596256136894 3.539291259646416 -0.16638882125431606 1.806207332026205 31.24357309658081 -1.5448640613493068 0.9963494539260864 
Pedestrian -1.0 -1 0.3926102940104699 257.7694372738384 150.29372056338437 350.1780769148963 339.42151360109546 1.8 0.64547551125288 0.6527476504445076 -3.0857238091685866 1.5856432658872563 7.191262477002691 -0.01272244850662776 0.9956327080726624 
Car -1.0 -1 1.9751196891616796 267.8658050569183 182.49039598734268 344.309644649203 217.24843182577982 1.5 1.7432105287909507 4.517727208137512 -14.51815948802366 1.9935090837200593 34.65716215960667 1.5784203886946262 0.9262937903404236 
