Car -1.0 -1 3.5571002538439576 138.203375840997 182.2095060292535 387.6192567499534 269.3642503319685 1.5 1.5970096483826637 3.8771464049816133 -6.375403507012907 1.685806250021865 13.44899434915896 3.1144329190214695 0.9999411106109619 
Car -1.0 -1 0.2637586417700657 335.09976234408697 181.3467393133262 490.1330743232858 237.00675381984868 1.5 1.5714170902967453 3.9711444199085237 -5.563611825690212 1.7506359528206752 20.47183843506179 -0.0016012946751458262 0.9999232292175293 
Car -1.0 -1 -3.6323486470431408 855.5758587887312 174.62272162917307 1188.125413966286 280.03987056540035 1.5 1.6507573917508125 4.184944045543671 6.112263298860595 1.529754580386796 11.141029097291016 -3.130560592808996 0.9998857975006104 
Car -1.0 -1 -1.5994429747792287 646.7052316000801 179.2264606068622 674.6446638478556 204.9846685674261 1.5 1.6177263602614402 3.9732596397399904 3.091376584844824 1.91589897101458 45.030641293842464 -1.530900006243263 0.9998449087142944 
Car -1.0 -1 -0.12659776867647968 705.6723482419941 178.1754357138244 807.5946099411619 215.0216596420573 1.5 1.6532633945345878 4.057456788420677 6.113328629609713 1.7333228916139747 30.61774335444336 0.07047681411239079 0.9997881054878235 
Car -1.0 -1 0.1652819178037874 462.1012447656499 180.9539778335019 540.5605706053899 209.73345841260033 1.5 1.5819941207766532 3.976680201292038 -5.852314455088223 1.9461978745511472 38.88969329756856 0.015917702517236985 0.9995365142822266 
Car -1.0 -1 -0.2866174672846198 768.0067625722854 177.07470809086539 911.4763255351926 231.1705461499313 1.5 1.5909072503447532 3.667585787177086 6.544964196145038 1.6277947394674293 20.95799997853332 0.016075654825891773 0.9984868764877319 
Car -1.0 -1 -0.6542001188516845 1068.167864559384 170.16997853064456 1241.0 360.01185875571656 1.5 1.592353594303131 3.554343667626381 6.504378261119586 1.479150604198181 6.696006244967561 0.11668221553298405 0.9983245730400085 
Car -1.0 -1 3.4715529950172113 236.99111278732042 181.7070737498666 444.05322748211006 254.83119485839214 1.5 1.6168471917510032 3.95388440489769 -5.8518389019246015 1.7054742555027278 15.859841226785594 3.1180775046309055 0.9976322650909424 
Car -1.0 -1 -0.41743629557350337 790.2687468086186 176.63454691346868 953.2918968130186 237.31470311441169 1.5 1.5593622371554374 3.691544991731644 6.7242821400848705 1.604006868818996 18.86342688092107 -0.07500751415756769 0.9859777688980103 
Car -1.0 -1 3.3464641617051267 376.03277306404624 181.2841191515608 499.4087589313091 225.88331608992286 1.5 1.6078515470027923 3.989766401052475 -6.048074492579292 1.80779056416212 25.450229968445587 3.1131487965544284 0.9644467234611511 
Car -1.0 -1 0.432912572769647 0.0 182.8172862871315 199.88691335101106 374.0 1.5 1.8189598366618156 5.193595078587532 -6.383136692214302 1.604963315165145 5.706832462390483 -0.40836663643387383 0.9282233715057373 
Car -1.0 -1 -2.5857338557386984 0.0 0.0 1241.0 374.0 1.5 1.721954022347927 4.504244264960289 2.780393007812246 1.4661708250668974 1.6902601344024464 -1.5611611661177618 0.908841609954834 
