Car -1.0 -1 1.7030743790489866 441.318662607548 180.40592071918812 511.15259270798174 232.1140790015915 1.5 1.6988510757684707 4.334204506874085 -4.347317306605058 1.7723478163842383 23.778388680583543 1.5222450931880134 0.9999861717224121 
Car -1.0 -1 -1.6957915356101088 629.8559726641769 178.90567227602912 683.7864321852117 221.49986633207232 1.5 1.5809614703059196 4.07365435063839 1.7057107170380474 1.753387465495108 28.082422250806992 -1.635126621523176 0.9999853372573853 
Car -1.0 -1 1.6648364285358774 508.0496183184813 180.6079417665417 539.2260215243055 206.22448114804348 1.5 1.5868684768676757 3.96238551735878 -5.430246089123505 2.0104022431302107 45.458804709802386 1.5459455688807624 0.9998348951339722 
Car -1.0 -1 -1.9168989970163124 748.6785123732178 175.88202993804748 960.7467571788285 308.7561578159276 1.5 1.5561894074082374 3.7486205369234087 3.1163317860157145 1.550932440609085 10.13905532842274 -1.6187044056740147 0.9989898800849915 
Car -1.0 -1 2.078697938762703 0.0 179.73277088504543 354.9483916886718 374.0 1.5 1.6387910142540931 4.209784281253815 -3.562858968679901 1.5755685343498163 5.745144002278284 1.5235928734156745 0.998670220375061 
Car -1.0 -1 -1.8356356167992667 667.2412025757769 177.66210078751723 782.6738491342759 258.52976897764376 1.5 1.5731290474534034 3.331284460425377 2.268314982980401 1.6142047721606632 15.335280772793062 -1.6887856061246735 0.9977473616600037 
Car -1.0 -1 1.8483516222556309 301.0817339156409 180.4494872604052 448.08181833986947 284.3677360331454 1.5 1.5089141696691513 3.361627694964409 -3.9135400180893956 1.6484465499378522 12.363030958578362 1.5417796810481208 0.9965353012084961 
Car -1.0 -1 -2.1705267515863715 850.3972999430704 172.65759924075246 1241.0 374.0 1.5 1.5864739686250686 4.221216452121735 3.344876666559474 1.4994592676328204 5.445549665845902 -1.6197021091964585 0.9839165806770325 
Pedestrian -1.0 -1 1.7523172555044062 658.6405109233443 164.63198309473347 701.7826860087163 249.7791595269138 1.8 0.8140791699290275 0.7606794618070125 1.4880469866703911 1.6265454992927515 15.727291227900018 1.8466520190199436 0.8318551778793335 
Pedestrian -1.0 -1 1.5947553928821099 677.3248948492052 164.279746764781 718.5295691572737 250.5204989391772 1.8 0.8572755873203277 0.9981044128537178 1.8612016297062215 1.6213977202216914 15.611956358695931 1.7134117960890354 0.5415984988212585 
