Car -1.0 -1 -1.5583865345211265 582.5743402584203 178.76381099634136 657.7061445674183 249.07081111321426 1.5 1.6366547465324401 3.5842838257551195 0.21371947115936757 1.6586167520971122 17.507583810590706 -1.546179889762078 0.9999814033508301 
Car -1.0 -1 2.238796761075 58.28102616592202 182.96110692379736 246.09844499832195 256.79829005812866 1.5 1.580366913974285 4.140127313137055 -10.826762724097476 1.773998942434427 17.387365634572408 1.681867587562424 0.9999164342880249 
Car -1.0 -1 -0.8510046917451233 667.5712569329363 178.66368705395683 740.6268423698284 210.6603783392728 1.5 1.5872862681746482 3.7214680135250093 4.730144492266907 1.8074381215979045 36.310411381780916 -0.7214645306256158 0.999792754650116 
Car -1.0 -1 -3.6880218830019835 1085.0141885484081 174.07333790681258 1217.400907189939 215.50722225773802 1.5 1.515279945731163 3.7362320840358736 20.202852137819917 1.5477358265758598 27.103138710747597 -3.0474671880390987 0.9995902180671692 
Car -1.0 -1 -1.590602011079491 1175.7383041977532 166.68011699429886 1241.0 374.0 1.5 1.5363121896982193 3.529356282949448 4.851367119653253 1.475589376849568 4.684546456631167 -0.7877116958287103 0.9995394945144653 
Car -1.0 -1 2.0484724126291116 100.61603538494434 181.05552656234636 378.3871207534749 278.1986718583455 1.5 2.1082314223051073 6.925137203931809 -7.211812408266958 1.7132257779938296 15.226869271785318 1.6061472773512424 0.9968079924583435 
Car -1.0 -1 -1.0398743498522807 701.5712161382589 177.342406398592 837.8640865944847 242.9836478345181 1.5 1.6391916692256927 4.050347444415093 4.201758766090811 1.6300384264764907 18.8043016365255 -0.8200388709690911 0.996704638004303 
Car -1.0 -1 -1.1839402507214216 769.2583195104943 175.5136536358737 996.437714548393 293.3010415561256 1.5 1.7938912406563758 4.544062775373459 4.481232136472786 1.5513234537037373 11.556013672168467 -0.814009443917547 0.9958831071853638 
Car -1.0 -1 -0.8797794622190653 653.0682490274208 179.0613259440975 708.2616065996051 203.31536476379986 1.5 1.6174948334693908 3.7163803845644 4.646466024631567 1.924951648276966 47.46850235145737 -0.782205061116491 0.9712666869163513 
Car -1.0 -1 1.9486657491678656 245.16198925854619 182.3010737302563 337.3431810140395 232.06820797416134 1.5 1.5012380227446556 3.966444593667984 -10.747863668968803 1.8476737316943357 24.515671659787806 1.535493536791529 0.9577299356460571 
Car -1.0 -1 1.9516871886656462 260.59349077280706 182.26211509342323 347.2526630675782 228.7037883738153 1.5 1.5077010288834571 3.9911440134048464 -11.006444729096682 1.8672212352373763 26.124449644127555 1.5529476841303962 0.8814988732337952 
Car -1.0 -1 1.9710312938922774 291.24369644788453 182.00438801558025 377.67007469206567 225.64278293271414 1.5 1.6062474370002746 4.174208503961563 -10.53811486588649 1.8798125786864264 27.802435757277397 1.6087272047957004 0.8363471627235413 
Car -1.0 -1 2.051590875790973 130.60970639373758 183.54513135549328 226.27834426195716 230.60622326116555 1.5 1.439593781530857 3.537719187140465 -15.250966055830437 1.9068149797354654 25.622356041329155 1.5146927078578132 0.6820068359375 
Car -1.0 -1 2.0289340738000607 154.4965872363624 183.33871380255377 247.88947520059514 229.13592894451116 1.5 1.5148127943277359 3.624941644072533 -14.842966196539667 1.909891728694288 26.329091363245976 1.5155972679469245 0.5358083248138428 
