Car -1.0 -1 -1.5609375560546714 601.3697810276816 178.9291487963746 661.0491072856271 235.3026514633783 1.5 1.6205888733267784 3.395809468626976 0.5908689592802535 1.6942256411588477 21.295528588605414 -1.5331985215332848 0.9999948740005493 
Car -1.0 -1 -1.7502585636416192 722.2498199009221 177.71542462534217 795.757365046137 234.03755694275438 1.5 1.5201475962996482 3.3573778837919237 4.2450266012016185 1.6546010858268645 21.19797450778607 -1.5526166344669206 0.9999409914016724 
Car -1.0 -1 -1.7425391641598877 705.1847609167476 178.07820438981938 769.7761247077406 223.02879143735882 1.5 1.6546730443835258 4.0476980179548265 4.560878764610697 1.7074256348451913 26.571008001529506 -1.5725470617788402 0.9999109506607056 
Car -1.0 -1 -0.4128287090309597 841.6059722913301 176.6998964636749 980.2058546495406 206.0843352083301 1.5 2.288578499853611 6.4226245999336244 15.85774467151804 1.7112784049017502 38.35772090242239 -0.02080948750046321 0.9998273253440857 
Car -1.0 -1 -2.00485502356572 199.2870216498383 180.87101933078105 414.5611305334021 304.05169698868866 1.5 1.5609220162034034 3.628757831454277 -4.686419110851568 1.640336882859077 10.805994573185608 -2.4140605489399776 0.9998131394386292 
Car -1.0 -1 2.1296261934313843 97.56513171964993 182.41151013400827 282.5096612957742 272.7334711462563 1.5 1.5237227573990821 3.419998896121979 -8.03725418872191 1.7100367451571936 14.08746934495869 1.6111614584883274 0.9996706247329712 
Car -1.0 -1 -1.8319438466722247 69.43359728126347 180.5569533032688 356.25569072619044 374.0 1.5 1.5659930676221847 3.3916110664606096 -4.050965086674794 1.5940741801298053 7.022257621434023 -2.3551861206677303 0.9995002746582031 
Car -1.0 -1 -2.2764747422772444 403.8236861597877 180.4383136891561 536.5039571183898 240.53297168902608 1.5 1.5780011683702468 3.7701724588871004 -4.0224670334075485 1.7320007361677388 20.24666939174773 -2.472594038644109 0.9994803071022034 
Car -1.0 -1 -1.9141110774657997 746.6537838664627 176.89634509800968 872.6450122337487 254.84899626698268 1.5 1.5442245200276374 3.5255088031291963 4.200373250941822 1.5996149872244116 15.892252385249506 -1.6557165319707734 0.9994055032730103 
Pedestrian -1.0 -1 -1.6139053843854836 776.3232462754772 156.14131140231882 837.1664275496772 281.6507557896166 1.8 0.8418221518397331 0.8130453087389469 2.8807803954140625 1.5606720082605157 10.832772539770453 -1.3539890507843835 0.9993085861206055 
Car -1.0 -1 -1.5757447348427278 612.764473588781 179.39471125349638 647.3585339935885 212.76035226293615 1.5 1.589115385711193 3.550075975060463 0.9198373116182553 1.8332541089072807 34.92905684725843 -1.549416375407253 0.9991733431816101 
Car -1.0 -1 -2.016113727814065 829.6835267478972 174.72460197020226 1125.3471455047688 326.7523309815004 1.5 1.6458256661891937 4.089294981956482 4.229219233107631 1.5296117448022704 9.224109333157314 -1.586216850267027 0.9989895224571228 
Car -1.0 -1 -2.1725015437574817 460.1492169585481 180.516079063529 542.7282505160146 222.0279376684128 1.5 1.5278256058692932 3.464798864722252 -4.375433811427568 1.8221491380216615 28.514525757883266 -2.3247597376492366 0.9983695149421692 
Pedestrian -1.0 -1 -2.041135308490363 682.2679999196722 173.4985530820458 704.3423411069756 207.66313852323174 1.8 0.7561455972492694 1.1046870172023773 4.424731523090599 1.835499118743692 38.68635150464496 -1.9272556761887414 0.9974368214607239 
Car -1.0 -1 2.3390478264659254 0.0 183.20442733977936 128.205363886619 347.19993870534904 1.5 1.6097471609711647 4.072673109173775 -8.205493209135737 1.6577114453449076 8.911397106782404 1.594866502281052 0.9943185448646545 
Car -1.0 -1 -2.186850642295644 483.0557346984881 180.39505948325848 559.9621372865365 217.8183127571739 1.5 1.5565885722637176 3.558030587434769 -3.9457769671959197 1.84878263518328 31.496854364580894 -2.3114766637471065 0.9650530815124512 
Car -1.0 -1 2.1701808923115635 331.5896697705824 181.51396832138965 428.7886292257751 231.4187008412994 1.5 1.6059095531702041 3.1096628427505495 -7.6060800000820175 1.8091136575287479 24.002084628633945 1.863299357887131 0.9597941040992737 
