Car -1.0 -1 -1.5678634903810373 599.2430802979642 178.94397126060124 659.204413996889 234.779092900969 1.5 1.645146545767784 3.6010494947433473 0.5282401263757848 1.6980816161284313 21.601133565955962 -1.543414085232888 0.9999978542327881 
Car -1.0 -1 -1.8074943934273708 746.9588317999732 176.98313061700108 858.6838531027231 252.45195813073533 1.5 1.572173137962818 3.8212409734725954 4.203453056935461 1.605614819021446 16.469376733649828 -1.557600947157715 0.999971866607666 
Car -1.0 -1 -1.944539340231529 798.584430844397 175.6493650354577 997.7379400646857 292.3100244057428 1.5 1.5792886286973953 3.6556689560413362 4.172337204468605 1.5509081430413172 11.20407012015522 -1.5880546542492253 0.9999632835388184 
Car -1.0 -1 -1.783998054085698 718.9108413225001 177.67495796615393 802.047989929249 233.395324242506 1.5 1.6273864105343818 3.9532023042440416 4.377606053427005 1.6590069099588902 21.753487676312872 -1.5854133787241322 0.9999570846557617 
Car -1.0 -1 -2.220457435973991 453.0048512211269 180.45734290139646 546.4557876147504 225.48764565445745 1.5 1.5491392955183982 3.5420993834733965 -4.125444680306943 1.7976331866900552 26.42172595230041 -2.3753451863911494 0.9999334812164307 
Car -1.0 -1 -0.5054233738813207 869.5060754351343 176.22327872965272 1028.818541702724 210.12217634101827 1.5 2.3126137003302576 6.391324710845947 15.64044741356835 1.663566602470166 33.57344301419833 -0.06946070591476985 0.9999316930770874 
Car -1.0 -1 2.321527028063552 0.0 183.2391622166278 134.0717087155552 338.74994713743723 1.5 1.5827542662620544 3.814527627825737 -8.161343990527792 1.6596127548493989 9.137920854640626 1.5925209402998508 0.9999064207077026 
Car -1.0 -1 2.1850492423201544 232.80614149621815 181.8456974531243 371.39346413212127 247.48586212267801 1.5 1.5806725740432739 3.54187325835228 -7.966815722744662 1.7596469383765068 18.90493367199579 1.7862193465193332 0.9997687935829163 
Car -1.0 -1 2.0686804379866572 91.99077966169445 182.35726472088837 278.87808175945275 275.6119486874159 1.5 1.5345601856708526 3.5719870150089266 -7.924803274465493 1.7055814484924652 13.774883318433034 1.5466145714137214 0.9993778467178345 
Car -1.0 -1 -2.262174129206641 523.2942540468679 180.26374052148495 590.4653437801228 205.07949605030885 1.5 1.819113877415657 4.683360692858696 -3.563493954789585 2.010057785055649 47.312637683653406 -2.3373502055790767 0.9992928504943848 
Pedestrian -1.0 -1 -2.1736819077256024 685.335004258959 172.64841433143485 710.0889922899405 211.45183688403685 1.8 0.7060125030577182 1.0200807385146617 4.0996297365040375 1.7908211077050646 34.08335869248179 -2.0539745549347743 0.9982055425643921 
Car -1.0 -1 -1.813825742204397 0.0 181.24692519810142 246.62169650376933 374.0 1.5 1.541229759156704 3.461197254061699 -4.62514282335777 1.5880888069543586 5.869289106063183 -2.481221691766058 0.9977769255638123 
Car -1.0 -1 -0.4027884583426877 773.443051433236 177.5591461443906 866.9155547435865 211.3020191733979 1.5 1.6515259191393852 3.8136231273412706 9.657127449774435 1.7251336320776025 33.416100446054465 -0.1214571754124505 0.996311366558075 
Car -1.0 -1 2.232485315778924 0.0 184.00877333161174 159.3145022592906 249.2164606445024 1.5 1.613132146000862 3.8819661855697634 -14.118817123610857 1.8280362884438024 19.22979925017202 1.5991630434950412 0.9947750568389893 
Car -1.0 -1 -2.2671567131060852 340.173328968291 180.49921626472815 511.83903426366805 261.0110448284566 1.5 1.55537189245224 3.6801120758056642 -4.045901790254216 1.6822532866121822 15.463581770725018 -2.5230609337475642 0.99049311876297 
Car -1.0 -1 -2.157772555643967 426.36829082986077 180.54303642279817 528.4065432492029 231.82995832647927 1.5 1.5602237105369567 3.527647864818573 -4.4066799082420305 1.7695393286218069 23.449697376744794 -2.3435267368939265 0.9888836741447449 
Car -1.0 -1 -2.4271146120671974 955.9669575539064 165.9214306035149 1241.0 374.0 1.5 1.7321857184171676 4.4406155616045 4.16136386947306 1.480013230030151 4.410373124319757 -1.6707583154228074 0.9323462247848511 
Pedestrian -1.0 -1 -1.7801039465903092 887.4382121479882 136.46502408671012 1012.3211059251812 364.19500486810745 1.8 0.8105842888355255 0.8028197593986988 2.8147761821278046 1.5127358782182294 6.179949796515405 -1.3527112315085275 0.8744199872016907 
Car -1.0 -1 -2.277996595422355 495.69755568823246 180.37995968205254 567.7304492991681 214.71344269957098 1.5 1.5212566152215004 3.4074971944093706 -3.758325348645046 1.872916746035684 33.99525874665582 -2.3881038586285457 0.8328312635421753 
Car -1.0 -1 -1.5839892947134246 616.0425061079361 179.28231327624982 653.5926305477598 216.13297900840846 1.5 1.5604213371872901 3.488593038916588 1.0230883388344705 1.7988274760302239 31.739776595981983 -1.5517668175187451 0.7801223993301392 
