Car -1.0 -1 -1.5368843238150909 573.682608396449 179.32723473042608 627.0808094687218 230.02765922636013 1.5 1.614532110095024 3.4238869816064836 -0.301749234320546 1.7268476696174735 23.514320726347893 -1.5497161923584086 0.9999775886535645 
Car -1.0 -1 -2.191056064970373 876.027484217371 172.509555607825 1241.0 374.0 1.5 1.6234431907534599 4.046420243382454 3.688554208566472 1.4986127855771152 5.711931841246674 -1.617665176340614 0.9999665021896362 
Car -1.0 -1 -2.235663406896661 365.30594494517413 180.78362198212355 499.28888027128164 242.0054566533381 1.5 1.6128523766994476 3.751296412944794 -5.003296981074872 1.7390067140936374 19.925583097630717 -2.48167629639176 0.9999150037765503 
Car -1.0 -1 -1.8511150316028209 0.0 181.60445002644798 230.86796208038047 374.0 1.5 1.6214659929275512 3.855407473444939 -5.114059959052167 1.595969875111834 6.12911624036246 -2.5464753071453914 0.9996687173843384 
Car -1.0 -1 -1.6753690812033155 645.4061436496604 179.03726797103903 688.5790140764432 206.18159525781124 1.5 2.021218512952328 5.778634038567543 3.366329028890443 1.9034264686724218 44.11528470746795 -1.599209130802427 0.9997363686561584 
Car -1.0 -1 2.198347764457331 115.2118172699222 183.46920874623552 234.6714069225449 232.7445910218607 1.5 1.598481696844101 3.7644444525241854 -14.81723274676382 1.8930620515451768 24.744984533477307 1.6588129878004612 0.999424934387207 
Car -1.0 -1 -1.6253590671683686 592.7643683948287 179.55445053552089 630.8905306463993 214.25223810495692 1.5 1.579487931728363 3.532811862230301 0.000614311637173143 1.8300591155449433 33.69429890971817 -1.6253408352520806 0.9993410706520081 
Car -1.0 -1 -1.724746226236038 686.1057389581448 178.1283839146236 755.3080343399953 229.85300638495212 1.5 1.601043951511383 3.9325526475906374 3.435172274540357 1.6850878934318128 23.296139528607355 -1.578344519310866 0.9984717965126038 
Car -1.0 -1 -2.0667010256968377 252.5368521061031 181.06636258823823 429.7452766354473 272.8058655256082 1.5 1.6267184659838676 3.6961203932762148 -5.319989638562844 1.6798177619932173 13.942809606224598 -2.4312086860325675 0.9970771074295044 
Car -1.0 -1 1.989037172452278 222.14414821239407 182.1686095647811 339.12952720406696 243.41234489102655 1.5 1.5886679783463478 3.6980731904506685 -9.067675532278814 1.7836307197156125 20.086817152712005 1.564999504885401 0.9940471649169922 
Car -1.0 -1 2.3168104635482454 0.0 185.39225377190198 0.0 272.4078127435218 1.5 1.5851848319172859 3.666905176639557 -14.92648347124047 1.79066667933274 14.838266626582554 1.528448506197657 0.8583305478096008 
Car -1.0 -1 2.3969136317156945 0.0 183.66990910054136 95.70343139339403 336.8925135441823 1.5 1.53030366897583 3.7618013590574266 -8.841038865789596 1.668055029753125 9.258614018049709 1.6345822691877903 0.5029383301734924 
