Pedestrian -1.0 -1 -2.0937576445541866 991.9811199066186 146.15597865203455 1078.0804260699256 313.1214196936758 1.8 0.6661302901804447 0.49530449584126474 4.658815074916148 1.5125352187017818 8.024583140616995 -1.5677490367696179 0.9999945163726807 
Car -1.0 -1 -1.7201564947918906 671.2200522349644 177.9464912211934 757.876870078068 243.4917204463433 1.5 1.6192740321159362 4.081814599037171 2.5659947535542593 1.6481190466478 18.88077697929183 -1.5850789286803944 0.9999734163284302 
Car -1.0 -1 1.7417268641856058 447.6926992149514 180.72801644942564 503.12860870453346 223.01945721640993 1.5 1.533229511976242 3.570048746466637 -5.206799068564923 1.8260939796197886 28.051645557588426 1.558200760683741 0.9999556541442871 
Car -1.0 -1 -1.9387725826997264 755.4944917927369 175.43337834081981 1001.4463008341498 335.71049889120593 1.5 1.529870045185089 3.3436669528484346 2.834370440964546 1.5368882567617141 8.510442923375827 -1.6172804954138142 0.9999074935913086 
Car -1.0 -1 -1.7657261239269764 696.8359375118895 177.13830062602892 823.9690364444484 271.2027298093571 1.5 1.591355775296688 3.726409983634949 2.6076016634908927 1.5918576904062425 13.54023542645531 -1.5754736061815662 0.9998562335968018 
Car -1.0 -1 2.4217527193558945 0.0 181.4347153997164 192.139341196888 374.0 1.5 1.651589435338974 4.227410864830017 -5.292622338933213 1.5893736550311697 5.317568668698253 1.6387057185133518 0.99826580286026 
Car -1.0 -1 1.8508845938841354 380.8099610575987 180.7848307602471 472.56328318994616 239.43054134688737 1.5 1.5601847812533378 3.888484698534012 -5.249774897526125 1.7523723617708782 20.955168167026557 1.6054127097090305 0.9958347082138062 
Pedestrian -1.0 -1 0.6011992567377085 640.808863622257 174.07058866457376 659.3363971315651 207.38571943526185 1.8 0.44292938224971296 0.9231157161295414 2.1552367459317687 1.8676866549846214 39.47192082374945 0.655746861300196 0.9953847527503967 
Car -1.0 -1 2.0462632843889104 99.90081591855302 181.0562855034973 360.39841343724515 313.74786659386314 1.5 1.6311007112264633 3.950437766313553 -5.167905724294284 1.6410295244997053 10.38560613481709 1.584535348411423 0.9941827654838562 
Pedestrian -1.0 -1 -2.169280101807709 984.5465273028547 145.6383428348749 1080.6035635285466 315.84773982434587 1.8 0.6978987276554107 0.5967888541519641 4.585425714636392 1.5125466147594189 7.951496378257399 -1.646188252666269 0.9903923273086548 
Pedestrian -1.0 -1 0.8712976845534575 644.1751930005686 174.09064902193145 658.029486581233 207.1769331614795 1.8 0.48423917293548585 0.6052804671227932 2.2232654314968494 1.8690128966461714 39.66756286641662 0.9272865494105476 0.9702831506729126 
Cyclist -1.0 -1 1.8991219592666908 323.22357912624375 187.21124449955963 406.12009458303197 297.12073701352466 1.4 0.5912774734199047 1.7395413041114807 -3.5015480390526434 1.6223744673051375 10.285095706515525 1.5709812521894992 0.9668033123016357 
Car -1.0 -1 1.9004696379985069 292.9198574235107 180.9165498230323 427.689826628236 263.0035706169561 1.5 1.5483053892850875 3.8593398898839952 -5.233426921342822 1.6951221314062515 15.494489743434025 1.5747399210890354 0.9467350244522095 
Car -1.0 -1 -1.497811178174243 664.6224565062557 178.41121159813963 719.4231273302706 227.78870184793897 1.5 1.570659738779068 3.6556447416543962 2.7797998361580456 1.7024554454298275 24.295308712515833 -1.3838894377138955 0.8943691253662109 
Cyclist -1.0 -1 2.276143515003395 0.0 197.00335137284702 119.80528577240196 374.0 1.4 0.5948531933128833 1.6965359941124916 -3.401849275366337 1.5522297946793493 3.675035082279365 1.5293287475917 0.8417760133743286 
Pedestrian -1.0 -1 0.9534502865514483 645.4288246712568 174.10853603418755 659.8638806929409 207.0235306890934 1.8 0.4920379750430584 0.6830369614064693 2.3218248679815146 1.8704798943018055 39.90752964586797 1.0115648945185798 0.7366330623626709 
Pedestrian -1.0 -1 0.7284559821209543 634.9409112014523 174.0756079750927 652.9598605368183 207.7486009254023 1.8 0.49533858224749566 0.8641893535852432 1.801470812776517 1.867340697985329 39.081259829230476 0.7745188911769049 0.5118734240531921 
