Car -1.0 -1 -1.7304986123815882 681.5372539847083 178.18932579904026 749.9364309145325 230.78775135416345 1.5 1.5698271363973617 3.5265496492385866 3.200085540364977 1.6814788489726555 22.71324780024371 -1.5905291932311398 0.9999942779541016 
Car -1.0 -1 -1.9293288910394526 766.9969699199038 175.4847436882281 1006.6078706481542 322.69966594486874 1.5 1.5994122743606567 3.6372757077217104 3.19830364897358 1.5408099524858152 9.253475757475341 -1.5965500632908685 0.9999638795852661 
Car -1.0 -1 3.461407995429581 261.39718248502624 181.7899167498012 437.7551891038857 246.66321643547073 1.5 1.5753346055746078 3.7761251002550127 -6.352110457841358 1.7304405374773362 17.742756064271806 3.1176138997038425 0.9999210834503174 
Car -1.0 -1 0.28735127730151033 333.7541311298593 181.39017196294273 479.23926393591023 237.88966578555397 1.5 1.564742673933506 3.626956281065941 -5.670402689392521 1.7489689672896351 20.20441878900954 0.013738437494959156 0.99985671043396 
Car -1.0 -1 -2.177944251358075 899.5658838695524 169.45877487040792 1241.0 374.0 1.5 1.5754022195935249 3.5482397794723513 3.085295261670018 1.489076634782255 4.189862610908692 -1.5432226146247727 0.9998025298118591 
Car -1.0 -1 0.273068389066335 361.5202824728315 181.2845228447259 493.300575517323 231.81549668632488 1.5 1.573280480504036 3.7027473121881487 -5.680501686661869 1.773374038757539 22.5290754176658 0.026075764498438157 0.9992526173591614 
Car -1.0 -1 3.5566775790635807 113.86587468083694 182.34668263343448 369.12585780198367 272.06353155370977 1.5 1.5951745703816413 3.8249822825193407 -6.607824999940139 1.6850687415189376 13.143519940083936 3.0908372282942356 0.9991022348403931 
Car -1.0 -1 0.34372479395079525 218.80240953858439 181.82527319144836 432.6757426928752 257.15148001759434 1.5 1.5486354500055313 3.9553916573524477 -5.992408333535349 1.702062701390035 15.391375392348033 -0.027554349103246414 0.9977193474769592 
Car -1.0 -1 0.17708268478790654 434.10568763766423 181.07228713689963 533.4822296865269 211.68918747178105 1.5 1.8598383784294128 4.738977786898613 -6.410141601182692 1.9301763350486127 36.79307815061311 0.004592581591333665 0.9864332675933838 
Car -1.0 -1 3.8119258966839973 0.0 183.5688845254223 229.42253893132147 345.10431007117865 1.5 1.6108925014734268 4.045132037997246 -6.56879943245061 1.6276800108254403 7.6925120016573425 3.1051597475966037 0.9856522083282471 
Car -1.0 -1 3.5110319121662723 190.46717759540846 182.07437836868806 398.0230873625871 260.32826438789186 1.5 1.5700247630476951 3.5993537425994875 -6.442499502831319 1.7015150415013052 14.884058146731466 3.1025347590406955 0.9094937443733215 
Car -1.0 -1 2.9097409461286503 724.4995824062702 177.99097530526282 826.6698835177659 215.36536169952055 1.5 1.5798273056745529 3.876665470004082 6.785839213408491 1.7196122119567163 29.985753853545646 3.1322944045027317 0.8913697004318237 
