Car -1.0 -1 -1.7720923114073153 703.5508604417385 177.2551733182304 817.7595789121641 263.5275119648563 1.5 1.546640184521675 3.4066791206598284 2.8273570790816844 1.5987963033473875 14.426175310168432 -1.578557414529149 0.9999754428863525 
Car -1.0 -1 -2.4926388456713426 0.0 183.1995863744948 272.54097768396844 326.90176761243407 1.5 1.5523888662457466 3.887034443020821 -6.304761800889685 1.632621890178906 8.432179351209117 -3.1346679488804683 0.9999773502349854 
Car -1.0 -1 -1.6632805402551658 653.5412781925452 178.88687346139892 696.7114880957632 215.6233525555921 1.5 1.5665876239538192 3.4920795381069185 2.776514236763704 1.780761788456168 31.783654606922106 -1.5761450697344286 0.9999446868896484 
Car -1.0 -1 -1.9110530205171896 732.9399724426377 175.57977698458396 1001.8048107331375 336.88383579031915 1.5 1.6644703716039657 4.2376796275377275 2.744641227436934 1.5422396078634963 8.931721179265198 -1.6129203523185593 0.9999295473098755 
Car -1.0 -1 3.5672718835302915 159.77964887419014 182.16342750570658 383.45845876487317 269.55209978076385 1.5 1.5459979444742202 3.411184859275818 -6.1858915032958635 1.682640288219072 13.337648792529285 3.133008110519272 0.9999140501022339 
Car -1.0 -1 -1.7183843685716842 676.745471744791 178.0384847741459 754.5353987156993 239.06838954225785 1.5 1.5718870356678962 3.6764180779457094 2.766165896255504 1.656556960245012 19.890362382722653 -1.5802000146966917 0.9998136162757874 
Car -1.0 -1 0.7428115941256059 0.0 183.9094145681201 170.65752072561088 374.0 1.5 1.6008563831448555 3.9697161436080934 -6.263567223201723 1.6078256938785391 6.1015326404956305 -0.05569000641373226 0.9997584223747253 
Car -1.0 -1 3.6449177523171685 33.32004900045822 182.68263400948223 318.06064441040684 291.10446114105673 1.5 1.5528509885072708 3.379095581173897 -6.487520157269015 1.660960147528834 10.95861635493534 3.1104000687559665 0.9997592568397522 
Car -1.0 -1 0.4284341807238632 197.58080265670196 181.8866327323055 433.1641230061017 256.78540331885233 1.5 1.6978582859039306 4.4191843390464784 -6.308300624295937 1.7078168052717335 15.622595062882805 0.04466192325087956 0.9995399713516235 
Car -1.0 -1 3.3863009173779153 322.60626511291014 181.55371349824276 471.0747693929747 232.31765585064636 1.5 1.6879603758454322 4.168195885419846 -6.617202806064031 1.7836291665907626 22.563441856213416 3.10102890729509 0.9971233010292053 
Car -1.0 -1 0.2668104434853762 310.8979825379177 181.5691626061635 459.32748024959716 239.11027488951817 1.5 1.578991536796093 3.623378512263298 -6.167811134653982 1.7511858888955993 19.913767421948688 -0.03354521194962093 0.9934760928153992 
Car -1.0 -1 -2.767426715792886 251.53806353666752 181.94409959265693 423.1012529846154 246.60519767984147 1.5 1.5113438040018081 3.6464402943849565 -6.666729126697821 1.7337109396259038 17.737644143969156 -3.126944140591894 0.9437527060508728 
Car -1.0 -1 -0.12930562106096977 406.6423618935001 181.08675380171366 508.555125019054 219.63512768656722 1.5 1.641639557480812 3.983013939857483 -6.412598485885513 1.8604924208413833 30.123846796254814 -0.33904929558304375 0.8989732265472412 
Car -1.0 -1 3.253666629785716 441.6999092065565 181.06145508825387 522.9646717803438 213.32891628228117 1.5 1.602022585272789 3.7180329233407976 -6.1662664371549765 1.9080305743586263 34.92085789044177 3.0788899540861667 0.6812201738357544 
