Car -1.0 -1 -1.0959362323982218 440.5805502713493 179.2432747163538 604.8537097212998 262.7489804079306 1.5 1.673830722272396 4.442996394634247 -1.746824951410428 1.6603863074937508 15.695292750595424 -1.2067761878159387 0.9997312426567078 
Car -1.0 -1 -2.0544360064035296 1171.8475693286068 171.60144663465397 1241.0 282.984221605044 1.5 1.705491405725479 4.429846864938736 11.41774229732181 1.4834896465018232 12.077226359901719 -1.297099635997091 0.9990058541297913 
Car -1.0 -1 -0.6095579484356104 31.423725581309064 183.76129392075734 196.4722324876465 243.90608409099733 1.5 1.5771737813949585 3.6571750909090044 -14.118897326447826 1.8434383348042767 20.703251418440328 -1.2080772081997735 0.9970942735671997 
Car -1.0 -1 -1.4603069899435617 700.1372269812384 177.7561310567663 773.1477130955046 236.9955837088555 1.5 1.6354498013854026 3.986251962184906 3.6829709061274123 1.6560112540536551 20.76479892648506 -1.2847664813187463 0.9970797896385193 
Car -1.0 -1 -1.6739460000923314 904.2410914736649 176.19680251399413 962.4249158088313 216.77582582399523 1.5 1.7042851567268371 4.364410278201103 13.03648268908041 1.6473795986958353 29.39289921646566 -1.2564897994187219 0.9961736798286438 
Car -1.0 -1 -1.5732421488405353 825.354826585746 175.82950304843325 941.8770128720283 274.51574046117696 1.5 1.7227042958140373 4.49084886610508 5.02785302248175 1.5660163685410489 13.514191083777469 -1.2170668999340875 0.9957484602928162 
Car -1.0 -1 -0.7567955451327923 138.04229174073782 182.28507507679623 326.0402437294814 249.54284491818728 1.5 1.6603511318564415 4.497415435314179 -9.84483546857099 1.7821343581061797 19.15815726661626 -1.231478856005941 0.9894225001335144 
Car -1.0 -1 -0.8848571718154292 313.3057436339123 180.4651984469524 496.5663934767508 257.1734839318293 1.5 1.6941812381148338 4.438987237215042 -4.653513125258292 1.7042057195456914 16.949666021915164 -1.1528040031578881 0.9832640290260315 
Car -1.0 -1 1.3551834299534016 946.494427518565 175.8333153286309 1017.000090746459 207.22694586066535 1.5 2.0447422310709955 6.091593813896179 19.534111096032717 1.6716941143785287 38.28646615294253 1.8269650816877903 0.9462228417396545 
Car -1.0 -1 -2.2862141825343336 1241.0 169.48949580134328 1241.0 283.6025768000062 1.5 1.7483402535319328 4.485705730319023 13.760308955439022 1.456131953112871 11.82759035854426 -1.4254266480591637 0.829010009765625 
