Cyclist -1.0 -1 -0.9529918969722944 548.0165200763417 179.8847951628605 594.8367744687432 225.4578143373622 1.4 0.5623294532299041 1.796300944685936 -1.0855299188190233 1.382658144518885 22.62343941866634 -1.0009376565602166 0.9999923706054688 
Pedestrian -1.0 -1 1.6106059723547947 704.969129984728 164.69513904722496 727.5675651776601 225.20262412500563 1.8 0.6472410194575786 0.8753256432712078 3.360846642601631 1.3313945151021467 21.520606110214167 1.765523421760422 0.9999608993530273 
Pedestrian -1.0 -1 2.613637211886674 706.947943553534 166.26348387594112 739.4712670155609 217.38679647562034 1.8 0.6031405672430992 0.9793179601430893 4.208260027827292 1.3002742375983787 25.345442812129455 2.778172361846787 0.9995086193084717 
Pedestrian -1.0 -1 -1.6985859556204432 840.5571668371559 144.04335445814897 910.8785020239866 309.71229458675623 1.8 0.6400991722941398 0.941486519575119 3.0685757189372946 1.4055853903404447 8.20844162896234 -1.340839938321386 0.9992783665657043 
Pedestrian -1.0 -1 -0.8449141644533262 1015.2263205278202 148.69468098213636 1082.246051412942 275.49019381889053 1.8 0.6187745861709117 0.5617078885436058 6.478366532217065 1.3501553256992236 10.408803861501047 -0.28819175163773125 0.9981452226638794 
Cyclist -1.0 -1 -2.0149877875901057 865.61704658039 178.3578523407114 946.3461561556436 274.96669348329345 1.4 0.5101179264485836 1.6084135070443153 4.617621801052206 1.3706216401166038 11.056817192369992 -1.6193789514389378 0.999707043170929 
Pedestrian -1.0 -1 1.4487315417073865 698.1931160899244 164.77718507928574 723.0878282833221 225.35456945674503 1.8 0.6456045925617218 0.8489242315292358 3.163371710901925 1.3343751833653756 21.436550401775847 1.5952432036360324 0.9969812035560608 
Pedestrian -1.0 -1 -1.847986500816985 924.081743078425 149.596585486478 977.2019357898806 277.6803995623885 1.8 0.4025531027466059 1.1614240266382694 5.084405567227845 1.3673724205765043 10.538020183468204 -1.398451210060392 0.9999407529830933 
Pedestrian -1.0 -1 -1.1105686135307355 719.5091067860944 166.8706471235565 743.2334627201762 213.90107915113032 1.8 0.682745736837387 0.6713023900985717 4.897561702762743 1.2798698289257486 27.52879720903238 -0.9345038692143304 0.9958667755126953 
Pedestrian -1.0 -1 -1.7207280860691763 737.6680071258891 166.62003700327938 756.8675345605267 213.97153792161598 1.8 0.610777598619461 0.8095189489424228 5.461695246432174 1.2738819413113922 27.29132137448467 -1.523211647817169 0.9901066422462463 
Pedestrian -1.0 -1 2.474016580018233 719.4492260945539 165.56236193467356 755.5608403983638 219.52425460829224 1.8 0.6304637089371681 1.044060618430376 4.487664303391688 1.3032668765262905 24.10174902681694 2.6581051230391086 0.9642699956893921 
Pedestrian -1.0 -1 2.383829088845347 730.7594944929272 165.51852689060996 761.8892693536798 219.1356234265132 1.8 0.5113696239888668 0.9555234134197235 4.810388430228214 1.2985896064886442 24.20247216937476 2.580028283592087 0.9462103247642517 
Pedestrian -1.0 -1 1.6982701040643116 663.3307593926646 165.7655200481722 684.9240640366168 223.33394109601593 1.8 0.5827780373394489 0.8696614325046539 2.183573689769181 1.3408485010798745 22.59109257780899 1.7946271777113498 0.8684000968933105 
