Car -1.0 -1 -1.5829188412577073 595.3709212219559 179.0682932301782 652.3112776610199 234.0319031553392 1.5 1.5824225291609764 3.1714192152023317 0.34286746586971295 1.700409245024929 21.636458524596467 -1.5670734213807178 0.9999992847442627 
Car -1.0 -1 -1.5552315466001516 604.2536875748256 179.50441780564745 638.0851567757093 212.28043681690727 1.5 1.581583221256733 3.335794669389725 0.5334414048519888 1.8422195167175497 35.3962457002698 -1.540162122869168 0.9999816417694092 
Car -1.0 -1 -2.141516839427691 391.5484118377502 180.66229686889687 506.3884729463748 240.44271415899004 1.5 1.5311811611056327 3.4358406931161882 -4.632731241454088 1.7390948474354861 20.308557893487254 -2.3657962838795528 0.999972939491272 
Car -1.0 -1 -2.0834159932241745 848.7656189665742 174.19302733884652 1193.7755228470623 350.4989560969525 1.5 1.598590475320816 3.768061336874962 4.110818084388596 1.5189155054702967 8.08111467326907 -1.6128370511021954 0.9999626874923706 
Car -1.0 -1 -1.8370263037930739 727.8930648377003 177.3014218809013 834.568011492075 243.92251998238777 1.5 1.6314778968691825 4.030524802207947 4.211642600838359 1.6274331613424042 18.565042546557173 -1.6139433691885812 0.9999690055847168 
Car -1.0 -1 -1.8856426409630347 764.9553588349625 176.37776562750102 918.8491488254034 271.74329001804057 1.5 1.5882421776652336 3.7124982595443727 4.045960410674936 1.5747462274733055 13.356956593669093 -1.5915179430183513 0.9999470710754395 
Car -1.0 -1 -2.1584073690244416 268.56894181325686 180.58619187606416 473.55932108622096 286.0141329202568 1.5 1.5630668520927429 3.5649339228868486 -4.165514683216837 1.6495975635737377 12.218470814647105 -2.486969844498907 0.9999340772628784 
Car -1.0 -1 2.2391686483841204 146.8753864172276 182.15402276272917 322.2895605689708 263.12730115732853 1.5 1.541394230723381 3.476257485151291 -8.002418251106189 1.7259411397645326 15.644272694895326 1.7663445353468479 0.9998156428337097 
Car -1.0 -1 2.3164417034230493 0.0 182.8858364152078 191.17859672214502 316.43401041716464 1.5 1.6103366881608963 3.7538255125284197 -8.055522099817068 1.6709547517599599 10.329981688472785 1.6541275858839573 0.9992851614952087 
Car -1.0 -1 -2.233529290329856 468.4777630728299 180.4858666623433 551.8115423703473 218.7952002203565 1.5 1.5726235255599021 3.7106169879436495 -4.351484830405706 1.8462268398951118 30.84227593417017 -2.3736924688008174 0.9989570379257202 
Car -1.0 -1 -2.144840689582246 427.8094356063086 180.53026221888453 528.5141458241915 232.18862035397345 1.5 1.5253209069371223 3.5108143955469133 -4.35236596566627 1.7672080052381391 23.281553609796866 -2.329652265706335 0.9983057975769043 
Car -1.0 -1 2.296476920422468 0.0 184.73446045770282 67.4093543253821 266.9177214130748 1.5 1.614786733686924 3.9120061814785005 -14.122749188155131 1.7911352412230923 15.695455180573033 1.5637730797145026 0.9982740879058838 
Car -1.0 -1 -0.43538924066698637 888.4456100931607 175.89713509778488 1068.5103433156419 213.1094313694964 1.5 2.2401074439287187 6.438100200891495 15.38535937064134 1.6341722158799348 30.503419050989322 0.031757398447717945 0.9976502060890198 
Pedestrian -1.0 -1 -1.9148972792826817 689.2747271979273 171.87356278699122 714.6242058767672 214.8052586743053 1.8 0.7649208910763263 1.04726008400321 3.882361295792318 1.7592509087045352 30.843397521883933 -1.789682478704725 0.9923123717308044 
Car -1.0 -1 -2.3964005400358657 509.47372673514747 180.35654581030755 583.3966202443958 206.8937907117984 1.5 1.8268587559461593 4.424042490124703 -3.9438066401545266 1.9797291118292613 44.026660677449286 -2.4857397834446773 0.9909482598304749 
Car -1.0 -1 1.820485118280303 264.59640152903756 181.84694584359713 358.73651966455884 242.77522337064832 1.5 1.5612908199429512 3.752824527025223 -8.31696591611464 1.77801014835097 20.307856863166997 1.431778117022242 0.8368426561355591 
Car -1.0 -1 -0.3561660419643893 793.3379762950917 177.28585978143363 892.9933136935066 214.36008629497675 1.5 1.6786149263381958 3.627503898739815 9.709693174750644 1.6923549012034662 30.333247760902864 -0.04637177387741634 0.7383629679679871 
