Car -1.0 -1 -1.251323601409833 205.4624931405353 182.0917274831428 329.8755074514271 246.59658405667804 1.5 1.6665570929646492 4.349960622191429 -8.825869892938483 1.428486172966429 18.969354458165427 -1.6868031779911858 0.9999898672103882 
Car -1.0 -1 -1.5036800759704099 430.4046805151223 180.5759126803358 490.1399784417749 232.1016341199905 1.5 1.6077027216553688 3.9125869542360308 -4.670172615955095 1.366059261635472 22.96918987586497 -1.7042691121485574 0.9999775886535645 
Car -1.0 -1 -1.080551101704793 97.05508369932319 183.10767547110626 232.64057440090355 242.2402774906557 1.5 1.5781187012791633 3.921222922205925 -12.324037727110994 1.4476575681324704 20.233503228878032 -1.6276281076159818 0.9999761581420898 
Car -1.0 -1 -1.3024403997507257 329.1639695522599 181.58904278796894 395.07786850112666 219.5624194943355 1.5 1.6133085384964942 4.0994907289743425 -10.35845571685882 1.3578733654466453 30.485880048438815 -1.6299806135382993 0.9995322227478027 
Car -1.0 -1 -1.1449607107460096 195.5575453938706 182.56665964157568 292.57771416529636 222.37785292044185 1.5 1.82072916328907 4.535278913378716 -14.74908677171435 1.4013211180628704 29.382888822224835 -1.6101765009250981 0.9993588328361511 
Car -1.0 -1 -1.1018507622602434 0.0 183.05650706226385 234.21870514135742 314.99259757256857 1.5 1.6146690145134925 3.865884479880333 -6.948444207122467 1.4765830371681605 10.190021561800414 -1.7003166983511788 0.9990689158439636 
Car -1.0 -1 -1.407935558360507 371.12522041715346 181.45042593473502 413.2024417858549 210.26017844512734 1.5 1.6133871421217918 3.817700457572937 -11.79424853259963 1.305089638517413 39.42009304322883 -1.6986525813725335 0.9964949488639832 
Car -1.0 -1 -1.6383313574779128 533.2503086969783 179.62362977564396 600.7076653265192 236.39615758709422 1.5 1.6898692145943641 3.7635377168655397 -1.3153499764320662 1.3533818602228052 20.96481791486843 -1.7009900520232064 0.9888092875480652 
Car -1.0 -1 -1.3515462277947192 290.36558055576177 182.13463025035253 335.4665648487209 209.73861948879423 1.5 1.589379695057869 3.835200381278992 -16.81602176054073 1.3337060377277088 41.08290295627162 -1.740060509243284 0.9128237962722778 
Car -1.0 -1 -1.9429476148910567 438.79975515391277 180.79626793063372 497.5126813244119 204.78283323443384 1.5 1.858866822719574 5.761410903930664 -9.40021033948809 1.2247620857839208 47.87975951467502 -2.136811391511236 0.7954569458961487 
Car -1.0 -1 -0.8889033223761202 0.0 185.75424003542068 0.0 311.41136697575 1.5 1.715230804681778 4.154807937145233 -11.707466680765762 1.5108394748349852 10.775547627068597 -1.7157276878741128 0.6161274313926697 
