Car -1.0 -1 3.502346860045117 203.12029138886794 182.1708990806719 388.4803032202318 254.56624605155648 1.5 1.5710292875766754 3.444841739535332 -6.922746978922051 1.7186202429340902 16.03513247364433 3.0947949767073215 0.9999922513961792 
Car -1.0 -1 0.4313047818819322 42.342978133361854 182.34842969866963 353.6314874410434 292.0006341975117 1.5 1.5994225189089775 3.7940824896097185 -6.117952445204331 1.6572245173851634 10.974758128530313 -0.07724531094101497 0.999991774559021 
Car -1.0 -1 0.2969399713654832 301.0675796903127 181.5708593589226 460.2096830252067 242.5239899970368 1.5 1.548948560655117 3.652913731336594 -5.9288457843288445 1.7367135871268802 18.770714160238878 -0.008999542393956861 0.9999443292617798 
Car -1.0 -1 0.27803408419439224 338.0100262736125 181.36182666739896 488.03689029779565 235.4889926500542 1.5 1.5961666151881218 3.941517558693886 -5.72089806308173 1.758605950295403 21.075363793893597 0.01297168334456853 0.9999387264251709 
Car -1.0 -1 0.6349544940387093 0.0 183.0829321206264 295.74733594390085 328.67890899131316 1.5 1.6857339560985565 4.304654386639595 -6.233879397275382 1.6315435104587555 8.40065257524507 -0.0034526149418694593 0.9999188184738159 
Car -1.0 -1 -1.9007101951612078 735.8171919031702 175.98473012768363 938.0878994106142 313.5466580525451 1.5 1.5158154562115669 3.3075402051210405 2.7507883019073205 1.5495021542992233 9.63275122129333 -1.6225474374976498 0.999850869178772 
Car -1.0 -1 3.578976879295664 131.4470815123515 182.41342925783613 357.52667357294587 269.5461252515898 1.5 1.5679991364479064 3.4128906697034838 -6.72653414048227 1.6893208942410205 13.43034553407893 3.114652740951401 0.9997784495353699 
Car -1.0 -1 0.13753939630433829 446.22592654148804 181.09939969742084 528.3528424582685 208.9373814299456 1.5 1.6980844110250473 4.3348709613084795 -6.84293395658043 1.9717466727462507 40.332727419107094 -0.030522302785192214 0.9997497200965881 
Car -1.0 -1 -0.16788788547940373 712.7763921010624 178.07792299335006 813.4648430065588 217.56413855788122 1.5 1.583675530552864 3.672955793142319 5.945215037548855 1.712915124446079 28.495388558671944 0.03779928287002019 0.9855761528015137 
Car -1.0 -1 0.28015806363714035 368.5592848487092 181.3108771903237 500.9974672405839 225.74470100873853 1.5 1.605284821987152 4.288495567440987 -6.193701701912107 1.8107736036911157 25.588430923552572 0.042674823603357594 0.9846112132072449 
Car -1.0 -1 -1.669225974894409 667.0051073521897 178.4152219053058 725.7640916603606 229.3449436856571 1.5 1.5413886427879333 3.4205617874860765 2.6797404272917817 1.6935966460095797 23.346642849198577 -1.5549455425378425 0.9841105937957764 
Car -1.0 -1 -2.7840502870862465 0.0 0.0 1241.0 374.0 1.5 1.5588094040751457 3.9030490934848787 2.761217647854556 1.4576779188581046 0.8583519024585691 -1.5146439681437356 0.8246616125106812 
