Car -1.0 -1 -1.2063961907283252 185.30120919230473 182.30990354192292 310.80467652108376 244.05851992318662 1.5 1.691157978773117 4.475380343198776 -10.15112721219906 1.799805434632904 20.539192352598313 -1.6654188046839578 0.9999512434005737 
Car -1.0 -1 0.7861330334402269 1139.6606473402564 173.1543644327668 1241.0 221.33363995973352 1.5 2.1608595296740534 5.606913056969643 21.861953182370602 1.5121179435395815 25.372438780755896 1.4973470409724372 0.9999431371688843 
Car -1.0 -1 -1.8802300106328727 725.2437937790319 177.61826628992856 817.896450544464 228.02235487835424 1.5 1.7112738013267517 4.52759028673172 5.24569312712053 1.6758992678857818 24.24700502417904 -1.6671696240690095 0.9999090433120728 
Car -1.0 -1 -1.081370626621888 45.888020667403154 183.4747176044101 199.8957553047187 246.48918995847782 1.5 1.6945090636610984 4.382955145835877 -13.44447469627824 1.8310490268273405 20.199611783505077 -1.668621131279741 0.9999128580093384 
Car -1.0 -1 -1.5761240154609948 464.1950408936253 180.07980954304253 530.5215160636156 237.99023196233907 1.5 1.7630601793527603 4.397306454181671 -3.4280489622538672 1.739617517266595 21.57617433505523 -1.7336882362749917 0.9998575448989868 
Car -1.0 -1 -1.4357386274397879 379.8364517055338 181.25417767537246 439.090415699994 225.1833814300293 1.5 1.6382065162062645 4.160529237985611 -7.6355697211329066 1.847413682590753 27.636490178815638 -1.705299840369497 0.9996744394302368 
Car -1.0 -1 -0.7113590557528855 835.3739051923725 175.36008301574356 1124.2353638736402 243.85489074857617 1.5 2.1216318503022196 6.533505630493164 8.997322343813654 1.5682945481161383 17.744220458783698 -0.24208219448593682 0.9996582269668579 
Car -1.0 -1 -1.8379596493722212 666.9341516727723 178.17059309117434 754.6556523819811 230.8617157025447 1.5 1.6850417971611023 4.343569141626358 3.0802545185735206 1.688467634653436 23.260756604206108 -1.706302852430616 0.9992830157279968 
Car -1.0 -1 -1.5602148940248046 1158.7139167914763 170.31568086707588 1241.0 374.0 1.5 1.6336843863129615 4.105175521969795 6.7511919515306404 1.4821227640682133 7.2298192400945975 -0.8090374628689629 0.9984265565872192 
Car -1.0 -1 -1.5847279572135162 528.7566883757414 180.28313043522002 560.3892815535336 210.22943785635115 1.5 1.6284367561340332 4.13250834941864 -3.6352985854235746 1.9275023386199535 39.34187853587725 -1.6768690804627282 0.9767024517059326 
Car -1.0 -1 -2.306417033593684 1126.2656289560646 137.8742027085824 1241.0 374.0 1.5 1.7232802256941795 4.017213222384453 3.9433870863751923 1.466003557238713 2.849733734523275 -1.361394331851278 0.9214983582496643 
Car -1.0 -1 -1.8954415497877153 802.8906882743122 176.8830223201713 898.0407358971789 226.47731062284316 1.5 1.7044328644871711 4.4185037285089495 7.942081794287145 1.648995329928012 24.398399907244265 -1.580742563181792 0.9166642427444458 
