Car -1.0 -1 1.811211048351895 382.61631459366083 180.2319300451135 496.39312882388924 259.8293565658485 1.5 1.5524367362260818 3.8280273348093035 -3.652257403838582 1.6824082217931164 15.876273929462181 1.5850999236067356 0.9999972581863403 
Car -1.0 -1 2.4123547052803467 0.0 180.0581664655887 250.68263272831908 374.0 1.5 1.70898926705122 4.482920703291893 -4.105098516620122 1.56317960066613 4.0118197404679545 1.6154651522596897 0.9999876022338867 
Car -1.0 -1 1.7432940103858268 495.68809714870497 180.12398395636473 555.8119267122153 224.46563232664354 1.5 1.573314380645752 4.044742372632027 -3.131148310562034 1.7947083147442733 27.146867766207627 1.6284603953321994 0.9999583959579468 
Car -1.0 -1 -1.5154954312432083 662.5975807871871 178.55671160895608 712.5393578255957 223.3655123227842 1.5 1.6317571073770523 3.532657262682915 2.8616398611123546 1.724673891784999 26.50369394473965 -1.4079407314446313 0.9999527931213379 
Car -1.0 -1 1.7873264007521446 466.1284517903587 180.11056644836097 543.0128274187714 235.00579710262824 1.5 1.5405484035611152 3.8816055774688722 -3.1950832669910483 1.7440128407980315 22.232146571815132 1.644589173789841 0.9999219179153442 
Car -1.0 -1 -1.2436683301233964 680.0969428222858 178.4792830874647 739.4852248269958 216.4393054907771 1.5 1.5232697620987892 3.353041645884514 4.2798291228168885 1.7555850872009948 30.89441753909408 -1.1060136119511468 0.9998231530189514 
Car -1.0 -1 -1.0082340567529435 713.9280401349821 178.2442260038781 776.3243982217289 211.53636838480008 1.5 1.5068978562951088 3.144822132587433 6.490169926562917 1.7721300423756507 34.71135837055042 -0.8233929435398919 0.9996988773345947 
Car -1.0 -1 1.2472085475068577 794.7368898628331 176.1986763688039 950.3412703329086 261.67263814811656 1.5 1.6770370796322822 4.380458828806877 5.181813157141744 1.5802217804808627 15.02885335536872 1.5792353033979953 0.9996929168701172 
Car -1.0 -1 1.9866129365750715 174.00449969898935 180.26122550256864 425.15097636217575 324.1506361200484 1.5 1.5810603767633438 3.942202639579773 -3.899501210467351 1.6206903880791759 9.721753374741834 1.6051492571791233 0.9951817393302917 
Car -1.0 -1 -0.3001367291437309 769.3939794550879 176.81580800149405 948.3824248714727 235.45698829353623 1.5 1.617761005461216 4.267119106650353 6.548953813335405 1.611801481023378 19.431937176909724 0.024928255877222336 0.9922897219657898 
