Car -1.0 -1 -1.0798640242956923 727.5117212000467 176.61071609467947 897.704372252696 263.0921101960426 1.5 1.6402369856834411 3.9933233082294466 4.177724657945505 1.5873128557088954 14.692400245472447 -0.8028298775341851 0.9999774694442749 
Car -1.0 -1 -0.890890050361253 691.9455926191325 177.69059332035087 818.1391987903128 233.45593438391083 1.5 1.5826710060238838 3.9316805571317675 4.350799812795848 1.6576073154653987 21.592492754979844 -0.6920564929631098 0.9999412298202515 
Car -1.0 -1 -1.6245715096901314 593.7336763549705 179.4026138051507 638.4781520351678 219.32195197828756 1.5 1.6285187125205993 3.563288089632988 0.1541117109287697 1.7848630434341328 29.5254784615414 -1.6193519393589837 0.999785840511322 
Car -1.0 -1 -1.1927096898693228 780.3151486235593 175.47049558703912 993.2886973557811 295.79416030197507 1.5 1.6439579918980598 4.132744905352593 4.366883399229755 1.5483242908230215 11.15350394510623 -0.8195300261166437 0.9995602965354919 
Car -1.0 -1 -0.7752560840120079 646.2414329919463 179.1024898113466 706.1064260127778 203.90864739458553 1.5 1.5968140706419944 3.8001476347446443 4.244989969545556 1.917646480010911 46.36382263612013 -0.6839524070408686 0.999481737613678 
Car -1.0 -1 -1.3215011896601838 915.3726037225134 173.35243734792684 1198.8042078559645 360.86232766627245 1.5 1.633850161731243 3.9153291404247286 4.877098627253727 1.5070313184307937 7.718644406798549 -0.7579844156887872 0.9984813332557678 
Car -1.0 -1 -0.8408107177115574 678.3347022214484 178.27498049709268 772.3343374801852 219.03292318334684 1.5 1.5723400309681892 3.809349846839905 4.607439762145099 1.7307015871266074 28.84490848952886 -0.6824172894146783 0.998290479183197 
Car -1.0 -1 -1.5665219423697059 1197.496148573614 163.32584263143798 1241.0 374.0 1.5 1.5924277275800705 3.6700765162706377 4.658251969711011 1.4708222491253164 4.033281498480464 -0.7093416611340386 0.9976044297218323 
Car -1.0 -1 -1.0295079116587798 712.5152071927503 177.17287099941785 854.9842276189854 245.3237554971303 1.5 1.6481388852000236 4.009852421283722 4.403167970686165 1.620943955198844 18.137792981060713 -0.791352943578039 0.9935507774353027 
Car -1.0 -1 -0.7651584281644241 658.4747101022987 178.83282382553895 729.1738432934391 207.99875991701583 1.5 1.5460607156157493 3.863607954978943 4.5947775875592 1.8434774001435656 39.621514908819265 -0.6497073928501946 0.8054565787315369 
Car -1.0 -1 2.498241655478759 0.0 184.98528528175248 0.0 367.75804383443375 1.5 1.655823227763176 4.290481519699097 -10.617193665029276 1.6775410145011216 8.370932152151914 1.5950925230940403 0.7502973079681396 
