Car -1.0 -1 3.732861070084265 0.0 183.37012338620838 239.11900084967692 326.9105157975023 1.5 1.5976900726556778 3.779420492053032 -6.790740655806212 1.6396730444744376 8.615577394866532 3.0653608918150486 0.9999891519546509 
Car -1.0 -1 -1.6981852770729429 643.7174515158604 178.8312373430577 695.474435870104 219.2789863740546 1.5 1.5924301490187645 3.96754504442215 2.3147040178930283 1.7604401370629383 29.3726897861889 -1.6195431696858746 0.999975323677063 
Car -1.0 -1 -1.8104006333704687 670.863473383271 178.04874015427458 758.7056681496844 238.96778124619522 1.5 1.576142993569374 3.5647692650556566 2.744554171205539 1.6572368140881344 19.93356117817233 -1.6735758195307595 0.9999414682388306 
Car -1.0 -1 3.640977769372979 0.0 182.87178338098116 300.78633184083685 292.62657062540285 1.5 1.5722036853432655 3.576844793558121 -6.851765840586365 1.6643577944175714 10.915518445690621 3.080432999130112 0.9998975992202759 
Car -1.0 -1 3.5064036283047315 208.4634774178998 181.98361416573485 417.888485675011 255.31750743709077 1.5 1.5988853320479393 3.9327653616666796 -6.431894243717585 1.7110524815787058 15.807236170902833 3.1199669718702854 0.9996497631072998 
Car -1.0 -1 3.4017136067721867 299.3330866813141 181.73997072258626 441.1151726100272 237.7379256433721 1.5 1.5539311364293098 3.5397070020437242 -6.76893230889671 1.7634987325455669 20.484179807901732 3.082563149925095 0.9995121955871582 
Car -1.0 -1 -2.7839198205418465 1049.8676885140712 170.66393289661997 1241.0 369.92728721722824 1.5 1.5677158281207084 3.642859545350075 6.761239191306042 1.483871671932796 7.407294540139469 -2.044087992110525 0.9955904483795166 
Car -1.0 -1 -0.07635519015025133 429.24807741329755 181.0129737114409 522.6062260511065 215.6763876092075 1.5 1.6105972722172737 4.103475672006607 -6.215019961375042 1.889987592357952 33.145386220985166 -0.2617107192662103 0.9358930587768555 
Car -1.0 -1 3.270975254269583 443.75085494078576 181.14209786620268 518.094115376075 210.54597291062737 1.5 1.5794387578964233 3.700254347920418 -6.821301359004654 1.9489776504357306 38.176251068831434 3.094161975379807 0.9260321855545044 
Car -1.0 -1 3.2102256520378263 329.42581058266154 181.48018393902413 461.8449968373236 232.902202983039 1.5 1.5376743420958519 3.8551947593688967 -6.668149300709407 1.7845970410365706 22.604546331160527 2.9233701109846653 0.5352440476417542 
