Car -1.0 -1 -1.1255976929260811 133.33185086127486 181.47448641899686 382.3629922430728 313.8394892145541 1.5 1.5928991630673408 3.8040491312742235 -4.621215695727482 1.4587346489050779 10.055828927242358 -1.556369846747492 0.9999545812606812 
Car -1.0 -1 -0.8292315792958755 0.0 184.69347389886337 122.51092591539205 336.7648273761274 1.5 1.6128825515508651 4.1050469994544985 -8.412690441832195 1.4959800742632574 9.141279748188529 -1.573147881604035 0.9999210834503174 
Car -1.0 -1 -1.569502022225737 576.8164610360142 179.35903039595732 634.6741217743272 230.01480374311686 1.5 1.7134933292865753 3.7771838277578356 -0.10914002217153591 1.3277057066300777 23.1742252767957 -1.574211530913834 0.9998078942298889 
Car -1.0 -1 -1.2157678194635688 283.90159601785734 181.67810940629658 383.3616839648918 234.08801717601628 1.5 1.608550038933754 4.0394025415182115 -8.519666230615089 1.399883473761928 22.59440774244327 -1.5763517730545742 0.9997677206993103 
Car -1.0 -1 -1.4783324502801907 491.5740238856606 180.3288301898319 535.5935506136406 216.32492573633917 1.5 1.5888909369707107 3.851185974478722 -4.15532897537833 1.2974895973311191 31.9054991598362 -1.6078421259906632 0.998955488204956 
Car -1.0 -1 -1.343253671688122 382.86517984469003 180.34877925256004 503.67978880310955 241.70253833936707 1.5 2.0376578465104105 5.922077459096909 -4.497694393216366 1.3821429023046192 20.54415096143759 -1.5587814460184914 0.9964428544044495 
Car -1.0 -1 -1.4834356035812093 514.6610223764887 180.33434062601964 546.0173452883555 205.7197650937028 1.5 1.6065642729401588 3.7229469537734987 -4.760865926185094 1.2126965200088844 44.34956470031192 -1.5903747296568496 0.9918935894966125 
Car -1.0 -1 -0.81930833601799 0.0 185.66832060065397 0.0 293.268322498499 1.5 1.6205739721655845 4.024755445122719 -12.783757076866658 1.5100440996465596 12.093249253843785 -1.6324562440302712 0.9913110733032227 
Car -1.0 -1 -1.202947566980837 363.0116785128676 181.23660566544837 438.33696162691024 220.2795008285807 1.5 1.6195539876818656 4.114356127381325 -8.50008425136426 1.3482573060026402 29.73542326423744 -1.4813793311503274 0.8376007676124573 
Car -1.0 -1 -1.099090884639548 115.0304132131352 182.9307517949887 249.81329913976194 243.50128395470767 1.5 1.5256781622767448 4.032523420453072 -11.60158245379579 1.4445455897364283 19.85485573729912 -1.6279009255256993 0.5960433483123779 
