Car -1.0 -1 1.6981441148220955 483.9803322056131 179.98559149105043 552.8177280416319 233.73911248670942 1.5 1.6366296008229255 4.117380690574646 -2.835162747458532 1.7455212128966042 22.74023792995689 1.5741081118544162 0.9999980926513672 
Car -1.0 -1 -0.11861798633547707 632.3858019878726 179.22647959101388 710.6996528502145 206.07121004119787 1.5 1.7310655236244201 4.332703959941864 3.480092917176513 1.8770118393931334 41.70314865561325 -0.03536172310379573 0.9999572038650513 
Car -1.0 -1 1.7640119610509823 408.0728454234559 179.82338105920277 527.3432905584069 262.06322503193036 1.5 1.7077235996723175 4.42288578748703 -2.974536554606184 1.6739323791506011 15.750374085115608 1.5773553729017795 0.9999144077301025 
Car -1.0 -1 2.171856248390977 0.0 181.6813790671402 257.55165671898817 363.1146934424909 1.5 1.5188565969467163 3.585931894183159 -5.554291673549821 1.61952611347537 7.937814664631091 1.5613145073268073 0.9998544454574585 
Car -1.0 -1 1.7307688534433834 534.0934441746981 180.09502476267784 578.0039147456721 214.36153694186888 1.5 1.5239859491586685 3.600958225131035 -2.5457983692764468 1.8625295846686747 34.22704675186967 1.6565258383711399 0.9976046085357666 
Car -1.0 -1 1.8737909320736166 213.247908933886 179.62189554550957 460.3392068468365 342.82571089988954 1.5 1.5991950899362564 4.066147890686989 -3.056411636835856 1.6027242130926138 8.855045049218601 1.5414339741084235 0.9971228241920471 
Car -1.0 -1 -0.21504458696117434 657.331241557785 178.52740506715372 773.4641649463882 219.12345803550494 1.5 1.663479071855545 4.184406858682633 3.9808846773223214 1.72760413111159 27.91529115046651 -0.07339377800491877 0.9957419037818909 
Cyclist -1.0 -1 2.4848270687976433 1012.913997034459 184.53510815208878 1241.0 374.0 1.4 0.5705574087798595 1.582530003786087 3.91640680929755 1.4931430012195317 5.418928771556042 3.110643851753098 0.9703303575515747 
Car -1.0 -1 -0.5581738637142042 647.0531417755582 178.7265971997807 743.5965978648403 213.12187409990847 1.5 1.7486999303102493 4.192739215493202 3.9563283111870553 1.7885984572441282 33.72587545649137 -0.4413991729405267 0.8823639750480652 
Cyclist -1.0 -1 -3.3122582908181117 1150.8574683595211 184.76706080871037 1241.0 374.0 1.4 0.6778785519301891 1.69094507843256 3.913877184017793 1.4770040972870715 3.8723426695203966 -2.521525816121374 0.5435128808021545 
