Car -1.0 -1 0.47965483394736474 0.0 182.3327790528965 354.0568401744274 322.4147971653025 1.5 1.582832497358322 4.24351082444191 -5.574530587461298 1.6289695075810466 8.820819972844353 -0.08394391933945247 0.9999407529830933 
Car -1.0 -1 0.06562130822494258 479.52956460815835 180.87218729872643 548.664607446381 206.16227456966766 1.5 1.591670934855938 4.114442181587219 -5.878445784470555 2.0031624858716244 44.313157829896234 -0.06626553932694026 0.9995566010475159 
Car -1.0 -1 -3.4651096374572354 772.0857178264903 176.54370133725018 971.6612012738755 245.2420738175478 1.5 1.6663110375404357 4.020494085550308 5.896194208384209 1.5902387784425702 16.70924060328809 -3.125880078473364 0.9989327788352966 
Car -1.0 -1 -1.9442055282429578 753.4471043171351 174.86514322408567 1098.4205256387095 374.0 1.5 1.6344234839081764 4.182280090451241 2.7024430967391955 1.5269463203348546 7.4259420050996985 -1.595184716456805 0.9989104270935059 
Car -1.0 -1 0.4557793497989697 0.0 182.30259279398058 406.6421123010928 288.68391699842346 1.5 1.8596407517790794 5.568028849363327 -6.308252202024468 1.66393566101185 11.424479500753245 -0.048728183903966625 0.998084306716919 
Car -1.0 -1 3.3419459518573698 340.35032396938186 181.33332205076366 485.2529224645044 235.11999450779538 1.5 1.6066676497459411 3.8918840259313585 -5.786421516875946 1.7620510029518721 21.338729626017706 3.077144014831406 0.9975560903549194 
Car -1.0 -1 -0.2649713920949357 727.891523776571 177.7991109174854 842.4544258444204 220.3643591398041 1.5 1.635010775923729 3.7906775742769243 6.330911498395955 1.6880091330509048 26.50243698421228 -0.030485347905431472 0.9961554408073425 
Car -1.0 -1 3.3699252958151606 272.2701288746249 181.66837419699064 448.00897123754277 243.1065474734789 1.5 1.651308362185955 4.09019650220871 -6.481677475361952 1.744292955519772 18.93707675599089 3.0401494383772434 0.9954466223716736 
Car -1.0 -1 -0.2905506595973515 750.6188175620784 177.4589475261807 874.5564464918994 224.181010525012 1.5 1.5949100747704505 3.691348296403885 6.674819084236629 1.6599223880349923 24.16294130386328 -0.021030143895421707 0.9914888143539429 
Car -1.0 -1 -0.3612298796130846 874.4740334106867 174.85217982279735 1142.653434420358 270.9415580055214 1.5 1.5953103572130203 3.682752189040184 6.569365728997717 1.5373551960181866 12.330198040122207 0.1283017834040778 0.9858742952346802 
Car -1.0 -1 0.23170199793564647 396.2685637123274 181.13363764683805 515.0077338070199 224.5786379223169 1.5 1.5817251548171043 3.9365703731775286 -5.558097897530222 1.8089882153642016 26.06004621432664 0.02157001098128728 0.9068982005119324 
