Pedestrian -1.0 -1 -3.0246819795629487 862.4057022243732 166.1707612062198 885.4579720516797 206.52254740155564 1.8 0.7417054407298564 0.8976352892816066 12.183567476643768 1.1622711845407656 32.071047242103354 -2.6616284410145625 0.9981927275657654 
Pedestrian -1.0 -1 -0.14758693578466578 844.4136302623916 166.55236149174425 864.8769791137329 206.30794518346983 1.8 0.7333009995520114 0.7847643949091434 11.43193683988443 1.1699585470603369 32.44238697020362 0.19120351870986393 0.9982885718345642 
Cyclist -1.0 -1 -1.7527138703957403 1019.7802015862206 175.31718507301977 1070.732212276298 252.83073859918082 1.4 0.5317984640598297 1.681365494430065 8.425063041490715 1.308032157341594 13.64516475932 -1.199569837250982 0.9975653886795044 
Cyclist -1.0 -1 -0.20936335376905849 808.1010916612646 175.74156260388477 841.5965834329365 206.02894677421898 1.4 0.7105102322995662 1.3784235835075378 10.264492562677734 1.181501384690801 33.09424269467914 0.09138779242965153 0.996669590473175 
Pedestrian -1.0 -1 1.6190347695977603 494.59366317263095 171.01292658540865 510.65396075338646 211.5116042029274 1.8 0.6897108189761638 0.5207607083022594 -4.6084542256787016 1.3798050312318584 31.712718211616476 1.47472612460586 0.9611607193946838 
Cyclist -1.0 -1 -0.6328700158548237 784.1142540021331 175.92781783679948 825.9500306017356 205.81994558641924 1.4 0.6921766817569732 1.8768713369965553 9.536697467452232 1.1873122333272663 33.76238063435003 -0.35757680336502623 0.938970148563385 
Pedestrian -1.0 -1 0.5797532667214123 398.32812569493086 172.4417486178189 424.5143285156453 211.48437262106523 1.8 0.6556237608194351 0.9827920727431774 -9.065899682991374 1.4299422956649668 33.05528973845088 0.3120707710597175 0.926124095916748 
Pedestrian -1.0 -1 1.4547250674205532 488.975116391468 171.08613912437016 505.6010949333925 211.5432870859291 1.8 0.6796666912734508 0.5498082868754863 -4.867546221219143 1.3826292273118856 31.807777837912937 1.3028730591151374 0.9072195291519165 
Pedestrian -1.0 -1 -2.0537770362320558 498.1478534713943 170.80761965129395 518.7006524950964 211.96135899529543 1.8 0.5818351663649082 0.8382666416466236 -4.31588116595478 1.3775416688778446 31.430407530209568 -2.1902390877392635 0.9013716578483582 
Cyclist -1.0 -1 -0.5519443213215316 778.0741941605477 175.95097901365608 825.5261570822762 205.53085271466435 1.4 0.7650723241269588 2.120082874596119 9.479960116208952 1.1861446628712504 34.120742739130684 -0.28094370762375426 0.7632871866226196 
Pedestrian -1.0 -1 -2.6525379908977404 633.3912485539765 169.107668002939 656.6785338542046 209.76375911682382 1.8 0.7661132633686065 0.7786243714392185 1.7854380459028143 1.2970857160266773 31.8281861760037 -2.596500591435705 0.630841076374054 
Cyclist -1.0 -1 1.962661121150546 648.1316080684393 182.46702428072638 763.4846735748097 314.61628460592937 1.4 0.7324454866349697 1.8220192313194274 1.2098304181826003 1.42799143670267 8.485008096516932 2.1042909502943576 0.5192007422447205 
