Car -1.0 -1 -1.6192064445615821 573.8694440941686 179.24810276556653 631.9553976839204 232.88687987315072 1.5 1.6148999825119972 3.7309116244316103 -0.3404258721356262 1.7171135692884032 22.54395530275008 -1.6343058357622964 0.9999963045120239 
Car -1.0 -1 -1.312055524756011 317.6787703489405 179.41662614822476 509.4732301422976 318.7584720762442 1.5 1.560942505300045 3.7199659764766695 -2.4789220547494573 1.6065960598358553 9.809157211869882 -1.5595879303899152 0.9999855756759644 
Car -1.0 -1 -1.605601450140176 637.5560866131967 179.1248918899691 673.4558298165603 213.16611193780938 1.5 1.5670501187443733 3.632488337159157 2.0790552256098795 1.8144679083887565 34.303416942969776 -1.5450676801290852 0.9999560117721558 
Car -1.0 -1 -1.4143585316090161 464.34831260819027 180.1017412387811 537.7731572164679 240.6250613651546 1.5 1.4971182242035865 3.3982279270887377 -2.9805911509533116 1.7183479346712367 19.993546810188384 -1.5623463122781855 0.9999126195907593 
Car -1.0 -1 -2.073531758197457 808.3562862122019 173.3305477567941 1241.0 374.0 1.5 1.606926929950714 3.6259504526853563 2.782681727784802 1.5051528120459743 5.422029357077808 -1.5993659468975407 0.999866247177124 
Car -1.0 -1 -1.4313463609673742 425.18524628171207 179.81867068812699 527.0246756890867 262.79038251417614 1.5 1.5896395340561866 3.853219982981682 -2.7569454388192365 1.6671945208294499 15.325681157471758 -1.6093332963672025 0.9997988343238831 
Car -1.0 -1 1.2219208575746008 148.60343675682287 181.71190290859906 332.2364093261083 290.464788028274 1.5 1.5389597535133361 3.676641967892647 -6.311839131562277 1.6705219873577906 12.050976234903045 0.7394451340052741 0.9997677206993103 
Car -1.0 -1 -1.767733575752154 687.0381571895094 177.63728226404479 785.6028475816348 252.89069617268174 1.5 1.5285553902387619 3.407428649067879 2.6945021350398988 1.620072266648244 16.327392739181754 -1.6041781986739976 0.9996724128723145 
Car -1.0 -1 2.087866705450245 95.56335351522483 183.60745455456555 213.690136881032 234.13779322312868 1.5 1.6030403345823288 3.970988702774048 -15.213052941810126 1.89251604143902 24.292678581351826 1.52837602694961 0.9993402361869812 
Car -1.0 -1 0.9841349933831312 354.2689927401559 181.16795744454856 463.0633861123112 236.08799107571696 1.5 1.5226588144898414 3.445400905609131 -6.203852459037057 1.7725102655184077 21.91746932076263 0.7082955082270759 0.9980073571205139 
Car -1.0 -1 1.8919555190585706 251.4481988758677 182.77820867701516 314.57177339731146 217.63189320063427 1.5 1.5736347556114196 3.9052976787090303 -15.462226453330858 1.9989722887450798 34.225634387250736 1.4676279266688483 0.9977547526359558 
Car -1.0 -1 -1.5695805671120946 539.586722624576 180.30469781672312 566.9048439128509 207.4011205708597 1.5 1.5477044999599456 3.526144337654114 -3.396311810899367 1.9606832868319615 42.75789355183764 -1.6488453681257111 0.9958702921867371 
Car -1.0 -1 -1.8276798429390748 719.4823085582217 176.24386757841057 910.9627894828503 306.9355640270507 1.5 1.5913572654128074 3.983079132437706 2.6362789509253552 1.5585250779094175 10.380247358110239 -1.578967532203768 0.9924902319908142 
