Car -1.0 -1 1.7740392100088904 470.411337175229 180.0663142633354 546.657889931601 235.7959137152577 1.5 1.5489524722099304 3.7935952216386797 -3.0242538430544363 1.738366502791275 21.86461719323515 1.6365940451582492 0.9999673366546631 
Car -1.0 -1 -1.9134708318610965 799.5270130569485 175.55489462527436 992.4543190154382 302.6550710224147 1.5 1.5051370978355407 3.125465896725655 3.7608617786462544 1.5442499825822102 10.151183766514587 -1.5586643415179593 0.9999188184738159 
Car -1.0 -1 -1.7485815513998388 715.1383215490149 177.7571821537491 791.7497696340029 232.04292591928882 1.5 1.604437504708767 4.082331296801567 4.289813074719826 1.6662255447102632 22.355368333947574 -1.5589943025868875 0.9999055862426758 
Car -1.0 -1 1.8116774504006503 402.0574013381311 180.08396618024196 515.0740542308201 256.60867802312504 1.5 1.6156506285071373 3.976970773935318 -3.3688609337417663 1.6863642994854333 16.54119500290896 1.6107604384382785 0.9998589754104614 
Pedestrian -1.0 -1 1.2869945629728137 853.2718531988232 162.42378386049634 899.653536642034 248.03351925778918 1.8 0.714296431094408 0.910382767021656 5.713372310603768 1.5810558116211155 15.645910468545548 1.637116897102219 0.9998629093170166 
Car -1.0 -1 1.8752098711156389 564.7092278816933 179.7631448985075 617.0340790027993 212.1795689072457 1.5 1.5849790096282959 3.7238842368125917 -0.9417442926400176 1.866716496132413 36.248884016021286 1.8492357611616672 0.9997256398200989 
Car -1.0 -1 2.333961302409146 0.0 179.89160446082542 302.5420609356674 374.0 1.5 1.6262649118900299 4.0243836611509325 -3.7383539501457217 1.5640716767940002 4.467846573001309 1.6372253775557102 0.99921715259552 
Car -1.0 -1 -1.7795889061659083 750.7615572019583 176.85674084995225 865.7423664005966 257.1191593448398 1.5 1.5824608996510505 3.9401481419801714 4.100899597951008 1.5985188691540564 15.686844095575998 -1.5238885479655606 0.9985752105712891 
Car -1.0 -1 2.0250842293422098 654.1492459098747 179.01045512889186 705.9444134545975 204.09809239788055 1.5 1.6577318802475929 4.167056319117546 4.524443622492648 1.9154002800474093 46.43137883638823 2.1222212195356907 0.998016357421875 
Car -1.0 -1 1.7324124919232 513.1811407085501 180.05278984260144 567.7642847052441 220.99832801056797 1.5 1.5648222088813781 4.081011053919792 -2.785967624874039 1.8130697071058142 29.252410828118094 1.6374599814375461 0.9970574378967285 
Pedestrian -1.0 -1 1.3801455370316116 809.276878911602 162.58046022077156 866.3467050176845 250.5631409275954 1.8 0.865141724050045 1.7040491595864296 4.857446998242213 1.5901758948972762 15.65332852248358 1.6810376524885715 0.9997754693031311 
Car -1.0 -1 2.472801887794218 0.0 190.61784785052336 0.0 292.3165122471056 1.5 1.5959790468215942 3.7861960500478746 -24.69119935920918 1.8781820215058467 13.341450805122266 1.3973960121485847 0.6112980842590332 
Car -1.0 -1 -1.6180969838489827 709.3481710098335 178.1772036636137 756.5183839546258 218.6704641945864 1.5 1.684877698123455 4.26102229654789 4.916174191661119 1.7345204131741092 29.52230843277882 -1.4530870775368554 0.5119480490684509 
