Pedestrian -1.0 -1 -2.0498358857740855 713.1217304646764 153.3798733356046 780.827086338753 275.8593073694812 1.8 0.646864578872919 0.9761320918798446 2.1345885389692767 1.4030963294054695 10.945621895890664 -1.8572356859829766 0.9998645782470703 
Pedestrian -1.0 -1 -1.9255562128847608 688.7950383046815 153.67023779844845 755.7660549833588 276.44257419998826 1.8 0.7227054357528686 0.9706659734249115 1.744632411908256 1.4083045516531887 10.907723542551905 -1.766954884925161 0.9996029734611511 
Cyclist -1.0 -1 -0.5968637019153884 1167.1826613692008 177.05092559653318 1223.0 335.0554208399104 1.4 0.5710622787475585 1.68170505464077 6.380544367157877 1.3711410717441899 6.680072995400872 0.16560475429030827 0.9992843270301819 
Car -1.0 -1 2.077862707966487 0.0 182.78166779363625 153.60546308127564 322.2473191915796 1.5 1.6028116017580032 3.779297184944153 -7.947656725379526 1.5393297497547422 9.667957675981908 1.3898135860774177 0.9976089000701904 
Cyclist -1.0 -1 1.6963092738741523 322.02075110388324 183.31424114462797 354.0846688805214 238.3104663436892 1.4 0.6122204966843128 1.590038512647152 -7.1636423448428515 1.4802821826877093 18.924703469936585 1.334443970522608 0.9976999163627625 
Pedestrian -1.0 -1 -1.8988544297278918 676.1451035804675 154.21546531874466 728.706428650055 275.57158687560894 1.8 0.5544101379811763 0.8637777090072631 1.4509276928929995 1.4117999819102176 10.959929462379396 -1.7672350118544442 0.9973247051239014 
Pedestrian -1.0 -1 1.0409542216736405 748.7558577357893 156.7291920322496 806.8346255828206 257.92989667607395 1.8 0.7062607005238533 0.85602882578969 3.1424620866990125 1.3788446585777405 13.082911817601445 1.2766844471308845 0.9969627261161804 
Cyclist -1.0 -1 -1.5713620466273284 482.82067114845097 180.09166468322155 497.02627143663983 210.9237894439502 1.4 0.6378149174153804 1.7976055413484573 -5.397276080291932 1.38291879773469 33.03869439892998 -1.73329392174748 0.9918966889381409 
Pedestrian -1.0 -1 1.764249091233981 323.25293383608465 168.19192765810325 356.30811681953446 237.032691274094 1.8 0.6766647592186927 0.8773545295000076 -7.1424781134874955 1.479764563907186 18.97116426322315 1.404171629748072 0.9959675073623657 
Pedestrian -1.0 -1 -2.8179047453840655 1135.190733242894 162.02896831089805 1159.8993415179066 205.7863249770488 1.8 0.5546995930373668 0.6770565666258335 22.62814592572089 1.0416651234677945 29.51588685509919 -2.163836971917425 0.7282545566558838 
Pedestrian -1.0 -1 1.3163390708637346 1137.0160524744617 162.2184202918063 1161.3410439909153 204.81763661273789 1.8 0.6882275015115737 0.6314358234405517 23.292570183381713 1.0290056613389849 30.29588340815437 1.971786725517136 0.5526426434516907 
