Car -1.0 -1 -1.5613585965533938 594.1686004214239 179.5162607766992 632.046205646295 215.52136640910803 1.5 1.611834068596363 3.402037036418915 0.11283512112777254 1.8153622134745546 32.40165298189888 -1.557876222827707 0.9999988079071045 
Car -1.0 -1 -2.0502391459746456 212.84066340641525 180.9127872580912 426.83765606335646 292.35894093353886 1.5 1.6174087792634964 3.8964538395404817 -4.913579494631865 1.6536643302225813 11.851449835244106 -2.443265751996313 0.9999915361404419 
Car -1.0 -1 -1.5608797773690144 590.05197749724 178.92251424470967 653.8826676455591 240.2102173793897 1.5 1.5945259973406791 3.470548477768898 0.29213348189989535 1.6813166577042642 19.75856807252882 -1.546095700063978 0.9999901056289673 
Car -1.0 -1 -1.8983378415744392 770.7232509553124 175.33418553645805 1044.5096045777273 326.78490442265746 1.5 1.8235790103673934 4.459566113352776 3.424526750633691 1.540624406412363 9.464375451483907 -1.5511601949718339 0.999991774559021 
Car -1.0 -1 -1.7399417267789867 708.1093048381364 177.72964181851512 788.8522737754463 237.73487949506537 1.5 1.5817191943526268 3.797186401486397 3.733321170608425 1.6501312434435464 20.253141550037373 -1.5576550206777198 0.9999755620956421 
Car -1.0 -1 -2.159318980443053 292.2854603241558 180.86137415526096 464.74395013145386 265.2144638160784 1.5 1.6215254113078117 3.6670079946517946 -4.901555492035142 1.6857509456463988 14.933369920657578 -2.476468042531286 0.9999622106552124 
Car -1.0 -1 -2.372451400767403 501.27475842747606 180.47650335606733 565.5420501822936 210.4786690220318 1.5 1.503276129066944 3.2867247730493547 -4.140849432529668 1.9239294435390397 38.48907829935131 -2.4796242276814326 0.9999359846115112 
Car -1.0 -1 2.150348879619145 42.733566699996594 183.20361811249217 222.05751707611512 256.9262197652566 1.5 1.6187252968549728 4.026831176877022 -11.225900978292696 1.7768819295696583 17.25976250881014 1.5736863493879856 0.9998936653137207 
Car -1.0 -1 -2.1698245675445547 444.0730730336705 180.47576356343043 540.2337893316003 227.60057447472514 1.5 1.5546657636761665 3.6360061287879946 -4.246901750127437 1.7883683348240367 25.41258521962005 -2.3354123989727835 0.9998812675476074 
Car -1.0 -1 -2.2116774808556334 355.6744640623828 180.65823927848584 503.0751985294805 249.4268875139517 1.5 1.5879275768995285 3.8035670787096025 -4.604206361075451 1.7142358355244869 17.95909585462853 -2.462644116082464 0.999710738658905 
Car -1.0 -1 2.4210876775778454 0.0 184.79854569431993 11.49430257171637 315.8965500721396 1.5 1.6859766587615013 3.8641853749752046 -11.302808373129684 1.707740329890428 10.56716549381224 1.6020650744398655 0.997886598110199 
Pedestrian -1.0 -1 -1.618128301464011 685.9955068998399 170.94165866233394 727.2519933425261 220.19780447280974 1.8 1.4345624044537544 2.861193057894707 3.644555486438928 1.7304738267501651 27.849899594264915 -1.4880035306003434 0.9994246959686279 
Car -1.0 -1 1.9569710520433026 221.102463322911 182.76851553852578 307.221574754592 222.41879874526583 1.5 1.764075507223606 4.411925983428955 -14.61031443757124 1.9528513895170772 30.674245159264146 1.5124580105158942 0.9961960315704346 
Car -1.0 -1 -1.714087456358934 686.3467455629715 178.3070340844644 746.6146624474193 221.34966622439327 1.5 1.6888894632458686 4.2362532138824465 3.9714819742776117 1.7264829349475321 27.798521276215943 -1.5721810719140363 0.9867575168609619 
Pedestrian -1.0 -1 -1.286170411687799 666.612383375675 171.3198242735362 691.0637128429437 218.6376056329397 1.8 0.7723311454057693 0.7181046091020107 2.624528509460731 1.7419967094507653 27.921333560599518 -1.1924485425141198 0.9728182554244995 
Pedestrian -1.0 -1 -1.3303768612961937 664.45113318665 171.3871568120866 687.1808328772898 218.48997710491352 1.8 0.7270288214087486 0.7327650234103202 2.51835005133745 1.7443034328934857 28.034702650285624 -1.2407875816014153 0.9678754806518555 
Pedestrian -1.0 -1 -1.4812534128539667 687.2465188666807 171.07244286484027 716.1110369703943 218.63757787687157 1.8 1.0151253573596477 1.1220810495316982 3.518805841662726 1.7329385899862795 27.958607309281 -1.3560540089991433 0.5857419967651367 
