Car -1.0 -1 -2.2480701613779 1035.7038805365844 169.30181654508166 1157.7127579398534 217.44909819518156 1.5 1.604819905757904 3.3586251109838487 16.35600975550998 1.1526815609542627 23.75698284931786 -1.6451233039286477 0.9999915361404419 
Car -1.0 -1 -2.204378786466696 953.9970484409201 170.43506028727404 1070.3368705911873 217.86694880272339 1.5 1.651216533780098 3.5643676787614824 13.784120632184448 1.183254604183003 24.220835193506662 -1.6869884664800507 0.9999779462814331 
Pedestrian -1.0 -1 1.4622998104371654 261.57434697154855 168.55596407867074 296.4683011098396 239.9823697246258 1.8 0.7198098607361316 0.9980709783732891 -8.540097031949406 1.5005948282580766 18.426397362923954 1.0283002098414558 0.9999635219573975 
Pedestrian -1.0 -1 1.221967475140766 268.70165725119375 166.06124101338696 320.07322377350215 250.69078801301123 1.8 0.7166581720113754 1.0733225874602794 -6.930687596963795 1.494519254753953 15.668631079304948 0.8055111606928962 0.9998489618301392 
Pedestrian -1.0 -1 1.446533319798418 268.68654625580143 168.555596530084 308.45752968999557 239.2572180213101 1.8 0.8352412402629852 1.0216225430369377 -8.390821652652251 1.4974981319540885 18.64936076149183 1.0237414081904548 0.9998424053192139 
Pedestrian -1.0 -1 1.529966928195099 311.3922815445094 168.27391108314058 341.6172577990358 237.69480756434572 1.8 0.713911236077547 0.8562836356461048 -7.473452713259535 1.4845811308408536 18.864138810749296 1.1527644832942145 0.9998345375061035 
Pedestrian -1.0 -1 1.6133793728478212 344.57373456741976 167.52126041260738 374.6567338821314 238.68934934144085 1.8 0.7019498877227306 1.0406874611973762 -6.438078544208581 1.4733317294637605 18.477357260280293 1.2781032760951179 0.9997127652168274 
Pedestrian -1.0 -1 1.1447340933557602 411.6880050712514 163.76039265161063 463.7709260385855 250.59242660681304 1.8 0.7431704111397266 1.0079109601676464 -3.66239161450627 1.454616550637006 15.277847593060963 0.9094547470423835 0.9996507167816162 
Pedestrian -1.0 -1 1.1758346202724994 358.8286446335624 163.54858468197358 413.2878491899904 255.5723424438007 1.8 0.7113159194588661 1.0522008433938026 -4.526502720913133 1.4700584261408434 14.456632242998014 0.8723949631068366 0.9995545744895935 
Pedestrian -1.0 -1 1.2129619831590517 237.40634200002623 166.19098016837683 290.8021462339487 252.41052252655894 1.8 0.7009048506617546 1.1095507562160491 -7.469023007512553 1.5028937146170365 15.392451753575482 0.7611924846980231 0.9993302822113037 
Car -1.0 -1 -1.5432830248504588 604.8625248223689 176.12113574963772 636.0302472596508 206.29404131751318 1.5 1.5369767814874649 3.017221999168396 0.8212234563562149 1.283743142820151 36.68995733664093 -1.5209039757635934 0.9993088245391846 
Car -1.0 -1 0.9061522345348373 1101.364433702885 168.25277494071517 1223.0 215.6162891100509 1.5 1.642913793027401 3.7927920490503313 19.174729931450468 1.1136819449971174 24.28663364752277 1.574468839164597 0.9992196559906006 
Pedestrian -1.0 -1 1.1016736213223612 710.3735669743123 150.10697758212353 788.0676901469463 291.1185200306004 1.8 0.6875840507447719 0.9101045809686183 1.8823282953165075 1.4137115528193254 9.551657286025822 1.2962485988948005 0.9992024302482605 
Pedestrian -1.0 -1 1.1428481575567475 311.21894486011576 166.14263446143948 361.1955473561206 247.08005946010866 1.8 0.7146258398890495 1.0304387219250202 -6.254981230375196 1.482313989883236 16.33540643557265 0.7771612842890875 0.9988125562667847 
Pedestrian -1.0 -1 0.2178960386601565 1118.2135782762477 134.38914369343468 1223.0 330.7515228093977 1.8 0.6658881463110446 0.8198430322110652 5.633817790808923 1.379014042050058 7.004432241404943 0.8952666958186286 0.9889286160469055 
Pedestrian -1.0 -1 1.2259640138675163 1141.2389875332708 135.5313240592341 1223.0 323.94988678052044 1.8 0.6954549372196197 0.881814819574356 6.057332136980651 1.3721023403135575 7.282829916163661 1.9197540163954319 0.9804028272628784 
Pedestrian -1.0 -1 1.7839465665804777 331.92556433424176 168.11364826702135 361.9736261594327 236.86948073666292 1.8 0.5932870812714099 0.8488112621009349 -6.94999309174903 1.4773174935533573 18.966484512272732 1.432705565294947 0.929667592048645 
Pedestrian -1.0 -1 2.340133381591926 345.9933880267806 167.90694503176206 388.32103459326083 236.30257254558538 1.8 0.585828398168087 0.9600108049809932 -6.473894208100283 1.4701689125896806 19.162028966804193 2.014323222633225 0.9149113297462463 
Pedestrian -1.0 -1 1.4001695404137062 281.8337349050112 167.6443193191313 327.05578267915934 242.38393304753944 1.8 0.8690981686115264 1.0832303695380687 -7.57653965466242 1.4919897911940652 17.714149302885396 0.9960047443720954 0.8935818076133728 
Pedestrian -1.0 -1 2.118526983066758 326.6666701030581 167.57555750585638 369.3342691721024 239.32007534682955 1.8 0.5851520717144012 1.0378429226577282 -6.6767765743334 1.4773327377789254 18.30051278324885 1.76869248151384 0.829534113407135 
Pedestrian -1.0 -1 1.3149943185596131 296.1684938327374 166.0342454521183 341.1426196085998 248.9555841809934 1.8 0.6898525662720203 1.0759656809270381 -6.520694771045602 1.487603984457064 15.980519626947313 0.9275759895655769 0.6383723020553589 
