Car -1.0 -1 -2.3702902347545285 0.0 183.5827902295256 199.35867934525248 367.0417238785089 1.5 1.603890073299408 3.617718306183815 -6.218425243192008 1.6153064222274065 6.8628498539501805 -3.106465057530676 0.9999043941497803 
Car -1.0 -1 -1.9857365858798515 878.6549065063501 176.056548351971 996.2306974468697 224.53150725191705 1.5 1.9417651489377021 4.7199057906866075 11.109305798215312 1.6218197368614642 24.999693946708756 -1.5675680160664511 0.9999009370803833 
Car -1.0 -1 3.4509810909468737 224.72932505135148 181.864506165408 426.45251359506443 252.8587032908513 1.5 1.6117260351777076 3.9647391557693483 -6.387526843326186 1.7168272615560485 16.40456025554924 3.0796675562819065 0.9998499155044556 
Car -1.0 -1 3.434335233388744 278.0362421899452 181.81682504510573 432.3725967991368 241.7691360830327 1.5 1.5817026168107986 3.56417992413044 -6.72900470708415 1.7494422171893338 19.179731365850994 3.0969128489454807 0.9998319149017334 
Car -1.0 -1 3.562470118778837 44.4837715703133 182.4748049180532 342.6762983019701 287.30424698127376 1.5 1.5759401515126228 3.7918439626693727 -6.4691140534890295 1.6659939997308983 11.458815007920327 3.0485221028288425 0.9978856444358826 
Car -1.0 -1 -2.834768022564836 310.8539056271127 181.5968336599907 470.3931576334966 234.53041161953155 1.5 1.6698306918144226 4.263620686531067 -6.523341160789134 1.772488428775909 21.592462444588463 -3.1281612674382075 0.9972929358482361 
Car -1.0 -1 0.24480448282684295 393.7191505649926 181.20050650705315 511.29555270605834 222.37934182949152 1.5 1.6143197685480117 4.110766065120697 -5.986033490618683 1.8285835968916868 27.502232555434375 0.03049079974624089 0.9967390894889832 
Car -1.0 -1 -2.193516545140386 939.6505457155838 175.5482217468096 1049.701400722098 221.58304729025681 1.5 1.5943175673484802 3.681425613164902 13.51061774612831 1.6034266794056393 25.66709178406304 -1.7089891294625146 0.9956496357917786 
Car -1.0 -1 3.3217343010916696 409.64508495328283 181.17282663641635 514.222915803396 218.85081284662309 1.5 1.6429987296462059 4.0265949934720995 -6.129361685860009 1.8558824665018716 29.96908338040688 3.1199936747511448 0.9531401991844177 
Car -1.0 -1 -0.043597502165097855 650.7192245694768 179.0961389157618 717.6677103838053 206.04420986294048 1.5 1.6351627677679061 3.760107842087746 4.191449148342008 1.86748965882874 41.511140726082566 0.05703310569259099 0.85822993516922 
