Car -1.0 -1 0.45240356172922014 140.90255856254626 181.97709523520882 403.5073163065441 277.87546917684256 1.5 1.5686428666114807 3.734518823027611 -5.657960356557468 1.66581120499048 12.261186495553927 0.020066305002893723 0.9999576807022095 
Car -1.0 -1 0.38631890963207405 210.1382375218591 181.91108440889772 413.86093705832843 261.1983613294092 1.5 1.577995952963829 3.4784308195114138 -5.978755763294882 1.6938651878024964 14.62090801322319 -0.0018518726017815684 0.9999417066574097 
Car -1.0 -1 -1.7930788886590694 702.1007918268623 177.26566903442242 817.8549313131932 263.10993950240817 1.5 1.5283551558852195 3.399415922164917 2.829806983404012 1.5995793587722558 14.503567410647202 -1.6003885837879521 0.9998650550842285 
Car -1.0 -1 0.38192998733612193 245.4956361529432 181.67964467590167 455.7166527145929 249.93719500963334 1.5 1.6603574648499488 4.359976065158844 -6.056201803314239 1.7196212721803301 17.006747884890345 0.039826079210962574 0.9998018145561218 
Car -1.0 -1 0.5111864593089186 8.480768048509843 182.49923266120126 340.5616001202465 301.312150015292 1.5 1.5469395115971565 3.6815064519643785 -5.935338886043092 1.6456587374727731 10.052818877746148 -0.022155718007360183 0.9996527433395386 
Car -1.0 -1 3.8285311861248883 0.0 183.99520955628668 163.23602086173184 357.4398229300759 1.5 1.5675554543733596 3.6781104773283007 -6.901849512521517 1.6267802099081967 7.2698022531826325 3.0690911889036716 0.9990952014923096 
Car -1.0 -1 0.19694337229142153 402.843271566215 181.24473263082942 512.9559318055724 216.99615899921636 1.5 1.740763385593891 4.462471839785576 -6.630522111679388 1.8780360046285345 31.582001050753405 -0.0099973241474969 0.9988872408866882 
Cyclist -1.0 -1 1.523510219889292 566.3837861589471 181.8160660102485 576.71711826424 203.68122854797733 1.4 0.6023692458868026 1.6768046215176582 -2.5821433433033443 2.0044679331536535 47.76973279542345 1.4695088108393806 0.9984671473503113 
Car -1.0 -1 -0.2344450641032323 772.4490807162331 176.869666832704 932.8993708298685 235.06340145700142 1.5 1.6361749291419982 3.873969849944115 6.4723037942302755 1.6154749558371 19.70591046025697 0.08289937575789862 0.9968962669372559 
Car -1.0 -1 -2.853821759516027 339.4980758889898 181.45597122406974 476.09790355530106 233.57998744054834 1.5 1.58937708735466 3.6856772869825365 -6.099773089006603 1.770772791788987 21.856439452951957 -3.1259804526951656 0.9942951798439026 
Car -1.0 -1 -1.6798305044312027 636.1567262447818 179.35889896581986 666.842214482405 203.23892170190692 1.5 1.623118531703949 4.01753508746624 2.7168245365244412 1.9559645458908257 48.48519339413208 -1.6238549324360234 0.9925883412361145 
Car -1.0 -1 -0.14411843427010232 699.1327822523824 178.41891544557868 784.4589999498489 210.40684678653852 1.5 1.6396539777517318 3.875860807299614 6.307440477965071 1.7773437374057317 35.02546850312454 0.03405348857375554 0.9899153709411621 
Car -1.0 -1 -2.7834323869090905 283.1924851406365 181.85642943769008 429.7672801551858 240.62584107530358 1.5 1.5416300415992736 3.408062693476677 -6.814610965781562 1.7533584836141556 19.467880463731404 -3.1201462308552608 0.977756142616272 
Car -1.0 -1 -2.8174387412541857 342.36568773471515 181.46924296122006 483.03451519744397 228.06545026454089 1.5 1.701572772860527 4.3016722917556764 -6.690595125662829 1.8052666590905224 24.559348068513472 -3.0834099809315547 0.8061383366584778 
Car -1.0 -1 -2.429956775673392 404.24873241658463 181.0753909547325 500.16443893223516 221.50801182205603 1.5 1.5838727846741676 3.59547273516655 -6.383425959029737 1.8478754492872416 28.94625082064188 -2.647009567418371 0.558660626411438 
