Car -1.0 -1 1.9227919701982088 360.82546294491135 181.62264130007912 427.1944293704723 217.63035592495174 1.5 1.6073879346251487 4.095023360848427 -9.877589954450125 1.9289216827483695 33.168380008923585 1.6333534598311008 0.9999657869338989 
Car -1.0 -1 -1.098672145989375 753.6036560791655 176.64535176264272 899.8132718790981 253.02124901667935 1.5 1.6002117216587066 3.8085299104452135 4.925366846428502 1.5960774942126132 16.28659080618536 -0.8049979964878899 0.9998506307601929 
Car -1.0 -1 1.9230618218442173 360.94600906840003 181.11240900152836 453.59588001964585 232.13110843128925 1.5 1.6528746604919433 4.077429559826851 -6.66024273442142 1.7989946032578121 23.989970722870016 1.6522557616194309 0.9997188448905945 
Car -1.0 -1 2.017817664856832 290.18497373812556 181.87168889950888 387.6287773578479 227.3192033355673 1.5 1.6627774134278297 4.404228043556214 -10.038348200859373 1.8659397918761544 26.980339306188643 1.6616256117781223 0.9996755123138428 
Car -1.0 -1 -0.9007663969385673 693.4550235809269 178.08396010794306 786.661582450063 221.38921978203123 1.5 1.5396234139800071 3.626040604710579 4.899371557993124 1.7103738692913915 27.195195102559477 -0.7225225726750237 0.9995954632759094 
Car -1.0 -1 2.273903949276891 144.5079360938592 183.4078896811653 248.7267042053279 230.159816570788 1.5 1.4989397048950195 3.1981515258550646 -14.625219337847728 1.9002681960308567 25.628479740424847 1.7553353190382541 0.9995903372764587 
Car -1.0 -1 1.8405168934109968 433.41454200771324 181.22334081394266 479.26089026173787 208.21076974586282 1.5 1.6337182864546775 4.266825553774834 -9.259749693101945 2.031762935536599 43.63180402802447 1.6313948512037815 0.9980571866035461 
Car -1.0 -1 2.3622066512477358 0.0 184.25000367465097 60.607668694184596 313.52912301955377 1.5 1.5767524510622024 3.9657900601625444 -10.530978349917724 1.7011309109706791 10.714947998809624 1.585467326637131 0.9943033456802368 
Car -1.0 -1 -1.597591560767941 600.1145148468191 178.71928465436704 671.8447889619347 245.8722237189599 1.5 1.6317958503961563 3.3884408444166185 0.5468767681169514 1.661369879199287 18.10771198401829 -1.5673994201377524 0.9895541667938232 
Car -1.0 -1 -0.886598683264006 670.0982442346617 178.5543418022529 748.0379517848909 213.09655399729462 1.5 1.6028343260288238 3.76220518052578 4.64172281488558 1.7822962595955432 33.8156869892481 -0.7501858035710198 0.9889602661132812 
Car -1.0 -1 2.9150718111978926 447.36815992314104 180.70809891870735 549.067900699386 216.76047081725224 1.5 1.6018923863768577 4.235533487796784 -5.028492383980571 1.867743952574448 32.21657150865338 2.7602370858152927 0.9390604496002197 
