Car -1.0 -1 2.776583521248878 789.6393365720918 177.0113209663283 923.4378306910168 223.22934604075542 1.5 1.6237881526350975 3.9745262384414675 8.247582558174262 1.6464670804266794 24.465298742715927 3.1017323613127292 0.9999866485595703 
Car -1.0 -1 -2.0929696500710544 847.7008944467011 172.6813342060842 1241.0 374.0 1.5 1.6198914989829063 3.9424730956554415 3.095099665839241 1.4995860703890236 5.205223224842167 -1.5565197049316508 0.9999836683273315 
Car -1.0 -1 -1.7963755022447585 759.3730806108332 176.10023275439647 927.2744491681685 295.0229619481609 1.5 1.5896693363785743 3.7468428283929827 3.321470839184192 1.559058796845174 11.123854875867101 -1.5062128687885148 0.9999756813049316 
Car -1.0 -1 1.7065827705150576 507.46409610940196 179.95359939702854 568.328116575516 225.37566297132156 1.5 1.6672727212309837 4.322801393270493 -2.622355975579844 1.7846779956847807 26.701507599981174 1.6086866736372532 0.9999346733093262 
Car -1.0 -1 2.0974415053581854 911.3340878005799 175.39467102642487 1048.8299340633343 239.88358383972724 1.5 1.545802366733551 3.5971252739429476 9.487805191391457 1.5713282578604855 18.53020643086389 2.5706574797590793 0.999885082244873 
Car -1.0 -1 2.005734319079993 235.56638335585737 179.86308469671593 474.05226573837564 319.17282249394935 1.5 1.567440901696682 3.8658952832221987 -3.2823166190572817 1.6168697564633592 9.98003746534886 1.687989699836594 0.9998550415039062 
Car -1.0 -1 2.0186631017631163 967.4845228939487 174.5149221473884 1136.042979800485 252.3216858845578 1.5 1.6020592793822288 3.8972391307353975 9.615932953755586 1.5405145311962156 15.711721214482637 2.5678760886152805 0.999847412109375 
Car -1.0 -1 1.8276758946968465 1171.1694817783216 171.33361747505631 1241.0 300.43822720773284 1.5 1.5494926393032074 3.6131514728069307 9.431612884408002 1.4826933398690312 9.993596447913445 2.5841514944990696 0.9992806315422058 
Car -1.0 -1 1.935238974881064 1045.3039773666387 173.42990659307742 1239.2507311254822 271.01607760653866 1.5 1.5673047423362731 3.633745250105858 9.39815143337713 1.511845852397335 12.748833560440035 2.570482957359177 0.9979841709136963 
Car -1.0 -1 2.0853858165836074 868.6805669695282 176.0432207422074 984.2298368447331 231.35105849503776 1.5 1.5159257248044014 3.7247160941362383 9.419683987430858 1.6029653138742248 21.488111206229146 2.4985239386519016 0.9969672560691833 
Car -1.0 -1 1.72450956512195 474.67342643670605 179.91669990315415 552.275445456151 238.29626756149923 1.5 1.6226066768169403 4.211624574661255 -2.76783509341051 1.728448246034653 21.174895894831383 1.594533431526047 0.9897915124893188 
Car -1.0 -1 1.8147427583363822 396.58481950881963 179.82848233604852 528.5947012429242 263.6001617547102 1.5 1.740598727762699 4.404969003796578 -3.0276114268687775 1.6722421632015214 15.535024472972397 1.6222660422285617 0.9892464280128479 
Car -1.0 -1 -2.8971521376086904 777.7631371605436 177.03648156033609 913.0328808223938 220.85636667060305 1.5 1.6637910649180412 4.539882254600525 8.708762684300622 1.6677325865587873 26.96592648320231 -2.5847715894368037 0.5646411180496216 
