Car -1.0 -1 -1.5666826013679727 594.010559120819 179.44727148504475 634.5198131187244 218.42550174841207 1.5 1.5915075808763504 3.3797236651182176 0.1396483877393974 1.790341603051118 30.035000624948097 -1.5620331131529552 0.9999619722366333 
Car -1.0 -1 2.3110228892576097 0.0 183.99833153368465 114.64599545657232 289.17750415490843 1.5 1.557544295489788 3.5282159715890886 -10.634272937366976 1.7204181223766888 12.455776645348614 1.6043486475905002 0.9998550415039062 
Car -1.0 -1 -1.0853816146960227 766.9764700933309 176.25966851946055 932.2985404720037 265.7412975369895 1.5 1.594470490515232 3.5051899522542955 4.6775121773990485 1.5749652801088683 14.01624375584179 -0.7632823745396478 0.9996812343597412 
Car -1.0 -1 -0.9459117306570934 732.2675728710961 176.92272375894512 886.9457322763695 246.9308692488489 1.5 1.6413191825151443 3.918275472521782 4.866235404899418 1.6097930537542735 17.539009623014216 -0.675267235436712 0.9995243549346924 
Car -1.0 -1 -1.0416282735304982 693.6666935744264 177.58797832028674 817.9235070347277 236.33024425586223 1.5 1.6563009962439537 4.133673992753029 4.251701019253607 1.650907119242097 20.851314111833908 -0.840480105080877 0.9994340538978577 
Car -1.0 -1 -0.9278274221941494 675.1887904088746 178.0471138071819 784.3521995438965 227.19423529149768 1.5 1.6017474725842475 3.926912185549736 4.058514439520679 1.6896604547652108 24.36363465325998 -0.7627622644093377 0.9988628625869751 
Car -1.0 -1 2.109941598632197 97.25703075432095 182.78813014407217 265.30113229157797 253.11251358999957 1.5 1.687488567829132 4.198070105910301 -10.556454508916612 1.7784999452454855 18.091191653255933 1.5817327380140842 0.9974536299705505 
Car -1.0 -1 -0.8869060698695537 666.8118613443497 178.50453013848994 750.1030401608847 215.82168134329888 1.5 1.5659397959709167 3.768799689412117 4.2885384249734235 1.7610015265130794 31.42141790821482 -0.7512596408512933 0.9945091605186462 
Car -1.0 -1 -2.2083826756272997 864.2193222694195 176.68291243693633 938.1962933147265 209.1039093983118 1.5 1.5582571297883987 3.5990996778011324 14.323151226859725 1.7005098705998385 35.77641760994077 -1.8275731066849572 0.8089697957038879 
Pedestrian -1.0 -1 -2.0389393807866414 859.2892315363288 164.28759775852987 888.5941390641315 239.19471170325758 1.8 0.4930339314043522 0.5126002736389637 6.392685764237445 1.594509239969307 17.619621379579524 -1.690892861285482 0.7005390524864197 
