Car -1.0 -1 0.4936360718664765 53.65519819838872 182.41915924554652 344.99031912735086 293.1036080305826 1.5 1.5673611804842948 3.4355612963438036 -5.996569950472101 1.6533525990814597 10.727012088583054 -0.016102747121129714 0.9999692440032959 
Car -1.0 -1 3.435899677158342 271.8021103041527 181.71674641876447 441.9939307455556 245.9299561232123 1.5 1.5781639635562896 3.69777851998806 -6.245860324007105 1.731522992873048 17.953706440427755 3.10110853910051 0.9999537467956543 
Car -1.0 -1 0.49993418231214837 138.3731310450863 181.98386300839763 410.12261687623675 272.6491427751537 1.5 1.65182915776968 4.1992517679929735 -6.020470509181361 1.6783951304108253 13.098705615867493 0.06910638411971501 0.9999411106109619 
Cyclist -1.0 -1 1.5957745172640068 556.0412606026331 182.0658008016641 566.5915661198854 206.84187235317842 1.4 0.5779226802289485 1.581883107125759 -2.873573907354199 1.9489955446010732 42.168060861385534 1.5277339657160895 0.9999113082885742 
Car -1.0 -1 0.5965299196057512 0.0 182.75055362118036 309.0106361998319 329.1726860465595 1.5 1.5650779500603675 3.774371233582497 -5.728970969352018 1.625097067631707 8.294240783033594 -0.007938460507665357 0.9998868703842163 
Car -1.0 -1 -1.847003127650363 731.5789548563945 176.30480188383922 904.622853253024 298.29760160449507 1.5 1.5199492245912551 3.4393931299448015 2.82895718787624 1.559832572012257 10.700083195010412 -1.5885307593878848 0.9998505115509033 
Car -1.0 -1 0.2246592663911595 370.66887955945015 181.3735422742817 498.7200438391752 222.4413961226324 1.5 1.7356487482786178 4.489789393544197 -6.674437105718829 1.8370739131749547 27.618719688838436 -0.012458042302404127 0.9997455477714539 
Car -1.0 -1 -0.3494055340246487 805.1523099838495 176.08620073505972 1018.1993567192485 249.06190319252087 1.5 1.6399883225560188 3.9815648019313814 6.425203197852761 1.575147450863028 15.800120995532778 0.036824985346521656 0.9993072748184204 
Car -1.0 -1 -1.7673491628901457 633.485466351028 179.2895008209666 671.839676983795 205.42478901409055 1.5 1.5961461260914802 4.047651451826096 2.5522554497195866 1.9167339863008646 44.565620817401495 -1.7101420472052438 0.9951942563056946 
Car -1.0 -1 3.5185030942835747 202.48341698448885 182.14690976122964 391.2639728594115 256.249605025807 1.5 1.5497973680496215 3.423442554473877 -6.7285705008207115 1.7123834914264684 15.634715124292985 3.112100470062119 0.994377076625824 
Car -1.0 -1 -2.826332817565791 295.2956161155289 181.70048432535037 455.80961771861996 237.73634950327207 1.5 1.6491784274578094 4.003956031799317 -6.587241477867696 1.7607475200489109 20.404608725126632 -3.1386017362263545 0.9858512282371521 
Car -1.0 -1 -0.16019993692491655 706.2429289482963 178.2236300278653 801.7499833428571 214.41777814364957 1.5 1.6308134913444519 3.8141737252473833 6.096122573129072 1.7379203176876363 31.040194188022078 0.0337263782832282 0.9362934827804565 
Car -1.0 -1 2.2785622115030444 621.5013624496556 179.34033186678909 678.5111863950526 205.35292768687546 1.5 1.5491670489311218 3.5719244301319124 2.455752888871508 1.9154059849396199 44.34103094080426 2.3338889956434787 0.8971287608146667 
Car -1.0 -1 2.8216979654531125 719.6193832752908 177.84619434157872 835.0919497933438 221.41343088695635 1.5 1.574835230410099 3.750550237298012 5.943947496767108 1.6870791929765632 26.022351212682707 3.046262371536118 0.8406391143798828 
Car -1.0 -1 0.6472236712983073 0.0 183.48317765658445 185.88263585320493 374.0 1.5 1.5300497904419899 3.7918499231338503 -5.9951218099363635 1.6046399312445447 6.068073303662923 -0.13212712208298272 0.8162571787834167 
