Car -1.0 -1 -1.5701561983832488 597.9912202230732 178.98849327386145 657.0298589724472 235.43103674413578 1.5 1.5990296870470047 3.232259538769722 0.46207926019174 1.6941845626767749 21.161426578170786 -1.548323745900069 0.9999972581863403 
Car -1.0 -1 -1.5722778487686564 609.1542051019325 179.43253814292524 644.0685158404344 213.1433344030823 1.5 1.5862519413232803 3.39524359703064 0.7490452923053249 1.830416045689243 34.484910648841634 -1.5505603058871371 0.9999783039093018 
Car -1.0 -1 -2.072143920629232 307.0939483414942 180.51730603821053 482.5256048192447 274.727154484806 1.5 1.5828321248292923 3.67317074239254 -4.204605892112269 1.6647945016345918 13.632870307286035 -2.371304527917181 0.9999517202377319 
Car -1.0 -1 -1.6632294915779227 691.0062877215311 178.49504211409553 735.2531659420849 214.03052222973665 1.5 1.6372355192899704 3.970949959754944 4.632292376698918 1.7750981757075563 33.11750555701378 -1.5242567035045964 0.9999465942382812 
Car -1.0 -1 2.251904060072773 0.0 183.99634278582246 154.3612815341629 251.67693127937272 1.5 1.7472750067710876 4.3759232878685 -14.314810867261738 1.8270209924037282 18.93456727950495 1.6045646548231662 0.9997625946998596 
Car -1.0 -1 -2.395751326458601 458.696521446888 180.3994470318132 560.0994908264653 224.64597333151826 1.5 1.5496567383408546 3.6219439029693605 -3.7932942332443447 1.7969658991984632 26.693601084442285 -2.536911205449377 0.9997478127479553 
Car -1.0 -1 -2.1083264788794915 365.7355490840983 180.59783115045204 499.14690395711466 251.59669142804134 1.5 1.5620405346155166 3.455750507116318 -4.394409231522021 1.7062040225741073 17.40273101506873 -2.3556685606625423 0.99970942735672 
Car -1.0 -1 -1.8467969081241242 746.7634911472194 176.80011517599752 881.7956344648817 256.8205395163628 1.5 1.7020080730319023 4.290204730629921 4.250611318676321 1.599089501093824 15.892755728911999 -1.585457823300038 0.9995822310447693 
Car -1.0 -1 -0.41443909263177514 811.2596129825699 177.1611252141384 930.6695076741648 202.37483536126197 1.5 2.330789577960968 6.590343874692917 16.09066359690783 1.7760462789133253 44.7895640372728 -0.06954737106827326 0.9993102550506592 
Pedestrian -1.0 -1 -1.4147515072544545 715.0008651428897 165.19671128088942 753.0097781793015 243.8254522486379 1.8 0.7785208083689212 0.739169542491436 2.876775301779998 1.625064178882696 16.98920476675388 -1.247012988724981 0.9990667700767517 
Car -1.0 -1 -1.84878471034662 0.0 180.89083816253972 305.190905060659 374.0 1.5 1.644323070347309 4.185560581088066 -4.567149548303188 1.5908460345438051 6.191692261033087 -2.484318927922521 0.9930558800697327 
Car -1.0 -1 -1.7333553145665972 696.6131264480993 178.26184271747456 753.6630009635021 220.70563578422815 1.5 1.5705392256379127 3.7694743394851686 4.330705512726372 1.7234373437597503 27.870224752287044 -1.5791998934608442 0.9923617839813232 
Car -1.0 -1 -2.032009005118505 836.5098811488858 174.47169563828757 1146.6236026812246 341.9238550269538 1.5 1.585797083377838 3.7000744163990023 3.9733282672391588 1.5232862976794688 8.360308409992237 -1.5883477638151986 0.9884244203567505 
Car -1.0 -1 2.0130695529943337 139.7289216248451 182.27022950582074 299.28833548421034 263.3168032948942 1.5 1.5916118890047073 3.725676101446152 -8.333123365671064 1.7299099229817352 15.689716674471281 1.5248369415614265 0.9687832593917847 
Car -1.0 -1 2.1895828197033653 255.6945182770921 181.77058422212252 384.0835103291405 242.56522401866084 1.5 1.5153255805373191 3.646090489625931 -8.0784944564793 1.7756516218610474 20.32324459353528 1.8112332701643528 0.9500966668128967 
