Car -1.0 -1 2.024683268360805 269.4796514976459 182.0321071426875 372.4339765362629 227.21892257172775 1.5 1.7785236731171608 4.564058271050453 -10.80069435169853 1.8767524492470853 27.244271594941434 1.6472504019697727 0.9999839067459106 
Car -1.0 -1 1.9122453734653537 343.6013422562398 181.81022460771217 408.5228455276888 217.50868760678534 1.5 1.566290345788002 4.137553882598877 -10.795210031117763 1.941614429691769 33.45524238384493 1.6001167178114475 0.9999827146530151 
Car -1.0 -1 -1.5623294920402526 590.7428008063803 179.02987186959376 649.9248278700207 234.23232501847718 1.5 1.643725161254406 3.705473852157593 0.2779201794265311 1.703760712231801 21.891453269807265 -1.5496348003533227 0.9999370574951172 
Car -1.0 -1 -1.353502427276461 903.3884346950691 172.95766246055658 1224.282831512722 374.0 1.5 1.626770620048046 3.888501834869385 4.247572485692515 1.501580264685739 6.56085245506852 -0.7789489189770562 0.9999210834503174 
Car -1.0 -1 -1.1305329761600345 774.5166736479341 176.20663969253698 936.1434593710169 264.32903209364156 1.5 1.590968531370163 3.736429524421692 4.906200258850749 1.5757030968405086 14.317974171910244 -0.8004118363049371 0.9999076128005981 
Car -1.0 -1 -0.9533069206708991 673.1945458150886 178.2521200226923 769.1822880278437 220.3314112691239 1.5 1.6466767087578773 4.105077919363976 4.376871104373265 1.7273233553552125 28.28866547083634 -0.7998023788121087 0.999727189540863 
Car -1.0 -1 -1.0357576107121116 694.6601127807329 177.50428352559138 828.5334025504698 236.22684844045128 1.5 1.7474163815379142 4.5357516527175905 4.475157758039176 1.6505797629393597 21.04585058822105 -0.8262397209790093 0.9993999004364014 
Car -1.0 -1 1.7729234644357064 467.235698241133 180.6298428290037 523.5955870583118 208.2021581986697 1.5 2.1210019037127497 6.742621821165085 -6.9854382494477445 2.0178057628749837 44.59522498509804 1.6175451159437717 0.9990177154541016 
Car -1.0 -1 -1.2109415971595925 816.400275805868 175.046403880284 1033.2024807200025 304.4474907175599 1.5 1.6033683463931083 3.782261770963669 4.575773062759402 1.5375807366418632 10.336786190671859 -0.7942009727146967 0.9984176158905029 
Car -1.0 -1 -0.9065234601309943 650.0117277366944 179.08847633668745 704.1522815904044 203.88349196966846 1.5 1.5653670325875282 3.630671885609627 4.315538196611556 1.917681106035581 46.43844076254884 -0.8138592998173578 0.9961394667625427 
Car -1.0 -1 2.029181832684978 273.7488043820383 182.73762066022456 330.87770286552995 216.4193343147605 1.5 1.3419077292084693 2.9677363604307176 -14.712129448398736 1.9943439643630356 34.54098443368579 1.6265215754469455 0.9596624374389648 
Car -1.0 -1 1.896243205213695 392.46801791218957 181.59585760802418 442.25267062397467 210.73338288253154 1.5 1.5391354009509086 3.8396483778953554 -10.727773270326761 2.0123161218888184 40.287523139825154 1.6360015749891819 0.9456161260604858 
