Car -1.0 -1 -1.8523239164192316 726.5716676118418 176.47126290385427 898.7597207558356 286.1968473222939 1.5 1.6014643505215644 4.182335969805718 3.1047622453083403 1.5717099340719378 12.115170660238716 -1.6014522603389365 0.9999959468841553 
Car -1.0 -1 -1.9919934047117278 809.0430338339763 174.50223668637705 1114.19983649644 365.1952258379171 1.5 1.509595339000225 3.175851193070412 3.1680615350294636 1.5206802584864159 7.297075805611015 -1.5823940626021964 0.9999901056289673 
Car -1.0 -1 -2.5971678158918974 98.57539526448508 183.00737653185462 357.8761908236992 238.10311810184018 1.5 2.2267576798796656 6.623915445804596 -11.230998197998812 1.8206585479397084 21.442774961575328 -3.0796470204975948 0.9999037981033325 
Car -1.0 -1 -1.7105629665201458 711.0583512196725 177.59715195774842 794.8502661247303 243.5293210805518 1.5 1.5886076286435127 3.663328525424004 3.518573832380046 1.6345859511166447 18.548851605445485 -1.523098041364227 0.9998641014099121 
Car -1.0 -1 1.7922983129793875 319.86128343573705 180.04033643249443 475.0988290752376 283.50895114413515 1.5 1.7084066316485405 4.421280187368393 -3.645933346788777 1.6525066652664355 13.021946175706152 1.5193046768519538 0.9997866749763489 
Car -1.0 -1 -0.23547844189111422 787.6304134347314 177.22029159076115 928.3146032354961 207.2759012606022 1.5 2.1927526712417604 6.639710676670075 12.821670521853344 1.7376052545012965 37.80778396983537 0.09147803386184149 0.9987151622772217 
Car -1.0 -1 2.0388326277622113 94.72202587875348 180.05065015925732 411.4649964949648 367.96936844737235 1.5 1.513407614827156 3.5394421339035036 -3.482046602490209 1.5950987654243152 7.695305594241183 1.6139101862867893 0.9977558255195618 
Car -1.0 -1 -1.6122763628757983 612.8105977900819 179.52508369525037 642.7072982539183 206.35332803457104 1.5 1.6198667258024215 4.184264925122261 0.9942608493156591 1.9219919467607591 43.493940207278705 -1.5894205878165109 0.9949453473091125 
Car -1.0 -1 -1.3327063087760322 735.93818337751 177.49287230994042 819.0886124153704 228.2642496281409 1.5 1.732850682735443 4.282706838846207 5.62357579723773 1.6697133133771302 24.037125371694632 -1.1028860668328149 0.9668195843696594 
Car -1.0 -1 -1.4475272507440813 491.8146895682733 180.65385491825757 529.3958758937605 207.6266036912618 1.5 1.7011685788631439 4.658952590823174 -6.008493130236673 1.9993509886662018 43.81706395240873 -1.5838041054692609 0.9500563740730286 
