Car -1.0 -1 1.772984707300763 380.804434241995 180.60887868754295 479.3189391440078 237.46717852710944 1.5 1.90243651419878 4.830663886666298 -4.964338814804037 1.4776585191200435 21.387196054965735 1.5449063022944587 0.9999828338623047 
Pedestrian -1.0 -1 -1.4408976256187376 203.21157574021245 163.2978007077754 256.16950546313194 279.1744492766615 1.8 0.6467997588217258 1.0062119483947753 -6.097663803166804 1.5185513520873604 11.739216044010153 -1.91996564070252 0.9998310804367065 
Car -1.0 -1 1.6649796784575632 512.851990058591 179.50004736779664 566.846598062241 222.65930503795866 1.5 1.6365852698683738 4.213878002762795 -2.2632821489944965 1.431556951751162 27.07876961871449 1.5815920710524143 0.9997707009315491 
Pedestrian -1.0 -1 2.033314892983639 696.2729043025741 150.18402035452016 793.5813301839077 307.2286257869555 1.8 0.8458171531558036 0.9485950253903865 1.7324166499459719 1.4424149153725354 8.864516692470952 2.226315009590012 0.9996060729026794 
Pedestrian -1.0 -1 -3.552054529196353 982.0704959414276 148.4224822024217 1092.0175820239613 297.1303838845235 1.8 0.8490858159959316 0.9359920889139175 5.4811227889129235 1.4009627292575908 9.173165722745889 -3.0134627381947383 0.9994621872901917 
Pedestrian -1.0 -1 -1.6514065425065463 591.0660544095184 165.80767335679437 626.2333221036862 242.92049265268594 1.8 0.7713997296988964 0.8906947940587997 0.12830462363452796 1.4349077023086896 17.23741579850288 -1.6439633006837708 0.9993900060653687 
Pedestrian -1.0 -1 -1.9801468564724927 719.4394378477429 156.7964228898194 788.3155975949229 275.9481994570706 1.8 0.7367397218942642 0.979040053486824 2.3580310281564976 1.4281135799157627 11.40348920537092 -1.7762391726162774 0.9992475509643555 
Pedestrian -1.0 -1 2.065664129752075 247.9933242251083 158.39455178026776 332.79506058638987 298.44148449875206 1.8 0.6886125102639198 0.9489181943237781 -4.234445311574362 1.5043621718702083 9.731839665601143 1.6552593588789524 0.998808741569519 
Pedestrian -1.0 -1 1.9226225975420894 742.5878483028955 149.91102921190839 823.1502883835758 306.16241229403 1.8 0.6940161369740963 0.9090328149497509 2.197603900712772 1.4374472147633932 8.843451516698957 2.1661896586378635 0.9977503418922424 
Pedestrian -1.0 -1 1.898750534939946 1133.9178469613719 141.2640836578616 1237.0 320.4864807974766 1.8 0.6834453463554382 0.7499797761440277 6.227464678993291 1.397262057868956 7.701002594054508 2.5787474989851535 0.9966779947280884 
Car -1.0 -1 1.6928034517740722 436.9756804595013 180.34387801984948 497.90566936217573 222.57362716047868 1.5 1.7588299259543418 4.746647787094116 -5.127555433614635 1.4599905334293477 27.93407540910961 1.5112652023646491 0.9950822591781616 
Pedestrian -1.0 -1 2.160948175102319 1057.0407132578243 145.4412970444646 1157.1054900351594 306.4802217242113 1.8 0.7614407248795032 0.6012944065034389 5.913851638899082 1.398309782376798 8.490513044307665 2.769337880607468 0.9922080636024475 
Pedestrian -1.0 -1 1.438801916816898 691.3498823002737 150.2790550305347 760.6472790959109 308.6332199744122 1.8 0.7011832229793071 0.8881956830620765 1.4256507147720294 1.4464646480356589 8.617716858859572 1.602749574180466 0.9870499968528748 
Pedestrian -1.0 -1 1.928200603415868 222.16790182460136 158.8317467397981 301.68888070966347 298.2089359008826 1.8 0.7063330642879009 0.9070986442267894 -4.631336539951523 1.5085805936665182 9.756533463419224 1.4850045879695075 0.9391141533851624 
Pedestrian -1.0 -1 2.472704262781764 1069.9564200646932 136.99303010564103 1219.0008489956203 343.8394782554472 1.8 0.8259764432907104 0.7522819124162197 4.954577091789997 1.414078903402884 6.672565068181034 3.1114071488340915 0.852271556854248 
Pedestrian -1.0 -1 2.068729698803723 1058.6005778671995 133.26867134523877 1220.4199898351778 360.36216443578303 1.8 0.7554006323218345 0.9728762812912464 4.609309760345094 1.419099193537118 6.2390474199530175 2.705013978477341 0.6052516102790833 
