Car -1.0 -1 -1.822204666500768 722.9861210304404 177.8296912128517 798.50708832579 222.06050510264643 1.5 1.689070326089859 4.574488711357117 5.547461838890966 1.704808185249861 27.317765218914204 -1.6218574131515366 0.9999206066131592 
Car -1.0 -1 -1.1673126011311827 188.23103517140098 182.62678829945492 298.644052022558 233.60151454481274 1.5 1.654907737672329 4.595476251840592 -12.300046860945747 1.8636290016647252 24.473289945315578 -1.6330305869367463 0.9993661046028137 
Car -1.0 -1 -1.8568424805553578 949.9856989809525 172.63929430085815 1241.0 374.0 1.5 1.7045965909957885 4.256909948587418 4.137996143078674 1.4991859829968652 6.2210360917900935 -1.2698823670533044 0.9992091059684753 
Car -1.0 -1 -1.541088739253237 516.5983670019975 179.815226365733 571.5267883830658 228.47557391308322 1.5 1.7399346947669982 4.4093410044908525 -2.2734118521424675 1.7646409633556814 25.13722869518375 -1.6312833959844453 0.9988610744476318 
Car -1.0 -1 -1.3834302038459687 437.4443043356509 180.86504240393077 493.7562213321086 218.75295078502893 1.5 1.6639352336525917 4.171203312277794 -6.271746650753054 1.873819925079402 31.541269540003906 -1.5797125893321378 0.9982251524925232 
Car -1.0 -1 -0.9623115047397508 0.0 184.27850509284926 144.69388059702084 236.229556396796 1.5 1.6610678777098655 4.518158969283104 -17.834914691214735 1.9183646969885708 24.1156503015197 -1.599095971384321 0.9980441331863403 
Car -1.0 -1 -1.8641997971534596 743.3058668963419 177.62690892610522 822.3682123338297 221.52545473829105 1.5 1.6840987399220466 4.448295620083809 6.406997838432217 1.6967926703383176 27.419672055921886 -1.634654031195913 0.9975416660308838 
Car -1.0 -1 -1.3291181390931606 293.2831051475572 181.70325813938382 381.79156694176066 232.4140954762496 1.5 1.7339343696832656 4.730713230371475 -9.201697792799424 1.8326856588788956 24.644504449102545 -1.6864653835680825 0.9889790415763855 
Car -1.0 -1 -1.8865075752855474 692.6714113054977 178.08651515969626 774.1382777940203 223.2074623995724 1.5 1.6944436848163604 4.340309140086174 4.424127536147729 1.711104457520332 26.784746654654054 -1.722812161841665 0.9880039691925049 
Car -1.0 -1 0.843668778225853 1131.677382054976 173.42689902125645 1241.0 216.76919896085423 1.5 2.100551550090313 5.2418800562620165 22.99084578051752 1.5244572353176906 27.693963250660808 1.536540432772364 0.9815797209739685 
Car -1.0 -1 -0.5998876730350535 832.3887229103218 175.7469494388086 1088.3526984289288 232.64609022300792 1.5 2.1743093177676203 6.550606203079224 9.930603446097404 1.58989881745421 20.75442607026944 -0.15360279480484554 0.9813940525054932 
Car -1.0 -1 -1.5441129865439946 567.5586313204668 179.91113756809042 599.1967177270932 207.09730221871342 1.5 1.7780036225914955 4.769984123110771 -1.5838921419197314 1.9487114436371566 43.44440429517619 -1.5805547554653627 0.9758111238479614 
