Car -1.0 -1 1.9881407306084418 278.02233315263715 182.04146845600084 370.6072759067306 228.10736302658978 1.5 1.6014403223991394 4.156537589430809 -10.38435823753987 1.8639984473371907 26.44488470976064 1.613961207862717 0.9999895095825195 
Car -1.0 -1 -1.5782177999898068 584.4591505275117 178.46795581839055 672.942856048292 261.0993665369898 1.5 1.639135417342186 3.816398096084595 0.31996213981804994 1.634159723919452 15.275131985282757 -1.557274258756314 0.9999703168869019 
Car -1.0 -1 2.296921104569525 0.0 183.54010901521335 151.48585853343877 288.3177368701643 1.5 1.751033079624176 4.524798926711083 -10.74753355778243 1.7282375219539643 13.089392250596584 1.6094536662062229 0.9999614953994751 
Car -1.0 -1 2.1179918297209483 135.3820890178504 182.68525997391615 283.75496530205015 247.24434940891237 1.5 1.6034167751669883 4.067528855800629 -10.644679607769918 1.7937491827720353 19.460933465005883 1.6174726366957248 0.9999547004699707 
Car -1.0 -1 -3.8666982344655363 1179.2521370409015 172.729736167404 1241.0 222.77164533830697 1.5 1.5991842865943908 4.252571475505829 20.43946758580361 1.4966330171408135 22.453223383684403 -3.1282143155720576 0.9998592138290405 
Car -1.0 -1 1.8471102161796362 417.7480661359144 181.36243468737695 464.82944307642055 209.10540887558693 1.5 1.6148152321577072 4.191619765758515 -9.892862406482926 2.0260816462374915 42.4483600840211 1.6181409239729465 0.9998577833175659 
Car -1.0 -1 -1.3576055471336028 885.3459547952082 173.08930488410527 1224.7859214073299 374.0 1.5 1.7811423659324646 4.595052313804627 4.473908392536641 1.5033641016440589 6.960279527451448 -0.7863246957447869 0.9987596273422241 
Car -1.0 -1 -0.904054759394509 665.6533479800856 178.891294093269 721.3022236360697 205.76940727813962 1.5 1.5143635243177413 3.376927462220192 4.940955090727107 1.8727728547048075 42.77414102998393 -0.7890517870571954 0.9985467791557312 
Car -1.0 -1 -1.1019674722963775 742.0918938623576 176.37734890140428 920.4788196114832 266.03939908037256 1.5 1.6557790830731391 4.195184868574143 4.454281184256303 1.5804314495666936 14.313572194135178 -0.8002739111569268 0.9984822869300842 
Car -1.0 -1 2.181981660986369 43.42122240804639 184.15449627867574 160.6395732260489 240.82251425550749 1.5 1.2943160280585289 3.065793824195862 -14.87798760047606 1.8570758871837785 21.240735802868354 1.5709564566572727 0.9947662353515625 
Car -1.0 -1 -0.949749410650877 684.8043728323297 178.36094263657415 763.1378012959899 215.08418282393686 1.5 1.5814582377672195 3.6684932678937914 5.037993285762024 1.7579746940470906 31.88933567315723 -0.7930607954647881 0.9904385209083557 
Car -1.0 -1 -0.6739154709767878 655.1919187870308 179.08731102434982 711.2320602217084 202.27041946300145 1.5 1.5725797533988952 3.6110429584980013 4.975398902427853 1.9396155029637472 49.2038751198703 -0.5731399814274651 0.9902964234352112 
Car -1.0 -1 1.798458431630537 445.390084828792 181.24606303863223 482.91639568164834 204.98618118265173 1.5 1.6155805930495262 4.132651028037071 -9.912586943439386 2.096362658861598 49.152297106579574 1.5994567751844944 0.9821109175682068 
Car -1.0 -1 1.6574031600294497 542.5957319653586 180.28185423074876 572.9743605689793 204.80626814045922 1.5 1.646401409804821 4.078921911120415 -3.4202222663885733 2.0096965306050896 47.42288541657044 1.585406053062302 0.9820787310600281 
Car -1.0 -1 2.743895516448694 26.50003783176111 183.83516739741916 196.1739617263694 241.49556348771404 1.5 1.5519971519708633 3.882403162121773 -14.83524315239357 1.8603997820523785 21.60194024186614 2.1421141505201877 0.9547369480133057 
