Car -1.0 -1 -1.6762426952801408 662.2488838747411 178.60692024229 714.3896722923671 221.43267316686138 1.5 1.5719548359513282 3.9364791035652162 2.9004078602445893 1.7374793204597325 27.76798957290126 -1.5721685980123026 0.9999979734420776 
Car -1.0 -1 -1.7577194823341842 677.4479648262553 177.69127639897175 779.7011660805701 251.14502657714468 1.5 1.6135363399982452 4.088837516307831 2.6144589966470484 1.6287427030762125 17.076002115423037 -1.6057920950141293 0.9999797344207764 
Car -1.0 -1 3.8146063665730705 0.0 183.72027457151017 202.58847765244482 337.17505895573765 1.5 1.549173754453659 3.577925127744675 -6.805416171969932 1.6333855070270935 7.999207718219789 3.1096705079039157 0.9999527931213379 
Car -1.0 -1 -2.0643050076109124 782.9752927977601 174.61205570413915 1115.071425911661 370.3580888128639 1.5 1.5290642648935318 3.3624494940042498 3.012997970892069 1.522437344925427 7.308450646090733 -1.6732726628568513 0.9999493360519409 
Car -1.0 -1 0.34533119366845244 322.454684138977 181.3866923860292 486.5560063058272 236.44255835091408 1.5 1.6371503964066505 4.275127735733986 -5.929456002816001 1.7591721338569721 20.918734928747444 0.06912438472243719 0.9998953342437744 
Car -1.0 -1 3.654142721896769 0.0 182.7360660092949 312.1722304587279 298.55110983368945 1.5 1.5523555248975753 3.539472308754921 -6.407594517612946 1.6536271692039095 10.337844525119955 3.0992776036222995 0.9998179078102112 
Car -1.0 -1 3.597635528529044 102.49359431004002 182.46546782853673 357.3808935466673 273.9239359494329 1.5 1.5842468038201332 3.6964944124221804 -6.669911205594099 1.6825622084232086 12.840964184590213 3.118569362159592 0.9884639382362366 
Car -1.0 -1 3.295160078947214 376.325373368582 181.37698561600783 478.60903617907803 225.58362813839744 1.5 1.57528096139431 3.342314299941063 -6.500614781013322 1.8160470059449565 25.78273684633453 3.048177230354172 0.9867714047431946 
Car -1.0 -1 3.347838498966225 353.88013234762093 181.45516178895323 473.10501716120973 229.87694555012828 1.5 1.5364815041422843 3.5114696741104128 -6.382028017592424 1.7912237056757345 23.52771988946698 3.082956659789902 0.9778625965118408 
Car -1.0 -1 -1.6997207464950352 637.9901240057246 179.30949924952114 670.7658675283079 203.86611272791419 1.5 1.6224122166633606 4.089190673828125 2.8313891830297395 1.9420395783676565 47.26876841266589 -1.639892445006643 0.9680250883102417 
Car -1.0 -1 0.4437692672399949 188.81093705984054 182.07585811774638 404.6700049069547 258.80482289536957 1.5 1.6058698788285255 3.8537318378686907 -6.536178184935565 1.7056748534788062 15.187348491744089 0.037359042963709156 0.9672585725784302 
Car -1.0 -1 0.8330580134238355 0.0 184.43533024386412 110.56607260409562 374.0 1.5 1.5124276772141456 3.5285959511995317 -6.356384651274842 1.6056089353909413 5.795638931667585 0.001548333964075365 0.8228138089179993 
