Car -1.0 -1 -2.0956162756272105 248.473566267254 180.85979604312422 448.08362757708386 279.42823233409973 1.5 1.628071677684784 3.978618097305298 -4.920596107705157 1.6676002877597327 13.177628576034676 -2.452988104024206 0.9999932050704956 
Car -1.0 -1 2.1240397820333246 88.8445702537406 183.0045208281629 248.63093516131235 250.78407793836837 1.5 1.614071850478649 4.0481703847646715 -11.206416843309015 1.7907597486189208 18.607164243745405 1.581957566734177 0.9999862909317017 
Car -1.0 -1 -1.7283480703371894 704.481924492159 177.86599009124816 778.355187814389 233.80164953481219 1.5 1.578770999610424 3.760851410031319 3.787179676204975 1.6634162495476053 21.578571427359115 -1.554610990979944 0.9999768733978271 
Car -1.0 -1 -1.8427356078243156 754.8872499868023 175.86533652200308 972.7915206847214 303.5980645497473 1.5 1.8350659430027008 4.4431357204914095 3.417074871081869 1.5549550970865156 10.827878872007009 -1.537046146639858 0.9999752044677734 
Car -1.0 -1 -2.20735859129549 319.0108276900906 180.83519209266277 478.18622848564354 256.895252561355 1.5 1.5997197970747947 3.6291668683290483 -4.881296647050233 1.7000138204070332 16.31839344677146 -2.498015658059393 0.9999663829803467 
Car -1.0 -1 2.3463089848673744 0.0 184.4072481678668 63.42271335424972 298.58378038366783 1.5 1.6548682495951652 3.933621805906296 -11.363919842138499 1.7218185543695228 11.852279644515056 1.5819430232008518 0.9999164342880249 
Car -1.0 -1 -1.5404854584537175 590.913173795694 179.52855967318445 629.0257198978433 215.99645175977872 1.5 1.5913542851805687 3.4061344832181932 0.0026800773557479718 1.8126834022581084 32.034030407012864 -1.540401795008455 0.9998990297317505 
Car -1.0 -1 -2.1699195657594115 450.84419570363804 180.4893895364188 541.8867667015307 224.95564413891483 1.5 1.5501404672861099 3.6463780820369722 -4.319332975157584 1.8039602469895448 26.831074534131712 -2.3295326391842703 0.9998641014099121 
Car -1.0 -1 -1.5888153851512767 588.4651322023835 178.92146687452237 655.5770635251151 241.46433828559043 1.5 1.6415779039263725 3.464687851071358 0.23494720482695805 1.6779271864082588 19.376493022845246 -1.5766906063680095 0.9998651742935181 
Car -1.0 -1 -2.3348914654457094 506.72918951275545 180.4597111436948 567.434521478779 209.3976152702883 1.5 1.4879953607916832 3.268604588508606 -4.08650664520778 1.9378736175118092 39.878061078815605 -2.4370100657132014 0.999464213848114 
Car -1.0 -1 -2.265435396062322 370.7265547444145 180.64518689373614 512.818603921169 244.1522856100367 1.5 1.6062081351876258 3.8310235857963564 -4.591051666316527 1.7277922892552673 19.269354790396097 -2.4993313113835196 0.9993637204170227 
Pedestrian -1.0 -1 0.5395437757689179 56.977706959198386 130.93371792312303 242.19110528917093 374.0 1.8 0.6264940395951271 0.7687766596674919 -2.9073064362445415 1.5559347962229821 4.529347955646853 -0.03110332886246272 0.9985588192939758 
Car -1.0 -1 -1.7529050385049951 679.439270946773 178.43320392700295 738.5943169228898 219.3145321782559 1.5 1.6492294639348983 3.9810659855604174 3.8656314083127654 1.7407302370195405 29.05459201865518 -1.6206346760180337 0.9985197186470032 
Car -1.0 -1 1.9312365770331148 239.15793628654316 182.66489250028803 319.79417640902795 220.5712544292893 1.5 1.8024348214268684 4.418676209449768 -14.567391446069944 1.9661120180942706 31.986289924421197 1.503879471621241 0.9951606392860413 
