Car -1.0 -1 2.1541096512922593 42.158431041013074 182.98055762792404 234.11973816498934 262.929199504618 1.5 1.5807634711265564 4.07518060207367 -10.312293933656552 1.7551270888990096 16.10186207601163 1.584483611579758 0.9999854564666748 
Car -1.0 -1 -1.5993968282863091 584.8387959809797 177.20222564012346 745.1561452830318 334.43702282978984 1.5 1.5532460555434227 3.420834478735924 0.5306776800426901 1.5633236653554166 8.711133898366814 -1.5385525497284276 0.9999701976776123 
Car -1.0 -1 1.8773687580585758 402.06972156579405 181.43649644016065 454.1028937577245 211.94515029447092 1.5 1.5671568483114242 4.009270903468132 -9.71678347636127 1.9847634200937445 38.6733619533044 1.6312115073164524 0.9998887777328491 
Car -1.0 -1 1.872712442414102 446.3993317800474 180.86826679880372 503.79261497140055 215.56873010973217 1.5 1.5987659364938736 3.8331548243761064 -6.344510447825053 1.901408827853504 34.10718995972478 1.6887977004011692 0.9996951818466187 
Car -1.0 -1 2.2286958768925507 234.08285165360655 182.85233573686628 314.3882286931642 221.1355177302807 1.5 1.4761832103133201 3.1866426140069963 -14.335929624569241 1.9521293247032834 30.8824940515999 1.7940888285597385 0.9996191263198853 
Car -1.0 -1 -1.0408822650788578 722.1613969301322 177.40702552863127 839.111585685087 233.95956935170753 1.5 1.6136758521199226 3.930915755033493 5.092215880254116 1.6480953370112892 21.43184333836334 -0.807607368626867 0.9995520710945129 
Car -1.0 -1 1.8921824212560672 356.29260706067447 181.59661624257654 425.51770002822815 218.5754332034227 1.5 1.6737089052796363 4.422149297595024 -9.82147312181053 1.9219256620855112 32.55578100082628 1.599183785911423 0.9995033740997314 
Car -1.0 -1 -1.579297792926881 1163.4046347841054 161.4695045744843 1241.0 374.0 1.5 1.6411219283938407 4.00157482624054 4.329096126733826 1.471508115862409 3.766210610960573 -0.7244790355351312 0.9994945526123047 
Car -1.0 -1 -0.9467259442743922 689.2280019605207 178.38349573059236 761.1219659737558 214.37876077400716 1.5 1.490938340127468 3.3734677851200106 5.15223005058228 1.7612305868753404 32.31629390440713 -0.788625196614538 0.996436357498169 
Car -1.0 -1 1.8434698331943453 460.33684672711746 181.07338518742174 500.0762227698568 204.85523307212526 1.5 1.602603544294834 4.162913051247597 -8.814912360974962 2.0846387548692333 49.14011216524377 1.6659743666609348 0.9948967099189758 
Car -1.0 -1 2.3909667764989226 0.0 184.71507468017597 0.0 345.7330029730506 1.5 1.630849626660347 4.198504474759102 -10.638005338912523 1.6860356249897637 9.162587225853422 1.5311922272059577 0.9927188158035278 
Car -1.0 -1 -0.8618708725889468 668.5007854561865 178.75320621771075 733.6066479450076 208.25285339651057 1.5 1.5491769209504127 3.5825720548629763 4.93632361578291 1.8351898065140395 39.17384214897323 -0.7365208427098138 0.8914012312889099 
