Car -1.0 -1 -1.0276784160299555 0.0 180.20089641982608 385.34800872717153 369.0 1.5 1.606060054898262 3.82527434527874 -3.2449176077943296 1.500145339036317 5.660059267840522 -1.5482349107649667 0.9999912977218628 
Pedestrian -1.0 -1 0.7410873616265536 93.1759564877946 167.3985200719719 151.06157209470433 257.2728947072203 1.8 0.5057696744799614 0.8634153313934803 -9.917201095995113 1.5392319765681206 14.466478432984562 0.14013914664718083 0.9999890327453613 
Car -1.0 -1 1.8093843725691765 453.88077726528667 178.12814487329942 493.73324249961007 202.1337132311484 1.5 1.6421162083745002 4.103878375887871 -8.530270626389234 1.3531407584193784 46.27022406094559 1.6270737528761448 0.9998225569725037 
Cyclist -1.0 -1 1.2737226905659869 1099.0508578990166 172.28206387990863 1138.620711464178 213.58699051296523 1.4 0.540383768081665 2.091030639410019 18.140472816205563 1.1229953427037305 25.036593805332622 1.9007413268049778 0.9980289340019226 
Pedestrian -1.0 -1 1.2717896118480674 689.4177183918684 156.10939332709472 746.0952622332507 265.4049914828959 1.8 0.711062879115343 0.947156411409378 1.8785857638526144 1.3999600405483745 12.15966945842679 1.4250709255549567 0.9969810843467712 
Pedestrian -1.0 -1 -2.468461225708568 42.154671836197195 166.1909709928046 110.26269250971781 266.4649673951391 1.8 0.5259346708655357 0.8604110710322856 -9.729787985102378 1.5447828224355733 12.962563988088753 -3.1123505393650874 0.9965683221817017 
Pedestrian -1.0 -1 0.9585889861421728 50.49876687944581 166.40939980864545 110.17163247680601 265.26453669825656 1.8 0.4911111228168011 0.8611945927143096 -9.865449367820785 1.5450717009434651 13.237215487767248 0.3181146820399421 0.9964744448661804 
Pedestrian -1.0 -1 0.360023675180984 395.2085922132562 155.91699447837837 477.04550996084674 287.9820319335767 1.8 0.6291497059166431 0.968588937819004 -2.42318012437266 1.4666123941030218 10.003186263933271 0.12236098845931462 0.996263325214386 
Cyclist -1.0 -1 0.346697020146131 365.6839392848819 184.18870606074316 468.1839710910488 269.43616943982926 1.4 0.61305673122406 1.5690858036279678 -3.223468746249368 1.46626842671098 12.010476931280252 0.08448819716903141 0.9990708827972412 
Pedestrian -1.0 -1 0.8124890551676307 411.99774986519543 157.58960330556462 485.12239963250283 279.0283445772157 1.8 0.6339552372694015 0.9454534880816936 -2.4814591557572943 1.4620777327438614 11.001644050782847 0.5906478603694099 0.9949603080749512 
Cyclist -1.0 -1 -1.0208869592322336 945.8419891567778 174.82757307136714 1000.3202031352627 224.47596326614496 1.4 0.6366922080516815 1.6630536437034606 10.716863309312693 1.241621081917595 20.63419215766638 -0.5418605367329461 0.9787390828132629 
Pedestrian -1.0 -1 0.3891919637116876 388.03042732635987 159.06300116340896 470.81687071108 273.60400237841134 1.8 0.5563946932554245 1.181394562870264 -2.8827909505596074 1.464776111803045 11.465695091591801 0.14287023147078923 0.998738706111908 
Cyclist -1.0 -1 -0.4730517979802187 1086.4216099396558 172.49678526846373 1151.1653675396792 212.68648371243785 1.4 0.573621366918087 1.7904099568724632 18.156570101277676 1.1227396443027116 25.04585105008653 0.1542126377436774 0.955999493598938 
Car -1.0 -1 -0.7254740679208606 1166.3191890164774 167.5180261567577 1223.0 218.81917328120883 1.5 1.6248442724347114 3.9317286133766176 19.67180854639237 1.1219855878572802 21.51091032302292 0.015296622118677416 0.9015944600105286 
Pedestrian -1.0 -1 1.1959351588158944 86.53649131707996 166.94552234331465 125.09362780851328 260.7498377400546 1.8 0.40663676597177983 0.6570111520588398 -9.868496874945887 1.5415380997779706 13.912434927676705 0.5789753635737556 0.6316670179367065 
