Pedestrian -1.0 -1 -1.7973870693844292 831.5269982995234 151.75766381991917 908.7172488334126 292.1911961335196 1.8 0.7830413550138473 0.9296303175389766 3.5616057956910416 1.4201121440781759 9.714549960001554 -1.4459781954672677 0.9999908208847046 
Pedestrian -1.0 -1 -1.3069835381644126 551.2217339636512 162.17212034007767 610.0424664112577 261.73198037609075 1.8 0.9059490196406841 0.901470848172903 -0.41822787933926603 1.4518290045516395 13.527691795447282 -1.3378901193526131 0.9999521970748901 
Pedestrian -1.0 -1 1.2610698671874105 726.7319167191025 160.47016951222528 778.140430855665 258.885249549349 1.8 0.707445715367794 0.9087417766451835 2.8099106644268512 1.4166332205308743 13.624996171965297 1.4644505222651618 0.9995654225349426 
Pedestrian -1.0 -1 2.689543626650806 476.35050605106835 164.48001746290646 530.6313818526625 255.84648424562928 1.8 0.7920288972556591 0.8387195438146591 -2.048223485300978 1.4659404003805843 14.711647704001452 2.5512082457502903 0.999212384223938 
Pedestrian -1.0 -1 -0.812352185822668 517.2761154756253 167.5529412716022 558.3209540106236 239.1243850498545 1.8 0.7286538861691951 0.770103608071804 -1.6777231924824325 1.450418280997329 18.591273129206005 -0.9023509184506281 0.9984930753707886 
Pedestrian -1.0 -1 2.5286389331197805 451.0064622453808 164.82618012311238 508.7954676917556 255.70169891673652 1.8 0.7315194725990295 0.922014520317316 -2.5416932154713674 1.470984174643272 14.810116363561647 2.3586759448011936 0.996823787689209 
Pedestrian -1.0 -1 2.907826706401921 352.3699849882085 163.06171244321837 408.8106119407494 270.5199489573907 1.8 0.7211152955889701 0.7947208851575851 -3.9026863033186707 1.4924309783072767 12.542827915335147 2.6061732649763645 0.9965556859970093 
Pedestrian -1.0 -1 -1.6859951345938502 868.0026930585115 154.8351757130461 921.71236354127 276.27716916718606 1.8 0.6804431349039077 0.7705810971558094 4.4767874603370235 1.40608550819663 11.106089948468657 -1.3028251985695702 0.9952278137207031 
Pedestrian -1.0 -1 2.3671456630006316 0.0 108.19470212167651 271.20032607604827 373.0 1.8 0.8384489014744758 1.0143730349838733 -2.369303653014302 1.5026735374999463 3.5060654527029684 1.7728652834852756 0.928084135055542 
Cyclist -1.0 -1 2.0817351971660285 0.0 198.11045826732354 274.81919448632107 373.0 1.4 0.7193776339292526 1.6313648343086242 -2.333982083692128 1.502256039589957 3.51804340311396 1.495975418886866 0.8150618672370911 
Pedestrian -1.0 -1 -1.6262892696160147 545.2683212206082 171.2214610960263 565.4766871588482 220.69603996041943 1.8 0.6921897202730178 0.9983885593712329 -1.737625715926352 1.4270883408880217 26.669274907196836 -1.6913518990066392 0.729341983795166 
Pedestrian -1.0 -1 -1.7297372429806595 883.5122278334712 154.87209156688957 933.7418163499784 275.32228574466586 1.8 0.6068541228771209 0.7225842706859111 4.71333311650617 1.4033813787546856 11.155371499853583 -1.329971672096525 0.6030800342559814 
