Car -1.0 -1 -1.9484881881764042 723.3367112126654 176.36893986852755 908.0751651796223 294.1575162066635 1.5 1.5313881009817123 3.3721214652061464 2.8977569765710465 1.5628426985226804 11.057604007600652 -1.6921914304283006 0.999955415725708 
Car -1.0 -1 -2.7037319902833064 163.6343155014799 182.22218077846748 382.6234188742656 265.6602019149458 1.5 1.5641794100403785 3.501756724715233 -6.442039470468869 1.691609032950693 13.936802764771786 -3.1367115537312373 0.9997180104255676 
Car -1.0 -1 0.1883475005281325 358.5561357392826 181.31431133443564 497.4208283800401 228.24681677657765 1.5 1.612846602499485 4.313146185874939 -6.0914433178379195 1.796444379271472 24.32089183037137 -0.05706532398727961 0.9993605017662048 
Car -1.0 -1 -2.3751806028181264 0.0 183.7769636356499 206.12757005917388 362.6525765919842 1.5 1.5840407952666282 4.05648076236248 -6.431065394789866 1.6188557574107396 6.987496847269782 -3.1191352168705806 0.9993247985839844 
Car -1.0 -1 0.626819345206022 0.0 183.00391841838552 286.30961527446243 311.12164090862575 1.5 1.5378188833594322 3.6422236382961275 -6.43182127349905 1.6439853951268528 9.390917041089375 0.026300950846399582 0.999157190322876 
Car -1.0 -1 -1.7421541952208135 658.7006965677776 178.19347981554208 739.9375438931121 237.2403091140031 1.5 1.6185896962881088 4.0936002999544145 2.414694379086126 1.6697086123881821 20.79335374730889 -1.6265438544240338 0.9951943755149841 
Car -1.0 -1 3.639613508436999 52.10057988256361 182.7038455604995 324.5768040407998 284.4802353806438 1.5 1.5166756257414817 3.4800420075654985 -6.674702461733276 1.669509242487427 11.587327764387869 3.1170019984205783 0.9944082498550415 
Car -1.0 -1 3.411165061329421 206.96337932532734 182.0226486446501 402.00916138373174 253.98207246151497 1.5 1.5413549289107322 3.782491993904114 -6.8157876413871366 1.7202235707808233 16.296632190661164 3.0150401473005832 0.9879792928695679 
Car -1.0 -1 3.339954196912916 396.84876442228955 181.36931464152548 487.750592598474 219.6973562587648 1.5 1.5885347992181778 3.36843082010746 -6.835075768663241 1.857954887821901 29.454066136854415 3.1119313120802463 0.9864507913589478 
Car -1.0 -1 0.4447316710835847 267.17921657225236 181.77327976932727 437.4962198569494 243.3152059354885 1.5 1.6226565957069397 3.8779600083827974 -6.720098799301694 1.746229552278362 18.881373149018845 0.10280017455550602 0.9451993107795715 
Car -1.0 -1 3.257808657411971 378.17609270340336 181.37237133933078 482.4429471602843 223.63086302055132 1.5 1.5328264355659484 3.6330493658781053 -6.696075039704264 1.8308161213114933 26.998158665340146 3.014694678779465 0.7437382936477661 
Car -1.0 -1 -1.6838337313493459 652.9951052806264 178.86159665752544 698.2499644331591 215.7873070266249 1.5 1.565071803331375 3.7030896663665773 2.793379257854742 1.7806205052158526 31.78718389175028 -1.5961813675847394 0.6354689002037048 
