Car -1.0 -1 2.1507381169995714 39.90183112172053 182.99888749039812 231.58598065737615 263.2647654812 1.5 1.5653372302651405 4.068655011057854 -10.323752475008762 1.7545764142460267 16.03759681211524 1.5787889838179172 0.9999842643737793 
Car -1.0 -1 -1.6310779662650117 586.1238634270129 177.55598626505176 727.9127898192382 314.72187254172525 1.5 1.576838319003582 3.3068011075258257 0.4448719249034967 1.5742146701125794 9.666363385718384 -1.5850877408545954 0.9999381303787231 
Car -1.0 -1 2.2209999985118185 233.0225346053845 182.8567680854359 314.05170537010844 221.24968232412454 1.5 1.5194936215877533 3.1805171191692354 -14.325313801810596 1.951125361047251 30.797173341209636 1.7856187701185764 0.9998190999031067 
Car -1.0 -1 1.9116270989630755 351.70032114508837 181.5999864018281 424.20428873209414 219.0263544514888 1.5 1.6815418869256973 4.520913448929787 -9.86448865917356 1.9195376236227104 32.28383712754771 1.6150817751844944 0.9998192191123962 
Car -1.0 -1 -0.9998473026606527 721.4556368554871 177.380583408085 844.6798143821039 234.0895069178844 1.5 1.6308159127831459 4.0291840702295305 5.150938054305561 1.6469432608644032 21.380975188621836 -0.7634399692204339 0.9994003772735596 
Car -1.0 -1 -0.9032365207498139 689.8376116626132 178.3904665405717 761.5448750443 214.40468171603086 1.5 1.477474395930767 3.2307474434375765 5.149160971094531 1.7599536017423751 32.19102110411677 -0.7446237365391595 0.9989534616470337 
Car -1.0 -1 1.8945740278003496 413.0836324809127 180.99677995307857 481.7084135046546 222.1294036997663 1.5 1.579897341132164 3.7519662201404573 -6.499679872482811 1.8499634955848543 29.02851519788837 1.6743004202803196 0.9989066123962402 
Car -1.0 -1 -1.5778909935271457 1181.4759730504954 160.54042955823442 1241.0 374.0 1.5 1.6449293613433837 4.002798956632614 4.394501025001382 1.470083167924806 3.6959909212177586 -0.7063692371037347 0.9959459900856018 
Car -1.0 -1 1.7736697354736297 459.74460464918207 181.09314752412635 496.1789057772354 204.91742336602923 1.5 1.6072944298386573 4.291494426131249 -8.959062068686915 2.0855889392007976 49.085320655042686 1.5931367754896701 0.9887418150901794 
Car -1.0 -1 2.390459082180885 0.0 184.70470814786137 0.0 347.934587300175 1.5 1.6698094576597213 4.245589536428452 -10.627924079735337 1.6852522613489829 9.097831296620331 1.5276476581904548 0.9139482975006104 
Car -1.0 -1 -0.8657673149561773 667.6283251688918 178.7510735502602 733.5109744859999 208.49641396133907 1.5 1.5730875104665756 3.589485076069832 4.874078298335892 1.8328319469785979 38.885349361287076 -0.7410727898266656 0.7381091713905334 
