Car -1.0 -1 -1.9683036950189345 100.39372900284941 181.25433931260878 353.0227818535457 327.6540357824542 1.5 1.5838884308934211 3.5982618600130083 -5.100112556847644 1.6292861640344747 9.330624785966487 -2.468532220521246 0.9999854564666748 
Car -1.0 -1 -2.10348277732381 232.8183252182635 180.87286799798895 437.89776338925276 288.6869538109572 1.5 1.5896227702498436 3.5489487022161486 -4.692989892212877 1.65302165357484 12.012921306973539 -2.475913182893072 0.9999833106994629 
Car -1.0 -1 -1.5529073530986772 584.5912056485989 179.23547640818316 638.4732202459979 229.64185999867362 1.5 1.6371671602129936 3.390389916300774 0.032129134147283744 1.7243480818720083 23.612643845485973 -1.5515466789391381 0.9999232292175293 
Car -1.0 -1 -2.211425237539312 394.76348659958984 180.7249795023545 511.04061565697293 234.44666696613774 1.5 1.5911447376012802 3.78378541469574 -5.0010010270768825 1.7661050749319087 22.520438107115623 -2.4299443523075923 0.999862551689148 
Car -1.0 -1 -2.1634716352441137 362.9534307403376 180.67652863097305 502.5460944511467 245.20484378223756 1.5 1.63629190325737 3.997503083944321 -4.831959128168062 1.7294558431317848 19.185016004707553 -2.410201148190771 0.9997240900993347 
Car -1.0 -1 -2.400332919426626 474.94014490222554 180.64388073377745 548.3122810143803 212.78808729947366 1.5 1.561511543393135 3.498641636967659 -4.977480428683276 1.907765799461647 36.09707161704963 -2.5373603264477596 0.998770534992218 
Car -1.0 -1 -2.276456312115289 445.9743999522312 180.67965274591685 533.8541744982859 219.69729177929366 1.5 1.6099783152341842 3.7107604116201403 -5.114807922811545 1.8483167768659503 30.270707116348976 -2.443844155469213 0.9974378347396851 
Car -1.0 -1 2.3190571416665025 0.0 183.79634966199407 65.58923902303434 351.8521563136395 1.5 1.579831589758396 3.6771735668182375 -8.63069317676966 1.6584355081718014 8.550905535173197 1.5290152271601813 0.9970773458480835 
Car -1.0 -1 2.0137279921513773 202.9573112462231 182.01010709621778 344.5154324126204 246.64394145515593 1.5 1.7261384546756744 4.4524023801088335 -8.973053116074404 1.7776940839829485 19.614489697534662 1.5846788763960422 0.9961118102073669 
Car -1.0 -1 -1.8379751010943883 704.1247180887747 176.890153534394 875.093209774098 264.37146499967906 1.5 2.0282866925001146 5.657463011145592 3.481151165947571 1.603185132840053 15.506871335445206 -1.6171453009035928 0.9959576725959778 
Car -1.0 -1 2.1824239324108143 0.0 184.1501953131477 134.21188471252933 252.89127045591783 1.5 1.6465357065200805 4.142091286182404 -14.389228564414188 1.8237169785339995 18.54325168734685 1.5225006779048103 0.9937799572944641 
Car -1.0 -1 0.7798720694051999 638.2975628098908 179.01042130951464 709.8283457479712 208.63557970981591 1.5 1.611691389977932 3.865935143828392 3.4114409989152326 1.8531869277142425 39.35440050922556 0.8663410385462897 0.9609807729721069 
Car -1.0 -1 -1.542813926094455 590.2308103462611 179.69229231531904 623.0522679003244 211.02363628700567 1.5 1.5901234492659568 3.1836310893297197 -0.17311779751134873 1.8649189258927505 36.85378425171732 -1.5475113141026837 0.9087297320365906 
