Car -1.0 -1 -1.4321188545125445 494.00580374070563 179.83506740824689 566.7262535336623 239.5426566302501 1.5 1.5749242648482322 3.344538298249245 -2.1959620932441117 1.7123838149058528 20.2160023051262 -1.5403195610877616 0.9999927282333374 
Car -1.0 -1 -1.796790377142403 728.2542714510025 176.54577187426779 879.1141695025027 288.1661872834368 1.5 1.55079425573349 3.3740589886903765 2.8588547783252882 1.5679448003442793 11.506408804221937 -1.5532639055189235 0.9999892711639404 
Car -1.0 -1 -1.5826084949803765 595.3343285344029 179.23172352759397 644.2926722958712 226.7767651261086 1.5 1.5751703202724456 3.3497082561254503 0.26836444817513855 1.7351649989779392 24.88628276268979 -1.5718252836402995 0.9999872446060181 
Pedestrian -1.0 -1 -2.7253752270382714 812.1567565653567 163.23953221141971 856.5172071383255 246.857441364822 1.8 0.768144291639328 0.6919330477714538 4.941773793525783 1.5933921081520621 16.046259569933678 -2.426622227826391 0.9999580383300781 
Car -1.0 -1 1.038570672061481 188.8269107905499 181.4715405609048 388.02280949934647 279.73656485619074 1.5 1.5930906429886817 3.742095318436623 -5.923864256809601 1.6767761142280542 13.041455405644498 0.6122018535945075 0.9997087121009827 
Car -1.0 -1 1.0444917256803943 342.7062910371181 181.1145768353925 460.81030476751397 239.68723120880475 1.5 1.5847331404685974 3.785512086749077 -6.134144472210462 1.7609513380491437 20.882068280478087 0.7587770660731452 0.9990454316139221 
Car -1.0 -1 -1.5388180110840006 650.29927656488 179.01365694824312 684.2343891901695 212.1180136569594 1.5 1.5410593271255493 3.4505127489566805 2.7908054028739704 1.8159125120305677 35.16101328647938 -1.4596119085934502 0.998754620552063 
Car -1.0 -1 0.7038864361920978 425.86105281425193 180.8747030101716 523.6933142766723 218.729046051493 1.5 1.630679939687252 4.034516450762749 -5.873762791046111 1.8641336127976271 31.016823170273433 0.5167292793604987 0.9980584979057312 
Car -1.0 -1 1.1896605433373588 80.01239110214507 181.7072025067283 315.8197425681362 315.0136243375482 1.5 1.5701747059822082 3.7155574679374697 -5.913869101372202 1.6460244997116649 10.109512029930665 0.6603578766200202 0.9974351525306702 
Car -1.0 -1 -1.3544766736913951 516.8024739616789 179.8526253955697 582.7499166021211 227.04017580024416 1.5 1.560731467604637 3.6819639176130297 -2.08887296969467 1.7658000607794884 25.434640521330124 -1.4364198605206353 0.992211103439331 
Car -1.0 -1 2.478800687572659 0.0 185.94165719580587 0.0 302.85808153248655 1.5 1.7239679142832756 4.4772210091352465 -14.747847564677688 1.7592752183099236 12.01555907504802 1.591664540763718 0.9563874006271362 
Car -1.0 -1 1.9612423632989977 172.59865513443896 183.0289519782879 267.6525444447632 227.95059196069303 1.5 1.5700838088989257 4.53245812356472 -14.740494094883253 1.9208624216429233 27.482243336139614 1.4689282615992683 0.8991088271141052 
Car -1.0 -1 -1.541044792164891 590.4879281559805 179.66101981954154 624.5976175394694 211.26285453860422 1.5 1.636812698841095 3.385000911355019 -0.12293747945834275 1.8627517782771 36.69716939777783 -1.5443948330965382 0.7698966264724731 
Car -1.0 -1 -1.2413991688419492 653.978365014536 178.8446187542344 708.488772095235 212.33296774602735 1.5 1.5675779923796653 3.5390327244997026 3.460092071565121 1.8065706298240665 34.94373363965149 -1.1427019397404534 0.5825597643852234 
