Car -1.0 -1 -1.145555780043013 264.84388233508696 182.11866969621374 341.3979993676278 220.26947113472826 1.5 1.55045525431633 3.738134962320328 -12.715815361963909 1.3793632899533803 30.14862010074139 -1.5446883077409608 0.9999812841415405 
Car -1.0 -1 -1.1075042586340087 121.328215062157 182.63363393891706 280.69628133962715 259.8898571236476 1.5 1.5785100430250167 3.627041217684746 -8.785005798972154 1.450998053615812 15.800055992952998 -1.6149507659163815 0.9999054670333862 
Car -1.0 -1 -0.8623971727072297 0.0 184.3815411690603 144.15775220633037 336.87416554698416 1.5 1.593971674144268 4.011793670058251 -7.983057323929984 1.4929259653633966 9.08308087102129 -1.5834278781574709 0.9998874664306641 
Car -1.0 -1 -0.8250007531909478 0.0 185.26918821867125 41.134829083970025 281.18785138731596 1.5 1.571524378657341 4.097101327776909 -12.905047932169225 1.5022754589075578 13.307185672750967 -1.595058514797364 0.9996955394744873 
Car -1.0 -1 -1.0388078267671321 122.57134900963199 182.9840017874221 248.4763846352388 236.7312452705978 1.5 1.595500160753727 3.816620868444443 -12.783013394740399 1.4388480906852268 21.970655968172228 -1.565753988051091 0.9995799660682678 
Car -1.0 -1 -1.248437568841438 300.62850225422443 181.20666416440736 423.50819062095513 232.82037505024792 1.5 1.8952003240585327 6.518405538797379 -8.017289816501917 1.3846204561993654 24.148558806021153 -1.5689864609765378 0.9995680451393127 
Car -1.0 -1 -1.1914936217638405 183.12580780805368 181.18262578256565 405.4915770602333 318.6567139165932 1.5 1.5281271681189537 3.342561286687851 -3.9456658966534537 1.457125738948265 9.521251974326113 -1.5843571229514224 0.9913211464881897 
Car -1.0 -1 -1.592938394868195 564.0019034577634 179.78694904019818 600.2900638845873 213.35624207370716 1.5 1.623048309981823 3.874485802650452 -1.2957762584429235 1.2585546205956963 34.09986685626991 -1.6309195729580266 0.9816426038742065 
Car -1.0 -1 -1.2791679805534448 379.7039414221251 181.25958182036382 436.89976268423976 217.3733568282299 1.5 1.4998678609728813 3.426472333073616 -8.731908324397404 1.3368123177595115 31.58343466726823 -1.5489013875511033 0.970578134059906 
Car -1.0 -1 -0.5459808349618653 0.0 0.0 1240.0 375.0 1.5 1.7162336528301239 4.374303531646729 -3.223824453838734 1.5080045372812927 1.6522284666761784 -1.6431751037624223 0.5675076246261597 
