Car -1.0 -1 -1.8111436233827598 666.6541214897409 178.23802853165552 745.117071911952 233.78710210137734 1.5 1.5503542989492416 3.3683350801467897 2.7358539822995165 1.6745808156313613 21.584090148822092 -1.6850627074625832 0.9999415874481201 
Car -1.0 -1 3.5994609252773704 81.55261206092736 182.60806550363358 338.5397149479853 276.7152731097479 1.5 1.5331201747059822 3.5939941674470903 -6.840706867047766 1.6809550697738442 12.514578413390087 3.0992171645124973 0.9997768998146057 
Car -1.0 -1 0.11058866244200981 435.0769390313522 181.0707733384417 525.5772085318476 213.49096101573645 1.5 1.6249781966209411 4.144137588143349 -6.235653360091202 1.9076109796076055 34.810583087889896 -0.0666623870518548 0.9997416138648987 
Car -1.0 -1 3.442926866525518 247.35512656720812 181.8263931559722 433.112913774306 248.45897118479047 1.5 1.5585944548249244 3.899960082769394 -6.427110317110459 1.7272286305193052 17.35966404633184 3.0883425354918064 0.9995482563972473 
Car -1.0 -1 -1.6991150630304912 641.679980402717 178.89071853458887 691.9254101154846 216.93895759584154 1.5 1.6302736967802047 4.195224729180336 2.34892306210087 1.7797995772653976 31.259418198355135 -1.6241131248560292 0.9980055689811707 
Car -1.0 -1 -2.639101512488711 971.2802525701244 173.0970044121371 1241.0 321.0065973111833 1.5 1.5397405743598938 3.5309361785650255 6.663646083999201 1.5041210161249052 9.245934319034937 -2.014610395827566 0.9973711967468262 
Car -1.0 -1 -2.2654966890067416 0.0 184.2534957907566 136.21632588335325 374.0 1.5 1.6511813297867775 4.079083216190338 -6.0523348240419885 1.59627935315687 5.210379163482325 -3.1255120793965205 0.9925073981285095 
Car -1.0 -1 3.6482828024943452 0.0 182.9443976345846 294.557690680094 299.80770999944247 1.5 1.5929433077573776 3.8253902018070223 -6.84149536307665 1.6584639474312797 10.36202736817003 3.064737904067856 0.9893063902854919 
Car -1.0 -1 3.2766658797838293 451.359164066349 181.12923378020398 519.7671292410479 209.16611127468806 1.5 1.5513916060328483 3.5556188344955446 -6.883175088539177 1.968001030887561 39.93370409664739 3.1059780001600803 0.9675514101982117 
Car -1.0 -1 3.3497990156748303 349.9526817873638 181.47348369695825 476.5589917595484 228.40096685920736 1.5 1.5980657681822776 3.8676346212625505 -6.592465526578472 1.8015325681914183 24.301285684885872 3.0848940491636814 0.9054343104362488 
Car -1.0 -1 -2.7343965684937475 321.05568705870496 181.61394821166866 456.560498061556 233.61983748810184 1.5 1.5326468765735626 3.660768133401871 -6.767990803302069 1.7803291322643833 22.095317020606462 -3.031631187596594 0.7902296185493469 
