Car -1.0 -1 2.122889828181953 0.0 183.4685116193122 136.63190511530118 292.88735417221744 1.5 1.6254708662629127 4.194439065456391 -10.214743933108823 1.716441767153543 12.499385465957262 1.4377369125697272 0.9999529123306274 
Pedestrian -1.0 -1 -1.031022631319004 737.9866608217266 169.0078483069499 766.642095380917 224.97596461120511 1.8 0.6023493155837059 0.7930010117590427 4.63134308408686 1.67666107015387 23.698943836985908 -0.8380308906224114 0.9997871518135071 
Car -1.0 -1 -1.2195438099068399 860.0894119753989 173.62150386534202 1181.1511113736117 365.8212976124069 1.5 1.6218241795897483 3.96601879298687 4.377262582909405 1.5103866432053275 7.534451854810149 -0.6932372609761102 0.9997755885124207 
Car -1.0 -1 -1.0606146037189779 788.4824228466094 175.41681949464098 1017.4962071417408 291.02327961566306 1.5 1.6180875271558761 3.8913758963346483 4.622407308078457 1.5470024581176134 11.285308950106394 -0.6718640486386163 0.9997044205665588 
Car -1.0 -1 -1.5470438850020973 563.2592177417582 178.30998085621172 667.1720340750142 279.61032746005105 1.5 1.5693611025810241 3.435307976603508 0.07487094630582986 1.6088817164874225 12.609031360289457 -1.54110607231525 0.9995480179786682 
Car -1.0 -1 -1.5829944170687296 1165.4905487655487 164.03477737708334 1241.0 374.0 1.5 1.6368082284927368 3.892468523979187 4.561922778757182 1.473097915253951 4.153634273613752 -0.7507845322277886 0.9925751686096191 
Pedestrian -1.0 -1 1.9554916851121853 952.0882286576298 170.7899685449426 963.8268907622212 204.0832593712943 1.8 0.5014053106307983 0.2958783905953169 18.91321508840198 1.6887659649800655 39.292191671964844 2.4041066050489963 0.8229337334632874 
Car -1.0 -1 0.5968288105943331 104.45891666459205 184.6069650368293 191.50553597940143 213.72940557790548 1.5 1.53136947453022 3.7065184235572817 -24.734532920413912 2.1430314155858268 38.63612825321497 0.02737955649825505 0.6680381298065186 
Pedestrian -1.0 -1 2.2270661402885636 954.962071466878 170.73906748883394 965.2811147527062 204.16861108702744 1.8 0.40681334473192693 0.2960328504443169 18.935754263905192 1.6864800472375614 39.096276119048106 2.678104627128464 0.652761697769165 
Pedestrian -1.0 -1 1.5508416232095232 961.6220329932155 170.66676169287703 971.2135499353017 204.0844736068981 1.8 0.46183229684829713 0.16025034971535207 19.245053715551588 1.6825450740661452 39.03243138248353 2.0089161276777805 0.6247414946556091 
Pedestrian -1.0 -1 1.5889712436067105 958.7654125804164 170.73966054078755 968.3507668572867 203.9519591947863 1.8 0.464353945851326 0.28816783130168916 19.24072462724521 1.685767302227156 39.3363304693403 2.043888080116135 0.5506250262260437 
