Pedestrian -1.0 -1 -1.4359940400191837 622.7253818947529 164.21847638729645 662.4366344468547 248.17462785676676 1.8 0.7702379047870636 0.8674211360514164 0.8838687550719115 1.4307160723661039 15.897058533068819 -1.3804517100241525 0.9999181032180786 
Pedestrian -1.0 -1 1.744207031965106 418.0738918463586 151.60399953393096 491.9307485231966 319.86077610931807 1.8 0.6837241843342781 0.8615034192800521 -1.681698279738641 1.4815335115739676 8.123137932653236 1.5400652130458015 0.9999467134475708 
Pedestrian -1.0 -1 -1.6707991347798035 621.5938026290828 169.44271099750483 649.4086924447923 224.06542849775087 1.8 0.8449377983808517 0.9109848670661449 1.1122759806634803 1.403759571286043 24.14653050149025 -1.6247680793192727 0.9996616840362549 
Pedestrian -1.0 -1 -1.7216504204950358 724.7029312474131 166.20621843669798 758.7635408623881 232.64035649005413 1.8 0.804024238884449 0.8572125367820262 3.8467820044603425 1.3867813960691193 19.904676104317435 -1.5307437414911134 0.9977481961250305 
Pedestrian -1.0 -1 -2.279562096248628 1170.5338241909726 118.31941612704698 1237.0 373.0 1.8 0.8485367082059383 0.8090181767940521 4.406522699135371 1.4258889949610944 4.690334934745532 -1.525352747240339 0.9966555833816528 
Pedestrian -1.0 -1 -2.573441362510991 378.9668314870667 167.28735649736748 426.8941197001249 248.99243330451904 1.8 0.6678582660853862 0.815449983626604 -4.523754186494972 1.4881096343822642 16.261210564399423 -2.844773606457983 0.9933783411979675 
Pedestrian -1.0 -1 -1.6440893023200958 744.2441678682974 167.57810008258352 769.9151025274724 225.18905532449256 1.8 0.7375446639955043 0.8512174271047115 4.930502838748303 1.366131521690586 22.913578393825606 -1.4321428100254876 0.9899739027023315 
Pedestrian -1.0 -1 -1.496630651753709 665.1533994645818 163.49901283605385 702.3378207620952 248.93622628141026 1.8 0.743437048792839 0.8792371980845928 1.7639212528077766 1.4219857328955934 15.632268875623133 -1.3842674652722222 0.9803962707519531 
Pedestrian -1.0 -1 -1.7618064920730672 699.0491719395382 165.37755639413038 737.1497514985213 238.01206059939054 1.8 0.7955319739878177 0.9076686136424541 2.9220358785930802 1.4016469314362505 18.26535682430493 -1.6031737151232106 0.9739054441452026 
Pedestrian -1.0 -1 -2.404108870828439 133.99078639169218 132.47367462872293 324.19542304233585 373.0 1.8 0.6382101707160472 0.9563239783048629 -2.5354400864725695 1.5005246346392882 4.835254906467042 -2.887058214345251 0.9681811332702637 
Car -1.0 -1 1.6210713116223456 567.6562011792198 179.24742780823414 596.9746024778773 205.0967971854727 1.5 1.5904918804764747 3.847739335894585 -1.1185916543178727 1.3700678311658443 43.62416525118676 1.5954353690107883 0.9573615789413452 
Pedestrian -1.0 -1 -1.5581283198820248 668.0248916160997 163.8761191424299 697.0518600002982 247.26687044269252 1.8 0.6240577928721904 0.9131434865295887 1.7730932601888696 1.4208123549753524 15.994162525492905 -1.4477203647282464 0.9229826331138611 
Pedestrian -1.0 -1 1.744769858732448 438.7093625911115 152.19053986260465 514.1969220979627 315.69549790615963 1.8 0.7311826132237911 0.8404208838939666 -1.4746369183948989 1.4786920045137704 8.326112168918991 1.5694777210566657 0.9003701210021973 
