Car -1.0 -1 -1.8389016228310315 739.4916720219373 176.13876737737328 926.2094080839854 301.6647219764572 1.5 1.583440650999546 3.848560017347336 2.986930369228281 1.5576281708234523 10.648854033060733 -1.5654357015762967 0.9999926090240479 
Car -1.0 -1 1.8819428504957363 293.2729404363266 180.45776847127095 451.9960676335962 277.4551394201063 1.5 1.6197134301066398 4.071599107980728 -4.274992969529861 1.6643038950830438 13.514790827078535 1.575582015510422 0.9999922513961792 
Car -1.0 -1 -1.7845319094866727 696.4673719495944 177.4559351166374 805.6512006977614 252.6794289230302 1.5 1.6057489931583404 4.0908126652240755 3.0647083929657186 1.6201471129965483 16.708733011621526 -1.6031287173416955 0.9999576807022095 
Car -1.0 -1 2.07451393529326 10.323714285095322 180.73807522776133 351.10490186014687 359.64294237551394 1.5 1.5938018009066581 3.7254682302474977 -4.422173908179576 1.6090117637106376 8.076162160788845 1.5735468745192112 0.9999556541442871 
Car -1.0 -1 -1.675442716371424 662.1415319577571 178.14099436985057 749.244812466065 230.02034443017112 1.5 2.261650797724724 5.997566741704941 3.0216607789941965 1.701969608493878 24.493284880214137 -1.5526960129526002 0.9999420642852783 
Car -1.0 -1 -1.6430862298549576 633.417731037504 179.41043749858542 662.1873973733024 204.23964600716903 1.5 1.5907122313976287 3.430278089642525 2.3569416780986097 1.9362319740917755 46.233607894279906 -1.5921513541277987 0.9988067150115967 
Car -1.0 -1 -2.526118722913217 0.0 0.0 1241.0 374.0 1.5 1.5829531967639923 3.752744060754776 2.839362799030771 1.4676152857463411 1.888056217711845 -1.5421409505095822 0.9977080821990967 
Car -1.0 -1 -1.5250038738669938 504.7528170204296 180.72046294110856 531.6508661653482 204.75500294820182 1.5 1.6173091277480125 3.6403270930051805 -6.120184672677478 2.045697588708839 48.138211414246285 -1.651463189223085 0.9908973574638367 
Car -1.0 -1 -1.658060375004222 655.6530642698348 178.81067294032724 700.0710585612014 216.41038145902473 1.5 1.5708659335970878 3.952668842673302 2.850788923959794 1.775843277370562 31.388166304653847 -1.5674851944812132 0.952078640460968 
Car -1.0 -1 2.5560248295334436 0.0 180.79200565356567 63.318972297426704 374.0 1.5 1.55993742197752 4.139928010106087 -4.4536126933712294 1.5537958252987418 2.7618073684076885 1.5403162678095954 0.8321314454078674 
Car -1.0 -1 1.3450476828962583 650.0118889034993 178.85193356677215 703.2999081923757 214.64494816320908 1.5 1.5759891390800476 3.9093083262443544 2.938234955086568 1.7913913842414044 32.96405790673883 1.433947249254908 0.701049268245697 
