Cyclist -1.0 -1 1.7716812982261292 1079.5011063007107 173.1818098262134 1118.9161974853 224.43172003316087 1.4 0.5891268633306026 1.723945190012455 14.041123887509562 1.2016677904479265 20.11714440261055 2.3810422301252903 0.9996023774147034 
Pedestrian -1.0 -1 1.5455330775659883 275.61439275118556 146.32912007243584 350.51555273920667 343.21069165867715 1.8 0.6466591291129589 0.8257626116275787 -2.9388335817887152 1.4892907119794019 6.968640131483923 1.146441622576441 0.9993072748184204 
Pedestrian -1.0 -1 -1.5417518208054912 75.19898615758129 155.39299563677855 135.53514131764283 316.33061422877597 1.8 0.5625265210866928 0.9991177849471569 -6.0191050774005355 1.5208780363370495 8.474634438586973 -2.1593235890057425 0.9985053539276123 
Pedestrian -1.0 -1 -1.594131563260559 138.37437410876018 155.86837260907927 191.28094318996713 309.44463738612944 1.8 0.5339237421751022 0.8862582527101039 -5.538163529122037 1.5129862298424837 8.798889707865053 -2.1559002558377127 0.9982432126998901 
Pedestrian -1.0 -1 0.3101938885935016 1026.527379679546 163.6966310410162 1052.1679143951405 205.84293553627796 1.8 0.7116146877408027 0.7687804780900478 18.850203955951436 1.0838334742197402 30.71538069918371 0.86063019832107 0.9982473850250244 
Cyclist -1.0 -1 -0.9555121030715863 926.7041123564454 174.18576923068017 961.7510330473784 205.57173978528522 1.4 0.6618888609111309 1.558176290988922 15.435858084925922 1.119813395008852 32.20199977903895 -0.5085248510029656 0.995900571346283 
Cyclist -1.0 -1 -1.4157417603538165 1203.5970455244699 173.7526610865859 1223.0 267.92748744542075 1.4 0.5641171269118785 1.446835745871067 9.95929478340564 1.301356215026059 11.183318188503936 -0.68817271391419 0.9951646327972412 
Pedestrian -1.0 -1 -2.1079142627016645 668.3029621130285 168.9178440376401 691.1405261800268 208.05766533923827 1.8 0.6844915010035038 0.9253266759216785 3.4739754357768864 1.2688049081549677 33.07499504134265 -2.003264681496893 0.9487293362617493 
Pedestrian -1.0 -1 1.9943760352693214 664.8523791676963 169.12821754172964 682.5128450617092 207.61599501390492 1.8 0.6284417144954204 0.6333825670182704 3.238559018269442 1.2696145709672493 33.493325700103306 2.0907690405806125 0.9357741475105286 
Pedestrian -1.0 -1 -1.6540592352030021 146.13708998919324 156.42648496137767 205.54193457110682 305.9366266914444 1.8 0.5705873042345047 0.9259433977305889 -5.553064046080803 1.5118519381585145 9.049425274113613 -2.2044457952168326 0.9313543438911438 
Cyclist -1.0 -1 2.0659033160313243 907.7105381870873 177.6310019854124 992.2763986963402 270.92139061872456 1.4 0.6119498543441295 1.4231209203600883 5.465537548961822 1.3586062307812663 11.269762812177419 2.517457711692673 0.9505031108856201 
Pedestrian -1.0 -1 1.5874649302095116 660.3157619272571 169.2800140127003 676.1110037776081 207.3840516995988 1.8 0.7417573153972625 0.5853903971612453 3.0018305545780133 1.2714261430932903 33.72548758012607 1.6762387633284153 0.8997752070426941 
Cyclist -1.0 -1 2.053949891314902 860.3862646554436 178.16283098010612 944.7037546200511 270.3178515425849 1.4 0.6179981425404548 1.5422205001115799 4.796891417338495 1.3661540018269234 11.466082613231938 2.4501786112745823 0.8938781023025513 
Pedestrian -1.0 -1 1.985335542948602 1044.533337236581 163.32631272107855 1073.1169651031757 206.0809730032167 1.8 0.7545293800532817 0.846136038005352 19.435578119777187 1.0784581977291792 30.310575580906956 2.5555097937544407 0.8852421045303345 
Pedestrian -1.0 -1 -3.4270912113261334 1058.4527098753301 163.06392565496458 1091.9634622745846 206.205239088743 1.8 0.7211032815277576 1.0206667266786098 19.914955823259607 1.0739931103395661 29.99100294370778 -2.8409155170109615 0.8294047713279724 
Cyclist -1.0 -1 -2.848704152048452 810.3778739677379 175.71825168369224 843.6350823208529 207.0023269428448 1.4 0.7366779752075672 1.2922818332910537 10.124861350970368 1.1874755000084742 32.30406323696666 -2.544977919259344 0.9079521298408508 
Car -1.0 -1 2.4936770843918383 675.9110883569845 171.79774410108368 992.7163438481087 282.7081887649598 1.5 1.6090533256530761 4.723825541138649 3.5603051816596354 1.383977798294653 11.098691913994369 2.80409287213884 0.6060284972190857 
Pedestrian -1.0 -1 -3.256455366961972 1058.4174363332272 163.16506909918058 1084.9872742988832 205.98587554036098 1.8 0.6733255021274089 0.8748982593417167 19.91614714151721 1.0727975179630094 30.21406932273742 -2.6736621419575557 0.5244480967521667 
Pedestrian -1.0 -1 1.6738701313225683 439.3647591729943 158.65038176218386 487.0244367390557 272.8611452721145 1.8 0.684420720487833 0.8727267876267433 -2.3582951619941346 1.4572987100622647 11.60592586084288 1.47340194781753 0.5008367300033569 
