Car -1.0 -1 -1.8176806852100387 675.3803302405014 178.14959109575705 758.3781031628948 228.23937207687624 1.5 1.7018748939037323 4.502090674638748 3.4500666417095074 1.6967380527626053 24.42577921506627 -1.6773619810726983 0.9999446868896484 
Car -1.0 -1 -1.9349464202158335 731.0126226849783 177.59780448349957 824.1886979422894 225.81807680652616 1.5 1.665213380753994 4.468362641334534 5.6816767310698175 1.6815740271394637 25.230579363048665 -1.7134510437634332 0.9999105930328369 
Car -1.0 -1 -1.566468572242908 484.7465392698643 179.97715729318332 546.1066200316399 234.32856890709454 1.5 1.7393788814544677 4.41542589366436 -3.027049797755336 1.7483171902606869 22.813786070344378 -1.6983831534769875 0.9998652935028076 
Car -1.0 -1 -1.2800008847121798 227.84736145706685 182.09934406234999 333.9850057910381 239.5959837293267 1.5 1.698799294233322 4.502647233009339 -9.872098659145095 1.811275415984937 21.91856328383374 -1.7031865576889855 0.9997956156730652 
Car -1.0 -1 -1.113048598470303 103.25082190434746 183.15313387164383 238.22649808709977 241.60594406076027 1.5 1.6730856642127037 4.361350324749947 -12.955740584479194 1.8399637306706669 21.546472385483483 -1.6544182086971146 0.9994459748268127 
Car -1.0 -1 -0.5898865094582759 835.3734246821052 175.43523608314416 1135.632974597377 238.55573652525686 1.5 2.23464262932539 6.867211174964905 9.581049512592939 1.5729766027824403 18.782150770729668 -0.11817999283340999 0.9992280006408691 
Car -1.0 -1 0.882961552136359 1133.4580123367737 173.3051519873655 1241.0 219.54401806314382 1.5 2.191043321788311 5.679906395077706 22.17955052196314 1.5185963896094987 26.3132459657089 1.5833217978437961 0.9985952973365784 
Car -1.0 -1 -2.0675899918092133 1045.1758022307695 163.30261582768355 1241.0 374.0 1.5 1.677240853011608 4.2340176671743395 3.915724634865463 1.4779048098841934 3.960382260778818 -1.2878617803242547 0.9979078769683838 
Car -1.0 -1 -0.9520114350468656 0.0 184.97080539596095 60.84012032967121 245.20013554200096 1.5 1.6684100523591041 4.532958430051804 -18.601191052603415 1.896471582545342 21.24660769238476 -1.6711188490178925 0.9975501894950867 
Car -1.0 -1 -1.4602231609434586 402.8498804453768 181.103863992792 457.3237907798374 222.67604681574622 1.5 1.6744152203202247 4.219658535718918 -7.2175025589522255 1.8583727658638032 29.107513735702447 -1.7032810161497933 0.9832051396369934 
Car -1.0 -1 -1.278714018526885 529.9677040380482 180.07726123608222 584.9787772234805 209.02752078159102 1.5 1.7370110869407653 5.156683039665222 -2.9627389002984814 1.942311994308762 41.438515174117704 -1.3500897894289834 0.6859725713729858 
