Pedestrian -1.0 -1 -2.645301647974657 452.8923317956299 168.39855144848647 493.88500562187494 239.2477992127686 1.8 0.6332336485385894 0.851602528989315 -3.3583027809240082 1.4683232846424057 18.681451665010872 -2.823168591656957 0.9999725818634033 
Pedestrian -1.0 -1 1.665860940362183 488.3467493388895 163.4218938174699 525.7864511427138 260.6442801182321 1.8 0.6381732903420925 0.8007972061634063 -1.8303656820063465 1.466560898585794 13.708952833104508 1.533129854998316 0.9999041557312012 
Pedestrian -1.0 -1 -2.4100679308465685 1000.2614994519646 137.3636366557312 1153.7137265515262 345.80712678942626 1.8 0.8380073614418506 0.8573491618037223 4.370173877216326 1.4202474955439457 6.723355028724946 -1.8336934308197839 0.9995384216308594 
Pedestrian -1.0 -1 -1.6598389308493102 698.3445661916994 167.56561900603452 725.3750120953481 228.1405943055786 1.8 0.7390348732471466 0.7994501411914825 3.310131528747193 1.3870633341466567 21.76469782398867 -1.5089083584633214 0.9994439482688904 
Pedestrian -1.0 -1 -1.5751186762926292 581.0783335678341 166.43588308749756 611.8118458601364 240.71170900806595 1.8 0.7450204834342002 0.9423071078956127 -0.1615604379931468 1.4361300005460451 17.881599591803383 -1.5841534408417088 0.9992278814315796 
Pedestrian -1.0 -1 -1.7038288175127319 607.0663506921651 170.27473528205854 633.2853053953111 221.1027945082439 1.8 0.8345434933900833 0.8791667900979518 0.6470735526720711 1.403531239067969 25.918176921051103 -1.6788679892804963 0.9988584518432617 
Pedestrian -1.0 -1 -1.585034223245422 668.5541410257075 166.79228650142034 694.9728335155235 233.64213102389232 1.8 0.7081689804792404 0.8709752492606639 2.1759018270904518 1.4051407414371972 19.806453706269103 -1.4756147796895844 0.9610520601272583 
Pedestrian -1.0 -1 -2.342728974034362 0.0 107.6397991224928 198.27203662420965 373.0 1.8 0.6057586081326007 0.6400801733136177 -2.381518219152603 1.5035780432070025 3.2458379192562115 -2.975725607075964 0.9415399432182312 
Pedestrian -1.0 -1 -1.6229622619597917 667.270092136987 167.0590322975481 694.8390002039928 232.4848134569747 1.8 0.7277468711137771 0.7665221139788627 2.197043387262012 1.4038525122686158 20.16343554103358 -1.5144286798920972 0.9358444213867188 
Pedestrian -1.0 -1 -1.5252923405979002 630.6549290564889 165.72433695607143 661.6426576100891 240.84947996494353 1.8 0.7231870226562023 0.9448968365788459 1.0783112286665808 1.4232118631586694 17.716851740086017 -1.4645037362959725 0.9279122352600098 
Pedestrian -1.0 -1 3.6205295742980033 42.829303238863695 120.22776917278709 259.14163146165515 373.0 1.8 0.6125304408371448 0.7886556468904018 -2.4150830275347444 1.5021672529312127 3.84340425803163 3.0595099806746067 0.9271494150161743 
Car -1.0 -1 -1.9873798285101858 539.4165107650427 179.52079830695914 583.7525596496611 203.1894784857955 1.5 1.5908001482486724 3.6260376244783403 -2.6644083498567985 1.3752842522260997 47.498146298902135 -2.0434160987522945 0.9246136546134949 
Pedestrian -1.0 -1 1.6887528567887482 467.40346698184896 163.41808229340836 507.17552084787167 261.9372249588746 1.8 0.6583530016243457 0.7431958362460136 -2.1761226113336964 1.4708997521286 13.506792470856483 1.5290123661372321 0.9068048000335693 
Pedestrian -1.0 -1 -1.9234664091182605 0.0 94.47569821487073 127.30543907475355 373.0 1.8 0.5653989993035793 0.7310782119631767 -2.4507863093175404 1.505454741231126 2.8659267845366134 -2.6309405128147945 0.8927912712097168 
Pedestrian -1.0 -1 -1.3606101632212901 620.7212805766356 166.65101819335644 656.2266176613159 236.89961765974311 1.8 0.7389713570475578 1.0429410755634307 0.9579525383163539 1.4206970594740487 19.002544652033595 -1.3102409998562676 0.8426036238670349 
Pedestrian -1.0 -1 -2.7061919217768606 331.11288101239114 153.93002682839435 427.58573243159293 313.8065341100609 1.8 0.7194732807576656 0.8702636256814003 -2.6557211076152187 1.490950350236721 8.498980140954348 -3.009054259457861 0.5613290667533875 
