Car -1.0 -1 -1.2034962678645 385.2617871672507 180.1397243568537 526.5244725436028 244.20747034042543 1.5 2.0621197789907457 5.40017583668232 -4.154279583209957 1.7346639523208187 20.368235370722825 -1.404695392647062 0.999919056892395 
Pedestrian -1.0 -1 2.5106398916226764 1082.260165800565 156.08458605232562 1138.721771912161 262.7630252793194 1.8 0.534079086780548 0.6005582891404628 8.573436786730573 1.5174052297168563 12.447140022694079 3.1138011097868503 0.9995890259742737 
Cyclist -1.0 -1 -0.8120640525853887 650.8905936201689 181.8086173178665 698.8799991840694 226.83247822371032 1.4 0.6363379329442977 1.5941925838589668 2.0780410657230926 1.7016014078130992 23.504311209799962 -0.72388227383164 0.9837284088134766 
Pedestrian -1.0 -1 -2.1407550421587684 908.8740313380416 162.48835522746225 951.0300769153129 244.38756159515287 1.8 0.5017000742256641 0.8280181817710399 7.169886304474705 1.5725392650474281 16.30326824566362 -1.7264307002213342 0.8781632781028748 
Car -1.0 -1 -2.5660375004740184 328.6618585623471 182.0428599325375 420.7840674954867 217.16656160705529 1.5 1.5680427223443985 3.713258591294289 -10.682912640235001 1.932448759614319 32.691853811436864 -2.8818748752262935 0.8761200904846191 
Pedestrian -1.0 -1 -3.3400646328245482 870.9837087279102 163.3621034155618 922.3146577563975 242.2604943842528 1.8 0.5733625523746013 1.018280305713415 6.6245104529465415 1.5838082526433845 16.8301572334208 -2.9650793830540523 0.8710679411888123 
Pedestrian -1.0 -1 -3.415037991373529 849.3749860139277 164.7508412799339 904.1878622104658 236.89064014794894 1.8 0.46848086901009084 1.2210090205073356 6.70116479933672 1.598171437079926 18.28177829904898 -3.0636970559742793 0.8741405010223389 
Car -1.0 -1 -2.630991822751771 248.1921290550529 182.6545962252289 386.2567931585368 213.57155905378875 1.5 2.2364652276039125 6.364500385522843 -15.173948114994317 2.0298318850284627 37.46938333474067 -3.015774683156286 0.8699231743812561 
Pedestrian -1.0 -1 -0.9252480146162296 655.5174666137747 169.66966852258105 690.7787524601285 226.92623859958223 1.8 0.544564288854599 1.1644705690443515 1.9995865734495761 1.7002505738281393 23.295778683113312 -0.8396231691029412 0.7946495413780212 
Pedestrian -1.0 -1 -3.4874779875794513 847.3156140923024 165.05667636799828 901.4566137378771 235.6190480485431 1.8 0.5577155880630016 1.1977562241256237 6.78811018612389 1.601453195992326 18.683626878828015 -3.1389876166966304 0.7671160697937012 
Pedestrian -1.0 -1 -3.421967021392665 858.4383895114963 163.6633426965922 913.8760300863796 241.42941580930508 1.8 0.5626369759440422 1.1082681387662887 6.454750322304028 1.5876277542694466 17.023991637575588 -3.059557632603918 0.6879534721374512 
Pedestrian -1.0 -1 -3.3518577638420703 864.6019082814262 163.97081479533182 914.6808489292873 239.77531216608506 1.8 0.47323378063738347 1.0525513000786304 6.702394564958077 1.5894239990273682 17.4461428148938 -2.9850664893772945 0.6258091926574707 
Cyclist -1.0 -1 -1.5215887277919204 737.3989777926649 181.1013136280145 760.2986707472979 228.08606442092108 1.4 0.6313739836215972 1.590486106276512 4.322602869736868 1.6688700218973072 22.641510530171598 -1.3329438577082497 0.5811322331428528 
