Pedestrian -1.0 -1 0.01152467107604968 478.43952424971786 169.81105321149593 506.4059555759761 236.87756058135017 1.8 0.654323261976242 0.7430756025016307 -3.2613335915962534 1.7186880823128554 19.74233355640256 -0.15219171444443294 0.999995231628418 
Car -1.0 -1 -1.5131208167281205 581.5237210722785 179.46103011386236 626.3495969989431 219.87508675384623 1.5 1.6062960520386695 3.856142845749855 -0.23029139088088582 1.7874673477253271 29.386106698673537 -1.5209574001517636 0.9999935626983643 
Car -1.0 -1 -1.6778494889083282 673.501642244028 178.36312204842443 735.0140436322016 224.45591178932312 1.5 1.7387759432196617 4.299312320351601 3.2816830030664534 1.7166490813748159 26.16050159926241 -1.5530571593579394 0.9999661445617676 
Car -1.0 -1 1.8890020716084415 373.92165327104794 181.71980786482897 427.8127693534342 211.50100904656833 1.5 1.634203878045082 4.136412826180458 -11.462715574533009 2.0137804010620886 39.6847822452134 1.6078112006147922 0.9999704360961914 
Car -1.0 -1 1.9612346183227771 257.0279278578544 182.35449406510133 344.1728688505368 226.99247431540087 1.5 1.6364027306437492 3.8977234184741976 -11.519499321307142 1.8821713851406616 27.036188238732063 1.558452053866114 0.9999338388442993 
Car -1.0 -1 -1.5527087367457828 592.1847621774742 178.65465795383432 668.6185228220207 250.84686771745086 1.5 1.6203271716833114 3.315759313106537 0.4545963208877088 1.6502839170038595 16.953833096639485 -1.5259013819184644 0.9999295473098755 
Cyclist -1.0 -1 2.7587825007828632 834.0061280443252 180.55553264208152 923.1315883349959 239.23196745640493 1.4 0.7903269983828067 1.8963641047477722 6.535286597610826 1.5943389310369342 17.74745905621608 3.111611592765671 0.9988856911659241 
Car -1.0 -1 -2.4195768848344335 500.1983044298634 180.52772228569108 565.2722015880104 207.92280915023863 1.5 1.5785495311021804 3.643968936800957 -4.566121647508385 1.966678216170157 42.14907077957717 -2.527488724389349 0.9980104565620422 
Car -1.0 -1 -2.411637177232286 435.35005675271475 180.72410015590708 532.1136783894724 222.14937367146635 1.5 1.5716685473918914 3.6174444973468782 -5.025079685964036 1.8273996143824343 28.360227034926563 -2.587004617848669 0.9972774386405945 
Car -1.0 -1 -2.6178247414393168 467.8186229845623 180.68244168041682 549.8154167298331 214.17221004727938 1.5 1.5707724288105964 3.558306258916855 -4.8541230607569865 1.8883101444297714 34.360405867414435 -2.758166865506445 0.968113899230957 
Car -1.0 -1 1.8660546878073316 359.6590439587783 182.01905790311946 405.2325936268591 206.91836085827353 1.5 1.6295433536171913 4.440443453192711 -14.888898633654593 2.129914751983914 47.3325465217362 1.561294718584742 0.95428466796875 
