Car -1.0 -1 -2.102983136582817 939.3825819835313 175.303147213723 1073.1319716914436 231.4047436068936 1.5 1.6459228962659835 4.050719228386879 11.590746337092682 1.5804032053532007 21.52392982799177 -1.6090079853918893 0.9999819993972778 
Car -1.0 -1 -1.7594180183262664 811.9347446697791 175.28991841210532 1001.705240939571 320.2148904594656 1.5 1.5700595945119857 3.4818539887666704 3.5615642182193277 1.5382760582134705 9.37821428350669 -1.396472022929464 0.9999476671218872 
Car -1.0 -1 -2.130632301553633 855.3481040952481 169.95940717821566 1241.0 374.0 1.5 1.6342770799994468 4.050268468260765 2.8126921355510937 1.4918187825579503 4.176678416872581 -1.5379633801665646 0.9999228715896606 
Car -1.0 -1 1.940752646641497 499.5099438862009 178.8213764776691 642.5273151999619 264.4675697527801 1.5 1.6263608381152153 4.012369972467423 -0.7034300757590833 1.6430979672737709 15.095888883103726 1.8941888689955295 0.9996010661125183 
Car -1.0 -1 1.8223689810188073 605.5882419542571 179.12807093428785 666.1821435389826 219.68273695006044 1.5 1.5723594024777412 3.7739730000495912 1.0775563029290942 1.773235416332448 29.3464044763944 1.8590710043867649 0.999313473701477 
Car -1.0 -1 -1.7020347768215176 806.5689924392193 176.2209377251804 918.1743913695211 267.1544612715058 1.5 1.5494360148906707 3.4086162716150286 4.6549525892073405 1.5735234322434544 13.855498632181712 -1.3779182444002969 0.9987107515335083 
Car -1.0 -1 2.4310250838782093 0.0 180.2921724245604 243.73902891610186 374.0 1.5 1.6070571288466453 3.81454476416111 -3.9936736787752554 1.5622756522692183 4.0379585998177525 1.6511406779249729 0.9983086585998535 
Car -1.0 -1 -1.634001380895474 781.4698497991645 177.64306011758313 821.274851145725 211.75168374718547 1.5 1.5828779458999633 3.7468554943799974 8.998431320079554 1.7411024019557761 34.27808701354187 -1.3772812197592599 0.9890295267105103 
Car -1.0 -1 -2.247497033793165 1035.5144687903705 174.24499743949184 1193.2432919644582 232.0890836770386 1.5 1.6715361297130584 3.836806353926659 14.277288381169768 1.5442284684110026 20.778423355438203 -1.6454671780255181 0.9485581517219543 
Car -1.0 -1 1.749302139549929 653.0400609247966 179.01516328827464 692.2291316557784 208.05604124351507 1.5 1.521688376367092 3.8157603263854982 3.496731749476529 1.8608331135941842 40.17212693514759 1.836127030845505 0.8858424425125122 
Car -1.0 -1 -2.4067461533477275 1100.7550738929704 173.49238173744112 1241.0 232.4425714157752 1.5 1.6085189327597618 3.9706366628408434 16.255804736325235 1.5203409750958459 20.492828177047723 -1.7361385683205468 0.8015967607498169 
Car -1.0 -1 -2.2877164378690167 1128.2844947674675 173.2540511355589 1241.0 231.89218810703014 1.5 1.7042110234498977 3.8910026222467424 16.926521359183305 1.5127869381423749 20.448039245725774 -1.596263242014919 0.781562864780426 
