Car -1.0 -1 -1.609361468210506 570.1028953400868 179.52700791017608 617.7173797436145 223.9236419435897 1.5 1.6138520583510398 3.606572237610817 -0.6984658019609575 1.7652112394127168 26.78363744260728 -1.6354336375978333 0.9999874830245972 
Car -1.0 -1 -1.426343491926971 456.4418108939231 179.74336285942718 549.2146677867248 254.9554700151786 1.5 1.5786977976560592 3.726859998703003 -2.395001966876557 1.6766188897565044 16.593150596525074 -1.569690291946989 0.9999257326126099 
Car -1.0 -1 -1.6670318200812342 645.4652746177039 178.7436504086887 699.2559010393906 223.50004178438567 1.5 1.6053686410188674 3.7043056011199953 2.1811830329859907 1.7321712198675216 26.53321272126843 -1.5850104848530633 0.9998517036437988 
Car -1.0 -1 2.0302973968261453 227.9515286789998 182.88450967566976 306.2891778810564 219.8754615199933 1.5 1.583627101778984 3.9397890239953997 -15.29159540741749 1.9771996264181888 32.315078682231125 1.5883161902388157 0.9998016953468323 
Car -1.0 -1 2.317480262111636 0.0 184.73357326478023 83.62716384928261 256.3071824952141 1.5 1.5596252426505088 3.6824675768613817 -15.067573612581375 1.821127064058012 17.60984567099986 1.6097247481306614 0.9997645020484924 
Car -1.0 -1 -1.3450113415430218 376.3194879648572 179.56432456480218 524.9209214790455 292.82079392645204 1.5 1.546877858042717 3.4834592163562776 -2.4196676477753374 1.6238260604649069 11.517463513704884 -1.5520867175098998 0.9985207915306091 
Car -1.0 -1 -1.653013146627782 634.7144368059277 179.1646238882758 672.8712192922138 211.88027815060727 1.5 1.572725412249565 3.717121717333794 2.0790626516109256 1.8288614036387094 35.680468321789895 -1.594810030483876 0.9971725344657898 
Car -1.0 -1 -2.384746499968456 923.4152148475281 149.69055958644535 1241.0 374.0 1.5 1.6262835383415222 3.786166247725487 2.741733798634633 1.476515870197689 2.640909537586167 -1.5806191610780103 0.9967136383056641 
Car -1.0 -1 1.099274620297286 114.95473823437194 181.88486656701693 333.0945559421242 290.0127704449195 1.5 1.5972627818584442 3.8996173560619356 -6.5728219385429885 1.6733867866875012 12.061271308309152 0.6003147800776618 0.9879719614982605 
Car -1.0 -1 0.12303013501674018 336.8138983417373 181.4434013910821 465.35687156747935 233.29896539447748 1.5 1.6025271758437156 3.6466176182031633 -6.408343825050486 1.7786841386409138 22.301445419477915 -0.15678210655716487 0.9836685061454773 
Car -1.0 -1 0.7694773427220811 342.8109203629283 181.2179378052267 473.3014463464295 234.77974704461883 1.5 1.599898611009121 3.858652201294899 -6.3152581139657284 1.7779827639354324 22.328428801852294 0.49384181102248603 0.9830781817436218 
Car -1.0 -1 -1.5526018922401261 566.3757248576733 179.92744234553646 597.7136561662438 210.7322745588267 1.5 1.5613595515489578 3.5378488272428514 -1.4677373754068952 1.8878159933330496 37.73586107722373 -1.591477324315582 0.981533944606781 
Pedestrian -1.0 -1 -2.2340528383394176 978.0760925471933 142.47899506206983 1096.5920963340884 330.4801872870261 1.8 0.704666369408369 0.7807395912706852 4.265790854033837 1.5095352186726814 7.340326855512972 -1.7076130370285851 0.8175554871559143 
