Car -1.0 -1 -1.8054156195468412 700.7878753681774 177.1568416907263 826.2339310130237 268.89388569411324 1.5 1.5448224291205406 3.3540087312459947 2.712394171758458 1.5920102354491859 13.660746834405002 -1.6094109537687642 0.99998939037323 
Car -1.0 -1 -1.6851372390827402 656.6308140984221 178.69389276932768 708.107838914319 221.84357973977154 1.5 1.5400821834802627 3.4421014159917833 2.63277375467359 1.735249548747529 27.284157913012006 -1.5889404761281354 0.9999681711196899 
Car -1.0 -1 0.27441000382321357 359.17637067451113 181.33383946807092 489.0568644948051 231.33311500889366 1.5 1.5510296940803527 3.682113301753998 -5.838720747791262 1.7772383234081781 22.738859208484456 0.02306716044875554 0.9999618530273438 
Car -1.0 -1 0.39904535220772286 99.28405882969084 182.14402536355536 389.0431458570037 278.98721029216097 1.5 1.6353395327925682 4.093079876899719 -6.098754690487792 1.670826936477746 12.295522547766735 -0.061408595242772784 0.9999459981918335 
Car -1.0 -1 0.34421698289608726 199.63200902847325 181.9363076136086 413.22458828450846 260.12854023715926 1.5 1.5848394975066185 3.7599800646305086 -6.2019678717174 1.6994422041090806 14.92886039697158 -0.04952402512100764 0.9999105930328369 
Car -1.0 -1 0.11663535377164555 457.06344428449455 181.04191116294584 536.6929889495465 206.40140901841087 1.5 1.7537901669740676 4.654648017883301 -6.9197784949256915 2.0136610951376195 44.26506385802106 -0.03843553463486262 0.9998928308486938 
Car -1.0 -1 3.4586511097868895 293.7518607218472 181.83367169058195 431.1034223486467 238.81270741377153 1.5 1.5515996634960174 3.289168190956116 -6.848476484388896 1.7596841368049707 20.038834703081452 3.1293356299360813 0.999821126461029 
Car -1.0 -1 3.499100043106478 246.41029194590783 181.98300048731593 413.70539160072536 248.16046871098393 1.5 1.5480414524674415 3.4291314452886583 -6.694746410962727 1.7300844771216493 17.36237790537126 3.131078112121445 0.9996862411499023 
Car -1.0 -1 -2.1402600200607256 827.5383152861104 171.52316019638968 1241.0 374.0 1.5 1.5981657922267913 3.9809415608644487 2.7306121368756733 1.4958016221998618 4.474760765387388 -1.5923558371749265 0.9996732473373413 
Car -1.0 -1 0.26955920960116964 389.2089184174086 181.16801779703556 506.5637548088389 226.63785749577625 1.5 1.5463246524333953 3.6860714226961138 -5.601697059118497 1.798136354507831 24.977767872569657 0.04894225200148991 0.9995965361595154 
Car -1.0 -1 0.27527540245085325 396.72028020206795 181.21485659682102 503.46054940626647 222.5387511970326 1.5 1.6101448357105255 3.668297690153122 -6.078904065553021 1.8291754678562804 27.464990257014275 0.05745415290328435 0.9082880616188049 
