Pedestrian -1.0 -1 0.9011410063712129 795.5210257502408 112.65238941223832 973.4505197102693 369.0 1.8 0.6055101312696933 0.8021578684449195 1.5603361646516865 1.446303211172657 4.173554786671809 1.2589141567561286 0.9998747110366821 
Pedestrian -1.0 -1 0.819169131076307 995.7311298008407 116.99197006050333 1171.387516297457 369.0 1.8 0.5898559957742691 0.7555186308920383 3.0290548285122227 1.4251334226853165 4.609931541590293 1.4004995067927497 0.9997504353523254 
Pedestrian -1.0 -1 0.86987145533716 292.711079882994 162.1282942964424 350.89094696804904 267.2617323414825 1.8 0.6395480155944824 0.7293689556419849 -5.069682473347939 1.4871032508669857 12.55357834219135 0.48605601390334535 0.9996482133865356 
Pedestrian -1.0 -1 0.9447415251105902 874.8825230081958 114.464591845038 1062.6212167727351 369.0 1.8 0.6437323547899723 0.8619901284575462 2.147633824486083 1.4377133254433292 4.371617589960259 1.4013787945124763 0.9996293783187866 
Car -1.0 -1 -1.2612602095005696 0.0 181.15048811400112 277.96954854439446 369.0 1.5 1.9556962445378303 5.25088222026825 -3.0891921729203986 1.5078073583404221 3.834054740093085 -1.9394820193436486 0.9981949925422668 
Pedestrian -1.0 -1 1.0893599109630245 912.6053075340926 117.57981130317138 1085.8438172471115 369.0 1.8 0.6310181252658367 0.8962627992033958 2.4544800802170577 1.4325962256340248 4.594000403098701 1.580053555961472 0.9967764019966125 
Pedestrian -1.0 -1 -2.1649939481435956 635.3527297431617 165.92500273549177 661.9424712704919 224.56586365269152 1.8 0.514293697476387 0.7218270123004913 1.3319634325761442 1.3541731499226823 22.139677344450334 -2.1049045483258113 0.9932976365089417 
Pedestrian -1.0 -1 0.721202737474681 1147.6204308322353 113.26325227755282 1223.0 369.0 1.8 0.5534036576747894 0.9454960495233535 4.151969716560382 1.4107216472550392 4.608354684936882 1.4545511444422858 0.9885523319244385 
Pedestrian -1.0 -1 0.8677702927268035 1085.6815445599404 114.75619290220845 1223.0 369.0 1.8 0.5841953240334987 1.0345587998628616 3.779950749661208 1.4151384251926962 4.676500058780805 1.547543450197901 0.9851773977279663 
Pedestrian -1.0 -1 0.9505641083750163 755.7105646874717 109.50787199323257 926.4811647309549 369.0 1.8 0.5164111524820327 0.8225361377000808 1.2286886585533823 1.4517329205180862 3.952283304817327 1.2519730766627448 0.9546285271644592 
Pedestrian -1.0 -1 0.4279354066015453 1223.0 0.0 1223.0 369.0 1.8 0.4599011063575745 0.8683321557939052 3.1173774591443775 1.4415298012838 1.2967860480625526 1.6045205473860324 0.7244243621826172 
Pedestrian -1.0 -1 -2.6645507760033746 410.2582664278617 162.74706089011863 463.8554225610475 255.56814276231316 1.8 0.5391031064093113 0.8908860877156257 -3.380518612541092 1.457364445318761 14.074417024846335 -2.9002743522312984 0.6419187188148499 
