Car -1.0 -1 2.825005919971433 734.6907605616665 177.18777814434537 910.4471698789661 234.7600428878628 1.5 1.641988244652748 4.336560752987862 5.705176373185707 1.6248896851763777 19.831268621409865 3.1051274418791355 0.9999920129776001 
Car -1.0 -1 1.7126640245835139 465.7721911328919 180.52909467668917 520.3873890955533 221.10661711223312 1.5 1.635339905321598 4.1519979506731035 -4.751599711101093 1.836951720668981 29.550504305622876 1.5532328327510017 0.9999915361404419 
Car -1.0 -1 -0.7911050306986899 1228.772974746792 172.23298106290085 1241.0 219.40528873377932 1.5 1.7130014047026634 4.416477170586586 23.322093712101346 1.4806104458183895 23.83388867726025 -0.01655967632797786 0.9998273253440857 
Car -1.0 -1 -1.968516436970364 890.82181853792 176.70861851474424 938.1437341158694 200.6873583215481 1.5 1.6305579364299774 3.506225582957268 19.93635208130947 1.7632274049368972 47.45012986906636 -1.570757720043565 0.9991365075111389 
Car -1.0 -1 1.5310085502404271 656.24476190999 179.15292617793446 683.4200048973747 203.62821114559122 1.5 1.607224953174591 4.14505624473095 3.860670270973164 1.9325864554388736 47.40470441231064 1.6122698664625705 0.983109712600708 
Car -1.0 -1 -1.8189957310928184 931.5908487145493 176.29858741901134 974.1471432626612 200.36541929885433 1.5 1.63001888692379 3.8621338576078417 22.532680457704465 1.737441968618114 47.60739899358601 -1.3769336650755746 0.9756892323493958 
Car -1.0 -1 -0.6741167497616154 1011.5491571387425 175.08469671788242 1118.972622495701 206.18937045125983 1.5 1.7396267995238304 4.425277051329613 22.67434949913031 1.6153100728037602 36.06607579275965 -0.11286898056534357 0.961120069026947 
Car -1.0 -1 -0.591917675937572 1048.0593825270946 174.68233102975415 1157.3683604702214 207.9599560893446 1.5 1.687767033278942 3.912172701954842 22.752332164973346 1.5873356297194983 33.468545126661766 0.005130692324365892 0.9236904978752136 
Car -1.0 -1 -0.8452677889790015 1241.0 170.1517435661984 1241.0 228.4164920659632 1.5 1.8280750632286071 4.444090512394905 23.819481185719013 1.430789438234485 19.570175806316414 0.037752672037805836 0.903800368309021 
Car -1.0 -1 1.6814736206735743 548.4057280435709 180.07672876051373 586.0428616116873 208.2947173284116 1.5 1.70806874781847 4.268762704730034 -2.4488591994860642 1.9390115949306963 41.642156893157185 1.6227340578993381 0.8899158239364624 
Car -1.0 -1 -0.3519696590387147 982.1148977761701 175.38223716640385 1095.3978052803295 204.8231465588497 1.5 1.8396413445472717 4.834490504860878 22.63694344577821 1.6393748786884172 38.33057864449017 0.18148820003005436 0.6114051342010498 
