Pedestrian -1.0 -1 2.407400862262226 988.2571423992758 161.42209435273628 1030.1730775105004 244.34734506708625 1.8 0.5845030330121517 0.5683147840201854 8.802493908687074 1.5522135197566405 16.008808660972228 2.9101313233336032 0.9998158812522888 
Car -1.0 -1 -1.224363350195199 437.1199710125052 180.09663566814658 548.2253267174098 232.26074991162827 1.5 2.0045290261507036 5.258281764388085 -3.8105060415775327 1.7719873420607346 24.286474428799753 -1.3799928585675103 0.9994415640830994 
Cyclist -1.0 -1 2.1887685681957185 0.0 191.1304552948662 174.60982467504434 351.6202963892822 1.4 0.5583868853747844 1.8613219752907753 -5.3784423721377514 1.6124317797736614 7.436827463826323 1.5626298626277106 0.9953676462173462 
Pedestrian -1.0 -1 -2.020404145556581 907.6784854491692 164.39258668673148 945.400666162251 235.74807427960135 1.8 0.5769699372351169 0.853423823416233 8.117616677276294 1.5869118207741526 18.63621103293701 -1.6096038604762894 0.985511064529419 
Cyclist -1.0 -1 -1.108314403739839 636.787964216126 181.78137774978626 674.5136552245126 223.30260932394413 1.4 0.613366675376892 1.7739329978823661 1.5944628733217243 1.729068087169895 25.643314754415545 -1.046215848126684 0.9841079711914062 
Cyclist -1.0 -1 2.0055097825538217 159.8460179667363 188.61963165252592 263.40777262915566 299.8208074675442 1.4 0.5805744349956512 1.8135075017809867 -5.657888931892308 1.6449770118065676 10.268025106152125 1.5018836696955817 0.9731109142303467 
Cyclist -1.0 -1 2.1327671624315907 118.67899073274421 189.34174342001194 242.38922489372197 311.95171569942465 1.4 0.5278216235339641 1.7469911396503448 -5.54845822468032 1.6342558091600121 9.352919316465439 1.597338426109177 0.7663959264755249 
Car -1.0 -1 -2.8081643876095637 373.40518170157867 181.82320135357136 449.3917059045388 212.7947262737003 1.5 1.6088562577962875 3.3532755941152574 -10.015769191462422 1.9639671494181026 36.38156178170364 -3.0768075744297847 0.7677555680274963 
Pedestrian -1.0 -1 -3.6121108186038158 1141.562460412559 153.8302286660363 1221.557085824803 268.97536446160734 1.8 0.650314849615097 0.8063738726079464 9.174862002861545 1.5029698074002897 11.673965159489759 -2.946011261143957 0.5831727981567383 
Car -1.0 -1 -2.6025045948916268 296.89459239950173 182.32741491334764 412.3696446995514 210.20604740339795 1.5 2.147287738323212 6.027851861715317 -14.717612263112361 2.068056049321259 41.58757105731691 -2.9426446715977534 0.5686615109443665 
