Car -1.0 -1 -1.7659971194759012 687.9419497359302 177.29799227117215 809.8401782499291 265.8153660309092 1.5 1.5931198865175247 4.021454092860222 2.56326565106363 1.6018745893548496 14.453752938307696 -1.5904794028636557 0.9999731779098511 
Car -1.0 -1 -1.5343915450791685 508.5299245631061 178.06315817854778 653.3588011660537 320.4526240895235 1.5 1.549476434290409 3.1874729812145235 -0.3712532490227878 1.5791273821325946 9.311484224149456 -1.5742409080874664 0.9999626874923706 
Car -1.0 -1 -1.8974368015173897 758.6648776377023 175.4369885903107 1002.490497209578 334.8701610956446 1.5 1.556469176709652 3.603724253177643 2.886242853106961 1.537795000185708 8.649621363374564 -1.5753704100523633 0.9999551773071289 
Car -1.0 -1 1.6901897187295238 546.043981472847 180.10445996999218 583.3034163382795 209.15419797868535 1.5 1.6169231876730918 3.964315590262413 -2.516493348332145 1.9255939181384465 40.290110748279 1.627811419959885 0.9998952150344849 
Car -1.0 -1 -1.717076449419171 654.488898671629 178.22529280976897 732.8237731331137 238.97886093752035 1.5 1.580335621535778 4.019197311997414 2.1887356786018213 1.666007233309978 20.210854252846094 -1.6092017898943765 0.9998650550842285 
Car -1.0 -1 -1.5752267717744297 565.9522388111188 178.9779415282444 635.8136412207932 246.13861954339737 1.5 1.597112838923931 3.961859878897667 -0.29815569429256455 1.6741212128865481 18.473546113279415 -1.5913649732854707 0.9998012185096741 
Car -1.0 -1 -0.10086035415485739 334.58791831451646 182.27617403388047 400.99020802904556 208.15076011110185 1.5 1.603373748064041 3.732357782125473 -14.942770855949668 2.100032552553593 44.419228328602046 -0.425371245541845 0.9449679255485535 
Car -1.0 -1 2.5801968854210053 195.12811838437648 183.4958198149973 271.4414471574898 210.66280299563465 1.5 1.66700319647789 3.769693386554718 -22.67632272929071 2.172007603949188 43.488617459244395 2.099551665778977 0.8942657709121704 
Car -1.0 -1 -1.3528728797497958 631.7724329150923 178.88791459023193 691.5522711138657 220.81975759356132 1.5 1.6687078893184661 3.2056959837675096 2.0227610201116755 1.7501532795834018 28.093456756833167 -1.2809957722809655 0.8279340863227844 
Car -1.0 -1 0.19321551520005342 243.19872587466776 183.22563964959974 313.5625268181372 209.4367143222645 1.5 1.6820010289549827 3.600646045804024 -19.97182128667202 2.143671061689355 43.51115312768558 -0.23710139194992608 0.7115206718444824 
Car -1.0 -1 0.4104098935166156 228.63875082274436 183.4688501101862 298.19137262828156 209.6589412634832 1.5 1.5563684076070785 3.3839917302131655 -20.574490497658513 2.1430697592438617 42.84448819132026 -0.03728337685135432 0.7038698196411133 
Car -1.0 -1 3.3951256172699917 191.44761460213988 183.74307002423177 264.61482695828056 210.288513136616 1.5 1.6323309883475303 3.5557335734367372 -22.717088597813408 2.1669299036768095 42.96162405714187 2.9087228655775608 0.6320385932922363 
