Car -1.0 -1 -1.5702418818835546 597.5180716622281 178.97761296585884 657.7861140838128 235.46649341532833 1.5 1.6317420199513435 3.316992384195328 0.46682737393008444 1.694504756644648 21.19685901411285 -1.5482220193978888 0.999990701675415 
Car -1.0 -1 -0.4007428819047283 820.1549991216485 177.0852009477603 935.8219406135232 203.14531888381143 1.5 2.225245025753975 6.106542658805847 15.932183389617375 1.761023694403753 43.19215324772984 -0.047359422841344555 0.9999914169311523 
Car -1.0 -1 2.0578946477429834 229.20667120056706 181.8819134162714 361.2342852882706 247.98186824063228 1.5 1.567668516933918 3.7685329586267473 -8.10392226963459 1.7604463743029597 18.842838625485967 1.6517293333967746 0.9999746084213257 
Car -1.0 -1 2.1020347448775105 61.82248657628855 182.41374922507507 271.2915588204261 276.79236130548355 1.5 1.6227854907512664 3.9385656386613848 -8.27241554271179 1.709938972132478 13.840429969636546 1.5633086403224128 0.9999431371688843 
Car -1.0 -1 -2.0581797870970995 268.6678638933729 180.5502018092218 465.3065515098405 288.97629057718984 1.5 1.5821815028786659 3.600338336825371 -4.196227480043972 1.648054041036853 12.039757630891371 -2.393545226254736 0.9999200105667114 
Car -1.0 -1 -1.5647869643281918 614.3547548513982 179.3604245031772 649.5995600796158 212.72125889743728 1.5 1.6208889454603195 3.6749719202518465 1.036283798822249 1.833103741884256 35.0323673345981 -1.5352148349073274 0.9998424053192139 
Car -1.0 -1 -2.1368432425535655 327.11058554685826 180.74036660674963 478.670282190815 259.9702021895565 1.5 1.5178239464759826 3.5051493465900423 -4.62621989742518 1.691127896757639 15.72608035731933 -2.4229474822666988 0.9995205402374268 
Car -1.0 -1 2.30741890316465 0.0 184.41671490984982 106.9025900486583 259.20747235250127 1.5 1.620529454946518 4.024045777320862 -14.276853750432778 1.8079144021296518 17.14498015665536 1.6130466341932834 0.9995157718658447 
Car -1.0 -1 -1.8780741903856732 762.1027909023063 176.43800768666503 919.0393516230037 266.6393130381525 1.5 1.6888127222657203 4.267180573940277 4.293137056755228 1.5821317220936808 14.313365750717255 -1.5866733315077168 0.9991008043289185 
Pedestrian -1.0 -1 -1.9379024193039867 673.0872649267981 174.2957059642098 690.9941865930413 204.4849082045975 1.8 0.7412403382360935 1.0757104985415935 4.324452402666803 1.8889008814415928 43.69401020001115 -1.839252398410116 0.9986168146133423 
Car -1.0 -1 -2.416663728645374 445.5143801237916 180.41895551279526 556.6482924641773 227.63712546333215 1.5 1.5854962661862373 3.702274200320244 -3.86313143281023 1.7812812965440281 25.12244858289719 -2.569240705170904 0.9980940222740173 
Car -1.0 -1 -1.637239960951654 697.4988365839737 178.3785864437397 742.7140707601859 216.04666687732566 1.5 1.6682301208376884 3.9942482978105547 4.685710305487134 1.7565018568365287 31.392363494494376 -1.4890711242940766 0.9977293610572815 
Car -1.0 -1 -1.6773902470573208 0.0 180.9686840824391 171.53379597479847 374.0 1.5 1.6455846399068832 3.9227379977703096 -4.462515714534433 1.5718632925333242 4.48134620643975 -2.4606830040600642 0.9971339702606201 
Car -1.0 -1 -1.7249627299881598 701.7224218668138 178.1532697599572 761.3540691548695 223.46931119653885 1.5 1.5701866269111633 3.6631348103284838 4.285199502168002 1.705923317085691 26.148641275882024 -1.5625281064447505 0.9970242381095886 
Pedestrian -1.0 -1 -1.4110201319522424 727.3617701634249 163.45291674599633 772.3688384742748 251.079311297339 1.8 0.8236093938350677 0.807182539999485 2.9308366105342962 1.607243090287888 15.338880249338033 -1.2222233573582513 0.996944010257721 
Car -1.0 -1 -2.0774405806778318 886.1594566943306 173.29750888322633 1241.0 374.0 1.5 1.613262903690338 3.7156591683626177 3.966279551635211 1.5056110920169008 6.662174787644969 -1.540452334159289 0.9799822568893433 
Car -1.0 -1 -2.3619645642908687 494.254454977593 180.4550774776066 565.6493384247757 212.42874505948564 1.5 1.5144067376852035 3.5235679268836977 -4.093382396047855 1.900898545053097 36.33365964073282 -2.474152402081762 0.961699903011322 
Pedestrian -1.0 -1 -1.6398899024136424 750.8516981702251 163.17747704945202 790.6963837309951 251.09007517341075 1.8 0.7588744655251503 0.9022976763546466 3.3392270678246416 1.6022321896098763 15.272254704022803 -1.4246308515456063 0.9150732159614563 
Pedestrian -1.0 -1 1.729238210767435 914.6419690958393 171.03209965879972 928.7190916492909 205.20721125851853 1.8 0.6057429619133472 0.5714731782674789 16.55487789142387 1.704398397189241 38.404117322583964 2.136239278312546 0.8898115754127502 
