Car -1.0 -1 -2.233228333202986 1037.1724271043 169.28765104803566 1158.5136615106996 217.36048735886112 1.5 1.5942922353744506 3.3850504577159883 16.41767452634823 1.1516989786032057 23.793024200322456 -1.6292314651098592 0.9999805688858032 
Pedestrian -1.0 -1 1.8289903588756402 229.81556510902263 172.37643534717276 256.0495618511381 224.44858567772462 1.8 0.6261813946068286 0.8592629365622997 -12.784015333101536 1.5207210857268891 24.922590489512068 1.3550373752925056 0.9999134540557861 
Pedestrian -1.0 -1 0.7572616361446948 708.2593266259094 148.4811876043067 808.5387170201823 297.58542115612806 1.8 0.7388645343482494 1.0495273888111114 1.9268945625784641 1.4151463583194335 9.172328793744992 0.9643274982783453 0.9999089241027832 
Pedestrian -1.0 -1 0.5889638666193362 738.4944828574427 148.66704252307173 832.5039928290855 294.67999428149085 1.8 0.7921058245003223 0.9157739140093326 2.3264509218687968 1.409252406097834 9.316525232052163 0.8336717327448981 0.9997841715812683 
Cyclist -1.0 -1 1.3997667476022904 554.2644240260272 180.61684370853035 595.4471907541342 239.37362889587678 1.4 0.7285504162311554 1.829281684756279 -0.8208612254966201 1.404690319287527 17.81718402320508 1.3537279804560798 0.9997959733009338 
Car -1.0 -1 1.0449670206054633 1104.600557711733 168.14464840983499 1223.0 215.63969601806917 1.5 1.6895743578672409 4.0334249407052996 19.293186695793334 1.1113418160919986 24.441407801899103 1.7131893515547336 0.9996883869171143 
Pedestrian -1.0 -1 1.0310553961669662 648.5860228093259 152.99766425263417 725.1037377093419 282.2080251044061 1.8 0.7398178361356258 0.9410842813551425 1.1458261827943723 1.418539369156216 10.426712449621018 1.1405095299098151 0.9996356964111328 
Car -1.0 -1 -1.476796396954876 603.4128242635986 176.0852857436967 639.1312715953171 206.3421541074062 1.5 1.5554488196969032 3.3157652735710146 0.8733018539175479 1.2825708572438672 36.78511704986846 -1.453060225644384 0.999365508556366 
Pedestrian -1.0 -1 1.8934859256177192 210.21319019968448 172.60649655199106 238.6457419200773 224.7371935682137 1.8 0.6701980277895927 0.7750137269496917 -13.396250679243854 1.5289804050882125 24.847525400433568 1.3990201195094245 0.999352753162384 
Pedestrian -1.0 -1 2.193206274658251 114.55331335221778 168.71720450264394 166.1844067413768 249.65934050685968 1.8 0.6280496276915073 0.8167343705892562 -10.63391796280611 1.5395861501659778 16.13899899406543 1.6106028437574924 0.9993525147438049 
Pedestrian -1.0 -1 0.6684115074531276 697.6249631286981 145.85530442397607 795.8373550348787 311.06381449887203 1.8 0.6336507879197597 0.9325327843427658 1.5965788236143088 1.4242230450549902 8.258574709696854 0.8593794544551032 0.9992374181747437 
Pedestrian -1.0 -1 0.39727044225199526 973.5115171579057 128.7414787735563 1132.9774067952599 366.19685505422024 1.8 0.7755502618849277 0.907367330789566 3.7054789747851222 1.4093612525556234 5.94908228187827 0.9543334682795661 0.998813271522522 
Pedestrian -1.0 -1 1.9961286647104222 239.9866920081502 172.2287959918313 270.30996631148406 224.2173008058314 1.8 0.6878198616206646 0.803714108467102 -12.33682882154433 1.515157192334863 24.88881100120699 1.5359448631617683 0.9968777894973755 
Pedestrian -1.0 -1 0.8686242844986032 608.1774175735393 152.20141089007848 697.9955555648027 288.36164483319186 1.8 0.7441228747367858 1.0790869154036045 0.6194025482405908 1.4275734299407445 9.996964039749557 0.9305042465541022 0.9932729005813599 
Cyclist -1.0 -1 1.6141963651010094 503.67381359665995 181.49492082984221 534.3641955392081 244.1749390315907 1.4 0.6496345184743404 1.7382950082421302 -2.051727258459234 1.4263678536652493 16.70758394766092 1.492005987963404 0.991885781288147 
Pedestrian -1.0 -1 2.4464757320912325 118.3167770718785 168.4714367757131 174.1971073046234 250.45836828768017 1.8 0.6237903170287609 0.8645374819636344 -10.42612290299853 1.5375313876005812 16.02301897739137 1.8696110129316867 0.9813534021377563 
Pedestrian -1.0 -1 0.2651744346099213 1008.4113158440148 132.4990463632252 1154.9308122131551 346.65322509342695 1.8 0.652918641269207 0.9875604443252086 4.333746798046236 1.398248964758057 6.524425788951618 0.8514911373469488 0.9663817286491394 
Pedestrian -1.0 -1 0.18091977512128954 936.1000968097261 128.99556832266404 1092.828458936757 367.7718225048332 1.8 0.7586821474134922 1.0254107907414436 3.3888252436964628 1.413447388511577 5.945346172807121 0.6989855011317389 0.9483564496040344 
Pedestrian -1.0 -1 1.4818557581740408 559.9310441695751 164.39302654555357 589.9519710915062 237.32891456183967 1.8 0.6868375025689601 0.8146578937768936 -0.8057351878142368 1.4040897470442386 17.893976945240922 1.4368578632685798 0.9481217861175537 
Pedestrian -1.0 -1 -1.321110301753803 181.48001312854913 174.62756182728913 208.04927486886888 217.31393886381122 1.8 0.8724200099706649 0.5554917760193347 -17.53689548983482 1.553852466211471 30.196155887112287 -1.8472669581559045 0.835669219493866 
Car -1.0 -1 -2.1475577888117563 960.3414355210231 170.44395420499833 1069.1424489925023 217.72620101002724 1.5 1.5992139026522636 3.4220463156700136 13.857863112004676 1.1825287325859994 24.179047860341697 -1.6271260949459416 0.8130977749824524 
Cyclist -1.0 -1 1.5303922481232284 486.69650279696543 179.9843942295175 501.5804807909945 209.87747062315376 1.4 0.6362165816128253 1.6916875287890434 -5.356215057607652 1.3773030629683238 34.00037046952095 1.374142332873072 0.7521696090698242 
Pedestrian -1.0 -1 0.9183491790299756 1030.070997244582 135.17972282363684 1161.8040516324504 334.3164900201354 1.8 0.6116512723267078 0.9241753749549388 4.676535281790132 1.3920498278051783 6.864074202727678 1.5164183815333503 0.5525069832801819 
