Pedestrian -1.0 -1 -0.0890424783558719 635.4565365111363 174.37317243422694 652.7363412374403 206.1891327007259 1.8 0.5016553707420826 0.942080982774496 1.9055369079218933 1.8874998735807915 41.11509664586706 -0.04272921482590266 0.9999781847000122 
Car -1.0 -1 2.339472061894242 0.0 181.49725412357085 195.22510015472434 374.0 1.5 1.5763085827231407 3.805246439576149 -5.088519137389174 1.5884770134292474 5.438079645427212 1.5872690558394016 0.999975323677063 
Car -1.0 -1 -1.8874833422247033 766.222356932949 175.34179288472848 1017.1851744591305 336.6132374440634 1.5 1.5839174881577491 3.8121236979961397 3.0041458353459958 1.5369321903484447 8.686243674068129 -1.5545095308360202 0.9999676942825317 
Car -1.0 -1 1.9596002465689617 227.85540950718215 180.95146868613256 402.68611317168086 283.86988606038574 1.5 1.540684562921524 3.636160355806351 -4.992532723601813 1.6626195483337498 12.628406242128925 1.5831162810286106 0.9999617338180542 
Pedestrian -1.0 -1 0.6217794283485354 729.3941786854017 168.44094634919134 764.4974081903858 227.99629574994415 1.8 0.5152615278959274 0.9430394068360328 4.187342050745743 1.6669777407733084 22.323761050966315 0.8071982105586188 0.9997608065605164 
Pedestrian -1.0 -1 0.6333629483819603 729.5522836455613 168.5639729244188 765.5071850417694 227.4158989954295 1.8 0.4805701345205307 1.0189941644668579 4.257379327760771 1.6691463206161135 22.602020800885427 0.8195442398402351 0.9986439347267151 
Car -1.0 -1 1.69424049817761 504.0382208764372 180.38471119948025 547.1955356513316 213.59377810673172 1.5 1.615806159377098 4.166187581419945 -4.142576887091557 1.8940081578365822 35.6247251031133 1.5784766554792942 0.9970067143440247 
Car -1.0 -1 -2.2572481811392726 878.6933274758896 153.63463475315277 1241.0 374.0 1.5 1.7669307559728622 4.734515261650086 2.785490002993816 1.481090502641107 3.1227962356679067 -1.5288784811880929 0.9931992888450623 
Pedestrian -1.0 -1 0.58503369194721 728.1615522485466 168.28550596005496 763.4733960240717 228.76459599239192 1.8 0.4772057317197323 0.9511693872511386 4.086450285720857 1.6643886806079051 21.974087772679553 0.7689000805232183 0.9911948442459106 
Pedestrian -1.0 -1 0.9146204396062712 737.3512332205709 168.5761872652003 773.0081960471023 227.00057978750215 1.8 0.5741717785596847 1.0650747016072273 4.539959901013343 1.66856246259221 22.831775835550538 1.1109041412684577 0.9389421939849854 
Pedestrian -1.0 -1 1.7748916831567816 402.8757421412178 173.61207416662805 420.1785590282547 223.621143635141 1.8 0.5396400138735771 0.3831980776041746 -7.2442915519361835 1.8280891861873898 26.183168897046823 1.504966660341944 0.9320236444473267 
