Car -1.0 -1 -2.268447261741766 1034.6338817922594 169.30364580768685 1157.9540400183027 217.4693729015682 1.5 1.624949325621128 3.3428105086088182 16.341868709685798 1.152872211115473 23.755271466077446 -1.665870704748903 0.9999897480010986 
Pedestrian -1.0 -1 1.0535598207954349 313.9387427846246 162.34020863768492 383.0654591241625 264.20383610295323 1.8 0.7359498672187328 1.1448408968746662 -4.816257996570969 1.4807474720494098 13.139715401218284 0.7022248943659919 0.999977707862854 
Pedestrian -1.0 -1 1.0677344962163706 452.5111770325351 159.43449668101954 519.3807597160715 267.32893110213087 1.8 0.7490117594599723 1.038785234838724 -2.146306192182353 1.450214702024885 12.43025568836295 0.8967525204035895 0.9998700618743896 
Pedestrian -1.0 -1 1.1216690651906185 330.72483551776185 166.41962880366472 382.7334062592634 244.18005698773067 1.8 0.7861060582101345 1.0870584778487682 -6.021545642182672 1.4756744989472828 17.023675492114048 0.7816876610133308 0.9998601675033569 
Pedestrian -1.0 -1 1.0858416881727246 280.8866160197742 166.38561938402074 337.93562401879456 247.97748871225912 1.8 0.7851815342903137 1.1018597081303596 -6.835221849828391 1.4902367474141207 16.246298398652282 0.6875976761195319 0.9998086094856262 
Car -1.0 -1 0.972388749267513 1101.60724852348 168.1907704157906 1223.0 215.51977845896107 1.5 1.6486010074615478 4.000318658351898 19.28003518096553 1.111433897388794 24.455923598560606 1.6399907946547092 0.9996035695075989 
Car -1.0 -1 -2.1215103777337383 964.2633123821417 170.44119916011297 1069.798193544471 217.70152223946002 1.5 1.6022678956389427 3.3100450903177263 13.903549477208168 1.1822932007717848 24.112681707210644 -1.598468971499477 0.999437153339386 
Pedestrian -1.0 -1 0.4617231230017296 963.2711426788916 137.2203732014052 1095.4113912115422 328.9493373766128 1.8 0.7398437269032001 0.927034069597721 4.26941106491767 1.3953780532747277 7.22314724406505 0.995553179583277 0.9991377592086792 
Pedestrian -1.0 -1 0.884953893730373 385.77410503472635 162.7252222767908 446.95405310026547 257.1535685603779 1.8 0.6514846839010715 1.0565797358751297 -3.7925450033810377 1.462810113876472 14.045207222891936 0.6212195595118658 0.9990183115005493 
Car -1.0 -1 -1.5629404420829989 604.5589322247806 176.12581272541635 635.5113058491063 206.2970820046842 1.5 1.5394524231553077 3.166048464179039 0.7786752522628779 1.2839638403599236 36.75151080214372 -1.541756040477429 0.9987586736679077 
Pedestrian -1.0 -1 1.0411088510665314 502.71119900216434 159.92118117359203 562.9016950559414 261.4440637310644 1.8 0.6937395341694355 1.0141109608113765 -1.394665724061469 1.4367807055168957 13.144961338254943 0.9354054172846931 0.9986491799354553 
Pedestrian -1.0 -1 0.9648282929673987 352.6581276704107 165.21008482806099 410.6006348237714 248.00242184719107 1.8 0.8186297051608562 1.013130185008049 -5.095492811378558 1.469196292847911 16.000495619064928 0.6565243442866461 0.9975685477256775 
Pedestrian -1.0 -1 0.964638604422753 295.70261859582354 165.09627333258288 359.96321463051504 252.68167579838584 1.8 0.7978263802826404 1.1001626521348953 -5.985509893365695 1.4850566949627182 15.16305523954236 0.5886723240229742 0.9973580241203308 
Pedestrian -1.0 -1 1.0600512401496578 348.7459017098914 162.4368261151397 412.9037360162374 261.2458639037722 1.8 0.694698517024517 1.1482674188911914 -4.337531790801301 1.4725837391543855 13.520739239687071 0.7496175011012214 0.9965218305587769 
Pedestrian -1.0 -1 0.9088751636754822 474.56093553594803 160.35340780172936 546.61394204594 261.01846429534055 1.8 0.759779617935419 1.2132988803088665 -1.8318983612454791 1.4413991804428017 13.33325973978893 0.7723368843409675 0.9974666833877563 
Pedestrian -1.0 -1 2.4099418429100004 271.64387295754227 174.23309852322538 295.3372386312462 212.55520491489872 1.8 0.7701808147132396 0.6897039271891117 -15.329189570885243 1.5070917215831134 33.67551842214102 1.9827697157820285 0.623877763748169 
