Cyclist -1.0 -1 -1.9455560304614303 882.5728876162073 178.27383240339694 954.7811287487608 276.8894438657243 1.4 0.42334487922489644 1.6669895991683006 4.736795523469493 1.3700624989410695 10.873258441635866 -1.5347102145340783 0.9999516010284424 
Pedestrian -1.0 -1 1.3078284510097926 722.9469332118779 162.1138213281672 758.2273143417234 235.63976525493328 1.8 0.6780417196452617 0.816406638175249 3.355394633852885 1.351483532075415 17.737169672603244 1.4947921474787849 0.9999102354049683 
Cyclist -1.0 -1 -0.7955828590022136 604.8740899572967 179.13336016235598 659.2038933532242 225.49118982597255 1.4 0.5677315898239612 1.8584393456578254 0.8338880798104751 1.3602882979612925 22.192780118947088 -0.7580257813122613 0.9999082088470459 
Pedestrian -1.0 -1 2.383624663473697 698.9297386868878 165.016957292809 738.5808064699723 223.40333230487252 1.8 0.6496194310486316 1.0914787210524082 3.5693942564617784 1.3242280405955087 22.368873558457892 2.541860330100876 0.9998977184295654 
Pedestrian -1.0 -1 -0.9629345460677028 1170.729535551185 138.85007815698327 1223.0 309.2284927884085 1.8 0.5626867085695266 0.46469401828944684 6.65829401409219 1.3616706587222511 7.79581508247139 -0.25607331196335387 0.9991453886032104 
Pedestrian -1.0 -1 2.220925100948499 726.1650807244198 164.32798475194824 761.336357870544 224.8057452358024 1.8 0.6055797941982746 0.9454747222363948 4.205512674516675 1.3202357163308858 21.57954597117466 2.413396823402268 0.9989646673202515 
Pedestrian -1.0 -1 -0.9823811943655214 754.3104469697895 165.96382184645495 775.8773039428273 215.76134847801882 1.8 0.5999280631542205 0.49138418659567834 5.8468778606388 1.2760912161211007 25.938955547067575 -0.7606773535397393 0.9904800057411194 
Pedestrian -1.0 -1 -2.0899968544229774 946.9361444765443 134.17236737642344 1070.3200639694871 346.1480127507014 1.8 0.6229533374309539 0.8660429649055004 3.5869262752142874 1.4083110415374493 6.435288901782605 -1.581502321237002 0.9819676876068115 
Pedestrian -1.0 -1 -0.9088496627206396 745.2712843248221 165.9972536295033 771.2219308971487 216.01372712100965 1.8 0.7028396733105182 0.6098944254219532 5.587733036284822 1.2795954770679097 25.905616404240995 -0.6964085261013849 0.9013587832450867 
Pedestrian -1.0 -1 2.363734094146528 711.4021759185753 164.32172561061543 751.3741106530739 225.7356511004557 1.8 0.6765450842678546 0.9966793961822986 3.771943029763394 1.327392397466305 21.279253086925795 2.5391709685286106 0.8188827037811279 
