Car -1.0 -1 -1.6051236372174895 590.0191785016094 178.9138992241598 656.3590523305804 240.71108469076398 1.5 1.6462531432509422 3.6475660771131517 0.2384520133860756 1.6814170845037506 19.713918407406396 -1.5930286097016675 0.9999892711639404 
Car -1.0 -1 2.0699439741734262 191.9561205205633 182.3680134392202 324.2218570558017 238.1873347207773 1.5 1.74693004488945 4.495082658529282 -10.798200742579175 1.826678244374743 22.45612953132864 1.6217272162397922 0.9999861717224121 
Car -1.0 -1 1.8124702872293728 397.78349626781545 180.71700608552587 487.66189333419936 221.40537013526324 1.5 2.16505793184042 7.0823079466819765 -7.132888822380746 1.8828511428892478 31.534912871463955 1.5900232672651828 0.9999455213546753 
Car -1.0 -1 -0.9796408550157645 683.073958043804 177.883923262452 797.6335579053269 228.94493047258524 1.5 1.6576065242290496 4.164568570256233 4.3045249978925275 1.6798382934722018 23.672587028380057 -0.7997702519085748 0.9999274015426636 
Car -1.0 -1 -1.4119532788082858 987.82281359764 170.87538798392302 1241.0 374.0 1.5 1.6027214497327804 3.813377258181572 4.513579989888169 1.4898534879185568 5.70779943190228 -0.7428632537510735 0.9999043941497803 
Car -1.0 -1 -1.0967206342029083 720.1377179776675 176.78384332405273 886.5538249862672 254.7737311472678 1.5 1.7720809698104858 4.506746169924736 4.458837857763701 1.6018162528246862 16.364088915757186 -0.8307015458729607 0.9996492862701416 
Car -1.0 -1 1.9807742141578961 295.41718957155814 182.0200798399854 379.52881764334717 224.13503351568914 1.5 1.6200844690203666 4.114597153663635 -10.76777343839346 1.8916672722313712 28.70446579963875 1.621893632408005 0.999488353729248 
Car -1.0 -1 -1.2820763331491491 860.6849521441262 174.5054109164144 1080.146903393868 316.54664953308503 1.5 1.5792144954204559 3.7701340883970262 4.854867652136523 1.5266500022833416 9.573119097300903 -0.8127367059376581 0.9993321299552917 
Car -1.0 -1 2.1694860436062524 215.92808607139057 183.06426000960852 292.3891876460578 221.73794801249434 1.5 1.3807949170470237 3.118375551700592 -15.002844228203612 1.9550750093920508 30.49023892600796 1.7122154116591037 0.99687659740448 
Car -1.0 -1 1.9423736181170916 361.9148658765022 181.70623521022844 424.0555373641574 214.9396247685994 1.5 1.576658760011196 4.076669228076935 -10.714146879090745 1.9650099216099344 35.77545184098965 1.6513910174330295 0.969916045665741 
