Car -1.0 -1 1.8781698322929046 333.5306103514296 180.96643396661165 443.6879371070806 247.37834052136006 1.5 1.6015207886695861 3.968215596675873 -5.660131714591638 1.7339430529350115 18.777251792923433 1.585396516319138 0.9999940395355225 
Car -1.0 -1 1.832564095794557 401.89818134206297 180.83252238608847 479.986315796481 231.32460806924598 1.5 1.5726324662566185 3.8940104216337206 -5.571854084519241 1.7878973666625733 24.02835424593019 1.6047046065290989 0.9999592304229736 
Car -1.0 -1 -0.6850947924733003 1109.6171798866535 173.81473542623402 1241.0 211.5267740290167 1.5 1.7752564072608947 4.526794564723969 23.371837547114186 1.5411054193125515 29.67179693994587 -0.017912224927221023 0.999946117401123 
Car -1.0 -1 1.759642698213876 445.8116402654311 180.7278525307399 503.47609926147913 221.8311193974341 1.5 1.5753161653876304 3.8948772966861727 -5.410281369981831 1.8384402318598714 29.02716085846756 1.57537029981218 0.9999333620071411 
Car -1.0 -1 -2.3802844507608736 966.3182345394491 145.7231967449391 1241.0 374.0 1.5 1.6409073516726493 4.064890977740288 3.0753483389732708 1.4741476299857483 2.7515321814229834 -1.539370575049196 0.9998903274536133 
Car -1.0 -1 1.7308902291616206 472.9669987500349 180.6706979982163 519.7889120995702 214.54436701768398 1.5 1.612507601082325 4.053106766939163 -5.471590438355338 1.9006388656562851 34.91581563639861 1.5754463553389133 0.9998377561569214 
Car -1.0 -1 -0.87620314334635 0.0 181.74375434262825 238.39275415023818 374.0 1.5 1.6124086946249008 4.012925413250923 -5.8379338398712814 1.6184321151111751 7.54646400277528 -1.5346370721843583 0.9986967444419861 
Car -1.0 -1 1.7669804637995377 507.76306532054133 180.49709192934944 548.2924457521782 208.00986624788172 1.5 1.6081106409430503 4.11851057112217 -4.8217187260640975 1.9744282583115917 42.632186736717586 1.6543586134871067 0.9984980821609497 
Car -1.0 -1 -0.5200493819328768 1022.1596676872147 174.99609540542474 1131.8919723177244 204.68589657638032 1.5 1.7466113463044166 4.530329492688179 24.21673782501839 1.6148875590826466 37.58459592636379 0.0523268421504157 0.9904972314834595 
Car -1.0 -1 2.719934197299181 754.1317267437807 177.82466117452358 839.3462555087735 209.566447315949 1.5 1.624031414091587 3.7273237973451616 9.137086278235763 1.7530347771699157 35.55981554544573 2.971443045135361 0.9640625715255737 
Car -1.0 -1 -0.6080705363292469 1044.2172957669113 174.68807816029886 1164.5638244655415 206.3276324244936 1.5 1.7916616544127464 4.661192607879639 24.029189896422082 1.5922462564135742 35.22891304524799 -0.009468034901891432 0.9506005644798279 
Car -1.0 -1 -0.6802757352517479 1079.392641010236 174.24207900947027 1207.1831176754936 208.91797042420887 1.5 1.7534764975309372 4.49644387960434 23.7417915991894 1.5643205424932778 32.266741816112315 -0.04592628876236506 0.7822558879852295 
