Car -1.0 -1 -1.1865676010666046 228.91157122099045 182.05440738020354 341.7031624644502 241.8120225051886 1.5 1.5796907737851142 3.670935940742493 -8.82691372909769 1.4217783488692135 19.90121664936866 -1.6040334003653867 0.9999878406524658 
Car -1.0 -1 -1.4625221654702143 508.3162719145187 180.364075802537 541.8535352302187 206.70783268913598 1.5 1.5870377913117408 3.78225953578949 -4.907429123112666 1.2248822935566097 42.8232333201403 -1.5766217811640841 0.9999659061431885 
Car -1.0 -1 -1.4044120719565067 462.1839004164744 180.26646400159007 531.9853012406835 218.05179171820058 1.5 2.0412084206938745 6.058928978443146 -4.751417846970604 1.3046567390604487 31.579750941118142 -1.5537496535715205 0.9999561309814453 
Car -1.0 -1 -1.297325850992812 346.4950598036113 180.83962203358138 460.87637816825674 248.6629231250704 1.5 1.654340562224388 4.244641822576523 -4.993676251531532 1.4043486022031801 18.019549549655093 -1.5676670245036972 0.9999129772186279 
Car -1.0 -1 -0.9529059317354409 0.0 184.01416826397232 147.56816091832218 256.8462276797152 1.5 1.5911575898528099 3.9811751365661623 -12.832237842868976 1.4763852843908387 16.81769687494548 -1.6046878519144399 0.9996782541275024 
Car -1.0 -1 -1.1506557780298599 259.39632266881137 182.0986602254312 343.0206817057675 224.04588814823788 1.5 1.57505055218935 3.6999820291996004 -11.688704470679186 1.389668348958517 27.56664514530839 -1.5516928537425143 0.9995967745780945 
Car -1.0 -1 -1.5534735948157412 573.0173352563962 179.80972850673948 604.0102064435786 207.72415387376148 1.5 1.665426281094551 3.7508255362510683 -1.0812643633654841 1.210637847878465 40.50754882510956 -1.5801601680603368 0.9989005327224731 
Car -1.0 -1 -0.6247336403402064 0.0 185.5124800414736 215.81036013512846 375.0 1.5 1.6313925877213478 4.050117966532707 -3.3709801377951836 1.5030102298350259 2.510248417676739 -1.555452489354883 0.9982693195343018 
Car -1.0 -1 -1.035571991564179 35.20255085926413 182.91972784381687 255.43177871751055 282.48937600762 1.5 1.5914157524704933 3.6679918438196184 -7.92432514484636 1.466542778053075 12.677788293065444 -1.5942114340749127 0.9966957569122314 
Car -1.0 -1 -0.7356874944639291 0.0 186.63809793390618 0.0 325.7415112461347 1.5 1.4453515902161598 3.7979135781526567 -12.437041169918697 1.5242484967689454 9.733496110933451 -1.6424297029760224 0.8742679357528687 
