Car -1.0 -1 1.946021152163433 320.5381235358292 181.77380955501522 402.1296574252333 223.0821293280437 1.5 1.644376714527607 4.382561010122299 -10.048645698690736 1.891194791263158 29.386108981495312 1.6165337443312229 0.9999978542327881 
Car -1.0 -1 1.884314207752292 381.4355493669364 181.5537097462942 438.31349398367104 214.79694748418794 1.5 1.5577739596366882 3.9673859745264055 -9.843198222674953 1.954242473571571 35.6256129066383 1.6147439360579074 0.9999884366989136 
Car -1.0 -1 -1.5476428806415135 598.9438191044469 178.4945917390189 679.9895155154386 253.81558665029215 1.5 1.648479376733303 3.4306446582078935 0.6539655063667679 1.6423313852651449 16.394513325072936 -1.5077747265484673 0.999981164932251 
Car -1.0 -1 -1.0111380676211812 735.648138389755 177.04352154624965 871.9983949341432 242.51324473043348 1.5 1.5920551985502243 3.8754379868507387 5.03770647124114 1.6198362724344526 18.673168481533803 -0.7476283470776421 0.9999172687530518 
Car -1.0 -1 1.8129124467265039 446.6774981998118 180.8197544269668 503.26013765017393 216.72085253472562 1.5 1.6169243052601814 4.112722960114479 -6.170118095224394 1.8898326264623873 33.17594422933331 1.6290316462477268 0.999885082244873 
Car -1.0 -1 -0.9587484396914843 691.3949802283205 178.24027441487 771.3306764807056 218.11267002370684 1.5 1.5137479200959205 3.4301864475011827 4.93636653716919 1.7326892111734327 29.36752409112201 -0.792215899625097 0.9998149275779724 
Car -1.0 -1 2.2389406500227533 0.0 183.5985349416523 150.7830487505219 284.62326986125896 1.5 1.581231740117073 3.9819466441869737 -10.459396513599312 1.7256110712092945 13.129345967088236 1.5662502487513679 0.9994633793830872 
Car -1.0 -1 2.3227800193040418 186.1204259126984 183.13877280711583 281.31374774176527 225.91109922713187 1.5 1.5018515780568122 3.165208038687706 -14.484859348471538 1.9220857441178125 27.857658579567378 1.8432924628218235 0.9850703477859497 
Car -1.0 -1 1.995031148035986 421.8328752772397 181.21219671471192 479.4752043049747 210.3271579315818 1.5 1.5627475947141647 4.251557078957558 -8.946986036975765 1.9978026063750731 40.69889693969728 1.7786395430525364 0.9724134206771851 
Car -1.0 -1 1.8326261901324639 443.24687003869815 181.16122467174307 487.1897990212167 206.7399918131075 1.5 1.6664939492940902 4.3971414238214495 -9.200881568213832 2.0560786541851894 46.01761949581241 1.635285842414719 0.9559395909309387 
Car -1.0 -1 -0.8240812517945084 668.5748270925393 178.65337894403257 742.2007874062658 210.84980868671892 1.5 1.612359893321991 3.626190733909607 4.753436906461349 1.8042830983828733 36.03210873350413 -0.6929164091732842 0.8297922611236572 
