Car -1.0 -1 -1.9890172861899689 813.0020863590622 174.0265841171258 1194.5070155258115 374.0 1.5 1.5647728487849235 3.498259794712067 3.017690049402842 1.5137626886028144 6.483277755369946 -1.5533835413542134 0.9999340772628784 
Car -1.0 -1 1.8645517937707972 458.74940688575003 179.9806498808627 552.8218472889052 238.1039801922563 1.5 1.6088869914412498 4.151011493802071 -3.001696133808535 1.7324942295857497 21.32560921537752 1.7247149825056614 0.9999147653579712 
Car -1.0 -1 1.8168725947385322 404.02603091324573 180.13891269393235 512.7732958862504 257.4254993977846 1.5 1.5521226942539215 3.547724944353104 -3.3123142003372097 1.6816534568778327 16.14765638093188 1.614552485938889 0.9998952150344849 
Car -1.0 -1 2.2101019633987455 841.7122993624818 176.6094321852319 937.3664861005353 220.9395160515417 1.5 1.5288744613528251 3.38025116622448 10.133321852731518 1.6449123551594327 26.222534872022525 2.5788605093916477 0.9996967315673828 
Car -1.0 -1 1.7550054531151997 530.2577322005883 179.9794402288308 582.9434583660756 216.6684396540967 1.5 1.6304843619465827 4.16079894900322 -2.3727686318398042 1.8425773151980245 32.49307476734412 1.6821110129316867 0.999630331993103 
Car -1.0 -1 -2.377763356953574 1058.6759153440853 173.3689852656763 1241.0 257.9107059072256 1.5 1.7097501575946807 3.8532047092914583 11.43047624417454 1.512415347101654 14.85745529506933 -1.7219973514464242 0.9990264177322388 
Car -1.0 -1 2.0595727163040216 108.80443185617261 179.00264852259383 496.31093920809144 374.0 1.5 1.6206948578357696 4.06510369181633 -2.5551301467002108 1.5786622325722866 7.0596666479161465 1.7123064875563205 0.9989839196205139 
Car -1.0 -1 -2.1833354528771394 928.720757295703 174.76577877833068 1138.5804855681195 257.12687279148207 1.5 1.7352059975266456 4.179003325104714 8.705106209221695 1.5469121524556508 15.403187206891992 -1.6689354638245446 0.9988235831260681 
Car -1.0 -1 2.2350708007255706 804.4154128261005 177.0961666981179 891.0752077294633 217.23822402872858 1.5 1.54242594987154 3.3754004657268526 9.489632737904365 1.6794024324310077 28.871646397812565 2.55263065099321 0.9944118857383728 
Car -1.0 -1 -2.4264207721116495 974.8429631392548 0.0 1241.0 374.0 1.5 1.571589757502079 3.5981664925813677 2.483944267459274 1.4711937771328896 1.8711818223034649 -1.5012410442021233 0.9938872456550598 
Car -1.0 -1 -2.631921305597479 1182.8040446039608 171.7328836439192 1241.0 258.1734772236672 1.5 1.7995618775486946 3.7258981287479402 14.11984970735137 1.480903174192018 14.560884021794026 -1.8618993024018151 0.9847245216369629 
Car -1.0 -1 -1.7471957146643746 683.5506062391449 178.3542294104633 743.2673113578135 221.37883847731402 1.5 1.584252205491066 3.9206138372421266 3.8404525040368744 1.726321644274025 27.65065460327934 -1.6091867173698289 0.9792429208755493 
Car -1.0 -1 1.3974236663936515 826.8858390900981 176.97526442882634 886.5120321874656 218.16017109879687 1.5 1.612354677915573 3.6726175367832186 9.65757946888882 1.6748047531305856 28.601529889908 1.7230627417524875 0.9052919149398804 
Car -1.0 -1 -3.2168729062211776 730.9965724318452 178.30215745901583 797.3174939139677 202.34849465840003 1.5 1.7031694322824478 4.071169582009316 9.879800369448498 1.8608644595724748 46.62670300985789 -3.0080698291447505 0.8946332931518555 
