Car -1.0 -1 -2.1046309682942352 849.1744866272712 173.07773805744333 1241.0 374.0 1.5 1.6069209694862365 3.8752640157938005 3.3028438533487225 1.5027345839636324 5.716419371481253 -1.5807085028525931 0.9999822378158569 
Car -1.0 -1 1.3659326659760354 690.5229476056413 177.95450027795357 770.8449669926742 235.15657061266378 1.5 1.5832026049494743 3.659016501903534 3.3853682284586863 1.6628084169261659 21.114295281157148 1.5249149044367927 0.9999614953994751 
Car -1.0 -1 -1.8621529441223625 744.1764360658641 176.19355068096942 929.0921583789884 292.89066720355265 1.5 1.6177036359906196 4.019694265723229 3.274474528185332 1.5625103980748227 11.406573210179099 -1.582601184086178 0.9999459981918335 
Car -1.0 -1 1.9057816957753961 314.9189677063628 181.05713762338652 430.9895393077964 252.02073100316116 1.5 1.5352407962083816 3.7123973041772844 -5.6694631954764905 1.7212655209960022 17.554944663142248 1.5934002280195774 0.9999387264251709 
Car -1.0 -1 2.0621397592192867 118.92510923793849 181.24346180619145 357.74615057947 297.4189604720647 1.5 1.6267462193965911 4.161155086755753 -5.7546074418307125 1.6612347160645664 11.725663634414666 1.6059031367262424 0.9998693466186523 
Car -1.0 -1 1.831480461117023 422.3008123795082 180.75886567167097 494.82934853505697 225.996231893549 1.5 1.6329214468598365 4.059997436404228 -5.552245311236096 1.8158134957829875 26.718944815263605 1.6265945315321506 0.998582124710083 
Car -1.0 -1 1.7701933024494325 493.0696430978338 180.65967844764694 533.5058211224879 208.71153684743834 1.5 1.5932675942778587 3.7872838348150255 -5.55966373288296 1.9714670831912782 41.60302210921028 1.6373443484266819 0.9973796606063843 
Car -1.0 -1 -3.9340975520244807 1156.9229149746259 169.52150398319174 1241.0 334.2778688891373 1.5 1.5993498757481575 3.778802838921547 8.097992481919743 1.470017673602247 7.432965487718946 -3.105906085171972 0.9872053861618042 
Car -1.0 -1 -1.628944156645777 655.2504464020905 178.96945612859943 693.3352605974483 211.85336439096454 1.5 1.6476514309644699 3.4896845489740373 3.0638769266556323 1.8148472617315883 35.33510180535691 -1.5424513305213792 0.7432743906974792 
Car -1.0 -1 -1.7231556938053167 681.5564262764968 178.3339344818749 743.7216299118902 222.95777909577404 1.5 1.6821425899863243 3.9353715747594835 3.673378245190671 1.7183422398240122 26.718387457058636 -1.5865272256222112 0.7375404834747314 
Car -1.0 -1 -0.6286100650648045 668.009379438223 178.21488755661764 785.9231395836138 222.83029180361854 1.5 1.6466672092676162 4.050724071264267 4.235204707057713 1.708055953713054 26.302141934109475 -0.4689591685917718 0.5936201810836792 
