Car -1.0 -1 2.2286723901140464 0.0 181.27224486298314 267.6561113652134 374.0 1.5 1.5643232062458992 3.8627135127782823 -5.081889490833086 1.6040174699755574 6.931555556249707 1.5960409522017063 0.999984622001648 
Car -1.0 -1 -2.112428733985048 825.3590344604511 171.989701642011 1241.0 374.0 1.5 1.6664352759718895 4.220957544445992 2.814310655348436 1.4972564533894226 4.6985431455807385 -1.5727631296638889 0.9999178647994995 
Pedestrian -1.0 -1 0.66147251230211 720.5652282922732 169.3395839147772 753.6454382794582 224.42687963313554 1.8 0.5091352880001068 0.9825123034417629 4.1978993051664215 1.6855228113170857 24.108661940806527 0.8338681896540777 0.9998924732208252 
Car -1.0 -1 -1.838834937936886 748.3214984439817 175.93952452673824 945.833932583761 309.35338519196034 1.5 1.5770640715956687 3.8616622358560564 3.014658156458054 1.5520843185880824 10.146492071972515 -1.5500285542246444 0.9995943903923035 
Car -1.0 -1 1.6754611811022502 509.999405999176 180.3980259058204 549.2644327778694 212.23595300822734 1.5 1.5940132111310958 3.937194359302521 -4.093994483801917 1.9068228656899957 36.89982822274832 1.564964218935694 0.9995384216308594 
Car -1.0 -1 1.9202800901159092 275.7785621739966 180.87043464433765 424.0633495596553 271.31547736124793 1.5 1.5415505066514015 3.693099927902222 -4.96323344826328 1.6781977833164778 14.148409402291923 1.5828945517500461 0.999461829662323 
Pedestrian -1.0 -1 0.7249830813955179 727.1210615252206 169.35964237794383 759.6602934301878 223.96176442616954 1.8 0.5621028624475002 0.9426300905644893 4.4485086831044685 1.6851636725112582 24.3276018094459 0.905843420824732 0.9987615346908569 
Pedestrian -1.0 -1 0.13299980908487827 631.2686249278833 174.59468935481036 646.9163107090301 205.50222445015035 1.8 0.598213405162096 0.8482027359306812 1.6792497091995187 1.9036053046387036 42.427207674077735 0.17255870898696354 0.9866483807563782 
Pedestrian -1.0 -1 0.599954032981696 714.4079605183863 169.20333069344608 748.9607352109872 225.38876267545925 1.8 0.502941620349884 1.0081930577754974 3.9384200653122816 1.6834021336047778 23.643509832402387 0.7650136192652838 0.9562051296234131 
Pedestrian -1.0 -1 1.8023694274123625 417.48261144355007 173.98665679138207 434.80722082382135 220.99001333306057 1.8 0.5682147599756717 0.4170224562287331 -7.138169764349783 1.8444209432700023 27.852909505468766 1.5514880855891364 0.9458336234092712 
Pedestrian -1.0 -1 1.746312971033021 413.8423058405151 173.98026134734474 430.42304024885414 221.31365333076286 1.8 0.5459647186100482 0.45337477028369905 -7.251949826871807 1.8439797751768552 27.69570114933889 1.4902185638758796 0.9247097373008728 
