Car -1.0 -1 -0.25112485720067834 671.4719518692121 177.59913610923817 863.932260486787 244.41777327236622 1.5 1.6702598452568054 4.208315399289131 3.623442240727761 1.6199409582626676 17.253740584541525 -0.0441239635136468 0.9999955892562866 
Car -1.0 -1 1.7845565527982672 347.3592496565317 179.80229514927535 495.69388255402663 290.1058805414856 1.5 1.5631435930728912 3.9038470506668093 -2.9933017490934897 1.6352709036583217 12.032615287152748 1.5407399376246589 0.9999889135360718 
Car -1.0 -1 1.7342449613264632 461.4840518019013 180.0551133374984 539.2953598880966 240.57347710347906 1.5 1.5572177737951278 3.7752220898866655 -3.020333837552166 1.721264980029467 20.232454985498915 1.5860576510389865 0.999983549118042 
Car -1.0 -1 2.1058953678301675 0.0 179.06174955109174 401.9709892469148 374.0 1.5 1.7197944715619087 4.421495881676674 -3.0336547765951876 1.5635269146004787 5.1279910928732795 1.5716845869978489 0.9995104074478149 
Car -1.0 -1 -0.34461686263027547 660.2889576506734 178.16807116219704 802.8604102754184 227.89481889966697 1.5 1.6487081095576286 4.212164741754532 3.8225436413397857 1.6800694951753072 23.20755199515996 -0.18137140671280452 0.9994232654571533 
Car -1.0 -1 1.6622634558816116 499.0241560752658 180.14464950080406 554.3053714984956 219.2409417259765 1.5 1.9133490070700645 5.066947874426842 -3.5452217243714426 1.8413061232479035 31.186421366914118 1.5490709980342048 0.9963626265525818 
Car -1.0 -1 1.5767758022257596 537.7572571880642 180.16656875176716 569.8540112107227 206.1680364804607 1.5 1.9242678329348564 5.892972138524056 -3.622961266919025 2.0003334131951496 46.32218917734094 1.4987224777552741 0.9953232407569885 
Car -1.0 -1 -0.076621299474714 628.874585566097 179.049120456232 720.4356962097341 215.08835127459145 1.5 1.6229382276535034 3.8187141090631487 2.6974921618083667 1.7749115209490602 31.144081916807213 0.009776397547449389 0.993979811668396 
Car -1.0 -1 2.4340995492342854 0.0 182.38271855472888 32.43951676851637 374.0 1.5 1.5415108323097229 3.650847685337067 -5.559193278268077 1.5803345710208105 4.183356076438833 1.5084096630427497 0.9503017067909241 
Car -1.0 -1 1.9807684601493551 354.8867347407849 181.10301251730252 453.34350287200004 235.9191223781296 1.5 1.5813630566000938 3.6709661155939104 -6.2779640294616526 1.7767286757174365 22.246142954291024 1.7057165980299533 0.7575179934501648 
Car -1.0 -1 -0.9066511212673158 651.853526150472 178.22468123960903 764.5380596875967 229.4476461664855 1.5 1.6461207091808319 3.780871492624283 3.2008105891760392 1.6890067677083167 23.434186125966892 -0.7709039012577874 0.6617471575737 
