Car -1.0 -1 2.6470235557153288 637.7660907470512 178.9215961321216 728.7016013694589 210.33545688846218 1.5 1.663663101196289 4.32741069495678 3.6884420074376054 1.8221751028126238 36.66743406524632 2.7472780823668064 0.9999332427978516 
Car -1.0 -1 -2.153210143312907 875.7075801888409 172.60420937973126 1241.0 374.0 1.5 1.6163023680448532 4.028794404864311 3.616126197767663 1.4990907564740394 5.684454550666228 -1.5866379542883975 0.9998738765716553 
Pedestrian -1.0 -1 0.15285136001887586 421.87386059139175 171.147003037493 447.2390628883143 234.11799356894724 1.8 0.6736709296703338 0.6231050498783588 -5.143847438452506 1.751564005727894 20.984896086296892 -0.08753045002487728 0.9994328618049622 
Car -1.0 -1 2.400987515956587 351.5303940223293 181.24725568325343 461.25408052210804 229.21707250016277 1.5 1.5545540049672126 3.567476060986519 -7.060644233059485 1.8154367432008394 25.15831207214066 2.12737749814592 0.9993124008178711 
Car -1.0 -1 -3.298257868931792 854.6719405766304 176.81556262713568 942.4690525020659 206.2729955031337 1.5 1.6654424861073494 4.118953880667687 15.222614712527271 1.7178355565982102 38.34310517223795 -2.9203313151982173 0.9836490154266357 
Car -1.0 -1 -0.5192592770098833 500.81980394204163 180.38592894850441 577.6743087011099 210.31606550973143 1.5 1.5933191895484924 3.828025844693184 -3.816729925753381 1.9237600158440356 38.80046717195493 -0.6173119703915461 0.9767667055130005 
Car -1.0 -1 0.8527357892329228 230.68948334863634 183.12277769857673 310.20414694501636 215.65695115478005 1.5 1.5315114080905914 3.639851373434067 -16.79287331100776 2.0273678082678765 35.597341114072734 0.41194645961257387 0.9733955264091492 
Cyclist -1.0 -1 -3.228131547393952 937.7109852986135 179.8470286267111 1035.3814386510517 250.76219073009082 1.4 0.8065820232033729 1.7433388650417327 7.775310482971132 1.553405429068022 15.084632094719682 -2.7522037784245352 0.9836519956588745 
Car -1.0 -1 -0.45413630916394054 933.9714723143708 176.19869544653886 1007.9651690108832 199.18132658654065 1.5 1.6388038665056228 4.115847361087799 24.02643079526647 1.72754332946155 48.1701662233167 0.008536740145410813 0.7195054888725281 
Car -1.0 -1 -3.5683413583554215 979.9640927823983 175.60271679934425 1065.3889614410054 202.04699393770352 1.5 1.6193461164832115 4.018369552493096 23.99896776218294 1.664593443441432 42.11991331663931 -3.0504409829762325 0.583584725856781 
