Pedestrian -1.0 -1 0.39276938970807773 725.9242767046316 159.0376026945271 776.8327186645524 271.38437064078374 1.8 0.6462255984544754 0.6335820563137531 2.3030114747527595 1.5789939962073776 12.001690241563194 0.5823554237696784 0.9999526739120483 
Pedestrian -1.0 -1 -2.5249766708934427 279.2135577985801 153.45901713369477 354.39273641508765 324.0867059890354 1.8 0.6085147641599178 0.5126446977257728 -3.2793720778965745 1.595754697597546 7.96290925459284 -2.9156403104451045 0.9997676014900208 
Pedestrian -1.0 -1 -1.603798225881583 463.29560304295086 169.85475741277887 490.60098375002923 237.97634521642487 1.8 0.6969246573746204 0.8796663515269756 -3.663352738666177 1.7211078118426653 19.567498177242182 -1.7888720045473916 0.9966967105865479 
Pedestrian -1.0 -1 -2.0970761395068047 532.1499229506993 173.55413064700497 554.7226213002887 216.41747083367486 1.8 0.6053610265254974 0.8692697182297706 -2.8895206702853753 1.8308035749237022 30.84436789936966 -2.1904841820385794 0.9961320161819458 
Pedestrian -1.0 -1 3.360750490002614 303.12989277643294 152.54435516147646 366.7362440781471 327.39071489015225 1.8 0.6863719344139099 0.5087844587862491 -3.0140140068883934 1.5912751198350352 7.802548511753852 2.992122280593735 0.9942540526390076 
Pedestrian -1.0 -1 -2.0148979597130814 541.6129539855034 173.49207500148978 562.7677033483956 216.13869138420338 1.8 0.6292878210544586 0.7817737318575382 -2.524500489182469 1.8281795470969702 30.962261731906572 -2.096252755322729 0.9796311259269714 
Pedestrian -1.0 -1 0.6571073033363855 247.88316975657133 154.26466795060614 318.8002953478446 322.2416198725401 1.8 0.5711448870599269 0.4725068833678961 -3.694326298030171 1.601159142212053 8.060551434702736 0.22735457023116523 0.97801274061203 
Pedestrian -1.0 -1 1.392168127085453 598.5668654847378 175.43845881603391 611.8758759331215 203.61518440813398 1.8 0.7213620029389858 0.8434775777161121 -0.34359957065906 1.9692224867620207 46.660326152166256 1.3848044117304938 0.8053459525108337 
Pedestrian -1.0 -1 1.5236660993427933 498.3785275336281 172.79017644174394 516.6206023592055 222.29972074721636 1.8 0.6246566332876682 0.9210099026560783 -3.847678212434522 1.7980373758744377 26.741142937059195 1.3807608326289313 0.7888803482055664 
Cyclist -1.0 -1 1.514677436755165 500.8795066188287 183.27751622836266 520.4549716323244 222.52436609610533 1.4 0.6463217109441757 1.2814010053873062 -3.740213579855077 1.797454058727648 26.793954283573473 1.3759819706294196 0.9044179916381836 
