Cyclist -1.0 -1 -1.988950749208012 879.2120093630554 178.28556945078003 955.9431454085261 276.5426133540913 1.4 0.44378023855388166 1.6375428557395935 4.725893371031073 1.3701140587289793 10.889973334314483 -1.5795092210781319 0.9999905824661255 
Pedestrian -1.0 -1 1.4603626396614084 740.2142194197381 160.17071025199252 773.5659760887744 243.5494703958671 1.8 0.6356610476970672 0.8057160794734954 3.321596893633376 1.3627441091292427 15.691034372866596 1.6689705729445041 0.999951958656311 
Pedestrian -1.0 -1 2.3367216540750846 719.6338329211558 163.4667517292754 758.644433609459 229.22970519242907 1.8 0.6044531732797622 0.9257788330316543 3.735147236894191 1.3353617125212938 19.862416979829266 2.5226018309553684 0.9999200105667114 
Cyclist -1.0 -1 -0.9389770978542297 634.6926282133311 178.786013608021 686.1063445639735 225.87415038627765 1.4 0.6457778185606002 1.8113717928528785 1.7027867866045143 1.3506043731078916 21.914168064669564 -0.8614303628590448 0.9999003410339355 
Pedestrian -1.0 -1 -0.9331121003438527 771.4828924222471 165.36949303837488 797.1917131969954 217.04479509024605 1.8 0.6444646537303924 0.6145048446953296 6.33055776361355 1.2744907682517865 25.067546919011722 -0.685744301476751 0.9986176490783691 
Pedestrian -1.0 -1 -2.2298861383316355 1014.7429111029837 126.56807751979824 1170.1401662780966 369.0 1.8 0.6391221217811107 0.8068440973758697 3.725845575739661 1.4112775211311692 5.537493080258295 -1.6376220146801812 0.995375394821167 
Pedestrian -1.0 -1 1.787721870323828 706.7818927044365 163.50749102501558 735.5333425890358 230.4170676388003 1.8 0.6267243556678295 0.800909523665905 3.17511776444323 1.3444503067663964 19.50392282428993 1.9491000056227268 0.9841398000717163 
Pedestrian -1.0 -1 2.4147856882329184 688.4791265488984 164.32815017531576 729.2171870649313 227.41548641570924 1.8 0.6506888687610626 1.0024313375353813 3.00996033411777 1.3401584513663027 20.715883774390953 2.5590731978376926 0.9500102996826172 
Pedestrian -1.0 -1 -1.3510909652748293 781.9981219444614 165.1016123803073 806.7524769201627 217.38601245562 1.8 0.6627201594412326 0.900886070728302 6.643841081684643 1.271410950214501 24.889276669837162 -1.0902372459557397 0.6895850896835327 
Pedestrian -1.0 -1 2.0495042531196885 716.6873998010329 163.76438557558828 748.2721365292869 228.36547375974126 1.8 0.5969333954155445 0.7788467712700367 3.6090712281850963 1.335266493656044 20.186396403740318 2.2264222979506076 0.6330878734588623 
