Car -1.0 -1 -1.2803526672550734 521.5547068192747 179.8443424539863 596.1088595550566 215.0283511807545 1.5 2.028225038945675 5.7794860124588014 -2.3873254423982515 1.869035782776982 35.00967673754384 -1.3484377125885827 0.9996994733810425 
Pedestrian -1.0 -1 2.754785403709522 802.5261681927337 151.8010755281595 876.7321245457732 299.43760586492783 1.8 0.708167490363121 0.6794681333005428 2.8502942709301333 1.543678425170653 9.176161650837878 3.0559561133345188 0.9995632767677307 
Pedestrian -1.0 -1 0.7147994698219989 1153.2136527178793 144.10898086054985 1233.939016680916 312.8818955799 1.8 0.48009185381233693 0.5031380362808704 6.392630012161228 1.4937859776842268 7.98324328785247 1.3900012214991706 0.9995026588439941 
Pedestrian -1.0 -1 -3.318826568014284 832.2643950344075 152.35901155214788 884.3282755064557 295.66576037231397 1.8 0.6884958155453205 0.5269714191555976 3.181478642030228 1.5429312076037458 9.439413326987795 -2.9937419454243526 0.9983416795730591 
Pedestrian -1.0 -1 -0.8540666188564037 112.35943311762688 165.63333910306812 185.6076608590621 278.46434550975357 1.8 0.5123486302793026 0.9808143161237239 -7.718247259724568 1.685166216468433 12.03050523154223 -1.424483151235853 0.9976918697357178 
Pedestrian -1.0 -1 0.43134382238004654 199.65021122994543 164.37963091410762 253.4256737313259 278.3994914989654 1.8 0.6252004325389862 0.562729363143444 -6.268834765550518 1.6665753448192029 11.716861883253962 -0.05993099609879085 0.9943442344665527 
Cyclist -1.0 -1 -0.6898999357709974 595.0599533409201 181.84434211675853 635.8936980659197 214.3921482952515 1.4 0.6294148534536361 1.8535702049732208 0.2148907590932858 1.813435212128844 32.320445315131074 -0.6832512776043755 0.9927083849906921 
Pedestrian -1.0 -1 0.4584164355653717 92.20799649830433 171.03358400119197 144.10994340348816 254.0143792092722 1.8 0.6150476194918155 0.7583959519863128 -10.950095079237173 1.7608698043738649 16.00662834762504 -0.14155681530502864 0.9933330416679382 
Pedestrian -1.0 -1 -0.8225701052569343 129.84627076356725 165.2880892557124 195.04286847102287 279.0728429226896 1.8 0.38940497003495694 0.9262019328773021 -7.418685187425501 1.6806701312699868 11.903136309307055 -1.3799133608725411 0.9618366360664368 
Pedestrian -1.0 -1 1.0994203390120973 827.9233076064617 156.96945279424457 883.4103835231541 274.54841021416854 1.8 0.5373871445655822 0.7785900987684726 3.8393678531204327 1.557183530734116 11.46790132521818 1.4224836071345466 0.9293525218963623 
Pedestrian -1.0 -1 1.4101835837538483 796.8405570918032 159.38581319794721 834.1287223219803 265.87469156171534 1.8 0.49328371211886407 0.86171445697546 3.5392396938717847 1.5727027612057909 12.649296318030867 1.6830043673475803 0.9330988526344299 
Pedestrian -1.0 -1 1.275128749589319 823.9811076663747 158.0151997609064 866.9011029598764 270.2136233477301 1.8 0.4721463218331337 0.7597256943583488 3.838326243456243 1.5622989009362327 11.956242465326827 1.5857667803724826 0.6303218603134155 
Cyclist -1.0 -1 1.90960862580209 442.8986752714073 184.0739547471787 483.02743090175005 233.99258696399076 1.4 0.627504152059555 1.7626451820135116 -4.4178695117504185 1.7499139775691477 21.560805549959312 1.7075033068617405 0.6300172805786133 
Pedestrian -1.0 -1 1.7194278025165457 849.6983417874974 157.51248017170806 886.1204594540333 271.3135554535222 1.8 0.44877431616187097 0.8381151154637336 4.203375080839286 1.557699914877496 11.885218512789658 2.05936311482988 0.9692553877830505 
Pedestrian -1.0 -1 2.4755714800574786 834.5202750178319 157.9813372571356 903.1609215731717 268.95298952238704 1.8 0.5266180753707885 0.9658437713980674 4.286439358066413 1.5591179399810677 12.104838559776724 2.815902698036057 0.5749350190162659 
