Car -1.0 -1 -0.5171032235143844 1019.9096861800564 174.99643313607228 1130.2281810991885 206.04826968501214 1.5 1.741904255747795 4.328444463014603 23.075012554720384 1.6101031255889418 35.972883888835966 0.05324201186629704 0.999991774559021 
Car -1.0 -1 2.8662954634433406 729.5171839458278 177.44010127125227 888.0218411541989 228.07211936529075 1.5 1.6699834287166595 4.453370210528374 6.034134447200493 1.6481708156528412 22.391092517023843 3.129530179496628 0.9999901056289673 
Car -1.0 -1 1.774421443694855 487.28156212537476 180.4022444039052 541.1906378902232 217.47504755070165 1.5 1.5857637420296669 4.0859057128429415 -4.232254737461944 1.8585279896932376 32.13965224691745 1.6434914946516574 0.9999454021453857 
Car -1.0 -1 -0.5418461683536249 997.9827543069355 175.28478576068645 1102.8031252585158 204.22323685540658 1.5 1.7439714193344116 4.51308177113533 23.355481439689463 1.6327946299855556 38.42728789610052 0.004277034601892748 0.9998365640640259 
Car -1.0 -1 1.6211227583720278 566.64309415305 180.05604673267126 594.5909451802395 204.44003581473515 1.5 1.642981407046318 4.055527833104134 -1.9310367548770362 1.9960393970456238 47.62145891920172 1.5805952429731907 0.9970508813858032 
Car -1.0 -1 -0.7591805442013679 1176.5941807323666 172.94196091500393 1241.0 215.62122236346556 1.5 1.7505646243691444 4.615474727749825 23.578871405678377 1.5036789532303108 26.30041557375047 -0.028290943303380688 0.9961407780647278 
Car -1.0 -1 -0.34723451299303987 762.6337556449828 177.80051380312233 851.4436982680758 205.36393125138255 1.5 1.7639114081859588 4.501399633288384 11.040097371595383 1.786757192416435 40.70951744598326 -0.08241196075943538 0.9608091115951538 
Car -1.0 -1 1.2366806413573534 546.9807890643682 180.11381900646683 594.6440336728664 204.66810901169814 1.5 1.7447606220841407 4.598279160261154 -2.6961930737498934 2.0079446145745585 47.987077489287415 1.1805538376185554 0.8395693898200989 
Car -1.0 -1 -0.823489368391437 1241.0 171.39730712163725 1241.0 222.3804157277192 1.5 1.84975755661726 5.02548688352108 23.84770422079059 1.4574997092668225 22.15410712647076 -0.001291946568761549 0.7299628257751465 
Car -1.0 -1 1.4715295033738403 660.1726568399698 179.17139443938026 689.3355320806502 202.260111694881 1.5 1.6530631601810455 3.4774048745632173 4.385028275680468 1.9497566142210787 49.57738105593843 1.55974809726211 0.5261015295982361 
