Car -1.0 -1 -1.9887345268826249 761.0737758625563 174.83816407332318 1179.9171962060054 361.0080789853192 1.5 2.0618755862116815 5.7110900551080706 3.5085894732952574 1.532418831739259 8.76430271244714 -1.6079460429635388 0.9999910593032837 
Car -1.0 -1 -2.1286522629784885 305.0416228901981 180.89719885564813 463.70724751006065 259.81457298414 1.5 1.610349354147911 3.689704325795174 -5.082653619001894 1.6976354491269037 15.887333554937575 -2.4382813731816153 0.9999631643295288 
Car -1.0 -1 -2.2952103087953164 445.8846686922807 180.67237498259638 534.1188270457216 220.56774244480027 1.5 1.5714260309934616 3.5964670151472093 -4.988223224702298 1.8394369822554253 29.549109261806286 -2.462444917359625 0.9999321699142456 
Car -1.0 -1 -2.0555415292023076 230.08128567155367 180.7946989942185 444.80053529976396 287.25299734580267 1.5 1.6673293456435203 4.212708261609078 -4.875893870127986 1.6597541906220572 12.472164571486214 -2.4282150427487235 0.999921441078186 
Car -1.0 -1 -1.6372596735181402 670.6964730835336 178.71276945953116 711.4900232543292 214.39782096516785 1.5 1.5814384937286377 3.9508024722337725 3.611939278686925 1.7845768587086177 32.993038734519075 -1.5282181101527554 0.9998799562454224 
Car -1.0 -1 -1.7047325217239102 0.0 181.07958387665377 216.12872949880676 374.0 1.5 1.617167566716671 3.743596982955933 -4.627072698975859 1.584182843863775 5.493650094295162 -2.4047149578717097 0.9997608065605164 
Car -1.0 -1 -2.189662280992333 396.37169562246453 180.81362588929915 503.71775942544576 231.96673563989714 1.5 1.5779855221509933 3.6609864354133608 -5.308763458368476 1.7798768150407906 23.526932279833886 -2.4115917245533804 0.9983382225036621 
Car -1.0 -1 2.1242968831632023 0.0 182.74578295595128 218.956546605248 287.66410183956793 1.5 1.6834719598293304 4.331738737225533 -8.984642847345429 1.7080209602958865 12.937059817792225 1.517279311022486 0.9971779584884644 
Car -1.0 -1 -1.796450171415064 733.5788796293036 176.95657554598395 854.695780782701 259.85676009184067 1.5 1.5791336566209793 3.9897067964076998 3.674954085811923 1.5984976174078842 15.254293790918698 -1.5600423170861346 0.9948095083236694 
Car -1.0 -1 -1.5284209807435851 574.425470362998 179.32495381475138 628.5225898272579 230.1960206499834 1.5 1.6139591604471206 3.2795658826828005 -0.26114922691678893 1.724808488493656 23.360265453608097 -1.5395997213807446 0.9915771484375 
Car -1.0 -1 -1.568190614776504 586.9371987506229 179.66471842618816 621.2362320615156 212.62931510579435 1.5 1.5957719206809997 3.5373816758394243 -0.326056362604374 1.8506763212811947 35.33659624416125 -1.5774175110880775 0.9869166612625122 
Car -1.0 -1 2.1178544783144364 253.73307756969882 182.6189641936343 335.73891805070946 217.5315300106375 1.5 1.647103627026081 4.178913545608521 -14.959647892676566 1.995493418163137 34.40077910711322 1.7076589941938938 0.9832431674003601 
