Car -1.0 -1 1.8017722716843347 376.8795101131426 180.6344642104678 478.69507172931276 237.64093746855556 1.5 1.8659301593899726 4.79873703122139 -5.007895609379575 1.4783936884597777 21.298196411978488 1.5708348631819309 0.9999703168869019 
Pedestrian -1.0 -1 -2.19729460977152 714.6613601527982 157.66088030192483 792.8289420006801 271.7426683779686 1.8 0.849099413305521 0.9948689050972461 2.478691055140322 1.425159658960728 11.959093437172212 -1.992924169698034 0.9999198913574219 
Pedestrian -1.0 -1 -2.1968675693730093 768.7992117504781 156.8220889693126 840.1474067741776 272.58533657802826 1.8 0.7641058906912803 0.8487284675240516 3.2511417067261026 1.4175834988591791 11.697455763356439 -1.9257740239289147 0.9999066591262817 
Car -1.0 -1 1.7194478008791663 468.96641705366847 179.47799296064835 560.729112272228 246.43217990836578 1.5 1.6807050004601478 4.324106734991074 -2.1007436898872633 1.4559162928331078 18.280065697817957 1.6050298094709934 0.9995191097259521 
Pedestrian -1.0 -1 -1.9017421565430626 600.4354819869012 159.5207517079115 661.9442118545106 271.0587019234301 1.8 0.7806640610098838 0.9134674005210399 0.4470206499091222 1.4465913445324168 12.140160724935521 -1.86493714252976 0.9992265701293945 
Pedestrian -1.0 -1 -1.9860200231422551 666.4790356678402 159.05614394732365 730.540806530488 268.8700621286211 1.8 0.7616804473102092 0.9680491432547569 1.6107283902396607 1.4334040374328898 12.343558726462836 -1.8562618056919915 0.998602569103241 
Pedestrian -1.0 -1 -3.5280561302635265 881.336655678966 139.4645531623132 1007.7220805509404 345.5554126556942 1.8 0.7223759338259697 0.8419241316616535 3.0951153639651667 1.4342448555178358 6.652701324029386 -3.0925995866444453 0.9945490956306458 
Pedestrian -1.0 -1 -2.667507469062228 635.633945654392 160.85320838293015 697.7636496981482 262.4336505746827 1.8 0.7251444764435291 0.914466243982315 1.1687815884277073 1.4354132102679618 13.276677504771136 -2.579701141515051 0.9915575981140137 
Pedestrian -1.0 -1 -0.8858568863946235 253.13428561982477 166.94701568421044 314.18672246605456 258.27011874861734 1.8 0.7216396301984787 0.9246644124388694 -6.526266206171475 1.5144061882322117 14.697096771548859 -1.3037529448654992 0.9705228805541992 
Pedestrian -1.0 -1 1.5867191964197902 1151.2979929224025 141.03859445924797 1237.0 321.4115342297549 1.8 0.6892450645565986 0.5624571375548839 6.223973986511463 1.3975902690591555 7.603145864674385 2.27270220517717 0.9653782248497009 
Pedestrian -1.0 -1 1.8955814539842115 1106.5088748962785 140.48703163890087 1217.2795265084753 325.801230902569 1.8 0.7475644841790199 0.6273233823478221 5.762825385430326 1.4030024724259234 7.459746848293802 2.5533420920332492 0.946877658367157 
Pedestrian -1.0 -1 -3.0543986846627202 1000.8626033009584 140.25663310644558 1105.0019272361392 333.6898057573793 1.8 0.6884543716907501 0.8309452354907989 4.483826642900677 1.4175841942108796 7.206577785566407 -2.4978259960797176 0.8994829654693604 
Car -1.0 -1 1.596687462324438 440.3040568415848 180.4092883937844 486.7428367451466 223.20504243464305 1.5 1.607719112932682 3.8310518980026247 -5.187611730044548 1.4628320352674753 27.195566760956208 1.4081997116419929 0.8698304295539856 
Pedestrian -1.0 -1 2.08483888010295 50.31318852823162 145.38679591713787 198.28903599648388 371.35692087295683 1.8 0.6747606702148914 0.984162700176239 -4.140475638678378 1.5137270080765222 6.2345284773249015 1.4986013611170905 0.6763282418251038 
