Car -1.0 -1 -1.8901544931228471 749.5405049667859 175.64505759917998 989.5386029837564 323.7619196559659 1.5 1.6097335636615753 4.16600541472435 3.010474552985605 1.545115234539762 9.475522491909405 -1.582529609152351 0.9999947547912598 
Car -1.0 -1 -2.161937620208847 884.523265511659 171.3215959734756 1241.0 374.0 1.5 1.5117878586053848 3.231514108181 3.0954844396560324 1.4938925870322852 4.660909383359712 -1.5756880622964842 0.9999703168869019 
Car -1.0 -1 1.8986635159864862 225.42541507295687 180.02256990309547 450.14081983689414 315.2557847170567 1.5 1.6585276022553443 4.2564528554677965 -3.6315471075064316 1.6245591360416989 10.362711394807873 1.5615934570643561 0.9999719858169556 
Car -1.0 -1 -1.5662263933361522 610.8629574976588 179.46022982895303 643.6159231399931 208.25261996325773 1.5 1.7534384995698928 4.419182848930359 0.9477369815213611 1.8947964591263535 40.84509034896196 -1.5430273516711337 0.9999498128890991 
Car -1.0 -1 -1.6693593955890669 736.2345933121717 177.12857176824156 828.2992222099269 255.3029728909445 1.5 1.591866885125637 3.6583519101142885 3.64026630413352 1.6063017890768871 15.965868672511654 -1.4451884786274773 0.9999328851699829 
Car -1.0 -1 -2.498444447506548 17.141924335546456 183.3229463296201 322.4537901256448 247.42236908366098 1.5 2.2561824440956117 6.820718806982041 -11.36761177965728 1.7947093640673968 18.82210392493307 -3.0417633811619624 0.999927282333374 
Car -1.0 -1 2.261432514043178 0.0 180.00065275872615 334.0344745143122 374.0 1.5 1.4718533053994178 3.349098798632622 -3.4918759109497266 1.5678258681239687 5.076138252089484 1.658873546119553 0.999030590057373 
Car -1.0 -1 -1.3708430270633074 753.2886813245354 177.19205812639441 840.5843617138353 234.68913823025346 1.5 1.7095642656087875 4.158874464035034 5.589251289122312 1.6425421034709193 21.40292848793177 -1.1154034892704827 0.996845543384552 
Car -1.0 -1 1.160294533863591 475.7648180564767 180.73622683061058 530.1922159002027 209.8825978026399 1.5 1.591092024743557 3.8624076664447786 -6.059377271805406 1.963160558016984 40.30324946106378 1.011067553362574 0.9897565245628357 
Car -1.0 -1 -0.2910818254545453 794.6023596650717 177.0355755682706 952.5034499548875 209.19319113035783 1.5 2.2464370846748354 6.900931012630463 12.714758408542924 1.7125649093078257 35.304082927566355 0.05460636218520573 0.9725340604782104 
Car -1.0 -1 -1.2053338657584196 413.368351509966 181.21491268465817 476.6756785921897 210.364273005661 1.5 1.9016000002622604 4.866049301624298 -9.339675594491146 2.006447547828543 41.12906517193966 -1.4286292205241067 0.846786618232727 
Car -1.0 -1 -1.3407833097093158 478.45440788842484 180.7259266030585 523.6508186649455 209.7258724697834 1.5 1.6064830616116523 4.177844014763832 -6.107240697198087 1.9670894369256053 40.63075313283693 -1.4899771968510491 0.6990246176719666 
