Car -1.0 -1 1.9248581803583802 268.691763801767 179.710386314721 484.2232008873899 320.40383038690715 1.5 1.5391018733382225 3.6747904986143114 -2.9449636549026925 1.6109432164705528 9.754011621909251 1.631637799735886 0.9999914169311523 
Car -1.0 -1 1.7884954372509227 406.0102174910946 179.80104140399388 527.1303558732841 267.4986861637726 1.5 1.5759949132800102 3.9298786342144014 -2.7987319411567206 1.6604709575627894 14.640194375444416 1.5996067404707492 0.9999814033508301 
Car -1.0 -1 -1.6160634306129107 735.1655220060516 176.9351411226831 832.4451065726664 266.9678620096376 1.5 1.6207160919904708 3.7481828153133394 3.2469479664833063 1.5918694786932728 14.187571540467887 -1.3910793522980553 0.9999415874481201 
Car -1.0 -1 1.6936803383001435 494.37860886161866 180.11576638530394 552.6329912363441 228.61953269423518 1.5 1.548226971924305 3.5627546280622484 -2.925950664057559 1.766238708364489 24.630544562625044 1.575440871711594 0.9998751878738403 
Car -1.0 -1 -0.6542872732497466 1065.937530502151 169.4876689338941 1241.0 367.78845181015134 1.5 1.5996143713593483 4.247147080302239 6.770270430669606 1.4748940717601606 6.557524361027767 0.14707212050887516 0.9997430443763733 
Car -1.0 -1 -1.147295754232344 794.8213668842922 176.89237434271556 889.595355512899 230.4814226926945 1.5 1.5455168232321739 3.3320466548204424 7.150168813995811 1.6345103827288299 22.212194243701877 -0.8358676592495782 0.999729335308075 
Car -1.0 -1 -1.213243544180109 738.302173513232 177.1850620738772 842.3159548769805 242.82618995969187 1.5 1.5198957666754722 3.331924092769623 4.649606352019598 1.62240235839798 18.526403626017757 -0.9673503796246392 0.9993177652359009 
Car -1.0 -1 -3.1211775126174217 734.1885002728251 177.9237083956313 827.1436858484117 211.79116397567188 1.5 1.6820688292384147 4.120560225844383 7.910107505093164 1.7463291475755096 33.67813173374873 -2.890485243001257 0.9986265897750854 
Car -1.0 -1 2.3921518835352082 0.0 179.56553547617585 282.63778258637575 374.0 1.5 1.6136026501655578 3.885014218091965 -3.482594637071197 1.5526635353090341 3.6349196063369456 1.628151881690842 0.9959458708763123 
Car -1.0 -1 2.3725366059870234 937.5617894917377 175.8912396874183 1029.4395593939644 207.54198361267132 1.5 1.6459420815110206 4.047880184650421 18.496312513819465 1.6569545190502382 35.82737332494614 2.8491090416868747 0.9919562339782715 
Car -1.0 -1 1.1653652592090762 496.129863239937 180.1656147078811 570.6991693614387 220.70859399111978 1.5 1.6219107925891876 3.8873600333929064 -3.24408574153016 1.8208924615939732 29.53778860043107 1.055975361666407 0.9906654357910156 
Car -1.0 -1 -0.9586687213644804 1002.0418303656005 174.9592292515371 1111.9058239716842 218.28599681548053 1.5 1.5876587972044944 3.732156988978386 16.42717629574146 1.58220719716704 26.58485866037159 -0.40518064896133965 0.9870908260345459 
Car -1.0 -1 0.4523407668692945 1241.0 22.130779305583236 1241.0 374.0 1.5 1.8544141694903373 4.396113243699074 5.328523995806834 1.4473604866716372 2.4661310045968783 1.5896758913954319 0.887142539024353 
