Car -1.0 -1 0.38193149078833577 186.90047643625417 181.78468346902457 436.6309434490714 266.49468819082676 1.5 1.6233763217926025 4.095827651023865 -5.601167174825263 1.6809582561829335 13.767726752294047 -0.004451588788305006 0.9999946355819702 
Car -1.0 -1 -1.693070861613869 657.0712506726236 178.86894984920252 700.6828659369203 212.30682470022816 1.5 1.6095895811915397 4.172354054450989 3.2629511827796573 1.8116782762075183 35.2331318481617 -1.600723962360297 0.9999932050704956 
Car -1.0 -1 -1.7661273787468827 701.5283508294323 177.4114354156509 808.4832284830247 253.01292964236984 1.5 1.598086443543434 4.149760541319847 3.142909950111633 1.6186647159996013 16.645951101352328 -1.5795149207722885 0.9999804496765137 
Car -1.0 -1 0.5548016821181261 0.0 182.7150043015085 321.2902582752066 327.7989973244981 1.5 1.6842371344566345 4.328752544522286 -5.9742602350610925 1.6303397051327126 8.54788861585019 -0.055196718373571124 0.9999622106552124 
Car -1.0 -1 -1.9450897608743938 776.4559194340632 174.71374583503632 1107.673601107881 374.0 1.5 1.582595382630825 3.909389165043831 2.8910169041044758 1.524410628268888 7.373946884502729 -1.571448389850792 0.9999459981918335 
Car -1.0 -1 0.42572469541297986 274.1204461840286 181.45770978509663 460.789671616838 252.11946977046762 1.5 1.5664196133613586 3.7399312973022463 -5.528409009993249 1.7089725643741114 16.52143007357575 0.10281614860030583 0.9998443126678467 
Car -1.0 -1 1.649946507728234 545.3763738495765 179.92278309193082 587.6470267620429 217.31272552622826 1.5 1.5578993156552314 3.655506905913353 -1.8852226847789366 1.8268672742217664 31.482854008136396 1.5901369929274143 0.9992102384567261 
Car -1.0 -1 3.2163143525951075 460.87259679216794 180.93137409670368 539.7182060680883 210.23058322620165 1.5 1.5762215971946716 4.042346265912056 -5.8229908551435425 1.9407029400661457 38.39362429979355 3.0657958865126194 0.9991347193717957 
Car -1.0 -1 3.5604081879363076 30.4358268849698 182.61198182946592 313.3165198805937 291.085662808862 1.5 1.5721306696534156 3.3847542971372606 -6.6213204829729 1.6641718367334992 11.13064633320245 3.0237671017607273 0.9987680315971375 
Car -1.0 -1 3.2394514919053456 344.2897958896536 181.27957702387712 487.94483320848735 232.3611319345224 1.5 1.6411761313676834 4.225890946388245 -6.035872617787898 1.779071151972237 22.714940360235428 2.9797307133635105 0.9549371600151062 
