Car -1.0 -1 -1.5696643117823528 589.0566493556579 179.34024094259152 636.1315371185485 223.51553266257838 1.5 1.63315502256155 3.6016790688037874 0.05080375116651906 1.7577840688515567 26.83038200672518 -1.567770798285727 0.9999436140060425 
Car -1.0 -1 -0.9500261312029763 680.6749728005843 177.81817502688926 803.7591436160468 231.61502546280934 1.5 1.6512951374053955 4.191321742534638 4.158771538057742 1.6695736185733085 22.54323480349215 -0.7675973931935174 0.9999306201934814 
Car -1.0 -1 -0.9552325004779243 725.8500594858301 176.74432085029935 899.9000593913889 255.46603743445544 1.5 1.6072737544775009 4.0952643871307375 4.485916873679029 1.5961195620493702 15.84644896399691 -0.6793639222767693 0.9998273253440857 
Car -1.0 -1 1.7899814564652323 402.84430526594946 181.12688606327768 465.57791201328206 221.6341146143069 1.5 1.66297038346529 4.007002946734429 -7.156197931104496 1.862443950785342 29.55897174154771 1.5524527271601813 0.9997368454933167 
Car -1.0 -1 -0.8633725530919418 651.3373056575282 178.73562172323503 734.466865529257 210.44325841602793 1.5 1.7421955734491348 4.498306897282601 4.277763325124467 1.8205214218381667 37.10487073492834 -0.7485908428814751 0.9995957016944885 
Car -1.0 -1 1.9046362700197612 395.7668690482775 181.551663690259 447.6406251560939 209.12604203713366 1.5 1.6672786816954612 4.286020857095719 -11.139606270411052 2.0433413972656633 42.83949728408002 1.6502389788588108 0.9942582845687866 
Car -1.0 -1 -1.451343671889299 1053.0082637153773 168.5399566100218 1241.0 374.0 1.5 1.6018620252609252 3.8080962866544725 4.58911695913969 1.481548547323111 4.989602970472203 -0.7077311436322076 0.9864505529403687 
Car -1.0 -1 -0.5889379542595032 638.3018781264622 179.16291294409945 703.3102697270824 205.03866952743095 1.5 1.5788451328873634 3.717549753189087 3.700866551537217 1.9006794923540884 44.190606078111294 -0.5053851167347772 0.906286895275116 
Car -1.0 -1 1.862900907118502 429.11907617573536 181.38173630143984 469.2991244481375 205.08661746837436 1.5 1.5119240179657936 4.306572911143303 -10.9900569216824 2.110781064528983 49.44268988428289 1.64417814015947 0.7926692962646484 
Car -1.0 -1 -0.743656282711596 676.5329645990971 178.34620438628792 770.8200385746221 217.04176402857462 1.5 1.6369727000594139 3.7914881974458696 4.739801117496207 1.7433769865379272 30.191361933873814 -0.5879353443768365 0.6970618963241577 
