Car -1.0 -1 -1.6976299378197908 577.4223164463932 179.52224369720352 627.191136920355 220.7957069499019 1.5 1.5469110131263732 3.341669824719429 -0.4001839620075374 1.780549689621696 28.552569605844567 -1.7116447101023538 0.9999394416809082 
Car -1.0 -1 -1.8150713751268521 639.3361839232283 178.05758676891838 744.4044415506933 252.17279042659982 1.5 1.5791308626532554 3.5379989564418795 1.728910970784425 1.6344227375869465 16.72436570856939 -1.7120605121043069 0.9998488426208496 
Car -1.0 -1 -1.9230031446385158 713.8369725713665 176.18060937133822 917.4776157973924 312.77910337974237 1.5 1.5199939280748367 3.3249183118343355 2.4991234904288633 1.5532336926365884 9.735386314658315 -1.6717238063600404 0.9998127818107605 
Pedestrian -1.0 -1 1.5096733080130338 406.3766437777777 176.9425088896813 419.3286276484382 208.05056673377945 1.8 0.6900277480483055 0.7063180699944496 -11.59727196435327 2.042644154117219 42.31021339813028 1.2421430786463874 0.9993649125099182 
Pedestrian -1.0 -1 1.3748966519036112 399.7273112037163 177.01310843090218 412.7032010939287 208.1018388071875 1.8 0.6257405996322631 0.6048997424542903 -11.981411938260168 2.0465453102656848 42.295179042709215 1.098848267397608 0.9986042380332947 
Car -1.0 -1 -1.7301510778440847 550.9646809525808 180.06939130111587 589.6939143003052 210.14980933196128 1.5 1.5451184034347534 3.4015348672866823 -2.203222184184768 1.9054657897434792 38.68106073581913 -1.787048281231199 0.9976338148117065 
Cyclist -1.0 -1 1.646671528529251 403.27406381244657 185.63878908838325 444.056315457531 268.399883344739 1.4 0.6043298661708831 1.8119913086295127 -3.4965278843814667 1.6553002303999647 13.440219090461332 1.3921591480586188 0.9988716244697571 
Car -1.0 -1 -1.3973165307501374 225.43643665039588 181.08184755824547 365.3801480964977 285.265174844006 1.5 1.6181305542588234 3.6366994053125383 -5.37869678069465 1.666912562126424 12.648815595166882 -1.7993847141650063 0.9937788844108582 
Car -1.0 -1 -1.4554494043034845 406.9687037972422 181.36011626888853 451.02142525309705 216.18476660564372 1.5 1.610392753779888 3.510861706733704 -8.468216940920419 1.9208671389602407 33.822291238546015 -1.7007798860457284 0.9831794500350952 
Cyclist -1.0 -1 1.7768177141116117 342.25457017355774 186.786212149813 403.31156862414707 284.3484336080391 1.4 0.6042898193001747 1.614812996983528 -3.7749931632186127 1.6371926791347384 11.42639278049078 1.4577321251246589 0.9821633696556091 
Car -1.0 -1 1.7474590423886447 307.0881464426114 181.16954593879225 404.63864444308456 250.81803942288454 1.5 1.6133711233735084 4.076749321818352 -6.310919915818325 1.7346520276211217 18.18730728059275 1.413463040194239 0.9279487133026123 
Pedestrian -1.0 -1 1.7298964584301255 400.1523461760592 164.8338502140732 449.2097798436516 264.50467385037126 1.8 0.7720525868237018 0.7995838791131973 -3.4952263466720095 1.655518383145056 13.46240554608928 1.475876255831446 0.8463281989097595 
Car -1.0 -1 0.06488281599008316 0.0 0.0 1241.0 374.0 1.5 1.6672775641083717 3.7328152477741243 3.0537270812584993 1.4535077408761417 0.7550346014852336 1.3932902057978767 0.6626102924346924 
