Car -1.0 -1 -1.9290147186938456 747.7116713834391 175.52011439594182 1006.4985346664525 331.74977253168504 1.5 1.5987810239195823 4.043252256512642 2.940982297486983 1.5414004817772864 9.049889296718515 -1.6148059787836415 0.9999697208404541 
Car -1.0 -1 0.3527242329488751 247.78149676558542 181.6650272859803 445.87787416001686 255.05170286968618 1.5 1.5932580947875976 3.742692855000496 -5.687106393495062 1.7025590389745042 15.747439337327735 0.006155534586633958 0.9999421834945679 
Car -1.0 -1 -2.268798505270972 705.0589647265042 178.24930865810637 778.6093442533353 212.42527633062966 1.5 1.518069815635681 3.512294825911522 6.145877374130428 1.7700809040116268 34.167326920464696 -2.0908258120205745 0.9997989535331726 
Car -1.0 -1 -1.6628823396084687 624.80706934437 179.48713730780688 654.6057750781983 204.2432425010326 1.5 1.5945559859275817 3.5144227117300035 1.846709832100288 1.9441485895817419 46.475292408799895 -1.6231679293003423 0.9984754920005798 
Car -1.0 -1 3.3189406046985415 403.99160816403537 181.23030306091331 506.7228373582649 219.12914549683018 1.5 1.6483648240566253 3.9253274470567705 -6.3736360148480795 1.8570779454265838 29.836560269553466 3.1084854483564914 0.9961743354797363 
Car -1.0 -1 -2.827524682465195 383.92024814967937 181.38594407336578 483.5231280530179 222.66079144197946 1.5 1.565621842443943 3.3699872463941576 -6.716963735434018 1.8362806178904285 27.49984106500392 -3.0670886794712886 0.9917442202568054 
Car -1.0 -1 3.398845301257376 357.3849754817987 181.5871996707295 465.15770334147095 226.43592860358797 1.5 1.4584403976798057 3.365118291974068 -6.9214578030296945 1.8140756272312268 25.16877268560276 3.1304774165113987 0.9853184223175049 
Car -1.0 -1 3.575637479830277 128.84854945984262 182.3579766725649 365.7688799202918 270.8627663198426 1.5 1.5593011423945426 3.557853263616562 -6.5679193615012785 1.685557011412248 13.230567277424319 3.114857900138718 0.9791268706321716 
Car -1.0 -1 3.649222227706427 0.0 183.0543719357419 282.3013598289787 294.3221240712943 1.5 1.5906159326434135 3.6528977125883104 -7.155297268683433 1.6666445216052845 10.827503337756495 3.0652611136396946 0.9259037971496582 
Car -1.0 -1 -1.6359760829269128 492.14339492781437 180.7715649377107 522.7176561262952 207.8171388703806 1.5 1.5734464421868324 3.4552088499069216 -6.1722808177409005 1.9920469012121085 42.95272708191382 -1.7786984453585488 0.5729274153709412 
