Car -1.0 -1 -1.8362539017052184 736.599486995011 176.75612853593736 875.3927862109925 268.0409346669815 1.5 1.610272054374218 3.7081270039081575 3.5424773174000697 1.585527801756638 13.87955652120695 -1.5863591032710416 0.9999953508377075 
Car -1.0 -1 1.7412203403234223 474.98733049603345 180.5581445495964 526.6270989213199 220.00569618789095 1.5 1.557934147119522 3.3880388855934145 -4.4935213313174485 1.836954283774368 29.81159781858139 1.5916159033735813 0.9999903440475464 
Car -1.0 -1 2.083800368806356 3.1692875211520777 180.87946630028736 343.134531216853 350.2923770581645 1.5 1.6149402156472206 3.987446662783623 -4.777567317681858 1.6179538259055448 8.572452751836916 1.5753574252089084 0.9999872446060181 
Car -1.0 -1 1.9044523695313336 267.8209240549486 180.70034916151033 430.7019467043889 275.0625645299134 1.5 1.6350172951817512 4.187155750393868 -4.842501398103038 1.6744302263309645 13.909990315791388 1.569443388781275 0.9999922513961792 
Car -1.0 -1 -2.007173616839223 788.7519849558049 174.97287452694965 1088.8873053530378 338.0906352927755 1.5 1.6198725000023841 4.053192076086998 3.5238999322964286 1.5321409230298972 8.753189619081578 -1.6244410658862931 0.9999682903289795 
Car -1.0 -1 -1.7184801414312307 715.7943838818403 177.63309716877777 795.9839267226682 240.1384337406967 1.5 1.5856562674045562 3.5126565515995027 3.770805673237852 1.640569668081526 19.376260374846197 -1.5262730206039292 0.999582827091217 
Car -1.0 -1 -1.7123212239965555 691.5194816179751 178.44258927025055 741.1779788743623 216.7874556296144 1.5 1.5833274021744728 3.519434717297554 4.393607131736568 1.7502300607031351 30.497094561027822 -1.5692392822264252 0.9975537657737732 
Car -1.0 -1 -2.3801570099406093 1006.1206607300425 162.70487040667243 1241.0 374.0 1.5 1.5935127183794975 3.54615994989872 3.6452036042332274 1.4760046539622513 3.5051674499231074 -1.5751768900689227 0.9971080422401428 
Car -1.0 -1 -1.7223585283843164 695.4682512516159 178.12170874548687 760.4141346037176 226.18490306174047 1.5 1.6162917509675025 3.9416885495185854 3.9409094857696347 1.696756561543919 24.92366096233863 -1.5655376497332496 0.9950880408287048 
Car -1.0 -1 1.7077015634397161 501.66786675472105 180.44649436935538 544.2339549627126 214.28705927012277 1.5 1.5522074446082115 3.5882434368133547 -4.1605582944827 1.8834656789351942 34.59793842963574 1.5880217432936252 0.9940604567527771 
