Pedestrian -1.0 -1 1.8214301395550911 663.2898837961246 167.65984987069834 683.2407987245581 214.48650892447577 1.8 0.5854688145220279 0.8527501046657562 2.6521650294058707 1.3079354186146608 27.67414857197482 1.9169738173445285 0.9999634027481079 
Car -1.0 -1 -1.6675785029115509 692.0020404894564 174.92779717199687 727.3074714707728 201.94616155716608 1.5 1.6463296979665756 4.053755339980126 6.057469890407484 1.1920369425665152 41.31345872665591 -1.5219936604287965 0.9991695880889893 
Pedestrian -1.0 -1 1.736938936016715 654.7026628976474 167.73377404093864 673.3225289832103 214.8385729161317 1.8 0.5891019038856029 0.8606696061789989 2.275705121724067 1.3136761465038733 27.502855745871795 1.8194951891859592 0.9988242983818054 
Pedestrian -1.0 -1 1.3152062368927093 1107.4054568196252 97.13412436178892 1223.0 369.0 1.8 0.6138178080320358 0.5712592534720897 2.8779621741635832 1.4328883339311806 3.5110121477892315 2.001842010017258 0.9985474944114685 
Pedestrian -1.0 -1 -3.8425988844907284 1122.219963605786 111.67879257395506 1223.0 369.0 1.8 0.7632210411131382 0.5381292223930358 3.6514900793648475 1.4187168875359688 4.311969759628008 -3.1399501125004634 0.9943137168884277 
Pedestrian -1.0 -1 2.05290681185875 1173.9231027117128 101.27357305930839 1223.0 369.0 1.8 0.6418734349310398 0.575295978039503 3.5282079209313926 1.4231600398185598 3.7714516322730485 2.8049946904142917 0.9874476790428162 
Pedestrian -1.0 -1 1.5117611736847563 1223.0 92.27042879664029 1223.0 369.0 1.8 0.6386849589645862 0.6844319894909858 3.4933305858330033 1.4251456271510694 3.4808375836281726 2.2989506602247776 0.9793104529380798 
Pedestrian -1.0 -1 1.2871771530005733 1183.45680438601 88.682718609762 1223.0 369.0 1.8 0.6016140364110469 0.717834898084402 3.1329723737699116 1.4306822666698484 3.309037402612257 2.0452513575514377 0.9789325594902039 
Pedestrian -1.0 -1 1.0220775271992282 1223.0 35.731277409553584 1223.0 369.0 1.8 0.641989105194807 0.7059727355837822 3.6631742381452477 1.4293532289813156 2.2734265432507708 2.03743289708696 0.7370118498802185 
Pedestrian -1.0 -1 1.6618655618276688 646.108060964518 167.89557070768197 662.7792783628782 214.90321750764346 1.8 0.5894705213606357 0.6563440456986427 1.8976803784735483 1.3188628691257336 27.440063439754475 1.7309129118879856 0.550753653049469 
