Car -1.0 -1 -2.179402142242764 205.67720342105093 180.71693824973673 449.49696013750975 304.39371840470545 1.5 1.5374856561422348 3.5851555436849596 -4.253006603329348 1.6334000398774526 10.580402302991972 -2.5616058270123343 0.9999755620956421 
Car -1.0 -1 2.2251127816563048 85.84882773107657 182.40333724972044 284.7098980258305 273.3504030676254 1.5 1.5366528674960136 3.478413683176041 -8.13219778057923 1.7112305616440462 14.105720668748003 1.7021386504133762 0.999907374382019 
Car -1.0 -1 -1.5746552846971753 594.5532531710326 179.04522289806278 652.447198838953 233.47777912021175 1.5 1.627819475531578 3.4760578095912935 0.3529362062795849 1.7043754737156342 22.026089440500183 -1.5586331030961615 0.9998997449874878 
Car -1.0 -1 -2.1814643016747413 411.76706544935996 180.57960910320978 520.8062193933106 236.38059797516547 1.5 1.519838024675846 3.3940764635801317 -4.393801913785908 1.7499511579615847 21.588688557058312 -2.3822453776982173 0.9998792409896851 
Car -1.0 -1 -2.1172143635321348 371.6818274627074 180.69538215171866 495.77727503954225 246.10604155964265 1.5 1.5467959016561508 3.456765648722649 -4.682364930704402 1.7231373276460775 18.731715416525073 -2.3621646920826778 0.9998297691345215 
Car -1.0 -1 -0.542209656181867 902.4597443475507 175.67200327574457 1090.0870124493085 215.0212495966145 1.5 2.244297277927399 6.412283939123154 15.353693573765108 1.6186366002226742 28.985101414464037 -0.055077628293309894 0.9998224377632141 
Car -1.0 -1 2.3922309419680987 0.0 183.2068015930383 126.92717348734602 352.29845447427033 1.5 1.6118675962090492 3.97403524518013 -8.10413135965839 1.6542913089408444 8.686638087963257 1.6415109515150608 0.9996203184127808 
Car -1.0 -1 -1.864637560334762 735.9894481911331 177.04768906510543 858.6038395344216 250.8090959981911 1.5 1.645991814136505 4.051460188627243 4.188271150346929 1.6110173826594738 16.970901969897863 -1.6226811120894296 0.9996092915534973 
Car -1.0 -1 -2.1745612115318584 897.5359405932445 172.95461527045876 1241.0 374.0 1.5 1.5892902880907058 3.72110293507576 4.080139428223047 1.5015118157158764 6.385073763575729 -1.6059491681542737 0.9994564652442932 
Car -1.0 -1 -2.3498036944638656 502.6360539241704 180.38017737016017 578.6824823451919 208.06636574273114 1.5 1.7864542573690414 4.512852293252945 -4.146662502098142 1.9646339962719095 42.377458818852126 -2.4473438421872005 0.9992068409919739 
Car -1.0 -1 -1.9227050491448634 782.3814585802138 175.89906061897022 969.8297242992228 287.15760501193466 1.5 1.596161027252674 3.746027734875679 4.028753060775659 1.5577936135222654 11.717686567739264 -1.591548045226608 0.9990986585617065 
Car -1.0 -1 -1.6007023981473876 599.1349716623273 179.56480848275996 633.8227904156008 212.23158147340342 1.5 1.5988588824868202 3.378906708955765 0.24083222756476005 1.846792689189031 35.53801717871748 -1.5939257527377946 0.9984937906265259 
Car -1.0 -1 -2.2385273071323852 453.1373762701972 180.5481370672157 543.4717152454187 221.19012683159875 1.5 1.5838068470358848 3.818991643190384 -4.61001470459587 1.8319664241720206 29.216659309842072 -2.3950242559101924 0.997703492641449 
Pedestrian -1.0 -1 -2.3142395727909713 689.7569365715434 171.4316199359759 720.4648334615292 216.7438076106699 1.8 0.6600382298231124 1.1077179133892059 3.815421922608025 1.743854560661779 29.302751631505078 -2.1847610632565364 0.9694100022315979 
Car -1.0 -1 -0.4046054541653834 800.1918989065831 177.13072173320913 908.2962336518577 216.39571330989253 1.5 1.6417395815253257 3.7335994213819506 9.637945483518545 1.6764794809938433 28.74190850610814 -0.08106143871811458 0.9168996810913086 
