Car -1.0 -1 -1.5781360344188464 594.8896013711076 179.39473346253635 637.3839464248406 219.43962047559046 1.5 1.6263722002506256 3.5918744772672655 0.19034858231123689 1.7832537349029989 29.408139677854837 -1.5716634752487322 0.9999619722366333 
Car -1.0 -1 -1.0474889892792882 724.1507378494549 176.79163830784896 886.7840777768886 255.65432806752906 1.5 1.6429881125688552 4.080888864398003 4.365346481468676 1.5983924055760688 15.942030318699945 -0.7802143255856377 0.9998666048049927 
Car -1.0 -1 -0.8947439222923426 683.1990915410677 178.14521270611812 779.5249237346036 222.57300218639395 1.5 1.5421055749058723 3.6726447314023973 4.471402353186779 1.7085064737075202 26.583976472146276 -0.7281045476582391 0.9998326301574707 
Car -1.0 -1 -1.1239757205746275 751.8966254018114 176.00773052582088 947.2804072565275 281.430457892148 1.5 1.619044554233551 3.9455047369003298 4.1677421853385885 1.5630404092423247 12.360135016865703 -0.7987561384823663 0.9997292160987854 
Car -1.0 -1 -1.4661962850766335 1049.721625971089 169.4653864109283 1241.0 374.0 1.5 1.6517837092280387 3.981609132885933 4.8653936635285095 1.4837715092068637 5.481518484042692 -0.7402746240284783 0.9994680285453796 
Car -1.0 -1 -0.9411501367316468 700.7271868588648 177.41837339510053 838.7646466395821 239.95089372811606 1.5 1.5967198207974433 3.9934440076351168 4.339803302642961 1.6358963482871711 19.504262564609196 -0.7222113768246514 0.9973018169403076 
Car -1.0 -1 -1.2633972871635213 831.7390919598467 174.40143325903554 1091.4524190730715 333.8228601034169 1.5 1.6588366150856018 4.187865045666695 4.4531159414108625 1.5239248667002152 8.90633828024505 -0.7997544566777093 0.9969469904899597 
Car -1.0 -1 -0.8436434648431166 660.3777182086917 178.74962694151597 733.2145530320272 209.86641876493334 1.5 1.5849190324544906 3.853057187795639 4.491612590294208 1.820904089943422 37.35762555413485 -0.7239850322392327 0.9911940693855286 
Car -1.0 -1 1.7106516209915252 490.1397020256181 180.78740194737992 524.3834381325952 206.10662794831381 1.5 1.6301973283290863 3.908885505795479 -6.5249086029314824 2.0268357998866615 45.92461247728814 1.5695175369593757 0.9761576652526855 
Car -1.0 -1 -0.7794951495754205 648.3272315241576 179.04161355226134 710.7274124802315 205.1176901114289 1.5 1.5946034833788871 3.7717147290706636 4.248469870039334 1.8946878690460824 44.17086057245459 -0.6836074749615533 0.9276248216629028 
Car -1.0 -1 -1.7056243211901387 1241.0 30.39078855484487 1241.0 374.0 1.5 1.581224662065506 3.7777236223220827 5.069165306099692 1.4438391600111413 1.8670988859467765 -0.48773355881241387 0.7254511713981628 
