Car -1.0 -1 -1.2950089443670316 355.95612891028486 181.37383895672815 432.7782340388835 225.12493889725846 1.5 1.6651180133223533 4.544377934932709 -8.261871597588833 1.8568464983573274 27.905915695954196 -1.5828486737471563 0.9999681711196899 
Car -1.0 -1 -1.7936782333577261 708.5577309546834 178.09715785262392 774.2390033852865 218.523196103795 1.5 1.6956467673182487 4.419166457653046 5.250502152829929 1.7317993866511148 29.599900642452557 -1.6181218745794637 0.9998961687088013 
Car -1.0 -1 -1.2027192985449662 268.4266800423834 182.16811073715718 357.7151884237839 226.04504506422657 1.5 1.6788434728980064 4.494798046350479 -11.380547408416493 1.8896093649989312 27.8882324313103 -1.5901691923525674 0.9997125267982483 
Car -1.0 -1 -2.1360830690334924 930.7289681779617 165.29171424661752 1241.0 374.0 1.5 1.6058147445321083 3.7717612951993944 2.955074545079473 1.4837841419673017 3.551904781004433 -1.442150534191404 0.9995927214622498 
Car -1.0 -1 0.9003288323908324 1112.6960604661406 173.75477290455387 1241.0 213.10589677316065 1.5 1.9901589050889015 5.410505694150925 23.97736558898373 1.5416067727747629 30.33178914511858 1.5692519386622565 0.9995723366737366 
Car -1.0 -1 -1.8469249467628785 761.1939079495212 177.5778592438309 831.1148474840968 216.89051302497387 1.5 1.6638575613498687 4.498667505383492 7.680734725787521 1.7139224675755953 30.34590911656051 -1.599025038131748 0.9989041090011597 
Car -1.0 -1 -0.9313893904775747 0.0 184.9810372124406 100.72838457562763 228.33204333676724 1.5 1.5613623455166816 3.4479218095541 -21.550470659859236 1.9948553333438543 27.67817161882351 -1.5929502016541106 0.9984574317932129 
Car -1.0 -1 -1.65163524577911 896.8304344741891 174.48195923541505 1091.9811638065444 331.65257007482694 1.5 1.733829130232334 4.416427251696587 4.58374086307796 1.5267104489737486 9.304865355152684 -1.193910942473684 0.9969398975372314 
Car -1.0 -1 -1.03216835385232 115.62439483888554 183.54946970741622 227.90766947302848 227.4050657265594 1.5 1.6418442621827125 4.506287959218025 -16.894892809830544 1.9493778497190957 28.03282879981478 -1.5745578802332771 0.9945342540740967 
Car -1.0 -1 -0.585850128463586 829.6692611798022 176.02524515731872 1055.8443552510435 225.36560781803206 1.5 2.1424009025096895 6.69254721403122 10.812505519639247 1.611594277859171 23.721425573950718 -0.15817363659409114 0.9906628131866455 
Car -1.0 -1 0.8260217240223884 0.0 187.15068245511955 0.0 271.13442403172974 1.5 1.6459232687950134 4.042813044786453 -16.2653773955689 1.7968063216989059 14.07238988992146 -0.03153665462997981 0.7345563769340515 
Car -1.0 -1 -1.5727858137615 548.6056569063146 179.67011882760445 597.1457078667333 222.46841039258481 1.5 1.7520532503724098 4.559372600913048 -1.5097754095230989 1.7901627240023892 28.35076021785277 -1.6259889947858197 0.5892894864082336 
Car -1.0 -1 -1.2463436342375178 964.6245168254475 174.35594260101502 1129.6937361451874 268.2943018454119 1.5 1.561855387687683 3.521159526705742 8.073543257568828 1.5316679570111869 13.30641434673528 -0.7009824673321587 0.5876598954200745 
