Car -1.0 -1 -1.9250447025341764 750.0064842237077 175.75884550775942 965.3474628394363 318.1958307724381 1.5 1.5159311264753341 3.3019574850797655 2.917071310540573 1.5448180704610122 9.352686703267421 -1.6227096329119546 0.9999812841415405 
Car -1.0 -1 0.2867406361261502 321.85869935051875 181.63605105622554 468.0153850036373 230.992341711126 1.5 1.6455622881650924 4.179816555976868 -6.831910670705299 1.7909352454922967 23.04541136124608 -0.0014600316670281505 0.9999597072601318 
Car -1.0 -1 2.895431388833383 707.1479691343958 177.9602716357162 833.731546103259 219.7602458502445 1.5 1.6703922793269157 4.347490382194519 5.896555660200673 1.6979347819215607 27.01301863410886 3.1103459477385105 0.9999407529830933 
Car -1.0 -1 -1.6475119439980952 635.3588148070036 178.95707274574696 684.4353333147369 212.042067068075 1.5 2.01973584741354 6.00858838558197 2.408582613482254 1.8374830846567602 36.838372087714546 -1.5822224338215334 0.9998742341995239 
Car -1.0 -1 0.5312917084712738 0.0 182.6178954323559 315.54410251746424 317.152545787474 1.5 1.5803155049681663 3.6437685161828997 -5.884581499890997 1.6345492334381067 9.041260750472611 -0.04568679729965755 0.9998505115509033 
Car -1.0 -1 0.6840305685835404 0.0 183.32078143916945 229.43036692653848 369.9469234901405 1.5 1.5655791878700256 3.6950240403413774 -5.874484151150878 1.6103361276571104 6.734968055360395 -0.03323204914597103 0.9997760653495789 
Car -1.0 -1 3.2689070664685573 412.65335559069376 181.24614873354398 504.69632736394715 215.91183694316143 1.5 1.6104938954114913 3.9027354240417482 -6.824514877745403 1.8911227974290346 32.63795618768514 3.0627794146498264 0.9993343949317932 
Car -1.0 -1 -0.22132165715293728 770.4823886772409 176.8277479665951 937.8000559607625 236.85155134905003 1.5 1.6096745178103447 3.944060441851616 6.3182147509207605 1.611319700337368 19.152629058920965 0.09732453425857 0.9991950392723083 
Car -1.0 -1 3.4254027278673735 148.6785406486367 182.0849591587568 380.71534658887737 268.38788251316305 1.5 1.6020386040210723 3.715552252531052 -6.506292707716789 1.6913574600504035 13.847791609721417 2.9861701607664646 0.9950634837150574 
Car -1.0 -1 -3.493593181813792 799.0718076620568 176.3040561533574 993.5285225661657 244.66114896180045 1.5 1.5878830596804618 3.8831016540527346 6.482872470084069 1.5843792753450754 16.741629533940905 -3.1241430799153194 0.9875442981719971 
Car -1.0 -1 3.189188318885881 444.9751937232386 181.05668604345124 524.8647785856056 210.96145578688365 1.5 1.6154883921146392 4.043367740511894 -6.540148076250347 1.9422469045819784 37.816482970372036 3.0179378867109836 0.9001559019088745 
