Car -1.0 -1 -2.2599016655389605 1034.898923084336 169.30368165597474 1157.8214555161785 217.42320754894567 1.5 1.6197121262550354 3.3568503826856615 16.358694706720076 1.1525383493488486 23.777532412034528 -1.6572819436576707 0.9999927282333374 
Pedestrian -1.0 -1 0.7443231952700466 600.4417648394527 154.24938787781085 684.7073782938478 279.57836895838324 1.8 0.7607718490064144 1.0443880714476108 0.5209210947582973 1.424648707012303 10.788726379037806 0.7925695618006843 0.9999754428863525 
Car -1.0 -1 -2.1813598408814023 954.5482563895639 170.45656928544298 1069.0977298572345 217.77253563765794 1.5 1.6787689670920372 3.5154810667037966 13.784656226484984 1.183156152085872 24.23814200002366 -1.6642598221686227 0.9999608993530273 
Pedestrian -1.0 -1 1.0363344261410543 339.274560661274 163.80232822891648 404.2418076958852 255.44550452541273 1.8 0.7914227925240993 1.1542442746460437 -4.849757566433698 1.4736647923191566 14.559589664218198 0.7147964676234382 0.9999802112579346 
Car -1.0 -1 0.9669836688622586 1100.589961374622 168.20996568411078 1223.0 215.53329210130275 1.5 1.633547481894493 3.994301196932793 19.238436070547806 1.1119954643081553 24.450751965753486 1.6336386084517063 0.9998290538787842 
Pedestrian -1.0 -1 0.9227326822176153 622.8913631632264 155.187449489141 697.4630183647076 273.8710667414954 1.8 0.7057869367301464 1.0408204540610313 0.8272818290723757 1.4177603769572298 11.347036316693723 0.9955112179133551 0.9994428753852844 
Pedestrian -1.0 -1 0.8679693770992645 410.9913329901651 157.4733780976541 490.4607326604722 279.34986392726256 1.8 0.7197970084846019 1.0235057704150676 -2.4559148400093744 1.461581236322975 11.03348251012397 0.6489524086329597 0.999196469783783 
Pedestrian -1.0 -1 0.8035398112090125 432.63918517296486 157.30270828907095 519.2077596967096 278.15617367844817 1.8 0.728489414602518 1.1804154634475708 -2.0878723154437107 1.4561596652611757 11.164885982188485 0.6186715801570074 0.9999090433120728 
Pedestrian -1.0 -1 0.8591619100818053 579.0956483750865 153.98771939476427 657.777462341907 282.78777345730373 1.8 0.6700465016067028 1.0054252602159977 0.14289500587901624 1.4311547455565812 10.476596865320756 0.8728005131098884 0.9990506768226624 
Car -1.0 -1 -1.6358286784780494 606.451862906123 176.11919246707254 638.4712348948368 206.1693585833962 1.5 1.4717570066452026 2.9129958271980287 0.8633764133806067 1.282755653659312 36.774280794606746 -1.612355266758476 0.9992331266403198 
Pedestrian -1.0 -1 0.9657531330050264 386.129328356575 163.90517474894452 443.6553821335659 251.6575836704285 1.8 0.6903586469590663 1.0871170580387115 -4.109021779338915 1.4612273100766793 15.112427278788704 0.7002741535517829 0.9982471466064453 
Pedestrian -1.0 -1 1.1228253946383333 398.12515643316056 162.7368765801382 461.8127473075083 255.9900248851003 1.8 0.842190396785736 1.1391830191016197 -3.6029675346243693 1.4587635409371094 14.34987762022486 0.876830502352442 0.9975712895393372 
Pedestrian -1.0 -1 0.8238173920781056 469.7190716523173 157.89893129057143 546.1385896052849 272.89250710938944 1.8 0.6824402630329132 1.1012825675308704 -1.653282729708134 1.4478811215059215 11.674726822489108 0.6831406792018073 0.996094286441803 
Pedestrian -1.0 -1 1.289700368666613 357.9470934017349 161.74231462907727 416.6422168929785 264.04398435426174 1.8 0.7486390441656112 1.145950660854578 -4.095953959326671 1.471602048583249 13.119966871750512 0.9870957573268073 0.9878487586975098 
Pedestrian -1.0 -1 1.1091429755272222 407.17289943944365 162.15211250852522 469.8822837079744 258.1122647688203 1.8 0.7741438716650009 1.1410115778446197 -3.3348978349482366 1.4574704821657025 13.943656224559286 0.8743833740565436 0.9802098870277405 
Pedestrian -1.0 -1 0.764722294550676 499.6972122702131 158.48584349458898 568.6261621596137 268.1650121159182 1.8 0.5942961692810058 1.0630550354719162 -1.2678767520563672 1.4403663366315418 12.159590732817106 0.6608280380580085 0.9510317444801331 
Pedestrian -1.0 -1 1.9415687481084647 287.6232198805815 171.69643057261695 316.046415245956 223.24041521004756 1.8 0.6418875910341739 0.9188212014734745 -10.807016635030022 1.4940944327266719 25.156687445598696 1.5358182628962653 0.9401607513427734 
Cyclist -1.0 -1 1.3413049600821565 542.7363886611216 179.67202052693585 571.3001013702318 218.2717957471905 1.4 0.6871882386505603 1.7492749288678169 -1.8446385528326321 1.3714900089009903 26.576470944804168 1.2720073898646491 0.9259758591651917 
Pedestrian -1.0 -1 1.576536859061765 545.770511308864 168.95218450813448 561.5200218692463 217.37307334803157 1.8 0.5844316937029361 0.8637416668236255 -1.9657691420860322 1.372235610916816 26.729539317657668 1.50312606891128 0.8983992338180542 
Pedestrian -1.0 -1 0.9100059913939265 454.62162990464753 157.67583751963875 531.4422840350671 275.0922282673458 1.8 0.6658080525696277 1.1451957307755947 -1.8702769861758166 1.451763157343742 11.46769262262994 0.7483383854243415 0.7526596188545227 
Pedestrian -1.0 -1 -1.5978023523198663 200.74188964279568 174.46106911763974 218.93863255034822 216.98724719893346 1.8 0.6677986614406108 0.4760662119835615 -16.957196034125193 1.545871466114953 30.29758470998114 -2.108053163686071 0.681477427482605 
Pedestrian -1.0 -1 1.0889914678795998 369.32573495180435 161.8145851421422 435.5331124458832 262.51419840634316 1.8 0.6814186953008174 1.279621247947216 -3.8745021520013294 1.4676413082810698 13.331057223425521 0.8061463077876228 0.6676872968673706 
Pedestrian -1.0 -1 1.7813188326433274 424.0774675383212 162.50830558895373 472.9825019364505 255.60957682171716 1.8 0.7353397578001022 1.1832581393420696 -3.1781513310380984 1.4537848644839078 14.259788933521936 1.5620278557154792 0.6249497532844543 
