Car -1.0 -1 -1.7629234842591341 825.0890640351831 174.75777646481907 1050.566518159333 352.7407783391592 1.5 1.5485905602574348 3.200191867351532 3.2378219923074374 1.5255860195153603 7.83692534654376 -1.3711329559471948 0.9999828338623047 
Car -1.0 -1 1.9512121444559811 215.35511668144494 179.39300623653415 490.4834058503895 346.9449082925587 1.5 1.6272059202194213 4.094318908452988 -2.7843840416684444 1.5984456061690153 8.72065254760455 1.642156827445847 0.9999396800994873 
Car -1.0 -1 2.2791379150820275 1011.8446874577326 174.94665409120523 1121.4348100218924 213.10488629354228 1.5 1.5919428810477256 4.037593540549278 18.848752785332135 1.5909175918204217 29.865760037445675 2.8421230196913303 0.9999017715454102 
Car -1.0 -1 1.7621431474807498 455.81901888405343 179.9756335194614 542.3522890606223 245.73436316090442 1.5 1.549755272269249 3.6107203483581545 -2.815634700044049 1.7029788907419883 18.689897867023866 1.6126174807509006 0.9998928308486938 
Car -1.0 -1 -1.1888052468435006 869.3742829929752 175.7100118378303 993.9317338004704 250.57557206246022 1.5 1.4966646701097488 3.1318435937166216 7.22296504792671 1.5709523725371626 16.205096664438923 -0.7695147554066522 0.9998618364334106 
Car -1.0 -1 -1.3974508283047349 815.5977605927452 175.72274741323784 949.8937094780102 280.66132315788155 1.5 1.5552688881754875 3.488275644183159 4.704510484038378 1.556853817854583 12.310785358236533 -1.0324304262783868 0.999815046787262 
Car -1.0 -1 2.269368807950501 0.0 178.98707502662435 353.7951038960881 374.0 1.5 1.5377095460891723 3.6047423750162126 -2.901581867616153 1.5485713562312928 3.830664359380553 1.621109235282761 0.9997642636299133 
Car -1.0 -1 -3.1235240961526642 761.3777812125426 177.3515065336055 882.9298168352942 219.19879623732936 1.5 1.7254436880350112 4.33470108807087 8.044745399680952 1.6818228493136664 27.64281563507858 -2.840321616330419 0.9996947050094604 
Car -1.0 -1 1.296959158084373 481.23930141881465 180.0254873474972 562.8802624644719 231.92534836503972 1.5 1.6110871478915214 3.990035367012024 -3.007868058478456 1.756298012568842 23.596709036412815 1.1701730926844733 0.9983693957328796 
Car -1.0 -1 -1.0040743625897668 1114.5416652885547 173.46394791317795 1241.0 230.0133276621457 1.5 1.6098753109574317 3.6865665137767794 16.426295462190577 1.5188568015875858 20.523156000616517 -0.3291025916722161 0.9891749620437622 
