Car -1.0 -1 -0.03696480274603789 625.6351110520787 179.32310125735583 701.6419142594722 205.29492653917794 1.5 1.7325355231761932 4.43862998187542 3.13133986721032 1.8951386928459628 43.08487145852322 0.03558604320022038 0.9999974966049194 
Car -1.0 -1 1.7078269602833833 485.47421073390626 180.08196444726954 549.8696777669271 230.23156071079865 1.5 1.6022006541490554 4.022149977087975 -3.050354676479737 1.762857698831297 24.181339886970918 1.582344758506638 0.999991774559021 
Car -1.0 -1 1.7678400592525336 422.55195686883724 179.93135238822236 528.7523189377855 254.3592900589171 1.5 1.652468790113926 4.249137875437737 -3.0760459289918183 1.6889621436990925 17.085691786079956 1.5897118926008762 0.9999830722808838 
Car -1.0 -1 2.0983644877640133 6.415478110557128 181.4869796638927 301.6919689794595 331.50694875377707 1.5 1.516888339817524 3.6439816027879717 -5.52819946603289 1.6329925003050123 9.25253315538723 1.5598003109309333 0.999945878982544 
Car -1.0 -1 -0.16899642700285192 646.5047900002377 178.7325569942779 753.1375707226271 217.2946925476844 1.5 1.638439905643463 4.070051249861717 3.5476052609567295 1.746235781304403 29.25987491960087 -0.048340634503637035 0.9998291730880737 
Car -1.0 -1 1.7191974939678532 532.0494515978361 180.16802688306956 573.2409652252665 212.1091040499146 1.5 1.5457187339663505 3.8025955229997637 -2.9043097433073886 1.8924300672900198 36.72530447160985 1.6402797579725803 0.9988766312599182 
Car -1.0 -1 1.8304177779006434 275.7163007586157 179.80494300638907 468.0009022442595 315.49111383255195 1.5 1.565001581609249 3.8806776076555254 -3.1407095879655933 1.617110166632894 10.146164688688247 1.530225916704859 0.9981228709220886 
Cyclist -1.0 -1 -3.5285447145607947 997.5921199829734 184.2646137330593 1241.0 374.0 1.4 0.5949119597673416 1.7133480429649353 3.8664061858946965 1.4933578598546018 5.388947295784876 -2.906190113225256 0.9927005171775818 
Cyclist -1.0 -1 -3.6580166919520263 942.6633277808054 184.1079308083807 1165.0332996609654 353.7075039160103 1.4 0.607175987958908 1.5662691116333007 3.782362855998542 1.5039522765390119 6.317583168648237 -3.1185506145146236 0.975281298160553 
Cyclist -1.0 -1 -3.6162399860222654 914.9990302833942 184.018706183313 1110.667602894735 340.31837991993507 1.4 0.529420331865549 1.537080530822277 3.694803243393793 1.5097500810920137 6.7837670771306655 -3.117510751881872 0.9918135404586792 
Car -1.0 -1 -0.6050780655567467 642.0716492435915 178.89357734769877 724.1497158105519 211.52751539272296 1.5 1.644916509091854 3.732975435256958 3.5579345189030738 1.8101553024799015 35.385576377034035 -0.5048672715809686 0.9399086833000183 
Car -1.0 -1 -4.102220999998004 1241.0 166.12608431773333 1241.0 318.4919044100774 1.5 1.6363870844244957 3.8525911539793016 12.023624389486722 1.4341233912356866 7.966679293142631 -3.116596535840307 0.6630268692970276 
