Car -1.0 -1 -1.6957300519404628 666.6257298314355 178.09667825974324 744.4435880648707 239.81382943724736 1.5 1.6037868827581405 4.05636043548584 2.4791925713569394 1.6597682893185128 19.907540924110698 -1.5718325853256998 0.9999969005584717 
Car -1.0 -1 -1.4987047631172028 522.6452942962977 180.17696538764523 563.4329996469797 215.4105615009086 1.5 1.606578242778778 3.9875856161117555 -3.09727610699599 1.8613831285537983 33.55996717918047 -1.5907348590579373 0.9999897480010986 
Car -1.0 -1 -1.6810060423062165 641.1147081638358 178.97179213811074 686.253172759626 215.52062532983595 1.5 1.5775049597024917 3.921993684768677 2.3004264830247156 1.7908378783230647 32.266449318860964 -1.60983178118733 0.9999880790710449 
Car -1.0 -1 -1.306201646481532 297.95817784249107 180.0235807993146 469.1652337896939 297.9575915242269 1.5 1.5841579556465148 3.794390943646431 -3.3802597371886924 1.6319552250164193 11.32428897116121 -1.5962784411993367 0.9999785423278809 
Car -1.0 -1 -2.1222475933696625 819.2358443918313 170.89839942977457 1241.0 374.0 1.5 1.570090514421463 3.8380394250154497 2.485228539154725 1.4944576360595867 4.0981626494399634 -1.5771171711992962 0.999887228012085 
Car -1.0 -1 -1.1516888134184469 20.957710802534063 179.15556439227785 444.614913161878 374.0 1.5 1.5871806561946868 4.060412061214447 -2.7800872192658685 1.5735717455265215 6.345281817654095 -1.5646317401577277 0.9998738765716553 
Pedestrian -1.0 -1 -1.1342059474911779 251.76376538150848 160.41197004422727 304.62403792442683 292.8226963953063 1.8 0.5701167069375515 0.3510583218187094 -4.638854072341947 1.631220112042233 9.981857139532849 -1.569240412968446 0.9994101524353027 
Pedestrian -1.0 -1 -1.1817469292809895 308.5028531586034 164.74731834346227 335.9401217475055 270.08058100827975 1.8 0.3324398331344128 0.3562768016010523 -5.0380311928738735 1.66182586572871 12.506486826973791 -1.5646935436551017 0.9979501366615295 
Car -1.0 -1 -0.5537486559725309 0.0 0.0 1241.0 374.0 1.5 1.6212564453482627 4.264490541815758 -2.7049407127887437 1.5217520065816086 1.4635749745946678 -1.6285800273206574 0.9915174245834351 
Car -1.0 -1 -1.4981588748850003 546.5826862284421 180.29122652423246 574.4799156452865 204.67076087896908 1.5 1.5694015219807624 3.595501047372818 -3.2387582203508085 2.0064036804732317 47.29126595797131 -1.5665374398839218 0.9787930846214294 
Pedestrian -1.0 -1 -1.101403057439562 319.58632335876734 164.01245971730341 350.19388850434865 272.79248262945123 1.8 0.3616455037146807 0.3516976747661829 -4.675093947785216 1.6540555168891395 12.129920335269846 -1.4692761982467515 0.935985803604126 
