Car -1.0 -1 -1.2809211635716262 378.3308912064896 181.19874554561534 441.5397946922253 218.6915649731306 1.5 1.5569925799965858 3.8851211339235308 -8.404920514275814 1.3404223051668127 30.71575562527239 -1.5480183484640462 0.9999920129776001 
Car -1.0 -1 -1.6862056091367528 650.0851278137841 178.91932705937273 700.2009617060314 217.34827261381412 1.5 1.62695502191782 3.9413327842950823 2.7125851865164687 1.2553644431791189 30.04605252876147 -1.596168781691466 0.9999843835830688 
Car -1.0 -1 -1.2309082591684584 239.77778705827322 180.77813093080638 442.9614023771892 303.6818648550897 1.5 1.5853873014450073 3.871855375170708 -3.7478107650093127 1.4469721237024114 10.70808971849284 -1.5675813616861147 0.9999809265136719 
Car -1.0 -1 -1.8038223454006939 696.3682012224856 177.76431092054347 808.3821024538782 256.64629840863665 1.5 1.5844230100512504 3.3503810435533525 2.9184798483887517 1.3594374819224977 15.375252932754547 -1.6162373135474069 0.9999775886535645 
Car -1.0 -1 -0.964215238542329 0.0 183.74075953380276 184.3552888246072 308.7443995231039 1.5 1.592799325287342 3.892868992686272 -8.16622976681401 1.4834324367622576 10.605757147424288 -1.620381926247154 0.9999287128448486 
Car -1.0 -1 -1.3498491515538669 435.3102066535824 180.4433779651846 515.2044454228874 236.70777626219243 1.5 1.5663257360458374 3.4376206368207933 -3.8047487727919274 1.3739018786741282 20.910246622083807 -1.5298362384226663 0.9997716546058655 
Car -1.0 -1 -1.3409239108561648 439.43738658101546 180.8932365153333 481.38270390789097 209.01063723096112 1.5 1.5026543781161308 3.6689168334007265 -8.216351870820333 1.270537588130862 40.20052877322471 -1.542531446614538 0.996557891368866 
Car -1.0 -1 -1.4235131345157719 481.0858744451544 180.3290074629722 534.1554169817771 219.83742316621908 1.5 1.578143846988678 3.937509518861771 -4.041764676188904 1.315600178410461 29.265315724806253 -1.5607526461270196 0.9848837852478027 
Car -1.0 -1 2.1794658395475484 0.0 184.29753239656895 119.7081081774741 227.84689447640312 1.5 2.135232885181904 5.447376009821892 -21.534971565085677 1.4695061814530295 27.534580460426366 1.5157312591883796 0.8138787746429443 
Car -1.0 -1 -1.1889774382297837 259.2761165122988 181.78825210592785 370.5368726259197 240.29203311332492 1.5 1.5721448257565498 3.8957501322031023 -8.195393052516279 1.4132536313690232 20.37557840944074 -1.5713930965892529 0.7105095386505127 
