Car -1.0 -1 -2.0535422002944106 785.0331045510001 173.9189680485901 1241.0 374.0 1.5 2.056598898768425 5.716089394688606 3.4453500530624317 1.5150023102560777 7.034123941050143 -1.5980836926635844 0.9999877214431763 
Car -1.0 -1 -1.5464849363873108 588.3499600138722 179.63332699297302 622.7714792341151 213.0305790285901 1.5 1.5813375383615493 3.505781900882721 -0.21187301734996938 1.8447884436956583 34.88870441616439 -1.5525576873358828 0.999919056892395 
Car -1.0 -1 -2.326821186224258 433.5002650584637 180.7084090876734 529.3396891601427 223.17178736712776 1.5 1.5541032448410987 3.6496257901191713 -5.032518124010495 1.8218974502327723 27.82630976641244 -2.505741850533758 0.9996147155761719 
Car -1.0 -1 -1.9968990787645429 178.4785704348416 180.82803564370892 418.9392485658943 306.87241134665885 1.5 1.6707152619957923 4.263838616013527 -4.878508984736108 1.6431270290875992 10.878779841004127 -2.4184571663525447 0.9994015693664551 
Car -1.0 -1 -2.2095875216274696 378.4244264828149 180.86636187106083 495.1775178329594 236.1854619405501 1.5 1.5888935446739196 3.610058364272118 -5.332696818904019 1.7624644878331015 21.836882705980212 -2.4491055766728262 0.9985347986221313 
Car -1.0 -1 2.1996551719212203 0.0 182.89976026765694 187.05398770356697 306.6873619261676 1.5 1.8061435341835022 4.558878254890442 -8.927408203810552 1.6916063321200379 11.42450053908688 1.5363425453517097 0.9985231757164001 
Car -1.0 -1 -2.17144715036311 264.66013119154087 180.95226363733252 452.92686092764086 270.6050288531008 1.5 1.6138917326927185 3.788375344872475 -5.040102832184249 1.6790728241556383 14.154431252950321 -2.5135277072575435 0.9981751441955566 
Car -1.0 -1 -1.6731572745980403 666.102312642717 178.68680330291267 712.9447465871222 216.39486085009796 1.5 1.603039589524269 4.044430938363075 3.3492380630741376 1.7701949287658982 31.351580579474245 -1.56673253613082 0.9977355003356934 
Car -1.0 -1 -1.8105168949201282 744.8462655979495 176.64358389246058 884.9630108805012 269.0067808079306 1.5 1.6167197868227958 4.101928186416626 3.7108158241852474 1.5845034831740155 13.951703927888314 -1.5505595999446256 0.9949750900268555 
Car -1.0 -1 -1.5828699520235194 575.6582930407426 179.3372338546959 629.0725267608859 230.22153376244464 1.5 1.6080761820077896 3.3365002393722536 -0.3185035407438999 1.7256812203358898 23.38579092211124 -1.5964886425670726 0.9723497629165649 
Car -1.0 -1 2.148377866244748 155.15123998945157 182.2606823453622 316.9536804535841 255.30589089704034 1.5 1.6040338695049285 3.8272200644016268 -8.820236027993 1.752035844836136 17.314190797260405 1.6772208094557346 0.9044267535209656 
Car -1.0 -1 2.036213173672391 241.5157617747547 182.76730998825744 319.25911923459404 219.16148613789974 1.5 1.6281543791294097 3.9180687189102175 -14.924684205948651 1.9784768793538545 32.80812429000366 1.609285104270798 0.861809492111206 
