Cyclist -1.0 -1 1.6795707551386876 498.2899145196845 183.28978157219004 520.4375020352693 224.79888758856853 1.4 0.5975946344435215 1.7406870171427726 -3.6091824584856433 1.7841565414050549 25.65420146256107 1.5398022373530524 0.9999488592147827 
Cyclist -1.0 -1 1.8356683451112268 353.19909934168345 186.58067660941506 421.390077948713 283.7752559320498 1.4 0.6140573441982269 1.7147927105426788 -3.56317588913197 1.635757862554257 11.503212743731684 1.5352863510462897 0.9999639987945557 
Car -1.0 -1 -1.497423565543204 638.1744398922177 179.19877060822677 672.1041543765082 207.6618048404079 1.5 1.6395597279071807 3.9909234762191774 2.5768062627709654 1.8796383646108503 41.04145014269888 -1.4347204128887994 0.9997522234916687 
Cyclist -1.0 -1 1.7948716298896379 343.07503860620704 186.60236620813922 410.0949810644945 285.8226272366189 1.4 0.6074564091861248 1.8847626194357872 -3.7005158600924695 1.6362508440662586 11.411562886886287 1.4812931259486335 0.998552143573761 
Cyclist -1.0 -1 1.7590342153620184 399.7708732422727 186.00258773649608 462.10918274799934 280.6603022984439 1.4 0.6718297980725765 1.7942877978086471 -2.951447824388432 1.6327897303240406 11.83754143670509 1.5146867473933356 0.9988013505935669 
Car -1.0 -1 2.4012384481287565 0.0 181.64843906912563 110.66206631085437 374.0 1.5 1.5767328932881355 3.7285814553499224 -5.011103361685839 1.5750388781418512 4.230682934728097 1.5315953930232185 0.9949870109558105 
Car -1.0 -1 1.738990746462885 488.88653194559964 180.57885574948028 533.5753006108487 210.8538954528493 1.5 1.687713761627674 4.3922717243433 -5.321973487726214 1.9428287678599148 39.10339964408788 1.6037218451460422 0.9805186986923218 
Car -1.0 -1 1.938256849988513 356.8169826965267 180.74085683361776 471.98846068062693 241.73239036203984 1.5 1.6569382071495056 4.516357791423798 -5.4821533449477 1.7519587068452187 20.68072074630295 1.6791314959486545 0.9706405997276306 
Car -1.0 -1 -3.1114038922303235 0.0 0.0 1241.0 374.0 1.5 1.6401812925934791 3.7828824043273928 2.2484167984411703 1.458648211186496 0.43287632902758116 -1.7308053533223016 0.9603299498558044 
Pedestrian -1.0 -1 1.6651791582993165 411.3854948224201 162.35195886836192 462.4038043943976 275.6216624240011 1.8 0.7453859344124794 0.8776025407016277 -2.9031798506414934 1.633467042165074 11.951126743025421 1.4268740852687019 0.8183594346046448 
