Car -1.0 -1 -1.6570530006970359 656.0205640237834 178.78197351206435 702.0738137691374 217.45881405933895 1.5 1.595914040505886 3.8862837970256807 2.818009762011174 1.7671712521052114 30.525371716681864 -1.5649969545800728 0.9999934434890747 
Car -1.0 -1 -1.738541691414071 678.0670128074584 178.01263712983592 758.9303171165968 239.26445532251998 1.5 1.59047921448946 3.5888398557901384 2.8286708458603878 1.6548156330541548 19.786943216766424 -1.5965473326530797 0.9999749660491943 
Car -1.0 -1 3.2374327255741626 408.5870656601874 181.16566914271266 511.10599416957626 218.22327052815402 1.5 1.627230879664421 4.133979466557503 -6.356804813893944 1.8659122772954095 30.698763807177425 3.03324805497728 0.9999455213546753 
Car -1.0 -1 3.347167830868827 343.0728861183586 181.4340233252921 478.7823538251294 231.12996425088264 1.5 1.6165491685271263 3.9276334017515184 -6.311771852429793 1.7852242633748858 23.024755880107417 3.0796108126600803 0.9999057054519653 
Car -1.0 -1 0.6572519150381713 0.0 183.23074555421198 259.2653938062688 336.57449081936886 1.5 1.581779357790947 3.7307968854904177 -6.174635154269161 1.6262979783852387 7.958685998197592 -0.0025802413609368417 0.9997350573539734 
Car -1.0 -1 0.38114892108054366 261.35115362086646 181.7670797574953 446.0580128389021 244.8826332962067 1.5 1.5944896757602691 4.112468895316124 -6.450881461335637 1.7370694056956735 18.27711716234207 0.04184977611037663 0.9995705485343933 
Car -1.0 -1 3.6669011588613256 0.0 182.7097068623209 332.3832172703317 296.0355496230998 1.5 1.630416189134121 4.043831911683083 -6.450750517898386 1.656396928314743 10.559211690797927 3.118496644492966 0.999504566192627 
Car -1.0 -1 -1.9573767624352079 778.1524482800719 174.86890092482943 1076.6609741536386 360.28376550880745 1.5 1.557677288353443 3.5372267037630083 2.95118212716494 1.5267237524753965 7.656057367021599 -1.5894584647056205 0.9978379607200623 
Car -1.0 -1 3.9729114208796976 0.0 184.46545194065445 90.66282264158033 374.0 1.5 1.5628474324941635 3.2494919866323473 -6.44828890458249 1.6070213532522468 5.837876084426021 3.1378711342772068 0.9714850187301636 
Car -1.0 -1 -2.5893200102831364 0.0 0.0 1241.0 374.0 1.5 1.588073980808258 3.7315486490726473 2.8749706008215226 1.4671280404658413 1.8774308213536128 -1.5970232701536757 0.6877228617668152 
