Car -1.0 -1 -1.8225150821272689 632.0889855471816 178.94105704822204 691.2993481145479 218.67530791398747 1.5 1.5778961151838302 3.581187364459038 2.0217521753446746 1.7672078612489492 29.724070456391132 -1.7546023438361031 0.9999961853027344 
Car -1.0 -1 -2.4371041389961206 0.0 183.69957942890616 209.69144296679895 324.00442632516143 1.5 1.5403822556138038 3.5089517503976824 -7.028429873303133 1.642486531232541 8.644506925912046 -3.119752840199743 0.9998539686203003 
Car -1.0 -1 -2.677845448328462 127.47325609775423 182.1805720083036 396.335053354764 270.97258469052014 1.5 1.654079233109951 4.144357007741928 -6.292830916822526 1.6827197644862422 13.237165208738194 -3.121612862744604 0.9998103976249695 
Car -1.0 -1 3.3568347205513764 354.15379155347125 181.51156184155522 474.01818240320944 226.39248588841508 1.5 1.598861862719059 3.81086305975914 -6.853553727634258 1.8152287819538706 25.347729334580574 3.092767465110642 0.9997033476829529 
Car -1.0 -1 -2.427128303120333 794.6260545276725 176.34435774743963 958.4950259933328 246.79030923567626 1.5 1.559045773744583 3.5648061454296114 6.2795614918872795 1.5943343044779914 17.488546661456912 -2.082398847737585 0.99962317943573 
Car -1.0 -1 -2.538286415580401 20.389087184263285 182.77153330749366 306.84107056581826 292.7989638543612 1.5 1.5393270671367645 3.394237768650055 -6.633360212085956 1.6613685836129224 10.850286616181727 -3.0870122472432002 0.997940719127655 
Car -1.0 -1 -2.721047897257754 240.76202076315474 182.05783287819554 412.0606667889703 244.6907936274312 1.5 1.5750971183180809 3.7535159409046175 -7.202985898112429 1.7464127916976788 18.410834040062717 -3.0939765731480464 0.9792189002037048 
Car -1.0 -1 -1.7760375883308448 612.3384643017519 179.39815169170785 656.2565246202212 209.12409036849064 1.5 1.615447786450386 3.954131764173508 1.236511748869613 1.8767731136328007 39.412648262486584 -1.7446744004872186 0.97308748960495 
Car -1.0 -1 3.4746337774259564 277.15599219799054 181.96048353977753 428.1771329316571 237.18032467320742 1.5 1.5798233941197395 3.76598299741745 -7.3349944574269355 1.7713966109209967 20.667642197970668 3.133598315711838 0.9162898659706116 
Pedestrian -1.0 -1 2.4266819440329406 357.428935104856 165.99305079482744 398.8619551937478 261.7343329683091 1.8 0.5199445903301239 0.5577723056077957 -4.527204410098772 1.6713674298393708 13.935649731002517 2.1125721812208713 0.9118819236755371 
