Car -1.0 -1 -1.1879760623482503 364.1787007170648 180.1513273247652 518.3525847448147 249.5795629536324 1.5 2.045956861972809 5.39332130253315 -4.227565869897028 1.7212199308604956 19.007955996757406 -1.4068242619421822 0.9999958276748657 
Pedestrian -1.0 -1 -3.7917505345866456 1130.5830996799957 153.412931268741 1195.9356815285691 271.8804331192699 1.8 0.5502503857016563 0.5956852369010448 8.551853798956238 1.504969485585166 11.235582037349324 -3.141157702603613 0.9999397993087769 
Pedestrian -1.0 -1 -1.966332945346531 988.5677230177055 159.8478439795648 1036.924266153407 251.492967657205 1.8 0.6153611026704311 0.7343329049646854 8.068610878392855 1.5449042060057214 14.567757691024367 -1.4605251188066346 0.999345600605011 
Cyclist -1.0 -1 -1.0789007593501105 661.1842058386035 181.76105054282897 702.0682812159924 228.22898278267033 1.4 0.5874227292835712 1.6433997571468353 2.243061962550473 1.693611517234177 22.906700326968497 -0.9812902967121941 0.9994608759880066 
Pedestrian -1.0 -1 2.695046209899108 875.4197044569006 162.26271770838656 941.0973103075142 246.51044639921264 1.8 0.5123359642922878 1.219588567316532 6.43244162490204 1.574069154116696 15.704275099687065 3.0837993502577365 0.979599118232727 
Car -1.0 -1 -2.531374163543694 306.0258910858056 182.2381577091883 398.77502568050807 218.84495627495417 1.5 1.5869146704673767 3.5327239453792574 -11.241528401754014 1.925108134971321 31.424955675722543 -2.8749153176930293 0.9566440582275391 
Pedestrian -1.0 -1 2.749469585343432 872.5402454384521 162.6870035380049 932.0282730342078 244.9262455659725 1.8 0.5852841332554817 1.0877474702894687 6.456330556990348 1.5778291171598748 16.088140842309176 3.131104695793015 0.9499840140342712 
Pedestrian -1.0 -1 2.758510214219522 861.158652927283 163.64314896803236 922.2902258116438 241.05145549090733 1.8 0.4691909559071064 1.2590965747833252 6.586985020429429 1.5861749843411832 17.018657257201905 3.1277987837751926 0.9471885561943054 
Pedestrian -1.0 -1 -0.7198484201933004 661.2093071397129 169.32903287231548 700.174379930973 227.9577811170131 1.8 0.5318762294948101 1.1577831141650676 2.1819661701277813 1.692135458631745 22.70373241118551 -0.6240366260197503 0.6919187307357788 
Car -1.0 -1 -2.571916820845679 233.09398594301953 182.73080090637126 374.67737864872873 214.93101630708753 1.5 2.250111711025238 6.338824194669724 -15.364789902725894 2.019184224012131 36.257818089840846 -2.9727408448841914 0.6045158505439758 
