Pedestrian -1.0 -1 2.6944402589019214 425.44831972882713 166.1252614530697 477.28762952115176 251.40769514763542 1.8 0.7818934068083763 0.8565388180315494 -3.3252717134641148 1.4767274634075913 15.729780711902343 2.4861078143080295 0.9999047517776489 
Pedestrian -1.0 -1 1.2785872522113775 794.9281067784904 162.46171233252088 840.7525343374156 245.46358180179655 1.8 0.7607839561998844 0.8549059301614761 4.772006535794814 1.388355607628658 16.003757211560494 1.5683738430354255 0.999846339225769 
Pedestrian -1.0 -1 2.125639443936678 387.8886484197816 167.2586648984447 434.43747939113575 248.59156703164876 1.8 0.680993453413248 0.8546618305146694 -4.371282063287397 1.4860406445196348 16.402793735914376 1.8651962161024631 0.9996243715286255 
Pedestrian -1.0 -1 -1.6408574539234126 685.44567252943 158.237794082717 733.4149924625907 272.1800686346927 1.8 0.7146616026759147 0.8867922730743885 1.7183089165100034 1.433812651877355 11.813984440155304 -1.4964232380178315 0.9995773434638977 
Pedestrian -1.0 -1 -1.8309979339813576 639.3669163721987 167.3922035958387 677.7799332293358 232.2289518233929 1.8 0.8785532347857952 0.9345018796622753 1.5890805605429692 1.4094895472892446 20.479132445911 -1.7535579959538323 0.9994345307350159 
Pedestrian -1.0 -1 1.3658344079542828 812.8668118706586 161.8792190616229 855.1459451158487 247.07721487230143 1.8 0.7044862516224384 0.9029695324599742 5.019676101028018 1.3866983675832891 15.659821099821922 1.676031577583176 0.9992311000823975 
Car -1.0 -1 1.708632801393122 559.9995549032955 179.17377211616449 602.3215745497914 210.7999714338008 1.5 1.587151226401329 4.0686147779226305 -0.971261564047728 1.3905798578616986 36.17701233326182 1.6817917704542698 0.9979693293571472 
Pedestrian -1.0 -1 -1.7397874757483143 765.0695725471095 165.41126330406212 797.1513224522326 233.85912814777282 1.8 0.695150301605463 0.8966689489781856 4.801130234431942 1.378076810491051 19.36055235258829 -1.496706002452646 0.9962724447250366 
Pedestrian -1.0 -1 -1.6950617913844592 747.2605413110067 162.76932301253285 789.3804419141334 247.02852066851557 1.8 0.7889586061239242 0.9604875490069389 3.6335115445352093 1.401091833680328 15.860477413052124 -1.4698557714608056 0.9959243535995483 
Pedestrian -1.0 -1 1.3898542499174145 778.0143249232725 163.00620007648047 815.4334253821445 244.21766739438723 1.8 0.6815894067287445 0.8275085620582103 4.4007241520971485 1.3913158055961987 16.359049928472995 1.6526417612989963 0.9949348568916321 
Pedestrian -1.0 -1 -1.7981848493911752 708.8241227220396 158.22085132845012 766.3353557725925 270.50721800361316 1.8 0.7654579848051071 0.8445092037320137 2.207093540843192 1.4281188524760255 11.951574795820086 -1.6155724870648724 0.9342474937438965 
Pedestrian -1.0 -1 -1.8567409070807328 729.1124855599163 164.7607436384454 764.8757595452046 239.08405663646766 1.8 0.6490258060395717 0.8726032011210918 3.5752235338238694 1.395794054399034 17.857623326507348 -1.65914619068173 0.9329324960708618 
Pedestrian -1.0 -1 0.325315890763713 0.0 163.12697605354288 83.47311645013164 292.299316446871 1.8 0.6945662692189216 0.8517778038978576 -8.224215623316704 1.5452937246478315 10.476781654874653 -0.34020812908676695 0.9028207063674927 
Pedestrian -1.0 -1 -1.6426732036921152 776.3453798035655 165.3859589200819 804.5174851884901 233.34365972849278 1.8 0.6742893278598785 0.9088401243090629 5.098403812527182 1.374352588063544 19.532269329523004 -1.3873456130411965 0.694214403629303 
Pedestrian -1.0 -1 -1.7645597494688625 673.2932537164585 163.06304669971186 717.2492363836323 250.35419913894876 1.8 0.7660510510206222 0.8938019655644893 1.9461952242826992 1.4210559467924666 15.281490670426647 -1.637885310747896 0.521391749382019 
