Car -1.0 -1 -1.129647768211226 739.1108650158714 176.37261144665524 916.0508035982097 268.36146054341197 1.5 1.6429629668593406 4.206492987275124 4.303835055472386 1.5790804906571116 14.032263403497256 -0.8320464650776728 0.999971866607666 
Car -1.0 -1 2.2101175845631302 0.0 182.252629406774 229.6713143451336 334.9465879741091 1.5 1.598362673819065 3.8095368564128878 -6.7373718360537795 1.6455575443605022 9.232496552067225 1.5797059416731418 0.9999231100082397 
Car -1.0 -1 -0.954610580993972 667.1826795456982 178.2492681804459 769.6018781917319 220.70692185221546 1.5 1.7197249948978424 4.428275537490845 4.270618188267075 1.7279081046918565 28.237215865384247 -0.8045073906567437 0.9998834133148193 
Car -1.0 -1 -0.8883529728282573 657.7645161592152 178.68632503645645 736.6313148002376 211.62562107314028 1.5 1.6440105184912681 4.100961473584175 4.308100985603878 1.804306852084232 35.58426563371553 -0.7678717533734185 0.9998003840446472 
Car -1.0 -1 -1.583239763981452 592.6222457523654 179.20915619711968 643.7808997624805 227.54553584006192 1.5 1.6215112552046775 3.5982003927230837 0.2068768791060678 1.7334986163107928 24.664710321681003 -1.5748523949321849 0.9997840523719788 
Car -1.0 -1 1.7366227528765446 396.40106131737593 181.58691191968705 436.94881873408565 210.50360275987842 1.5 1.5657917156815528 4.060930621623993 -10.905148625149131 2.01941501569873 40.78740417962304 1.4753679474208015 0.9995855689048767 
Car -1.0 -1 -0.8978054314216573 710.6341737225941 177.5558870140556 831.310875676167 233.23673057876547 1.5 1.594526556134224 3.630024802684784 4.792003250110428 1.651894724458686 21.491900766466404 -0.6784260431912286 0.9994149208068848 
Car -1.0 -1 -0.9944499868599762 720.341096313209 177.1057934183741 862.186404183833 246.71063622385063 1.5 1.5859332427382469 3.7224384516477587 4.444956283189412 1.6150781412324153 17.618839969287 -0.7473225752499445 0.9992524981498718 
Car -1.0 -1 -1.2587854835444048 897.4620209890323 173.14898676563104 1229.037626433374 374.0 1.5 1.6124811515212059 3.909946095943451 4.547184643836252 1.5040231926626841 7.097398312426209 -0.6889876882222039 0.9990205764770508 
Car -1.0 -1 1.9054539539021322 347.80778933581394 181.7620918008718 414.15205666109017 216.66804822272985 1.5 1.6783878698945045 4.317223143577576 -10.8284422591485 1.9507869721391742 34.29920220229216 1.5996515631636203 0.9989868998527527 
Car -1.0 -1 1.8771444344129171 424.9126856931653 181.40150190271243 467.6474053160575 205.9871251179544 1.5 1.5886441364884376 4.094283145666123 -10.771391450027444 2.0891084043241084 47.59025148083781 1.6545586466749729 0.9989681243896484 
Car -1.0 -1 2.020063050205329 326.4314142690942 182.34996200313256 376.2228443507092 210.00326174144405 1.5 1.4372729256749153 3.3091696470975878 -15.051956154367437 2.076303522733 42.038684901700876 1.6762347102125705 0.9979708790779114 
