Pedestrian -1.0 -1 0.03414064558207361 467.76172068208524 168.9749942642494 499.34028107098675 241.27165252557134 1.8 0.6239810518920421 0.7709726251661777 -3.2526189000708516 1.703780609143411 18.32492499148601 -0.14152677456406185 0.9999977350234985 
Car -1.0 -1 -1.5060581985290782 580.1147968931177 179.5046960700107 624.9557036900494 219.7562171067018 1.5 1.5953457474708557 3.5561474531888964 -0.29135683147639385 1.7872758669758282 29.30606664640994 -1.5159997316685063 0.9999886751174927 
Car -1.0 -1 1.8808080917787973 359.2073750448846 181.7896744136627 417.03643691858537 213.56711259539057 1.5 1.6551988691091537 4.2108169317245485 -11.443014369928422 1.9892932634947171 37.36197951557867 1.5836050391157688 0.9999845027923584 
Car -1.0 -1 -1.6968612886832624 673.0509766256463 178.26308886058865 743.3972912089106 227.1968100391057 1.5 1.8233284845948219 4.490816456079483 3.2303962750458024 1.7036013886446189 24.8603751722936 -1.5676437402751786 0.9999799728393555 
Car -1.0 -1 -2.266678281071348 430.80889328510915 180.70012401893396 525.6117019007725 224.8685252521945 1.5 1.5653487786650657 3.530324485898018 -4.981357545547476 1.8110883550047 26.843899648871876 -2.450158790746008 0.9999415874481201 
Car -1.0 -1 -1.615963467495632 597.0144699328578 178.66877468595058 673.4595766839699 250.6267596883505 1.5 1.6220052286982536 3.2504415631294252 0.45789711779261516 1.650133026309984 16.94273341722119 -1.588943879180823 0.9999357461929321 
Car -1.0 -1 1.9927650629189062 233.57674937075274 182.4516706156401 330.7463411121868 229.95034736385048 1.5 1.6469201564788818 3.9732931673526766 -11.53174484713098 1.8670243704328884 25.574677251935395 1.569158955416407 0.9997501969337463 
Car -1.0 -1 -2.5642347904935745 455.1776306852978 180.69619790843123 547.0154307753158 215.92700198187694 1.5 1.6249795004725456 3.8896067559719087 -5.017291216483899 1.87528038866117 32.94891325745306 -2.715348796048437 0.9996071457862854 
Cyclist -1.0 -1 2.6805672656167534 853.2321609355037 180.56725537483985 946.1027231036604 244.59950234208034 1.4 0.7871398262679576 1.7901795476675033 6.495276322437835 1.5801719113306703 16.35164268483231 3.0586788535078586 0.9996052384376526 
Car -1.0 -1 1.8646228762996968 346.4718628362192 182.15823550874032 391.58434469449696 207.96216602181929 1.5 1.586066235601902 4.072832179069519 -15.158409128357734 2.1134233378334173 45.48238898564114 1.5429195602748054 0.9986461997032166 
Car -1.0 -1 -2.398369496619096 497.6718606728482 180.53958456668846 562.2946592656601 208.90715812464632 1.5 1.5417799845337867 3.50152203142643 -4.56759057359111 1.9515803706687918 40.703156136286275 -2.5101190964367732 0.9513713121414185 
