Car -1.0 -1 0.4383850079010456 174.5516680699766 182.02404148333153 399.34612121236484 267.44623449754914 1.5 1.598146979510784 3.5502782583236696 -6.060867952073565 1.6849393773145762 13.68397096139576 0.021436615786279953 0.9999886751174927 
Car -1.0 -1 -1.7832577712110245 713.0497430809479 177.05013497584187 835.2154999668763 269.84862613258946 1.5 1.5225794658064842 3.2835988819599153 2.870242544953266 1.5881645698208717 13.452369682498455 -1.5730464829274011 0.9999756813049316 
Cyclist -1.0 -1 1.5304061974589085 564.0916968517059 181.87839316829562 574.107822611957 204.466240241352 1.4 0.5728085085749626 1.641063068807125 -2.658217559850725 1.9892588405552403 46.23776898364913 1.472979231676783 0.999955415725708 
Car -1.0 -1 0.4110986384006792 224.09678713401223 181.75907861352925 443.39849702349284 254.4763253279201 1.5 1.6479205831885337 4.248875242471695 -6.080652137687981 1.70971324653905 16.034121799245824 0.048622890314783375 0.9999512434005737 
Car -1.0 -1 0.4845080976515994 83.10033720817118 182.19337100701773 380.51592187121867 288.0190590983673 1.5 1.574384470283985 3.785350036621094 -5.750926206956537 1.6553963645513428 11.170821914890439 0.009077473482813158 0.9999172687530518 
Car -1.0 -1 3.4436084645146106 265.4232383675728 181.900253735787 420.7360269731225 244.10189583118685 1.5 1.5479987978935241 3.4315797060728075 -6.803196577946029 1.7431877615961437 18.506371536921037 3.091329085822922 0.9998892545700073 
Car -1.0 -1 0.1890816140512099 395.7843411002872 181.27249410163859 508.09499453714443 218.33459383766967 1.5 1.7295513793826103 4.397419330477715 -6.660007408079845 1.8674452193753415 30.538965489001992 -0.02563877502945491 0.9998759031295776 
Car -1.0 -1 3.369483244907034 322.5220512373929 181.46888318241642 472.6087026889716 236.43399213622803 1.5 1.6075140357017517 3.9057424783706667 -6.102408691179031 1.7606632571014387 20.886583608838354 3.085226404662949 0.9994410872459412 
Car -1.0 -1 0.5753479685924454 0.0 182.74955864819918 315.38785730440037 315.639413921207 1.5 1.5628614023327827 3.7741302073001863 -5.957760018068903 1.6354540305491188 9.05385990051588 -0.006655291714940748 0.9992840886116028 
Car -1.0 -1 -1.7387892889527594 635.1987188034551 179.3468683400554 669.2909555782223 203.7521826094238 1.5 1.6129645079374313 3.8114311665296556 2.700820600830566 1.944613974197603 47.383094158050945 -1.681851231553827 0.9989039897918701 
Car -1.0 -1 -0.2746926069500444 778.9638994874257 176.6800626113171 956.1376061284325 238.04578926428292 1.5 1.650487121939659 4.022838038206101 6.510429352742643 1.6045287909325368 18.697211790693064 0.06038062175246647 0.9969565868377686 
Car -1.0 -1 -2.77314123827109 337.3231517926932 181.4852148045562 476.0844896115175 229.9477316827246 1.5 1.6475376233458519 4.068297010660172 -6.6639399942287545 1.7960268655239562 23.70230656292521 -3.0472174445774898 0.9889919757843018 
Car -1.0 -1 3.934948337893118 0.0 184.79657550571162 70.07811471153796 374.0 1.5 1.519552481174469 3.516353902220726 -7.0620910082027555 1.6174447635960119 6.2147069672071495 3.0858121991118015 0.9836410880088806 
Car -1.0 -1 -0.21004462547575045 697.7238607765076 178.40645274861726 785.6576464172059 211.18197793118364 1.5 1.6277257844805717 3.8416335850954058 6.15588085070649 1.7702136538581459 34.19013810840968 -0.03190477291611262 0.912516176700592 
Car -1.0 -1 2.78236899457971 709.2108836392389 178.0633066459212 812.8763950105179 217.45053353785178 1.5 1.5919076770544052 3.733000394701958 5.9589361736800255 1.7163265599760194 28.835633308396368 2.986152279373032 0.8666316866874695 
Car -1.0 -1 -0.005413560842273624 698.2220722043945 178.23892905148168 798.6191471283104 214.06561036202513 1.5 1.6290020689368248 4.228718814253807 6.016835282417882 1.7461362773064382 31.746087153898145 0.18189470370742256 0.7010483145713806 
