Car -1.0 -1 1.649743569201948 526.5185231213495 179.97944703230948 573.951139254894 222.56778689527684 1.5 1.5443571403622627 3.579699856042862 -2.287069549904583 1.792643365517073 27.802449600100196 1.5676669319483894 0.9999771118164062 
Car -1.0 -1 0.5074312350423671 0.0 182.38152794472305 366.15032940128583 302.08661793113095 1.5 1.6339984282851219 4.187920179963112 -5.811159253792762 1.6440943784212299 10.028667105260174 -0.017744497456823074 0.999962568283081 
Car -1.0 -1 3.767930070542202 0.0 183.72758213106792 179.66416468747272 358.4408240543413 1.5 1.56680369079113 3.6874095469713213 -6.750094432397341 1.6256278904029438 7.312942235736115 3.022533762451035 0.999642014503479 
Car -1.0 -1 0.4464150054653875 155.8531904813853 181.91927398862344 412.05052838285206 273.9502925840818 1.5 1.593881894648075 3.82231981754303 -5.692995986633133 1.671532812850011 12.77316828489676 0.0271430452677863 0.999448835849762 
Car -1.0 -1 -1.7034256009040032 654.1543590752921 178.78800298398653 703.6360789234446 216.53871188645985 1.5 1.6049495458602905 4.048061978816986 2.8865197195036645 1.7752581704721861 31.368302677517086 -1.6116637522962434 0.9991031885147095 
Car -1.0 -1 3.083139627904803 441.82922343259594 180.99319612898546 525.0823432540603 213.9017552882753 1.5 1.5712390214204788 3.8556064039468767 -6.142344818896053 1.905417842817612 34.69507292888707 2.9079172491987766 0.9985641837120056 
Car -1.0 -1 -2.216677903856124 872.07349449091 166.88234346403573 1241.0 374.0 1.5 1.601438646018505 3.9515825480222704 2.775520891037306 1.4866000255699403 3.6398231451805914 -1.565197619670306 0.9975548386573792 
Car -1.0 -1 3.233374462251004 282.295137534045 181.48118525003073 455.32856929546716 244.04003872498484 1.5 1.5949806690216064 4.138119381666184 -6.225288394298593 1.741014371169327 18.882551317229765 2.914911258216721 0.9911127686500549 
Car -1.0 -1 -1.7797497762973276 718.8435763273219 176.77844271658674 859.7522190688252 277.61991355401824 1.5 1.585564625263214 3.9801499366760256 2.9559212156144645 1.5813684466491753 12.888774240822187 -1.554307601475392 0.9886413216590881 
Car -1.0 -1 0.39889977116558817 222.8692170865541 181.9401156646163 423.236502216586 252.26754911818605 1.5 1.6308218732476234 3.9264711111783983 -6.4940726166309695 1.7186393721171802 16.470237848513243 0.023324294886316575 0.9756115078926086 
Car -1.0 -1 0.8445824845523833 0.0 184.37054583481014 110.12447204100499 374.0 1.5 1.6024929031729698 4.044699159264565 -6.01133687100008 1.5919190071496843 4.8346573308745 -0.04888279835251399 0.9274937510490417 
