Pedestrian -1.0 -1 -1.7690070218505736 757.1329437527586 165.9486842137668 787.3809187122366 231.98258642687 1.8 0.6794744662940502 0.7607370175421238 4.710560749249393 1.3772477678726365 19.96979663113616 -1.5373572419073922 0.9999940395355225 
Pedestrian -1.0 -1 1.3638924753531718 773.2518980671563 163.95964271860288 811.641096924921 240.00985762115852 1.8 0.7406252928078174 0.8426283046603202 4.5917174013016835 1.3860454256287635 17.438839038030853 1.6213528990706028 0.9999121427536011 
Car -1.0 -1 1.6676398274173736 550.65313840298 179.32888165970655 588.3227932778315 209.73249982687736 1.5 1.5865864723920822 3.9801909148693086 -1.620637170229649 1.3937725108714583 37.46707913370773 1.6244118094404758 0.9998173117637634 
Pedestrian -1.0 -1 -1.6104417575477796 652.5572935761314 159.90226888360974 698.6341914849129 266.51566009382253 1.8 0.7638383217155933 0.8867113411426544 1.2437519151213317 1.4366396275972333 12.590386411226461 -1.5119753862407548 0.9997851252555847 
Pedestrian -1.0 -1 2.1095336164230103 391.2301258734597 168.38319228454498 432.44803922574226 243.22054059206133 1.8 0.6505924768745899 0.8357234790921211 -4.714824080139624 1.4857083756620273 17.766249896131193 1.85013197660051 0.9997469782829285 
Pedestrian -1.0 -1 -1.8755465041046917 622.7153368203187 167.94373436261859 660.3849419413431 230.6972715245218 1.8 0.8694435030221939 0.9210536748170852 1.1437558039387747 1.4122963470683014 21.155839208013113 -1.8215357224133355 0.9993675351142883 
Pedestrian -1.0 -1 1.4319193829805348 732.0374020249337 165.21555581388984 764.7911404874877 236.87458748743336 1.8 0.7118733160197734 0.8529967188835144 3.7404496991199507 1.3921347104292703 18.488528747909893 1.631536948676926 0.9989410042762756 
Pedestrian -1.0 -1 2.093855533973568 407.9038611625589 168.24753714447655 452.61209400138637 242.6884513132288 1.8 0.7864301584661006 0.8039835400879383 -4.282781714578892 1.4807465116329335 17.86396447341017 1.858552443977219 0.9976534247398376 
Pedestrian -1.0 -1 2.918380233421653 432.24684146681375 167.42961016199231 474.59859966545645 245.11611578402844 1.8 0.7499738156795501 0.8441596783697605 -3.5755396948373734 1.4751951270544383 17.157740338295127 2.712928402419907 0.9976608753204346 
Pedestrian -1.0 -1 -1.6804138562137392 676.4374523251261 159.68771394013922 723.195561739545 266.02215825855995 1.8 0.7192928835749626 0.8452369391918182 1.6688877666802868 1.432050591032241 12.587656948340577 -1.5486013061043364 0.9957265853881836 
Pedestrian -1.0 -1 -1.7888809079276218 721.4801444840592 163.88233401656458 762.7533114920325 243.59334847400055 1.8 0.7799736715853214 0.8023333296179771 3.2106774533168165 1.4033793166975457 16.630207250444155 -1.5981643656876428 0.9953342080116272 
Pedestrian -1.0 -1 -1.7220189182380197 718.7335193036441 164.10588603334 756.610907468725 242.78148677657745 1.8 0.749377117305994 0.8656120419502258 3.154434307783552 1.4032545616749112 16.87712932141529 -1.5372449951854092 0.9658037424087524 
Pedestrian -1.0 -1 3.7976613591735964 0.0 105.99315190938876 141.14347045596887 373.0 1.8 0.649154794216156 0.7546866804361343 -2.650485607271081 1.5067957951077395 3.1416303379806783 3.096856224532944 0.9335654377937317 
Pedestrian -1.0 -1 -1.3070905071092913 73.27154596133559 164.28606221278824 138.90220814401073 282.4639421187359 1.8 0.6612098336219787 0.865771484375 -7.921768211484304 1.5391133809830295 11.457109440863979 -1.912040368714605 0.9229307174682617 
Pedestrian -1.0 -1 1.3076778899514658 110.05613642380075 147.4650310932269 197.86154311106424 359.74151491570854 1.8 0.46733175665140153 0.860907931625843 -4.140616079091728 1.512786282996712 6.551967208601286 0.7440854748103277 0.8253251910209656 
