Car -1.0 -1 1.772208869388221 396.9903097980699 180.49855058053404 488.5493342358623 234.03838253639333 1.5 1.8795665845274925 4.709472742676735 -4.843879489301248 1.4730904303129 22.4873391488551 1.560045882067408 0.9999945163726807 
Pedestrian -1.0 -1 1.307234400812881 732.5775333700435 148.11020650694502 830.0656312267985 315.12425780464275 1.8 0.8473204940557479 0.9989856302738189 1.9858264207173306 1.4414982877901439 8.25015929647054 1.5434426506373542 0.999923825263977 
Pedestrian -1.0 -1 2.843205446394797 270.07825754094955 162.8090226879113 348.7871709914864 276.3693805927833 1.8 0.7413328185677528 1.0457300141453743 -4.919542278640206 1.5050328356305325 12.001688267937721 2.454190242286545 0.9998106360435486 
Pedestrian -1.0 -1 1.9504437295534895 319.9671670996598 163.26652047392994 377.4632912384793 271.5173576987996 1.8 0.6577942080795764 0.8835922487080097 -4.386684850730442 1.4980994287615506 12.39634196310272 1.6103260397871555 0.9997727274894714 
Pedestrian -1.0 -1 2.0245256984518445 708.008443307954 147.67978308013494 795.7812355136689 318.8127722012253 1.8 0.691931278258562 0.790945117175579 1.6506659212882162 1.4456355351206054 8.077316830259669 2.226108300681931 0.9995039701461792 
Pedestrian -1.0 -1 -1.8352300354594495 610.5649931165714 165.3310438093931 653.9460321262749 243.62809815799145 1.8 0.8246467940509319 0.8764772236347198 0.6857085255536272 1.429494802649948 17.03039348020765 -1.7949879626419885 0.999478280544281 
Car -1.0 -1 1.6880575575132248 447.7045041263598 180.2449981917655 507.0275129477468 220.54385362965664 1.5 1.8069137379527092 4.9613362669944765 -4.966887646992639 1.4543216391061917 29.25859764597297 1.5199023922297614 0.9992660880088806 
Pedestrian -1.0 -1 -2.229630196745953 760.7212083095421 156.01470755171297 839.8259187163037 276.51385129112685 1.8 0.7714414529502391 0.9629664503037929 3.0746397549746143 1.420611343460239 11.32037779012842 -1.9644256095078332 0.9988123178482056 
Pedestrian -1.0 -1 1.4764323114548554 799.2944336607235 148.130712819929 872.3942136461706 311.3494717951738 1.8 0.7251306928694248 0.9303640134632587 2.6839981046476606 1.433353631135918 8.450642817621143 1.7839646220167698 0.9974876642227173 
Pedestrian -1.0 -1 1.923336590627401 354.76326545762004 162.66001374210333 412.4594646331703 272.1442320657902 1.8 0.6625713340938091 0.944315505027771 -3.7534540828194447 1.491545822462839 12.297384287855415 1.6270942568739475 0.9926046133041382 
Pedestrian -1.0 -1 -1.2715461406054287 231.8168463651103 162.99204639320698 289.5122249249892 278.5184368613419 1.8 0.6247508831322193 0.8529572308063507 -5.555182491605896 1.5129296135112758 11.656913517056703 -1.7162639955666406 0.9889882206916809 
Car -1.0 -1 1.5870870482442978 522.3917969366818 179.58304112423588 561.4365164493116 214.7701563677997 1.5 1.662115429341793 4.257767510414124 -2.6952379979040293 1.4192506833271168 32.79831550848125 1.5050951679560798 0.9838365912437439 
Pedestrian -1.0 -1 2.338138809799272 1057.5212146399344 145.9838927416887 1161.7630140166764 303.9697014706459 1.8 0.7494356043636798 0.692518663406372 6.028294892725982 1.3967002558015829 8.615842904844897 2.948647010322434 0.8668980002403259 
