Car -1.0 -1 2.1722696966574757 0.0 181.22410281329655 273.02549356824466 374.0 1.5 1.5707089126110076 3.835396331548691 -5.018677536479144 1.6048881913894797 7.078748972905905 1.555543585619654 0.999971866607666 
Car -1.0 -1 1.807357199536124 393.3279015268913 180.68916855746102 481.9060146045281 234.60916150932576 1.5 1.698385228216648 4.658777874708176 -5.418415004595349 1.7763907203087022 23.08258477271802 1.5767912745436252 0.9999082088470459 
Cyclist -1.0 -1 1.5989953675789543 517.8553235266934 182.84529148230013 533.9792836687351 217.7967531162285 1.4 0.626915556192398 1.7242124795913696 -3.56179223537089 1.8321344337869752 30.29220589018935 1.481951638064112 0.9997616410255432 
Car -1.0 -1 -1.5055899423199919 639.5406509042601 179.25428948076916 670.5251399155181 205.7837749713928 1.5 1.6309505820274353 3.842829775810242 2.7377169919763733 1.906488418536479 43.77286648065542 -1.4431276033308846 0.9995286464691162 
Car -1.0 -1 -2.2160607493049556 842.9242974383344 167.20070191241052 1241.0 374.0 1.5 1.6190773367881774 3.760076177120209 2.5227228518793083 1.4877870800135298 3.4978788596668 -1.5912379446115834 0.9979946613311768 
Cyclist -1.0 -1 1.6623518829781607 437.53287373809184 184.8721670447626 471.7451066122392 253.0002709044954 1.4 0.5923445828258991 1.719166573882103 -3.4806088351547118 1.6821760613069718 16.02755369023648 1.4485081871363776 0.9977965354919434 
Cyclist -1.0 -1 1.6379080590623936 472.0837427875096 184.4521039287538 505.7119539536092 250.7555593020343 1.4 0.6445642121136188 1.74577948898077 -2.78999295669364 1.6792814419818811 16.448649960835382 1.4698888500544685 0.9700831770896912 
Car -1.0 -1 1.702767605658653 497.81856294649174 180.58855085110727 536.0925743498171 208.7103053795603 1.5 1.6498275592923164 4.294935476779938 -5.370334414573731 1.9717123313559026 41.81784667322395 1.5750446200331272 0.8964699506759644 
Pedestrian -1.0 -1 1.7196429556813702 470.2862777888929 167.42692382103934 506.41873517929423 248.49364410888037 1.8 0.6898510761559009 0.9028657831251621 -2.816643077110309 1.6798554062780064 16.476625697829167 1.5503317554804938 0.8527792692184448 
Pedestrian -1.0 -1 -1.8343321332416864 702.8697715997087 171.30290602721294 725.6064557808348 216.5996209602619 1.8 0.6940648451447486 0.9134404852986335 4.165276168366451 1.7387204290120826 29.165171951296724 -1.6924746269967896 0.6128228902816772 
