Car -1.0 -1 -1.5388307149450917 582.0138844803439 179.55933953939683 622.7458015921253 217.7213461970405 1.5 1.6260287284851074 3.5164179772138597 -0.3168025856565931 1.802714782767745 30.75740836364988 -1.5491303923216206 0.9999964237213135 
Pedestrian -1.0 -1 0.3809236946021666 346.97261718907686 158.7795323402193 411.8785421839104 295.0716077316385 1.8 0.5942666463553905 0.6726638905704021 -3.1887114967575774 1.6144773559846015 9.845763261788813 0.06771747668715887 0.9999872446060181 
Car -1.0 -1 1.9865191194596532 231.67109334433042 182.44115604565306 329.1344246211742 230.9547687563041 1.5 1.6086824730038642 3.9736887931823732 -11.371954362842674 1.860266088190307 25.089609344673722 1.5609628399226325 0.9999858140945435 
Car -1.0 -1 -2.209625143312808 349.77272487305544 180.7963719494214 491.6025508173335 247.01719856576165 1.5 1.6037917256355285 3.7416836738586428 -4.971662067876488 1.7244116137805965 18.56122585956308 -2.4713338772442683 0.999963641166687 
Car -1.0 -1 -1.714960864402573 710.6452104422067 177.2533516959673 821.9573990834692 255.26350253106463 1.5 1.800139483809471 4.392887142300606 3.3233054890916 1.6138506221120097 16.367712355745752 -1.5146436403181893 0.9999579191207886 
Car -1.0 -1 2.1780736643340486 34.863160274273135 183.30238399425255 215.68599253529754 256.61914650180927 1.5 1.650269378721714 3.9028054594993593 -11.425111041848442 1.7793131206370119 17.29100947328079 1.5941753268202365 0.999920129776001 
Car -1.0 -1 -1.5503341324904538 589.3822315672945 178.811739096453 658.0145795119012 246.10071062614645 1.5 1.5606629222631454 3.2548001527786257 0.3226505491300722 1.6629379806454854 18.031101423954667 -1.5324419299748284 0.9998979568481445 
Car -1.0 -1 -1.6970592462599867 681.0575106950182 178.38160522471583 737.3600302934411 222.21185064224525 1.5 1.5979107961058616 3.942983087897301 3.615123020458777 1.7236274719653717 27.16515182301101 -1.564757186980222 0.9998610019683838 
Car -1.0 -1 -2.195515835635694 476.05347625921564 180.50772729795352 550.287657171419 217.0043839746702 1.5 1.5360983580350875 3.4728920578956606 -4.39780658840149 1.8607963314709555 32.189338675437384 -2.331298247971807 0.9998161196708679 
Car -1.0 -1 -2.2166101289636355 422.48932936263253 180.60916745283384 528.2645732102109 228.96769357262235 1.5 1.5889635801315307 3.829041358828545 -4.733597124001198 1.787674207807004 24.854258206642623 -2.404810384907995 0.9997550845146179 
Car -1.0 -1 -2.280287747751471 387.2053266236399 180.72347028868265 513.6314370783851 236.03000947152537 1.5 1.6356539472937583 3.8294146329164507 -4.928402582354206 1.7586191992215776 21.87763255464212 -2.501860396065984 0.9996767044067383 
Cyclist -1.0 -1 2.2980236443328623 1105.1303055001517 180.883781032918 1241.0 319.43185298878154 1.4 0.6993973188102245 1.647367936372757 6.329476018437224 1.492775267411684 7.822715542964341 2.97829781770311 0.9960708618164062 
Car -1.0 -1 -1.7425132734289093 662.7595844678885 178.77654935873895 711.8084573189512 212.97808173715845 1.5 1.6513886421918869 4.012967509031296 3.5813052965122036 1.7997418770428264 34.412932423490055 -1.6388179595258576 0.9751752614974976 
