Pedestrian -1.0 -1 1.391864346851301 711.4040909299919 163.72095263377625 741.7958037854046 229.15844725468673 1.8 0.7039241053164005 0.8220955289900302 3.3727982595927015 1.3400343872651668 19.858730983170876 1.5600985725733894 0.9999353885650635 
Cyclist -1.0 -1 -0.5838437385510062 568.7384997118644 179.56899330880617 625.8114637673173 225.12391780146712 1.4 0.6009992703795433 1.7786717534065246 -0.26673545184079356 1.3729452924935794 22.471896302002328 -0.5957129160549981 0.9998899698257446 
Pedestrian -1.0 -1 -2.6489237025557086 694.1606243092169 165.91658585694339 728.0891577195421 219.8092371533743 1.8 0.63284472823143 0.9613671831786632 3.5958546147497894 1.3144573947863991 24.151231082797807 -2.501120404401098 0.9986202716827393 
Pedestrian -1.0 -1 2.47689748805832 719.428672911779 165.088830656812 756.4117543622405 221.72569818009407 1.8 0.6323783218860626 1.005544190108776 4.288910907789875 1.3117613559115677 22.978728600020798 2.6614212870558323 0.9977155923843384 
Cyclist -1.0 -1 -2.325249741405221 859.408889165567 178.3207548106199 960.4377270599977 275.598497689323 1.4 0.41814232505857946 1.6549984484910965 4.657968112701105 1.3703018554540705 11.019334370527512 -1.9253214756634576 0.9957577586174011 
Cyclist -1.0 -1 -1.7374535584775859 879.3690694742064 178.28988151075797 938.5286824065552 275.66369386711426 1.4 0.56153419688344 1.7163940265774726 4.6731465116448945 1.369889008964139 11.060521501980773 -1.3376964936640603 0.9889378547668457 
Cyclist -1.0 -1 0.06988918580544243 574.9710297302438 179.5663080456791 622.8952277235787 224.19450381536635 1.4 0.5202889934182167 1.4922980710864067 -0.21690501638296383 1.372262698543582 22.479963853450403 0.06024067004653386 0.9822529554367065 
Pedestrian -1.0 -1 -1.0385634320048294 1072.5695621664377 145.0280392160112 1145.2429311178814 288.0262200795868 1.8 0.5963368833065033 0.5182087913155555 6.5556367107820055 1.3551711103274175 9.273326398489845 -0.423198417821203 0.9790765047073364 
Pedestrian -1.0 -1 -0.9811657090018484 1077.537482461654 144.42852794910422 1150.0612147242398 290.5587910159411 1.8 0.608032339066267 0.4491353899240494 6.469875377185234 1.3573584282490527 9.068081217956076 -0.3614513436940057 0.9160581231117249 
Pedestrian -1.0 -1 2.3696074269032295 709.1031232579359 165.55531056827428 745.5379309556259 220.25449629508356 1.8 0.6531630203127861 1.0536837883293628 4.094658155227135 1.309754051296287 23.82954090601335 2.5397767901381076 0.8778538107872009 
Pedestrian -1.0 -1 2.5282100998112416 865.8146359706877 140.68545760623203 983.9241630677296 322.20621067728706 1.8 0.6728951379656791 0.9082601897418499 3.290268260897726 1.4068848233236135 7.424815782959979 2.9453486084898532 0.8697460889816284 
Pedestrian -1.0 -1 2.0860308976286603 872.0176528757769 151.31738171625705 942.9984861512684 273.13239315017495 1.8 0.5953728713095188 1.0115632347762584 4.660196948013078 1.370445458804495 10.986785115450692 2.4871930956801 0.9541572332382202 
