Car -1.0 -1 -1.5556802362430575 593.9488931292018 179.35913357546696 637.3049425276027 219.69767284847123 1.5 1.6509650766849517 3.8386116296052935 0.21358733972990096 1.782818310845731 29.389970283863292 -1.5484130094435555 0.9999661445617676 
Car -1.0 -1 -0.9433230350105639 707.1363901186371 177.25470205682652 853.1050686593185 243.70398283539993 1.5 1.592787404358387 3.9863961309194567 4.370433088874462 1.6244583276554705 18.44093121298183 -0.7106200615551812 0.9999194145202637 
Car -1.0 -1 -1.1619610397394933 765.5026081388179 175.65822258917686 975.0845189512122 293.4242308596832 1.5 1.6121471792459487 3.9935054749250414 4.1481952442233805 1.5520056440703416 11.284668357631245 -0.8096975843098504 0.9998490810394287 
Car -1.0 -1 -1.3362499816680553 869.0989985342103 173.7733661675522 1142.7630816638205 362.4603621715454 1.5 1.65199865847826 4.086093840003014 4.410622625027774 1.5129393729919787 7.812392828819262 -0.822291390099798 0.999711811542511 
Car -1.0 -1 -0.9506557378071284 686.2942300761907 178.0372621357076 786.9976936520293 224.30178573227386 1.5 1.5933719024062156 3.8584528982639315 4.529284593727063 1.6990912355658019 25.74171222754123 -0.7764873067524775 0.999646782875061 
Car -1.0 -1 -1.065905689702088 734.1600238811989 176.54702143048922 907.6480881016572 261.9236920720579 1.5 1.6510483369231224 4.094171759486199 4.399891052887646 1.586867559495792 14.874349068731677 -0.7783029238369805 0.9979992508888245 
Car -1.0 -1 -0.8332449323662126 663.3949667166783 178.69214932428457 738.4120890151097 210.72416596114715 1.5 1.5758637830615043 3.8363012045621874 4.570243181331095 1.809064677681059 36.30440854859378 -0.7080169479039056 0.9944307208061218 
Car -1.0 -1 -1.5794672447103908 1178.3752394783976 164.33753210795044 1241.0 374.0 1.5 1.658976499736309 3.9406078428030016 4.786516654308723 1.4723712950732237 4.3111220119135245 -0.7418618361142022 0.9851935505867004 
Car -1.0 -1 1.7632041554396953 482.810640749787 180.81954988021036 520.8582885307466 207.47814220065032 1.5 1.5971025943756103 3.700327363610268 -6.522637047831569 2.002566432854064 43.60502741042036 1.6147205710371555 0.9783774018287659 
Car -1.0 -1 -0.8354038820575833 649.0707447603653 178.99660858809574 713.1515625369435 205.81620909480543 1.5 1.6061153754591941 3.909105670452118 4.249873134341547 1.883845038631834 43.13493161487327 -0.7371957461026055 0.968449056148529 
