Car -1.0 -1 -1.9096501647911215 760.5979492475091 175.42025900222865 999.5661615776226 335.41960311170783 1.5 1.5175845965743064 3.35670882165432 2.85411371094244 1.5366282078077764 8.505518883064006 -1.5858967612173898 0.9999861717224121 
Car -1.0 -1 -1.391153372331042 474.30714977286544 179.73038216514672 563.2736057504144 250.40064786151476 1.5 1.5498992547392845 3.296721962094307 -2.141615619720124 1.6816497379384552 17.330564103199706 -1.514104542383228 0.9999862909317017 
Car -1.0 -1 -1.5755319074766476 591.5893382661609 179.29227311560842 639.0094594940266 225.5931693209721 1.5 1.5673935905098915 3.4046857178211214 0.13050423360549496 1.74354742795502 25.54890048384914 -1.5704239342911193 0.9999845027923584 
Pedestrian -1.0 -1 -2.53857179406422 847.9101671486635 159.3296372567346 903.409053353099 262.4156617589784 1.8 0.7528340004384517 0.6283928200602531 4.760015237162352 1.5642070028434398 13.070374332568075 -2.189317599931036 0.9999773502349854 
Car -1.0 -1 -1.4780939852472368 512.7894593972767 179.76071266123546 575.1765313416525 233.814685712556 1.5 1.5780544400215148 3.875597429275513 -2.017326572853003 1.733910328431694 22.456023836870123 -1.5676880265262467 0.9999709129333496 
Car -1.0 -1 -1.5972010166131265 588.2401930951163 179.69485200431566 621.5576832189179 211.2552270875656 1.5 1.59993716776371 3.499451515078545 -0.3375168570407641 1.866489745816729 36.83790304749929 -1.6063629771259171 0.9991428852081299 
Car -1.0 -1 1.1380158265385225 303.580491979118 181.19850108185 433.4807191167079 250.5319335277456 1.5 1.583137971162796 3.8649214923381807 -6.156973238356166 1.7312767743564075 18.019991501694864 0.8087770183894294 0.9984595775604248 
Car -1.0 -1 1.359278174285958 0.0 182.22669740164665 174.0432637034379 374.0 1.5 1.5503569066524505 3.6815433323383333 -5.990654587990072 1.615874249105638 7.147389853151652 0.6616982658717292 0.9973498582839966 
Car -1.0 -1 -1.3745292643728655 657.4555164440508 178.766796400054 707.4529186795463 215.5273864516343 1.5 1.5481476232409477 3.518720579147339 3.219922881744153 1.7779428039481215 31.962126483317086 -1.2741261879589898 0.9895848631858826 
Car -1.0 -1 1.1620834515942 76.38345619715439 181.72085009881064 320.22591595100846 313.75389527253685 1.5 1.578492347896099 3.813561660051346 -5.956189507244285 1.6473784193442251 10.196268606892302 0.6333970268580573 0.9808463454246521 
Car -1.0 -1 2.11330512492136 90.12087633347221 183.48650192892464 220.32608711355704 236.32958810672235 1.5 1.5943458795547485 4.284458470344544 -14.664570212666044 1.8784352481666087 23.49992081580101 1.5554062565180915 0.8802035450935364 
Car -1.0 -1 0.7768403564055812 406.7792722671713 180.92307597464674 511.9620715676368 222.88206035903244 1.5 1.658378218114376 4.018492487072945 -5.970100638798063 1.836305992363105 28.25714774228311 0.5686248977992194 0.758223295211792 
