Car -1.0 -1 -1.9185037778069893 598.5106676983661 178.1961725115112 728.6188309984269 259.2317201357319 1.5 1.5986776471138 3.73033122420311 0.9694756827326844 1.6310458823880811 15.633711509550166 -1.8565712134030206 0.9996492862701416 
Car -1.0 -1 -1.868342488989022 542.775078159409 179.41992025709845 625.3054355282729 233.6615542548018 1.5 1.5682381138205528 3.5375817239284517 -0.9307666318895101 1.7212871870911493 22.346573789145502 -1.90996985236672 0.99937504529953 
Car -1.0 -1 -1.4969061648263582 725.1919348486587 176.45229807966436 847.2881671174058 290.9506390818924 1.5 1.6157342612743377 3.786117446422577 2.9191391944350733 1.568597868924647 11.62982014025691 -1.2509821514275414 0.9991158843040466 
Car -1.0 -1 1.8041206787538744 211.25026448728028 181.79854881527282 332.08910166314433 257.54795008657334 1.5 1.6414063543081283 4.154168677330017 -7.839223839262397 1.7384148099366454 17.00259043128654 1.372106953463282 0.9973637461662292 
Car -1.0 -1 -1.5931190678252323 429.38363628236937 181.2104941819682 464.30473905331195 212.2614710069927 1.5 1.705757950246334 4.333785411715508 -8.767218534559701 1.971934399537716 38.405749834432065 -1.8175521204855782 0.993285596370697 
Car -1.0 -1 -1.757233325650144 520.10170442042 179.92253944435984 581.5075871298266 223.95938628387225 1.5 1.6155329093337059 3.8446376591920854 -2.3532478694467476 1.7881684945985963 27.307444444655108 -1.8431970039990289 0.9913297891616821 
Cyclist -1.0 -1 -1.7541401223091073 553.3573194224754 184.24979955562927 601.4792254600608 264.5273041218944 1.4 0.6458201937377452 1.4364516854286193 -0.6854153795967896 1.6269961266526134 13.57361349553106 -1.804593429961477 0.9996403455734253 
Car -1.0 -1 1.6720692696727697 275.8203859751357 181.85716883659543 349.26879316996616 238.37822719367878 1.5 1.6547248259186744 4.250598189234734 -9.060112230345702 1.8050386085926369 22.14258140280014 1.2836815555903571 0.9880667924880981 
Pedestrian -1.0 -1 -2.862187407518692 527.3385742813446 176.24081123155474 540.6558421236937 204.06008024476674 1.8 0.6146155789494514 0.7243911296129226 -4.994330249036319 2.0233428306831414 47.13744152944236 -2.9677460948613033 0.9576201438903809 
Car -1.0 -1 -1.6540251112169324 503.8796384507445 180.3770993830105 545.3435679317095 216.78314672116247 1.5 1.5488740548491478 3.548771005868912 -3.920486902243347 1.8579895939618283 32.4032572411313 -1.774430380263601 0.9411306381225586 
Car -1.0 -1 1.637974035508976 303.4947376026618 181.96434031934137 358.80545606123366 226.96087810685165 1.5 1.6624514505267143 4.3134214848279955 -10.502602478819412 1.8740835505363764 27.29022593332168 1.2705971439692634 0.7476679086685181 
Pedestrian -1.0 -1 3.1246040304512634 539.7796900199105 163.61182146365837 592.0806841944742 261.30799904795265 1.8 0.6600029326975345 0.9649556621909141 -0.8917408862710616 1.6300756417200684 13.659694623952737 3.0594138979872287 0.9650349617004395 
