Car -1.0 -1 -1.720257761182403 660.3990365529478 178.3421486762687 730.0561351904124 231.22909803050283 1.5 1.587277327477932 4.067389529943466 2.5689532708483367 1.69064409428617 22.95219227716461 -1.608795394250427 0.9999927282333374 
Car -1.0 -1 -1.2661255120024049 273.31420747204595 179.43355975820683 496.30570070097156 328.7132808074163 1.5 1.5710479140281677 4.057597231864929 -2.7026181593218044 1.6054901529022942 9.477256696234278 -1.5439208048072202 0.9999595880508423 
Car -1.0 -1 -1.6767478156541353 643.9783093459498 179.03257922577546 684.9163739143692 212.18917817240944 1.5 1.5810216337442398 3.9501971125602724 2.576896787277699 1.8205167495609063 35.38530204170265 -1.604052213081394 0.9999252557754517 
Car -1.0 -1 -1.3461632462966149 377.7591955514772 180.0831074914214 499.904557696676 267.1536242292151 1.5 1.5712207674980163 3.8909907013177873 -3.3732931900300835 1.6671340389378126 14.69693185668094 -1.5717791537197796 0.9999009370803833 
Car -1.0 -1 -1.9345145037481442 747.4897850687845 174.89952924982688 1078.2856018667826 374.0 1.5 1.5650056794285774 3.90081727206707 2.5146142405136382 1.5262871645885117 7.173034946199719 -1.597336526089583 0.9994827508926392 
Car -1.0 -1 -1.4923457354753638 536.4336382117738 180.13518040274306 574.1231719592622 212.2894822923586 1.5 1.6005356356501579 3.9170614004135134 -2.75531022107866 1.8885654500358553 36.506170369323506 -1.5676781004902465 0.9993126392364502 
Pedestrian -1.0 -1 -1.220080282990453 377.25556689154075 167.38193325259954 398.5820956897218 253.8938674004004 1.8 0.33483119010925294 0.3358699407428503 -4.723079683704529 1.6865039569002729 15.18580282173071 -1.5216157334533078 0.9992788434028625 
Pedestrian -1.0 -1 -1.3251526682977235 326.88894865835556 164.6728198122494 365.18903607782045 269.1057116419726 1.8 0.5620960637927055 0.35335254184901715 -4.671654469073107 1.6593474551487082 12.639683147729073 -1.6791826272991044 0.9977161884307861 
Car -1.0 -1 -1.066181092793147 0.0 178.62567663384172 387.9895719829021 374.0 1.5 1.6040659070014953 4.227835547924042 -2.746944305443377 1.5525964612936205 4.372048509994049 -1.6271476643767697 0.9950494170188904 
Pedestrian -1.0 -1 -1.199192563168142 370.68156663795565 167.90685933612096 391.51475104456114 251.87141667197739 1.8 0.333644824847579 0.3315374281257391 -5.010909743825448 1.6943029378912806 15.641021886972064 -1.5092308456685883 0.9778856039047241 
Pedestrian -1.0 -1 -1.2531386123859278 335.0503909755224 164.4323858573055 374.31542599786803 269.5359088989747 1.8 0.5697795681655407 0.32680593691766263 -4.480516130659632 1.6561295316635867 12.525010141220323 -1.5966792340066773 0.953020453453064 
Car -1.0 -1 -2.48298121821992 0.0 0.0 1222.819382032803 374.0 1.5 1.641988244652748 4.001639646291733 2.305722992544663 1.471952103602075 1.7635977756758283 -1.5651403898980958 0.936942994594574 
