Cyclist -1.0 -1 1.9380549665172455 377.0876891038587 185.9855677689893 477.2580727599672 323.0993502254876 1.4 0.560185083001852 1.6653448835015296 -2.0431419172557366 1.471571635176101 8.143583515192937 1.6922390341719211 0.9995571970939636 
Pedestrian -1.0 -1 2.9311860082831886 512.8659222172906 169.70716768985494 535.5002028060904 216.0041331472564 1.8 0.7531079955399036 0.747457568347454 -3.2244798002456343 1.3818840291958967 27.960927171090503 2.8163722634275974 0.9990743398666382 
Cyclist -1.0 -1 -1.2002119557211866 768.6095580113373 178.00556178548794 818.2635605405001 242.06227767468755 1.4 0.5780312724411487 1.5657010048627853 4.309273211163467 1.3470982382339853 16.25091312452088 -0.9410063187268121 0.9993313550949097 
Pedestrian -1.0 -1 3.3922430976531626 121.88755707347508 172.11063859952606 158.3801940545489 233.47274928671308 1.8 0.6532569907605648 0.7767939500510692 -13.944344706980248 1.5554722980947968 21.17097573163998 2.8098083615263523 0.9984266757965088 
Pedestrian -1.0 -1 0.016257359829897823 573.2738123108081 170.30282322210468 592.3268597212403 208.8557092759474 1.8 0.7584067553281784 0.8885878629982471 -1.0604744344963657 1.3253545606117387 33.39256305808984 -0.015489772954259596 0.9978190660476685 
Pedestrian -1.0 -1 2.8610810243377824 109.15913222604141 172.56089008468064 145.7496106471694 232.36359195089642 1.8 0.731616423279047 0.7621082969009876 -14.76014897398972 1.562602230206522 21.80341352050641 2.2659826159437717 0.9957848191261292 
Pedestrian -1.0 -1 0.016887844805300006 491.26070948035596 169.99595846715073 508.72548753009266 216.47826145869575 1.8 0.6898369200527668 0.6683238342404365 -4.143236927343953 1.394741443048809 27.76077975382248 -0.1312664310124261 0.9835806488990784 
Cyclist -1.0 -1 -0.7837462337130237 526.3575620317434 179.32388479953687 562.4538243973501 209.338394210457 1.4 0.7175590403378009 1.718788456916809 -2.9080856154232917 1.3465931389807315 33.86274964605723 -0.8694146434452874 0.9178670048713684 
Pedestrian -1.0 -1 0.21731901068426773 499.18804220746154 169.8695357695919 519.506421004166 216.37087773225457 1.8 0.7473003610968589 0.646135725826025 -3.775962312029545 1.3900144474681035 27.762777548284287 0.08214037021132879 0.8852898478507996 
Pedestrian -1.0 -1 3.0292266710585936 121.79106212973919 172.29660239701604 155.30522257454507 232.79306499385302 1.8 0.7386946611106395 0.7746177285909652 -14.262824090506225 1.5574812786272203 21.564236701701695 2.4448714137037815 0.5987585783004761 
