Car -1.0 -1 1.9476530398013068 163.43124817956667 180.07378346601203 429.2953239298496 334.3615414528418 1.5 1.6294867292046546 4.157417130470276 -3.7092751604084366 1.6141480801769132 9.2881102317107 1.5677007873866218 0.9999781847000122 
Car -1.0 -1 -1.6375241897050232 648.5257321439713 178.86251780302013 692.7840311345312 217.31773866915853 1.5 1.6040938466787338 3.971689057350159 2.4839374955341897 1.7731800074738462 30.76257911791309 -1.5569535643470032 0.9999700784683228 
Car -1.0 -1 2.201196055617132 0.0 182.16219197705007 239.91812449588303 330.99610412740077 1.5 1.5553322181105613 3.8618239134550096 -6.693128452669615 1.647404555103616 9.453920644264688 1.58513854741655 0.9999561309814453 
Car -1.0 -1 1.8194357382187976 386.3423076584252 180.4305388395353 489.7450705797734 253.2747793547645 1.5 1.5385207280516624 3.5318995386362078 -3.9773886338052584 1.697646742882396 17.005541676022816 1.5896780371626438 0.9994038343429565 
Car -1.0 -1 2.8471283191716066 759.3871170002267 177.41225840766256 889.6569090430633 219.27776092639883 1.5 1.6962798804044723 4.349496823549271 7.882528615537259 1.675847055412333 26.907146050377712 3.132107484336716 0.9991883635520935 
Car -1.0 -1 -3.4525650613246084 775.956550562595 177.04296149836338 929.8791331053076 224.3085304209967 1.5 1.6868068397045135 4.534176227450371 7.913877399904414 1.6442050442847362 23.911600120395484 -3.132948474087988 0.9990572333335876 
Car -1.0 -1 -0.5446176960888922 1024.0171247854785 174.77299814179165 1161.892720734681 208.70496059744485 1.5 1.9720182314515113 4.954268273711205 22.017762305656543 1.5913138764313088 33.10669512451288 0.04226808150741033 0.9673283100128174 
Car -1.0 -1 1.7091487313514624 448.3016754035862 180.91871508914423 493.92442765735325 214.62504893234453 1.5 1.6369227811694145 4.083201524615288 -6.745496775904541 1.9168956691687062 35.18354557616173 1.5197242935511726 0.9544791579246521 
Car -1.0 -1 1.943981109422423 361.692667213258 181.141538941801 452.53821094822433 231.4911779227664 1.5 1.5903054296970367 3.9762391269207003 -6.739337049059059 1.8023336655322202 24.22947980633484 1.6726922869642795 0.8561440110206604 
Car -1.0 -1 -0.48185306673292616 852.5632220632847 176.33770753480653 988.2686374727116 223.3299447872324 1.5 1.6425690174102783 3.8493974626064302 10.280539320877793 1.6216315964801484 24.144032811584157 -0.07930465141800472 0.6860570907592773 
