Car -1.0 -1 0.20674828415108323 374.81508712626373 181.97595018992698 442.6173540462952 206.98594554867674 1.5 1.5474480137228965 3.821936857700348 -12.495046780198619 2.0783890516163566 44.822562394416785 -0.06511660019424984 0.9999992847442627 
Car -1.0 -1 -1.9831310389028198 792.441533132964 174.4197945118349 1141.2465813072563 374.0 1.5 1.5297219648957252 3.635094177722931 2.9470564565290296 1.519414438157393 6.952596081883916 -1.5822106395524485 0.9999858140945435 
Car -1.0 -1 -1.7128426865832893 655.8518398273426 178.54103387597615 716.4929628252504 226.16552230138058 1.5 1.553286661207676 3.8447639465332033 2.530746077712385 1.713943513403162 25.14265987165894 -1.6125251027431828 0.9999582767486572 
Pedestrian -1.0 -1 -1.8544421948310992 780.273137808664 164.03066789580768 819.0007137647754 244.97927412109547 1.8 0.696511522680521 0.6419034235179424 4.245705603262961 1.604159307315518 16.3728321268219 -1.600716748335634 0.9999111890792847 
Car -1.0 -1 -1.8279277653139767 716.5759473858087 176.5436465908734 882.184807588807 291.3449798384611 1.5 1.570485208928585 3.7232241153717043 2.7347485201681896 1.5683968300757134 11.424216787111959 -1.5929674851384503 0.9998229146003723 
Car -1.0 -1 1.7501430884736302 477.0111265597561 180.10293456940286 547.7817399181056 232.11966525978585 1.5 1.5978456035256385 3.8702017188072206 -3.1080534196094014 1.7545032185501008 23.32373818935637 1.6176664710005344 0.9989866614341736 
Car -1.0 -1 0.37613942826477587 281.8822047134196 182.93794039967003 354.2060132224119 207.90018288274885 1.5 1.553835955262184 3.861980748176575 -18.116573497451437 2.1374205352587907 44.788317261515836 -0.008234457173619947 0.9952186942100525 
Car -1.0 -1 -1.8053553153194448 690.896254967373 177.59960793793945 786.8854321191005 256.4387411382926 1.5 1.3742723062634468 2.7959257856011392 2.600392118884041 1.6107388624836487 15.339334087104756 -1.6374273906138284 0.9667608141899109 
Car -1.0 -1 -1.6665512224542447 638.3047152975287 179.23197445237935 672.89045374546 207.99050643361554 1.5 1.5764326348900795 3.6668697863817217 2.4694533874048497 1.8731892245884227 40.315947691755504 -1.6053751344468934 0.9558365345001221 
Car -1.0 -1 -1.842457080140876 722.4790206569704 177.44027350309693 805.9112036794616 252.75476524726184 1.5 1.1853276312351226 2.3101239025592806 3.242400706235558 1.6077857882490376 15.705708916584541 -1.6388699794795853 0.5097194910049438 
