Car -1.0 -1 -2.5176074212136954 0.0 182.8982555453352 299.13977714413966 309.42974520542566 1.5 1.5369950354099273 3.7425170212984087 -6.354783718553746 1.6444925844587341 9.517304872973446 -3.1063308278706416 0.9999910593032837 
Car -1.0 -1 -1.6577900349327659 648.4495312126779 178.94425711795662 691.1071621270273 214.62639829248488 1.5 1.6040411338210105 3.7380906313657762 2.626429273182523 1.7934293527617546 32.843880682686795 -1.5779927587744338 0.9999772310256958 
Car -1.0 -1 0.6981952403493981 0.0 183.50744255308976 234.02494927130653 357.9493786758221 1.5 1.620955255627632 4.05478650033474 -6.238081942515041 1.6185572441759262 7.153992424546696 -0.018917278447423656 0.9999560117721558 
Car -1.0 -1 -1.7746325429798604 696.6335601743738 177.45339068319646 801.1128154884203 257.6738270726882 1.5 1.5109476193785667 3.3163229495286943 2.7871346711240212 1.6089519913058583 15.357128697106369 -1.5950986715641362 0.999906063079834 
Car -1.0 -1 -1.8762015466192383 721.9037592161243 175.9716107578923 953.1985657301478 317.6044068506244 1.5 1.6790252670645713 4.330891978740692 2.7368071116408568 1.5527581807477289 9.930128136446408 -1.6072716350343568 0.9999167919158936 
Car -1.0 -1 0.3968671208326213 220.89061012216686 181.84901188907452 442.2006672335791 251.56033457545863 1.5 1.646723274886608 4.477755215764046 -6.3602795538066585 1.719084510835762 16.64805387631266 0.031935735544885914 0.9998220801353455 
Car -1.0 -1 3.537477118289826 188.84183484331803 182.0921456643728 391.83197000287294 263.2421513740083 1.5 1.533326183259487 3.350258854031563 -6.2808818563699855 1.6938257674277275 14.311767847763177 3.1239246010740818 0.9997441172599792 
Car -1.0 -1 -1.7184601692028822 674.130974790051 178.12631222889055 748.4038099117333 236.1183505036085 1.5 1.5714739009737968 3.7308196097612383 2.788173230451652 1.6666525711106932 20.878465763209757 -1.585702625164066 0.9981997013092041 
Car -1.0 -1 -2.5923317952040446 88.54195113931478 182.46065501954425 346.10109326942836 280.2402513980224 1.5 1.5759047612547874 3.4962984293699266 -6.528392544148715 1.6735626398122818 12.123001647513398 -3.0863129655506953 0.9966532588005066 
Car -1.0 -1 -2.8395161038201433 334.96685193625797 181.52043216156665 477.77870136745435 229.86729394516496 1.5 1.6709991291165351 4.188737508654595 -6.629178082341448 1.7945735145521309 23.598397645930298 -3.113374427953039 0.9913589954376221 
Car -1.0 -1 3.4375028208001077 276.3558824936325 181.81059128934962 431.2006018788713 243.3039095964249 1.5 1.5457407131791114 3.4813059985637667 -6.596118862485793 1.7429412172109653 18.692084574550538 3.098261940475327 0.9471062421798706 
Car -1.0 -1 -1.6231557380265338 637.3379477462782 179.32410530465924 666.5210385439548 205.7958666385497 1.5 1.5650246784090995 3.6069782942533495 2.462437010251614 1.9073014587318555 43.57241654156196 -1.5667021209981782 0.8741139769554138 
Car -1.0 -1 -0.523548537525352 405.8894205611368 180.91742310649875 514.3920708594623 219.2897707040264 1.5 1.6880104809999465 4.320419070124626 -6.448037600217297 1.8714727482306022 31.138529111275904 -0.7277384559300287 0.7592529058456421 
Car -1.0 -1 -0.6940980840860496 329.35017700959645 181.11962439658458 462.6151156273047 239.03344832241865 1.5 1.5167896196246147 3.6102595299482347 -6.223327242057749 1.7647534797463453 21.155684024176317 -0.980195955434118 0.5873316526412964 
