Car -1.0 -1 -1.306720011346957 311.37040576482906 179.5604914512279 500.20327614905284 308.71278027705205 1.5 1.5884016200900077 4.1956211000680925 -2.8085556602599477 1.6193838583339106 10.699410533373248 -1.5634248788144929 0.9999970197677612 
Car -1.0 -1 -1.6027507485965344 586.8754752631893 179.87634133930095 613.2786226865876 204.6369390195864 1.5 1.58251044601202 3.7496740490198137 -0.7072085946480766 1.973494247528884 46.70149931436459 -1.6178927580502374 0.9999061822891235 
Cyclist -1.0 -1 -2.5555392166651147 688.4608455045847 182.17409949701894 761.1666290700214 246.82540427813774 1.4 0.4818880490958691 1.6566690549254417 2.5683132150310604 1.623947365828688 16.57058508568624 -2.4017704288151602 0.9997895359992981 
Pedestrian -1.0 -1 2.9792708986878385 691.487286649392 167.01070795353883 708.3247730047335 236.93873667655117 1.8 0.39662067107856275 0.37457398399710656 2.2892919017726974 1.6499470989446952 18.77599638864881 3.1005985617598117 0.9998714923858643 
Pedestrian -1.0 -1 2.3440177635999087 669.9699854159355 167.84072579892197 691.3237230470363 234.41884352701507 1.8 0.4187339011579752 0.4057975046336651 1.8903008073451688 1.6648193913483205 19.79557398259155 2.439220178123337 0.9978510141372681 
Car -1.0 -1 2.222425901494345 0.0 183.80040399442703 168.60985779374744 258.5779552738864 1.5 1.6137991592288017 3.673040729761124 -12.325238369279864 1.7843810103360358 16.86607261991204 1.591345298286301 0.9965190887451172 
Pedestrian -1.0 -1 0.18139303572612042 377.8002294564765 169.7240836799315 390.61095450738804 243.32387873000263 1.8 0.3617393344640732 0.24200948216021062 -5.630247592938835 1.7238107519349206 17.838086620211868 -0.12434144417313166 0.9789730906486511 
Cyclist -1.0 -1 -3.141677022315511 691.9404736693909 182.2891037450495 770.0957888289138 246.03290435287252 1.4 0.6296289645135402 1.7218407735228538 2.6970617050587866 1.6210929364381421 16.427628548851317 -2.978950337567602 0.9582343697547913 
Cyclist -1.0 -1 -2.7688222069735433 687.2745124105451 181.98069719101326 740.8982289852208 236.7264755961461 1.4 0.4770368829369545 1.326729965209961 2.7118765202006263 1.6495008044562414 19.160418988719 -2.6282207528736934 0.9440039396286011 
Pedestrian -1.0 -1 1.3518357125432643 670.1423689680499 167.98804595388702 690.2635908529307 233.74700100263738 1.8 0.45530936010181905 0.5076041936874389 1.898164590746546 1.667163530921138 20.027788960995373 1.4463299949977058 0.9345529675483704 
Pedestrian -1.0 -1 3.0042961340301373 696.654870272306 166.5967518716524 718.6688363539279 238.38827386031346 1.8 0.4078197319060564 0.500894945859909 2.4246583396697794 1.6434723597403815 18.293369215921143 3.13607107400499 0.9604547619819641 
