Car -1.0 -1 -1.7835845573014868 694.8624958602102 177.37743227586597 806.7508412300257 261.8953775104655 1.5 1.5362101167440414 3.2791713744401934 2.6821970577406296 1.6026063822980223 14.643972373751936 -1.6024320172753674 0.9999842643737793 
Car -1.0 -1 0.43129935427886523 139.58784553330094 182.08505282331205 408.86818602439854 269.99762435052963 1.5 1.666712437570095 4.198827457427979 -6.097747815863231 1.6815452786504923 13.321977564620733 0.0020432909342902087 0.9999812841415405 
Car -1.0 -1 0.2245123680479075 368.4369212484057 181.30318743214877 492.9241581380131 229.30856209804165 1.5 1.569724690914154 3.703965109586716 -5.852862019446833 1.7869016732576852 23.64907104793039 -0.018100694814000805 0.999914288520813 
Car -1.0 -1 -1.65879325270996 656.0464203147251 178.74591795129027 703.7683589238898 220.17378463995507 1.5 1.5514616414904594 3.524189677834511 2.650034825698219 1.7466330316686673 28.39067643582392 -1.5657212008398516 0.9998527765274048 
Car -1.0 -1 -2.0768888625726962 799.8265512060499 173.36458533291275 1241.0 374.0 1.5 1.6050166010856628 3.9785972356796266 2.7707071884189793 1.5056490619709852 5.457403153938337 -1.6071026335146767 0.9998273253440857 
Car -1.0 -1 0.11873650457985849 457.9148622855389 181.0646612195912 534.2610331922195 205.85268230886683 1.5 1.7327651873230934 4.556200143694878 -7.124697108961004 2.026026043219942 45.240916085392335 -0.037464098134313305 0.9993683695793152 
Car -1.0 -1 3.441891535446943 261.22693577326936 181.8808701575436 423.0054891363856 245.009587566425 1.5 1.5797941505908966 3.5328059017658235 -6.73611871863419 1.7400713699915973 18.276020211540313 3.0887639403303684 0.999006450176239 
Car -1.0 -1 0.374581580734352 231.31103402797427 181.8506726558466 428.00600941502904 254.7472306958769 1.5 1.577918653190136 3.7069907903671266 -6.1014886367437935 1.7079487261648376 15.844247771854086 0.006992860636438647 0.9980908036231995 
Car -1.0 -1 -2.815951036197002 304.41811026492985 181.8235081833842 433.6278159699996 235.97188788060637 1.5 1.572882805764675 3.24204997420311 -7.005388956046397 1.7718189255175685 21.04118867811158 -3.137344793477331 0.8800610303878784 
Car -1.0 -1 0.24855632160069138 389.1289999098201 181.18067441037238 510.25320202671713 224.96657146203054 1.5 1.6000476226210594 3.974306446313858 -5.7376688271105225 1.8092441522900937 25.903033785136987 0.030570312342371262 0.7539894580841064 
