Car -1.0 -1 -1.7499781959604448 703.5622155951836 178.28300013713707 756.584999922313 218.36237137179606 1.5 1.5287526443600654 3.345262122154236 4.7474076770143085 1.7323487820353571 29.14396787736883 -1.588501443215881 0.9999639987945557 
Car -1.0 -1 1.720775080584506 419.9503191463321 179.46331572633386 542.8301701159617 276.8274862200119 1.5 1.630653490126133 4.105161738395691 -2.27538455603578 1.6426102281708304 13.460400228331784 1.5533153255793708 0.9999628067016602 
Car -1.0 -1 1.6614863550861807 555.3784194704482 179.9470903272974 593.066092032643 213.23342045461916 1.5 1.5182843923568725 3.521278363466263 -1.7322013950860966 1.862702215477415 35.06589175137956 1.612128007408005 0.9999455213546753 
Car -1.0 -1 -1.779933647667136 732.7993334678991 177.18897437640987 837.3575357818587 248.63205760318104 1.5 1.5974659964442253 4.124841329455376 4.041284523524658 1.6178396094192662 17.47502880930142 -1.5526683861997468 0.9999008178710938 
Car -1.0 -1 -1.751341682577705 723.1170048921678 177.7644032578608 794.2413922547308 230.82890856387712 1.5 1.5503032624721527 3.4792574614286425 4.49825392817356 1.6652241377069836 22.470240479679582 -1.5537661547448975 0.9998760223388672 
Car -1.0 -1 1.6919486602471419 482.83851468588165 179.76455532438956 559.3189117480622 244.20357136563297 1.5 1.5491769209504127 3.884795543551445 -2.306029997129344 1.702439219856608 19.153341087616084 1.5721270918806614 0.9998563528060913 
Car -1.0 -1 1.227947767721877 790.7688879274452 175.70753474946062 990.2062613941752 293.7222108808592 1.5 1.5347002565860748 4.119587552547455 4.067293903922718 1.553324525109578 11.329077730131125 1.5726299166639865 0.9997689127922058 
Car -1.0 -1 -2.4839659104796317 866.840412218885 170.4019832302733 1241.0 374.0 1.5 1.6174372777342796 3.450591352581978 3.373732454605596 1.4909204765332633 4.657798227755154 -1.8571041385319573 0.9956383109092712 
Car -1.0 -1 2.411748907720262 0.0 178.5857109496212 243.63411584600166 374.0 1.5 1.5486559391021728 3.580635276436806 -2.9207935417678574 1.5340840655585393 2.4252290894264417 1.5339171131465095 0.995497465133667 
Pedestrian -1.0 -1 1.4415809262209758 936.3870445671714 122.23874046169627 1103.1144905137426 374.0 1.8 0.8569134891033172 0.7859161615371704 2.606679014863121 1.5004439286956333 4.793632814069815 1.9396357417067112 0.972881019115448 
Car -1.0 -1 -1.6927466891961613 690.744806871521 178.56099787609446 733.3955672763706 212.96408627938845 1.5 1.5546734005212783 3.4878725677728655 4.690068169194992 1.7815752203037283 33.79556848730136 -1.5548498416927201 0.9714494943618774 
