Car -1.0 -1 1.8945040521473142 301.1222246907492 182.0125360378457 376.9507003815391 225.23019683367045 1.5 1.5845673650503158 3.876301881670952 -10.394274010743553 1.8786481438177396 27.83641748050171 1.537131949267115 0.9999926090240479 
Car -1.0 -1 -1.614054789959087 596.5099138467398 178.90064038249628 661.5067395068065 239.40728828891042 1.5 1.6284013658761978 3.462902691960335 0.4017828542541558 1.6825169486745952 19.984227649015853 -1.5939525003221375 0.9999922513961792 
Car -1.0 -1 2.016892027024723 201.39696473008192 182.2918712025379 326.30500761236675 239.90523351222427 1.5 1.6257036969065666 4.425903272628784 -10.279137563019608 1.8135564771214554 21.725387691191724 1.5749628424604953 0.9999852180480957 
Car -1.0 -1 1.840360951797345 397.05174811033993 180.93160232435648 473.86604615629 228.68407488539302 1.5 1.6057493656873703 4.037476566433907 -6.083218438711012 1.8076298361141852 25.399331772075662 1.6052858710249485 0.9999854564666748 
Car -1.0 -1 -1.1410490401935673 803.4306869966196 175.27825901778382 1023.1672341103339 293.64681217340654 1.5 1.636335489153862 3.9111121118068697 4.739767216635155 1.5442567723943876 11.1412452438377 -0.7388182441380365 0.9999269247055054 
Car -1.0 -1 -0.995881654354094 677.3422906825796 178.31098709339915 761.2556370715487 219.7143575511969 1.5 1.5537843599915504 3.6312943816185 4.325046552456379 1.730138831126839 28.50564481727087 -0.8453041474011285 0.9998067021369934 
Car -1.0 -1 2.2735004941934345 4.491233026554096 184.2865542551986 146.0264981078365 244.00327206071466 1.5 1.4973138019442558 3.2024527460336687 -15.017163117780255 1.8497685105796784 20.400960584273662 1.6389543890913547 0.9997486472129822 
Car -1.0 -1 -0.9922451334388105 707.2688244918826 177.64636138254443 817.37293256896 232.1427724650292 1.5 1.546483163535595 3.6433646947145464 4.657699427756967 1.658766133011202 22.013551817269754 -0.7837370196965081 0.9995999932289124 
Car -1.0 -1 2.362102327582525 0.0 182.70671550150212 137.74208697429128 374.0 1.5 1.6244398921728134 4.0301310390233995 -6.951132941370862 1.6268102447913149 7.222863347682116 1.5958728671034397 0.9991434812545776 
Car -1.0 -1 1.801997352404514 406.53000936776635 181.38943239186497 455.851178276946 211.99113283740908 1.5 1.6403276965022087 4.226632651686669 -9.547635573095867 1.982948272087627 38.67066779364097 1.5599421699854987 0.9984703660011292 
Car -1.0 -1 1.7860644961301537 501.7624528682274 180.5819036405091 541.8517200769463 208.48994217143135 1.5 1.5499914556741714 3.696025398373604 -5.088686389304629 1.9680300557583308 41.750229627661334 1.6647786974867405 0.9829459190368652 
