Car -1.0 -1 -1.2093596982710042 280.9427496807936 181.63687319880108 387.15894616040106 237.2657620549132 1.5 1.620231059193611 4.042987760901451 -8.044507561611915 1.40463029082991 21.402783880876605 -1.5688864701103908 0.9999923706054688 
Car -1.0 -1 -1.5797848462038877 573.8338987146308 179.6277779055324 615.002081732924 216.81456178088982 1.5 1.661846649646759 3.9126048356294634 -0.632490001926956 1.2757317393132999 30.972539414823977 -1.6002030010011536 0.9999812841415405 
Car -1.0 -1 -1.4416500906924707 495.2101443062001 180.24571554394117 544.2924165186622 217.4754665749458 1.5 1.5911903724074363 4.052179169654846 -3.7613047976626404 1.3008888033488988 30.991866332323273 -1.5624236884203297 0.9999725818634033 
Car -1.0 -1 -0.9927473097746125 0.0 181.02406633285096 363.5350583039982 375.0 1.5 1.609148134291172 4.065657269954682 -3.192395445832719 1.4846907244620646 4.851696788432325 -1.5747228633288783 0.9999536275863647 
Car -1.0 -1 -1.357216412412605 411.07338380221603 180.45080653983905 504.32783323423973 244.31305524413418 1.5 1.5914487212896347 3.899325665831566 -3.8527621799785603 1.3892131482483974 18.839711910014046 -1.5589372208949668 0.9999017715454102 
Car -1.0 -1 -0.9692686452026573 0.0 183.8576611501336 163.48621147315288 257.4850885617305 1.5 1.5971413373947143 4.0620340526103975 -12.36573622828767 1.4734641097654475 16.699695936782376 -1.6066469485547883 0.9995951056480408 
Car -1.0 -1 -0.8226023972834844 0.0 184.37541061106924 141.42284172140415 333.265222093339 1.5 1.588786256313324 3.6022162556648256 -7.9319838832088 1.4926656539903203 9.06190589119639 -1.5416083848711593 0.9994674324989319 
Car -1.0 -1 -1.0726668720814143 119.26154328920674 182.62679842035652 282.8983706982977 260.73341843996934 1.5 1.5270229920744895 3.6403729140758516 -8.683343319123706 1.4514126123196531 15.628495688766316 -1.5798067264866573 0.9955071210861206 
Car -1.0 -1 -1.2551687020140019 376.54870432982375 181.1479529545561 446.77875779741765 221.76782495544973 1.5 1.5748311325907707 3.8207712143659593 -7.719025787539315 1.3509185527273837 28.49001838708253 -1.5197545039143903 0.9866748452186584 
Car -1.0 -1 -1.067172444968673 172.40230497039929 182.64349026701365 283.86162819855866 232.02460268967016 1.5 1.5490862101316452 3.942542386054993 -12.47071806577909 1.4229978313720155 23.81951156640541 -1.54948249185947 0.9731166362762451 
