Car -1.0 -1 -1.5569372652983988 590.9868591750864 178.94272761209925 654.8301691801117 238.47079402842343 1.5 1.6425852224230766 3.4662465125322344 0.33516503118321256 1.686473740338048 20.295446083408653 -1.5404244689878566 0.9999977350234985 
Car -1.0 -1 1.9323381237915085 314.6800817389474 181.93090871476278 390.6289222566334 221.67025462564678 1.5 1.627528716623783 4.178022456169129 -10.740107428414294 1.9080503525041805 30.299818730464484 1.5916945815046848 0.9999945163726807 
Car -1.0 -1 2.0384693946108885 220.99941403542394 182.2462244264057 341.07695848395616 234.27224748825768 1.5 1.7613446831703186 4.521783304214478 -10.77107626645392 1.841777662451352 23.928125532202394 1.615496623512131 0.9999868869781494 
Car -1.0 -1 -1.2079559719631834 826.4152424352837 175.1518298788915 1027.2472343438606 293.94277898228995 1.5 1.5799295648932457 3.7574561804533007 4.918200264402638 1.5416472120781384 11.071933455529319 -0.7899322072651728 0.9999500513076782 
Car -1.0 -1 -1.3357620790030351 916.9835313283814 173.12741443990151 1214.4626563896657 374.0 1.5 1.6087055698037147 3.817979481816292 4.599834533604279 1.5037798047058852 7.127328052502989 -0.7626415650036675 0.9997937083244324 
Car -1.0 -1 -0.9584450400874918 679.4537246877993 178.0385270765201 785.4669313638587 225.68957015413105 1.5 1.6299659878015518 4.015987229347229 4.2862498176215285 1.6954243012996772 25.145248761109745 -0.7896081964161736 0.9997857213020325 
Car -1.0 -1 -1.0838375853167932 708.1926052683904 177.0754143692544 861.6733759935664 247.52404211120825 1.5 1.7880784839391708 4.517025735974312 4.41091579050878 1.6185247448981814 17.914175051577566 -0.8424151102688653 0.9997499585151672 
Car -1.0 -1 1.762383900099445 429.3637233759606 180.70101237236133 499.8500571502936 215.87007207016896 1.5 2.1451667442917826 6.8025550365448 -7.065295321011748 1.925637014984511 35.69661027655446 1.566983147463526 0.9992668032646179 
Car -1.0 -1 -1.584993564430551 1233.5633426880934 155.29847499098912 1241.0 374.0 1.5 1.6013090059161186 3.962315854430199 4.297831418373168 1.4663616626218858 3.2422426602732175 -0.6605022708561761 0.9983635544776917 
Car -1.0 -1 1.7831955881841057 379.37169995956947 181.66984197192807 427.09205547336 213.3289474871634 1.5 1.5899604678153991 3.8682571172714235 -10.652597375185787 1.9799801591544255 37.269883483755265 1.50479523738357 0.9836697578430176 
Car -1.0 -1 2.1433874755860343 236.08799944525094 182.92641798435815 308.20697831426247 219.69348980774905 1.5 1.4067356035113334 3.1660845994949343 -14.955873429309827 1.9704546758277126 32.00910597187441 1.7062911868055881 0.9463343620300293 
