Car -1.0 -1 0.40904275136780766 168.42213579720035 182.0257592054936 421.65994884903574 262.3845126098039 1.5 1.6559230655431747 4.365472730994225 -6.233096333813881 1.6951857466557618 14.490177176106938 0.0028095682475226306 0.9999721050262451 
Car -1.0 -1 -0.7553760722022658 1018.3219464142488 170.08703164496615 1241.0 373.30977616581566 1.5 1.6287487491965293 4.003963109850884 5.894110888481432 1.4799347289393934 6.1542071660789555 0.008437677225794115 0.9995212554931641 
Car -1.0 -1 -1.7684646682630025 662.6115556607926 178.15619527469525 744.9961995485207 237.38964035726676 1.5 1.566111159324646 3.9472690343856813 2.529991463510938 1.6670898504126463 20.65934803219517 -1.6466090987112862 0.9993164539337158 
Car -1.0 -1 0.24580565177849475 329.0623697675315 181.47099205273042 477.26806326187796 234.2638752717996 1.5 1.607544955611229 4.004059222340584 -6.163920321390388 1.7692691994929002 21.64775316329355 -0.03159041801956721 0.9992303848266602 
Car -1.0 -1 -1.6734445461209946 629.9578260597892 179.42537748809286 660.2356701110634 203.31586470379938 1.5 1.6235441461205482 3.9812474071979524 2.285846805000513 1.9601587101413789 48.45085103353502 -1.6263008313861234 0.9983049631118774 
Car -1.0 -1 3.6939483052752684 0.0 183.3958170072732 218.83176110320832 335.5570927394299 1.5 1.6024761393666267 3.699564051628113 -6.846663690780311 1.6369862959004644 8.302009516005072 3.0043270468672336 0.9981948733329773 
Car -1.0 -1 1.7214701504029373 554.025563103651 180.16766860974215 585.7848683383029 205.95675494850585 1.5 1.4739636823534965 3.3994826048612596 -2.4823700462343843 1.9716040380191402 44.726446581983275 1.6660258650740207 0.9844143390655518 
Car -1.0 -1 0.21768237364690443 386.89156457464253 181.25635035075885 508.3690859539651 223.07757128194112 1.5 1.5717758357524871 4.193005946278572 -6.050217004750717 1.823873125423831 26.98670341317425 -0.0028633634236199476 0.8828467726707458 
Car -1.0 -1 -1.6856048628589058 651.7788155789947 178.7708284541725 701.9321866032174 218.6596586763595 1.5 1.595824447274208 3.991869327425957 2.6459868869672682 1.7608265064885 29.7444927170483 -1.5968812024828536 0.870786726474762 
Car -1.0 -1 -2.247968598699433 0.0 184.02186041780445 129.7738513125425 374.0 1.5 1.480642382800579 3.5566149771213533 -6.3755902800507505 1.6095664474668891 6.154847351301663 -3.0509814778950557 0.639740526676178 
