Car -1.0 -1 -1.9282637677455423 769.55315600798 175.38888456375554 1021.9326361769832 327.1883099793724 1.5 1.5896061927080154 3.9367346584796907 3.2389528714662212 1.539568227867672 9.175763899325965 -1.58892774122325 0.9999960660934448 
Car -1.0 -1 -1.8032632760408376 717.7989381191165 177.0327086004967 844.9974624373332 263.3777711397734 1.5 1.6030781462788581 3.958321225643158 3.2716825486677563 1.5971155522978355 14.714470084159199 -1.5844777413320286 0.9999887943267822 
Car -1.0 -1 1.9894149258822325 239.9573934597493 181.09479749505056 405.6346211395308 267.6240000942095 1.5 1.6246840849518775 4.161587965488434 -5.799620839327283 1.6962264691619504 15.027872336770217 1.6211013674696506 0.9999922513961792 
Car -1.0 -1 1.8433266495480671 364.9515746520427 180.94106787551 456.97707898032235 239.55833696320852 1.5 1.5761040642857551 3.900980067253113 -5.7046369000925985 1.7571931106513916 20.9566313320662 1.5775546908339084 0.9997963309288025 
Car -1.0 -1 1.3805063913814182 678.0216446684077 178.29840922641256 744.1419532093179 226.87561494199986 1.5 1.5591800704598426 3.573497247695923 3.3100899856097437 1.699146230203482 24.51469358780712 1.5147194107386726 0.999722421169281 
Car -1.0 -1 -1.7412565868378704 663.8925786311887 178.64910988554615 718.6184058253937 217.60357170097902 1.5 1.6342394545674324 3.91445332467556 3.308250456351874 1.7604884543580295 30.38152239045648 -1.6327937106278283 0.9996500015258789 
Car -1.0 -1 2.4546068024627696 993.5498502683548 173.2115493284494 1241.0 280.6086601634412 1.5 1.6047394394874572 3.9574692517519 8.173678881996608 1.506240831848781 10.97497952717692 3.094743120666367 0.9986238479614258 
Car -1.0 -1 2.270909754461655 0.0 181.7896133743977 230.4618480584766 374.0 1.5 1.6165500998497009 4.1148754328489305 -5.9430234289360495 1.6191199411143833 7.50605168508581 1.6012108206709446 0.9982947707176208 
Car -1.0 -1 1.8624243592992524 442.5469110847333 180.69602566548235 509.99956218959926 220.58016765967963 1.5 1.6415022805333137 4.156022009253502 -5.535028663849023 1.8513556589321034 30.1367098934604 1.6807846903761448 0.9980436563491821 
Car -1.0 -1 1.6415351548057964 506.6272807051222 180.6449232087058 535.972368194121 206.42759045312403 1.5 1.5613142892718315 3.691467133164406 -5.52598481941586 2.0065870178328264 44.99703100589174 1.5193392475459235 0.9963033199310303 
Car -1.0 -1 2.2682585981764545 1177.4358568436228 169.80136732122 1241.0 319.28404265162106 1.5 1.632109147310257 3.736746919155121 8.82671790052729 1.4697259166667471 8.141599455478483 3.094011175628525 0.9545300006866455 
Car -1.0 -1 -1.3166404296501586 1241.0 160.70020833264704 1241.0 273.5838003856117 1.5 1.6871244207024574 4.251137611269951 23.821932225809658 1.338857986998979 10.77745508114164 -0.17070646683243343 0.6771456599235535 
