Car -1.0 -1 0.3182308112803305 330.44640586463044 181.3485478751742 484.37706561316327 238.51587791001592 1.5 1.5643101677298545 3.8229940950870516 -5.6056061324593545 1.7467362691404456 20.056305745562145 0.045691891512598316 0.9999818801879883 
Car -1.0 -1 0.5059989705162009 0.0 182.55164540918238 338.39172239506274 303.2532665364321 1.5 1.6038235768675804 3.931277108192444 -6.0766542268142745 1.6464607478004678 9.986716161202509 -0.040627912678991046 0.999976396560669 
Car -1.0 -1 0.65638866212794 0.0 183.27688893195085 257.4558169196769 351.3237706611998 1.5 1.6247855991125106 4.118670386075974 -6.14843910587333 1.620505636890385 7.431002576987374 -0.03483994404343196 0.9999678134918213 
Car -1.0 -1 3.535227297289716 177.64849533971437 182.29037516416204 374.82219176634766 259.27159664375256 1.5 1.5548622727394104 3.4110045552253725 -6.922575943446536 1.708853051067828 15.100865760587912 3.105391371246201 0.9999499320983887 
Car -1.0 -1 0.34283580406012093 353.2255125540021 181.38988295944918 474.7732880554636 232.41601048824722 1.5 1.5847430124878883 3.3078985780477526 -6.085309269945553 1.77665955174587 22.434252271588058 0.07795850833388737 0.9999431371688843 
Car -1.0 -1 3.5815278323350745 83.90881562174263 182.5499287210254 337.6535500965357 277.51368991423163 1.5 1.591559362411499 3.4960104644298555 -6.7982561637228756 1.6800937040022985 12.475076782445747 3.0825723290403904 0.9999309778213501 
Car -1.0 -1 0.13729534537816976 442.14118224625105 181.10523520684944 527.4297437489413 209.68027710041127 1.5 1.7307989791035652 4.3887997537851335 -6.810439304306524 1.9611884704752713 39.35545428285661 -0.03405709663895198 0.9998929500579834 
Car -1.0 -1 -1.7322369043748846 666.4501475300265 178.31690065490693 734.6946729390471 231.84861047852647 1.5 1.5302425742149353 3.549959746003151 2.682319950164354 1.6835651240915825 22.389521683519597 -1.6130027110364777 0.9997519850730896 
Car -1.0 -1 -1.9379472483939881 742.7831834997534 175.59399862008422 985.8977868313076 331.82110241298597 1.5 1.5556993454694747 3.455459561944008 2.75218972570669 1.5403684452956568 8.760334207859417 -1.6335463012245042 0.9995964169502258 
Car -1.0 -1 0.3355158613062674 288.72077417102395 181.56331787109085 460.32074170137633 245.89116866015547 1.5 1.535891231894493 3.739536789059639 -5.788837981606686 1.7256088093426647 17.849816527602556 0.021909995875086106 0.9992695450782776 
Car -1.0 -1 0.35198603969809117 368.3095502687843 181.26953069675815 497.3141176305311 227.36363485626418 1.5 1.591523040831089 4.015444827079773 -6.0999286910661965 1.802188694656815 24.861881294279303 0.1113861044261115 0.9646915197372437 
Car -1.0 -1 3.3102461121596267 408.1809049232747 181.2081154955592 508.5037050066563 219.13420853564338 1.5 1.5642719835042953 3.84295569062233 -6.23914743685406 1.8549139793422476 29.765462924944 3.103627192970139 0.8919541239738464 
Car -1.0 -1 -0.25959035360647253 715.5686191813021 177.9825006008129 822.749021182106 218.96769212794896 1.5 1.6519450142979621 3.692181643843651 5.977856831987714 1.7026041861363281 27.54192019936825 -0.045859650769506176 0.8640381693840027 
