Cyclist -1.0 -1 -0.8539828097093642 509.2891695940992 179.5868141901607 544.1475582922836 210.10500887864345 1.4 0.7076100006699562 1.6757326692342758 -3.6948285094705513 1.359565333721252 33.32051378998717 -0.964419142403875 0.9999290704727173 
Cyclist -1.0 -1 1.996504606541733 226.16538175379415 189.6864132685906 395.0232056986476 369.0 1.4 0.592648845911026 1.7525777712464332 -2.350311628175244 1.488127183351314 5.7602077250825605 1.6090988993605198 0.999685525894165 
Cyclist -1.0 -1 -1.7205101005496553 777.1562768148813 178.00818944027515 814.3480065693795 242.99830508215032 1.4 0.5537527173757553 1.7693108439445495 4.29114932878846 1.347939906895832 16.13583055536524 -1.460587033131395 0.9996427297592163 
Pedestrian -1.0 -1 -0.014102592722050625 555.9416485492151 170.31310646905428 575.9063485290005 210.06616731708692 1.8 0.754380927234888 0.9021348811686039 -1.8150879264989348 1.3402032245282673 32.41771170955169 -0.0700348178532464 0.999603807926178 
Pedestrian -1.0 -1 0.15339127153089024 465.7139515963312 169.86966008282323 487.18938956032116 218.83498876448562 1.8 0.74591129347682 0.6836696088314056 -4.815395788652469 1.4107384937589265 26.36877657249577 -0.027235702672277172 0.9991868138313293 
Pedestrian -1.0 -1 3.213869477759274 495.135360017222 169.55766228123812 518.0099109755175 218.06240994866337 1.8 0.7062940418720245 0.8054757051169872 -3.725156465867588 1.3954473473148687 26.612696918183893 3.0747964262922824 0.9991173148155212 
Cyclist -1.0 -1 -0.25779496214519937 528.6473894440184 179.42548443260264 557.8780864663529 210.22259947576546 1.4 0.6080450981855392 1.2293451957404613 -2.869328414398528 1.3526136220573117 32.63086215030355 -0.34550233284500664 0.9999228715896606 
Pedestrian -1.0 -1 3.513832790023056 33.4511909954334 171.9922684766944 81.43821849309961 240.34762079137283 1.8 0.7492446832358837 0.808672097325325 -14.805329752271597 1.577552271005362 19.08762458946993 2.8541163086851657 0.9953398704528809 
Pedestrian -1.0 -1 2.9874695458730756 34.23476062700637 172.45886223197402 75.00849537590702 238.4304233553648 1.8 0.7230942629277706 0.8002914048731327 -15.469928053187834 1.5821815985002512 19.825683579638614 2.324858415122849 0.9542563557624817 
Pedestrian -1.0 -1 0.10736016432908577 482.51520391415085 169.68332124028004 502.48947676923643 218.53143649898155 1.8 0.6832027368247509 0.6689368307590484 -4.223509089145833 1.4029338342986684 26.407300201234566 -0.0512338439610345 0.8251316547393799 
Pedestrian -1.0 -1 2.823562729875532 49.94064043026324 172.20125252056195 92.45997601305166 238.36485171346212 1.8 0.6785586036741733 0.7741862468421459 -14.939266636362602 1.5758105721040003 19.741854143678 2.1757678866346897 0.6849388480186462 
Pedestrian -1.0 -1 1.2683160004589469 481.1459839558457 169.91645580878955 504.8734777907044 217.29147017510772 1.8 0.6342211298644542 1.017506842315197 -4.379614712869924 1.3993904222386206 27.455842624377286 1.1101338108393806 0.6605647206306458 
