Car -1.0 -1 2.0268709463983914 219.20111377362463 182.40149514024313 327.4738380431886 235.93303361638928 1.5 1.5725194036960601 3.8298966854810716 -10.560495732423094 1.8281497429865414 22.837165925780248 1.5937318682631076 0.999995231628418 
Car -1.0 -1 -1.5949523205117626 588.2931611139882 178.97892544371632 652.4774745559657 239.02160525875027 1.5 1.6372927024960517 3.526851770281792 0.19085490942884048 1.6865859500747853 20.16032234940786 -1.5854857452821476 0.9999926090240479 
Car -1.0 -1 2.059958959948584 354.7878715642668 181.57504244330167 433.1868375674252 218.0904627067167 1.5 1.6140928983688354 4.263388228416443 -9.803575054073033 1.9259727613814157 32.96106226804597 1.7708625674208225 0.9999885559082031 
Car -1.0 -1 2.4443434165677114 0.0 185.54750950134374 0.0 270.46432146254193 1.5 1.5252545967698097 3.23359691798687 -15.006187087709986 1.7923592236652015 14.919635417201217 1.6560530543287815 0.999920129776001 
Car -1.0 -1 1.7439454714287743 522.9785766277205 180.41604649107143 559.9232387360105 205.63422118199637 1.5 1.6690560176968574 4.176108774542809 -4.383643339374382 2.008661264749988 46.35007889343683 1.6496491312941135 0.9997771382331848 
Car -1.0 -1 1.9068039104471057 414.0240395545829 180.86390946709403 489.97777849222246 224.15030126617546 1.5 1.6252097234129905 4.028756406903267 -6.047528845473577 1.8331378252150548 27.875785956712935 1.6931688666304172 0.9994847774505615 
Car -1.0 -1 2.141579573966408 33.70897692394024 181.7951481087659 300.628428723545 305.167338827314 1.5 1.5841933459043502 3.886682775616646 -6.470776373026992 1.6615256012970865 11.02963752409087 1.6110179305037082 0.9994519352912903 
Car -1.0 -1 -1.0879747540514952 738.5735981311514 176.9533452883412 867.874201838792 249.80433666605535 1.5 1.513361793756485 3.3770239472389223 4.516648880632483 1.6058149243486395 16.805078371920906 -0.8254125873234612 0.9994446635246277 
Car -1.0 -1 1.9545781415363588 460.2922947330057 180.9379637734709 511.3463604215033 206.60108524724762 1.5 1.67604950517416 4.410822552442551 -7.874661227207032 2.041610391457184 45.97387699429872 1.7849388003309787 0.9993403553962708 
Car -1.0 -1 -1.4079413395077087 1006.8940393132317 170.5531027070155 1241.0 374.0 1.5 1.6210277125239372 3.8916031390428545 4.7423322079812396 1.4880064740676786 5.762300665869783 -0.7193367640164239 0.999077558517456 
Car -1.0 -1 2.174733302379579 35.97631854365777 183.00589745603256 232.89834188506725 261.56123101382525 1.5 1.611800354719162 4.232196000218392 -10.620537448726271 1.7622128613246484 16.468215027258573 1.6019437193831028 0.9988693594932556 
Car -1.0 -1 -0.986979457709877 687.0225751193086 177.90702443373362 793.4192725684657 229.29165242481886 1.5 1.565738071501255 3.7742896497249605 4.2278606507012295 1.6771692555018491 23.339749619640948 -0.8077784339573725 0.9984279870986938 
Car -1.0 -1 1.6856114501622814 280.15085854754085 182.50957455246524 326.0637629986254 219.79859740894403 1.5 1.4498517408967018 3.8571274399757387 -13.646613112271407 1.958002066644517 32.14106153782861 1.2840923508021491 0.52266526222229 
