Car -1.0 -1 1.870961542165946 310.38861168504303 179.90935145983445 492.0962529401163 288.28083287100714 1.5 1.7440829917788505 4.406021025776863 -3.3981574829555785 1.6445061536412147 12.506962327966457 1.6056647181471408 0.9999943971633911 
Car -1.0 -1 -1.8948674909585534 781.5846438966096 175.03841905210282 1053.964540347511 349.2337976885975 1.5 1.574481327831745 3.8237238794565203 3.07707394171412 1.531051088347694 8.19730204947319 -1.5357668446984631 0.9999867677688599 
Car -1.0 -1 2.082998872772944 0.0 179.8222877213282 403.6587440402482 374.0 1.5 1.5696708604693412 3.986916181445122 -3.4650738528938305 1.5866180220546218 6.901097078425285 1.6176688551863254 0.9999781847000122 
Car -1.0 -1 1.770797571754579 428.2962860725739 180.0359905666221 525.5844774448567 250.05533617970255 1.5 1.5851950764656066 4.0749894946813585 -3.219886037395128 1.6993140158128301 17.930684544855513 1.5931172251661838 0.9999750852584839 
Car -1.0 -1 2.0493275683497996 945.3583525138287 174.75736837637254 1109.6103572281645 252.05888871792004 1.5 1.5477985635399818 3.7568899363279344 9.101245739850121 1.5462816215941144 15.74325476133962 2.5734917998274387 0.9993879795074463 
Car -1.0 -1 2.7683979629079722 800.5580345092454 176.7263201892205 951.1100162230645 229.13623526803292 1.5 1.6418086856603622 3.907766428589821 7.849190792355268 1.6212154239124899 21.646773218308777 3.1162562251051487 0.9993083477020264 
Car -1.0 -1 1.8918143306450448 1142.082885777641 171.55499754036938 1241.0 302.5399695359778 1.5 1.5430834636092186 3.6235010743141176 8.991623997617861 1.4854821019362725 9.815689614384846 2.633424270149094 0.9992020726203918 
Car -1.0 -1 -2.4755702030779236 990.0400162330249 42.553748561481704 1241.0 374.0 1.5 1.6470246508717536 4.052818801999092 2.9612462368805854 1.4697212084910172 2.212724102025809 -1.546498109647308 0.9983672499656677 
Car -1.0 -1 2.2115302630594 890.6818812794447 175.55092475486322 1040.0280014351586 240.1041528597525 1.5 1.5536554649472236 3.641769525408745 9.035406593605325 1.5748795549626635 18.412709384782698 2.6677229285200657 0.9978190660476685 
Car -1.0 -1 1.7420374277625343 476.0250580254729 180.0230717825803 550.6844076084988 232.51600358674847 1.5 1.6741524010896682 4.381791737675667 -3.074835743490235 1.7554292291271103 23.44590498763651 1.6116356730421604 0.9905410408973694 
Car -1.0 -1 1.946512377020923 1034.1076306061245 173.49653843904125 1236.83033993267 270.8488225526782 1.5 1.6116520881652832 3.873770546913147 9.362615408627606 1.5133387341270341 12.85574201367512 2.575968968864304 0.958880603313446 
