Car -1.0 -1 -1.8473597162263204 736.4007941268494 176.34893062302032 905.2766597784066 291.6432582283573 1.5 1.5467603251338005 3.6139822125434877 3.0431888431094847 1.5639678693730161 11.31224328979265 -1.5845640618961794 0.9999909400939941 
Pedestrian -1.0 -1 -1.8197341318670193 759.920235515622 166.9471868494632 790.6911270649132 232.91561027300193 1.8 0.694977168738842 0.6370998479425907 4.5313203469120005 1.6391858064512872 20.012541751370108 -1.5970646916565043 0.9999852180480957 
Car -1.0 -1 -1.7860041715884742 692.7914099426014 177.45520484237838 803.0995955140341 256.3878024583382 1.5 1.579449002444744 3.7062595158815386 2.8336853500256205 1.6131949360722067 15.81010688334954 -1.6086547235634667 0.9999352693557739 
Car -1.0 -1 -1.7074906863691406 656.826620141563 178.73045917726145 707.8575420792644 218.96912683210027 1.5 1.5618939444422721 3.6761565625667574 2.832956576757447 1.7542901815936995 29.308130665590138 -1.6111289421704156 0.999891996383667 
Car -1.0 -1 0.21712677341814943 398.8847464464866 181.8050468963916 461.99864974886583 204.4678435237783 1.5 1.6269239157438278 3.9278930544853212 -12.261957884262836 2.1227619363928296 49.30336294003093 -0.02663202682999202 0.9998373985290527 
Car -1.0 -1 1.6215226477166063 518.5379166741309 180.16150678829842 560.5130670742968 218.06590888554388 1.5 1.618151043355465 3.823831167817116 -3.036548576895665 1.8365845199728286 31.248832279278822 1.5246535976740974 0.9914295077323914 
Car -1.0 -1 -1.756296157328861 680.2102559365266 178.1135463449977 750.7253306092146 238.1024837582669 1.5 1.3874833032488822 2.8832460314035417 2.7735056671382607 1.65521321509493 19.76922313430505 -1.6169117661800725 0.991137683391571 
Car -1.0 -1 -2.7577160443618434 0.0 0.0 1241.0 374.0 1.5 1.5543176352977752 3.484681111574173 2.826142391782591 1.4598902635603157 1.135631286603275 -1.5690034430616093 0.977988600730896 
Car -1.0 -1 -1.6393494969515914 638.5584848227145 179.31392392070458 668.3467834933501 205.24694665755786 1.5 1.5765568733215332 3.709291157126427 2.610618789915024 1.9156637922551714 44.522223746550964 -1.580780252875064 0.8660532236099243 
Car -1.0 -1 -1.6872596956228616 645.5875710307073 179.00887014617172 687.0314350076924 213.16761666774016 1.5 1.5296532332897186 3.7021035820245745 2.5812471554192125 1.8085070233421814 34.240713423103614 -1.6120166937497002 0.5687971711158752 
Pedestrian -1.0 -1 -1.8579339650237972 768.1876742199397 167.00085335290888 794.7354288912073 232.2644552637048 1.8 0.5784371428191661 0.5912362158298492 4.750355121545663 1.6389253569630298 20.209009862769665 -1.6270639608290536 0.5478987097740173 
