Car -1.0 -1 3.4123985046880776 312.27661801652783 181.54831892796838 463.3772548058161 238.6644545514235 1.5 1.6078003242611885 3.720441696047783 -6.135389928031088 1.7523503974249535 20.057946602724403 3.1155530095060886 0.9999083280563354 
Car -1.0 -1 -0.3104968095861169 783.7932301353318 176.53759547007508 971.4674207475654 241.17911720658395 1.5 1.6577236846089363 4.009464246034622 6.4165526598388585 1.5955636886977764 17.744624876976612 0.036479278406824384 0.9998458623886108 
Car -1.0 -1 0.6367044801908184 0.0 183.074030907913 279.2546850872437 333.769288846865 1.5 1.547233809530735 3.808875244855881 -6.012589690921882 1.6257099066142482 8.066209102679624 -0.0038491050389153573 0.9998242259025574 
Car -1.0 -1 0.4254041252762726 205.30047933352313 181.83251319870445 431.74675019545367 259.13968143486034 1.5 1.6242143258452415 4.093989220261574 -6.0429655442831205 1.699660542445884 15.110457977714828 0.04496721824141912 0.9998108744621277 
Car -1.0 -1 -1.8064813865989862 718.4095869002971 176.81873498541816 855.7129489182252 278.09213510461 1.5 1.5162580206990242 3.387958046793938 2.8603890335800886 1.5785208492498881 12.519783485386904 -1.5818670606848342 0.9997449517250061 
Car -1.0 -1 0.3471338715038812 136.46440255806812 182.05341236156923 381.7553584209642 275.9273560441303 1.5 1.5948763608932495 3.5466863334178926 -6.057315048265703 1.6744505661837785 12.684084187149534 -0.09839494625595636 0.9996719360351562 
Cyclist -1.0 -1 1.593548433932096 562.0610084912671 181.92756576534458 572.1199247821869 205.12419381418272 1.4 0.5913981728255748 1.6440662115812301 -2.7045256439761225 1.9771070013493437 45.02838207398998 1.5335578163478034 0.9996873140335083 
Car -1.0 -1 3.4947525566297517 245.18839644080145 182.01839849409865 410.6256835430437 247.40178539456736 1.5 1.53210801333189 3.434974563121796 -6.827969276519864 1.7336581299443479 17.56962105816782 3.124091732498032 0.9995265007019043 
Car -1.0 -1 0.41431191253074284 140.04298956067495 181.9710584866002 393.6673566271573 280.46983782940595 1.5 1.5854094669222831 3.456063058972359 -5.601135781892067 1.6621897306647262 11.972149936534056 -0.02328415314224788 0.9989891648292542 
Car -1.0 -1 -1.6264642040670498 637.1658784435444 179.35527804069537 665.4038628871964 204.2547955409188 1.5 1.5951345235109329 3.781579297780991 2.583228719616179 1.934978539060647 46.34240592881359 -1.5707796077939007 0.9988319277763367 
Car -1.0 -1 0.49806760928479465 46.67331730668997 182.25266124624835 367.78522076438844 298.33838023846533 1.5 1.563635703921318 3.6826158434152605 -5.592755781399473 1.64392793340219 10.233490665065366 -0.0020960132267815687 0.9966233968734741 
Car -1.0 -1 -2.773647093131503 317.6133752931869 181.56683268266923 469.46864969659805 232.61118334936447 1.5 1.6814122468233108 4.2237433165311815 -6.739053301516938 1.784714163261141 22.54408655922302 -3.064119891324316 0.9930804371833801 
Car -1.0 -1 0.15812103601819946 389.1785269355231 181.2511967445233 507.8320681357258 219.69834190541826 1.5 1.7862458273768425 4.529733073711395 -6.5886882369136375 1.857150055095579 29.626098746449728 -0.060712293782506664 0.9917387366294861 
Car -1.0 -1 -0.13931835289795294 700.7974115596312 178.33198738092554 792.6830125407257 212.22577878243456 1.5 1.6611818715929985 3.950888153910637 6.183873181666807 1.7589981820298826 33.145432519247215 0.04512898524733953 0.984079897403717 
Car -1.0 -1 -2.9041701383405836 387.85903243765193 181.36110313357267 488.2273558527493 223.15822991170444 1.5 1.5542790785431861 3.383055564761162 -6.423635403495938 1.8278951143105024 26.994065926724687 -3.137789801755224 0.8814470171928406 
Car -1.0 -1 2.6765176677186355 708.9137298331847 177.96182439522252 821.0354448083597 218.964977739492 1.5 1.6261084496974945 3.9441755533218386 5.949128941915718 1.7076813162088917 27.998619424754665 2.8858833193739475 0.687264621257782 
