Car -1.0 -1 -1.8381060039756414 706.6995655983586 176.66840629086826 873.9127206703146 286.5076979643206 1.5 1.6073797389864921 4.115155202150345 2.734796985664619 1.575330058859985 12.087576528960083 -1.6156034665789945 0.9999945163726807 
Car -1.0 -1 -1.7036980734950427 661.4068186882891 178.49863436398826 722.6968253952379 226.30030806987094 1.5 1.6175877794623374 3.6259552955627443 2.7115442253410738 1.709536520004964 24.903775873930243 -1.595244453349386 0.9999935626983643 
Car -1.0 -1 1.9716467658538488 81.47108516920949 180.00006000459337 394.78446160712895 374.0 1.5 1.475474101305008 3.32670011818409 -3.3476280623988055 1.587429468734105 7.097435526360764 1.5309211452815192 0.9999786615371704 
Car -1.0 -1 1.8793300918106277 299.95643275248 180.10776629609916 470.0095629920896 292.5590393721465 1.5 1.5318356946110725 3.7975023061037065 -3.5058306023894534 1.6380654278722293 11.781941198078465 1.5901136279066623 0.9998998641967773 
Car -1.0 -1 1.6901735029590592 481.5985325531857 180.34544565594462 537.3101679293467 220.23066154921858 1.5 1.7845329388976097 4.530635711550713 -4.171816882782815 1.8383487630140551 30.270166664519387 1.5532168587062019 0.9998795986175537 
Car -1.0 -1 -2.280983209452012 903.9158653133507 163.74102207598293 1241.0 374.0 1.5 1.641300369799137 3.7916018187999727 2.889330792604438 1.4822001476996078 3.3339126778460253 -1.5669028217114997 0.9998290538787842 
Car -1.0 -1 1.729510163347756 465.64207388530696 180.38150542159502 526.9962891706502 228.4368163742143 1.5 1.5324125558137893 3.66234504878521 -3.8948075199805423 1.7795828231474724 24.92793742545732 1.574520575996262 0.9978446960449219 
Car -1.0 -1 -1.5712327039259908 653.5875763675966 178.73774026182917 698.6400093763618 219.18102299788075 1.5 1.7068654790520668 4.092050579190254 2.6523753871272486 1.7580717457660242 29.487398345784413 -1.4815246696260316 0.9526650309562683 
Cyclist -1.0 -1 0.8562263289342544 726.0322923070979 180.61759175064793 752.6173864927441 212.8088972979607 1.4 0.5493094705045223 1.1539631083607673 5.746724242010566 1.7549883176506444 32.319962933105366 1.0321945389125007 0.9039976000785828 
Car -1.0 -1 3.263174102495875 317.4342135477035 181.92480362344386 452.8564710154768 212.1949495257492 1.5 2.250161071121693 6.6671332836151125 -11.865036628221768 2.0052834583530768 38.465229895562246 2.9639727950056614 0.7706613540649414 
