Car -1.0 -1 1.310085591190822 698.6611804915636 177.1557235645264 830.3785665972086 266.5320060678818 1.5 1.5745534121990203 3.753984582424164 2.827428364200148 1.5965959751573326 14.215739182876979 1.5064176758143561 0.999984860420227 
Car -1.0 -1 -1.899607040149644 747.1640347274133 175.51341365318143 1003.2211051454933 334.790210206109 1.5 1.603657615184784 4.065517944097519 2.862364533462882 1.5407428508005612 8.907511353394504 -1.5886865119126183 0.9999656677246094 
Car -1.0 -1 -1.5384369089410297 416.0337312023667 180.9475020742841 465.2215757888558 227.790853241361 1.5 1.5883146345615387 3.5531973958015444 -6.002583212631071 1.8094582873601504 25.655762684776334 -1.7682690183308465 0.9998689889907837 
Car -1.0 -1 -1.1002872303253135 0.0 184.77033591577379 55.97442085729024 259.37436218822324 1.5 1.5941884860396385 3.6304591715335848 -14.994610636143792 1.8148742657287595 17.085378633437372 -1.8206038484957558 0.9996504783630371 
Car -1.0 -1 -1.7842471928912533 642.4189087846528 178.5528819091334 715.083934393042 230.09512924304363 1.5 1.5869511783123016 3.616658088564873 2.0900118081001735 1.699410459651149 23.30679965404605 -1.6948124999788148 0.9990577101707458 
Car -1.0 -1 -1.757463317208293 563.075171455019 179.99640909864183 600.9827353280049 207.69240262131711 1.5 1.5702996894717216 3.5083259016275408 -1.7002011273442332 1.9341526770334616 41.93399139005089 -1.7979858229544503 0.9979506134986877 
Cyclist -1.0 -1 1.5193978326758608 474.3725143270685 183.32910244329278 491.5688399245056 219.33352585009973 1.4 0.6014305658638477 1.7026102662086486 -5.2402056975413815 1.8413018434245603 29.472835921636776 1.3434387882563728 0.9965454936027527 
Cyclist -1.0 -1 1.4802231675368034 492.5864604625965 183.02689708814518 510.4848960156409 216.61954460522801 1.4 0.6141067042946815 1.757327888906002 -4.794232592440051 1.8583612555443594 31.555691098859945 1.3294469555232185 0.992651641368866 
Car -1.0 -1 -1.8613973272052042 599.5939987040509 179.2465359286392 661.2479073134273 218.74924681615636 1.5 1.5678946420550346 3.6573274552822115 0.7411375151953203 1.7836595489143077 30.00366488720369 -1.8367007831719262 0.9855006337165833 
Car -1.0 -1 -2.635195932726859 0.0 0.0 1241.0 374.0 1.5 2.050772358477116 5.8252914369106295 2.898665462450036 1.462648237785743 1.4727916149726 -1.5345006297018868 0.9777154326438904 
Pedestrian -1.0 -1 1.8545673246727932 473.52334943523744 173.83595417687505 497.19296798666284 218.58049774153847 1.8 0.7118148289620876 0.978955303132534 -5.143458257146066 1.8413234513767098 29.57268899829079 1.6823639750441135 0.685214102268219 
