Car -1.0 -1 -1.6038963817790075 589.014732944369 179.51159240389364 629.4495095969116 217.4572217710263 1.5 1.606062662601471 3.5739614188671114 -0.12309849097284742 1.8029155827855972 30.97240224752465 -1.607870818176542 0.9999638795852661 
Car -1.0 -1 -2.1860332509041496 332.6966559262727 180.8204817756654 481.9333225477323 252.80548602991928 1.5 1.5820919096469879 3.671320390701294 -4.933571225632368 1.7096648988849605 17.188888682443277 -2.465540544190679 0.9999573230743408 
Car -1.0 -1 -1.7406192194551835 718.1106765242624 176.9993776343155 845.8156358006921 263.4429445983282 1.5 1.7916186273097991 4.430223491787911 3.3228314774476493 1.5994529145320568 14.98978638455472 -1.5224736752596242 0.9999405145645142 
Car -1.0 -1 2.2125115838781486 0.0 183.4516607567193 193.13695885339496 263.13309437442757 1.5 1.6533609971404075 3.9478214949369432 -11.363210005661283 1.7662812217257076 16.106796652905004 1.5981094717939914 0.9999316930770874 
Car -1.0 -1 -2.263569784842247 371.01654482127475 180.76980280910834 503.49454860851773 240.65360015682882 1.5 1.6030356779694557 3.7289297699928285 -4.94870903985406 1.7422371654391071 20.28981828435268 -2.502800122895513 0.9999121427536011 
Pedestrian -1.0 -1 0.3293731665397439 310.5222723944203 155.27888458696555 384.62404322800035 313.5099633666714 1.8 0.6640145115554332 0.6470129385590553 -3.1459758580745176 1.6004274519302102 8.544785506458055 -0.02340050140884944 0.9999116659164429 
Car -1.0 -1 -1.589274401020307 588.3957892454881 178.89502274477252 657.2163699498637 244.6634001570285 1.5 1.597452212870121 3.101556983590126 0.23944335170486003 1.6665683835952807 18.294326412110056 -1.5761867543358845 0.9998425245285034 
Car -1.0 -1 -1.7108121883454521 686.4561839832148 178.26936916601957 746.445392517315 224.62153493438905 1.5 1.572451789677143 3.8746586561203005 3.672981316566559 1.7081050603141907 25.738582372456378 -1.569065877297197 0.9998002648353577 
Car -1.0 -1 -2.1800980728803694 470.38938898780447 180.50405333477437 548.1065209496876 218.7224353438918 1.5 1.5491117283701896 3.522227567434311 -4.391351096163209 1.8468276389398035 30.859460993155214 -2.3214506665852412 0.9992436170578003 
Car -1.0 -1 -2.2496025298050286 409.8430500033234 180.60871668352684 527.0437224146513 232.14122387560928 1.5 1.611763846874237 3.9402952909469606 -4.697806555567622 1.7725687886868455 23.445278380916154 -2.447356955209051 0.9988804459571838 
Car -1.0 -1 2.006532292506538 203.92096480211953 182.51816922178946 315.37683908598257 234.85869352387954 1.5 1.6746936857700347 4.121684145927429 -11.303047339947897 1.843040826391193 23.511293380505982 1.5584031780573981 0.9979579448699951 
Car -1.0 -1 -1.7186075992229797 667.2711164793533 178.66955351325504 718.9153997378041 214.30293060624984 1.5 1.7259255543351173 4.38253567814827 3.7204227106925405 1.7868181197813084 33.317110781485724 -1.6074012751367432 0.9942315816879272 
Pedestrian -1.0 -1 2.0849615864151723 1241.0 134.80474402051783 1241.0 347.5255541185879 1.8 0.5412236347794532 0.81774867400527 6.358383831953428 1.4783928699321138 6.475951484425612 2.8611996054609836 0.9963613152503967 
Car -1.0 -1 1.9063983197980932 279.43514667835586 182.50512053230324 344.819374918423 215.72752745267783 1.5 1.7275747403502464 4.184806209802628 -14.784505693628953 2.009862219930317 35.95248249828864 1.5162541111323493 0.7450724840164185 
