Car -1.0 -1 -1.5922887420976914 591.4881565586693 178.9532168951249 655.0018110374726 238.9125824135572 1.5 1.6213493913412094 3.5148608058691027 0.27600372709947957 1.685792210359274 20.17044697565812 -1.5786060258422536 0.9999963045120239 
Car -1.0 -1 1.9671833469784985 263.5927964820097 182.18898949921856 355.1483635611985 229.8360096112022 1.5 1.583159577846527 3.9235612869262697 -10.523922409367888 1.8550476725287568 25.447490683041654 1.5750470042189182 0.9999842643737793 
Car -1.0 -1 2.094158021283553 130.33837379113095 182.53203580804146 291.9742192907125 248.9425191013667 1.5 1.709781263768673 4.54820306301117 -10.443620116769003 1.789520618402054 19.259598803225018 1.5972802519758762 0.9999834299087524 
Car -1.0 -1 2.4104117723457636 0.0 184.80140683389664 82.55058638493999 255.08817677749786 1.5 1.5030617386102676 3.2889942198991777 -15.082067979537692 1.822371517897432 17.71425420898617 1.705100524421555 0.9999771118164062 
Car -1.0 -1 1.878454156225124 468.1835904527225 180.9619925138842 511.3783483304067 205.03736334056055 1.5 1.6829869270324707 4.186115649342537 -8.073027872015343 2.0713652821283457 48.620069287512194 1.7139122366865696 0.9999371767044067 
Car -1.0 -1 1.8885383290282338 380.41679796001023 181.53471261071417 439.2956491686833 214.90661606294933 1.5 1.5935980275273323 4.113147643208504 -9.834365936731965 1.953988485301937 35.6102406096132 1.6190876841505588 0.999893069267273 
Car -1.0 -1 -1.2065291823820485 865.3772954633768 174.06659477726726 1136.0089851710084 334.7874966734153 1.5 1.5941007554531097 3.71364341378212 4.698536039260293 1.5178055505809898 8.568949732903539 -0.7049758593228204 0.9997950196266174 
Car -1.0 -1 -1.053307552772841 719.6966629244534 177.35243144680106 837.7490353276489 239.53501867354692 1.5 1.5526604399085044 3.5501884788274767 4.574980827429952 1.6333307840603235 19.496513444974788 -0.8228212753918512 0.9996005892753601 
Car -1.0 -1 1.8630636006266355 464.382288084631 180.6817582027867 521.6768226004507 214.73380650428288 1.5 1.631358315050602 4.063090917468071 -5.617500342811094 1.9017858207271259 34.878070342715375 1.7033738970717014 0.9994914531707764 
Car -1.0 -1 -0.9830193904222725 680.3760332119787 178.13196844920557 776.0058436595273 223.7607870078827 1.5 1.5737969920039176 3.791327264904976 4.2856449561711525 1.70525233214161 26.084897533657458 -0.8201781670239313 0.9969623684883118 
Car -1.0 -1 1.9448431965130786 294.27688928026873 181.22817184053966 417.58706588315175 249.87644116776164 1.5 1.6059518352150917 3.9149469256401064 -6.307072846687379 1.7351333444302277 18.237243826905775 1.611883866783005 0.9964867830276489 
