Pedestrian -1.0 -1 1.1874327070674466 677.4379004789757 157.7232989956224 723.250290004629 259.1994845292513 1.8 0.5463875390589237 0.8736305430531501 1.702476828675333 1.397626382225424 13.028125423464243 1.3173734386775153 0.9999997615814209 
Pedestrian -1.0 -1 -2.0438675546716283 687.5353487766436 165.37925222160345 713.4874485594906 223.2763992754323 1.8 0.5484228514134883 0.7149486362934112 2.9914458480829627 1.331456528145245 22.405414013849906 -1.9111381034043176 0.9999771118164062 
Pedestrian -1.0 -1 1.2817545451476087 532.939880162958 160.4390444577812 572.7570743591509 257.61493193377106 1.8 0.5357991464436054 0.8654717847704887 -1.0543577712115422 1.4300464218222406 13.591768530115399 1.2043363293025153 0.9999783039093018 
Pedestrian -1.0 -1 1.299368364846811 604.680455849192 156.94374227263768 654.758025117622 268.2397845893525 1.8 0.6290681220591068 0.8751952581107616 0.35992736949788756 1.420676022559915 11.93026127249622 1.3295284946772712 0.9999531507492065 
Pedestrian -1.0 -1 1.2933632350469229 566.0017507449688 157.84792538988185 619.5649893221034 266.80241430911576 1.8 0.7223456658422946 0.8190597899258136 -0.2658568617496901 1.4274238009653242 12.17374855335222 1.271528168520655 0.9999444484710693 
Pedestrian -1.0 -1 1.5550482681949716 468.7833566361804 158.82651169353383 503.9789529664849 270.34820972038034 1.8 0.563049179315567 0.866494470089674 -2.0478530785573956 1.4518356877318421 11.884958349110203 1.384417458376612 0.9999430179595947 
Pedestrian -1.0 -1 1.1549000406641856 705.4656650119491 149.0032888255302 777.9329054540731 296.9457144906509 1.8 0.5940860629081726 0.9124215252697467 1.6943776787511844 1.4184625891350924 9.109900440400128 1.3387917717311042 0.9998825788497925 
Pedestrian -1.0 -1 1.2611685181597319 719.0890833398041 157.7034330313797 758.4626889947928 256.53811707574005 1.8 0.5101298473775386 0.7829780250787735 2.46281800105198 1.3864635123299165 13.292489339600381 1.4443699558589118 0.9997237324714661 
Pedestrian -1.0 -1 -3.765940334096713 1199.0077269241074 155.5063117958527 1223.0 230.60917518121525 1.8 0.5267738856375217 0.930797916650772 15.15269599298535 1.2025748663713562 17.24795218410574 -3.045119361081396 0.9997013211250305 
Pedestrian -1.0 -1 0.6871909765432036 599.7882986260804 164.2535266016182 638.7220988817784 234.58627509239145 1.8 0.5272524923086166 0.8901670135557651 0.3359580054261749 1.3858010905602396 18.57952598079706 0.7052711685511726 0.9994096755981445 
Pedestrian -1.0 -1 1.218274413393978 539.8628316688857 161.22948820125796 582.5806990672351 253.23010854280304 1.8 0.6078103117644786 0.8450488120317459 -0.937839234753666 1.4246016849552485 14.337993540093642 1.152958079180445 0.9993534684181213 
Pedestrian -1.0 -1 0.755978428362938 261.29533895271504 161.27984212834974 323.89871734649586 273.5258689175 1.8 0.5941576816141605 0.7470343753695488 -5.226474007720406 1.4934358697448582 11.737292231929548 0.33705000480147773 0.9994438290596008 
Pedestrian -1.0 -1 1.3888746260039204 592.0658519583031 157.7903301292009 640.9391739881956 265.3223092804218 1.8 0.7083489120006561 0.826924343407154 0.14366073432535273 1.421507713438425 12.29795268237782 1.4005557735774177 0.999046266078949 
Car -1.0 -1 -1.2485866560253245 0.0 181.22296904190677 272.89734778242354 369.0 1.5 1.9410409525036811 5.19788847565651 -3.1411997087763353 1.5084628547524725 3.836392189537139 -1.9346803883698327 0.99872225522995 
Pedestrian -1.0 -1 1.37943023810799 611.8750428564973 157.48925800850424 657.2031842427725 265.3364646888868 1.8 0.6264183230698108 0.8801354587078094 0.4562936996474891 1.417594178817138 12.278826791499503 1.4165741642329353 0.9985382556915283 
Pedestrian -1.0 -1 1.4701779927745964 450.9279237088158 165.81300671892762 478.85097626774956 238.89163861276162 1.8 0.6108676575124263 0.8271136812865734 -3.5904309145430915 1.439842049208491 17.895466643521235 1.2721733291957038 0.9982529282569885 
Pedestrian -1.0 -1 1.2579856301708094 654.076417436237 149.55731269691054 716.9596742772301 298.84310758724183 1.8 0.5633302524685859 0.8216797865927219 0.9591025544977878 1.4285918391035053 8.980047904374489 1.364386006197657 0.9976723790168762 
Pedestrian -1.0 -1 1.3639174349500494 505.1075035476603 165.42291386336325 533.6572251988492 236.61942001746064 1.8 0.5775758557021617 0.8190861463546752 -2.2653884345894966 1.4204121275424442 18.351721116759435 1.2410959442469733 0.9949847459793091 
Pedestrian -1.0 -1 1.2969065294600832 529.7871313391807 159.71199617436983 573.6944987890909 261.08474386871615 1.8 0.5744202554225921 0.9385918758809566 -1.0403721951029654 1.432525822924797 13.08923826182126 1.2175902565333503 0.9854823350906372 
Pedestrian -1.0 -1 1.3694261171453213 497.0971797150208 159.9312052843256 539.3315323947231 262.65029524479047 1.8 0.5978818543255329 0.8760544963181018 -1.6367172527729195 1.4412067039204697 12.895935901694314 1.2431837757441657 0.9843804836273193 
Pedestrian -1.0 -1 1.9085417728608012 1223.0 123.77215190796045 1223.0 357.34366907927307 1.8 0.6127168916165828 0.7372094810009002 7.2339635565419576 1.364540674399117 5.8562666258225775 2.798800098892075 0.9638528227806091 
Pedestrian -1.0 -1 2.007206201056529 1223.0 125.92944853906762 1223.0 349.5442817922962 1.8 0.5806898258626461 0.840616089105606 7.307918919674135 1.3624382990468613 6.074111159503527 2.884543287750107 0.9616413116455078 
Pedestrian -1.0 -1 0.5034714299159846 579.0345370013783 164.67420502650987 621.7162163815414 234.01579568650345 1.8 0.5879986591637134 0.974968683719635 -0.15841665606252658 1.3907755953226637 18.839219985620527 0.49506275256606513 0.9387762546539307 
Pedestrian -1.0 -1 1.2532995151212294 557.7649690108327 159.6276024761706 598.6556085680313 259.5422579969885 1.8 0.5304950781166553 0.8219722218811512 -0.5524587407786353 1.4256170630989713 13.210784669691648 1.211505099138941 0.8820006251335144 
Pedestrian -1.0 -1 0.27168237732315514 1223.0 0.0 1223.0 369.0 1.8 0.5571782149374485 0.8851104907691478 3.364764379050535 1.436347779702856 1.6757451183489243 1.380410357317652 0.7802967429161072 
Pedestrian -1.0 -1 1.4562440766818294 474.21928334345324 158.90528506840604 515.7252353970017 269.2937595430049 1.8 0.596614696830511 0.8820689775049686 -1.9276622421776917 1.4495279234184912 12.029407290716204 1.2973491390559333 0.6152104139328003 
Pedestrian -1.0 -1 1.122310428764603 564.1089721917558 160.04864979559983 616.4162353764079 256.48335192908934 1.8 0.659622673690319 0.9729686684906482 -0.34025547865202593 1.419902571664808 13.775766401711307 1.0976158817622321 0.5247516632080078 
