Car -1.0 -1 -1.7425244085510336 654.0779408737816 178.35297569377806 728.6957488804608 232.3537414938003 1.5 1.6118610769510269 4.129551959037781 2.397806459912853 1.6885985050166152 22.583504462940954 -1.6367455805328233 0.99998939037323 
Car -1.0 -1 -1.6833024583203515 644.6209194826735 178.984397046642 687.4585919332239 214.01132258432975 1.5 1.5501481041312217 3.8478246450424196 2.508946680652191 1.801858810269273 33.53159401484916 -1.6086182604220254 0.9999444484710693 
Car -1.0 -1 3.5724448669014364 125.58405358795325 182.4154395421009 361.72500877649253 269.5922805019453 1.5 1.5455337733030319 3.604962167143822 -6.734816107331435 1.6893921879568992 13.428795437946107 3.1075816035231174 0.999941349029541 
Car -1.0 -1 -1.885005012884398 707.8072728316811 176.90057099332103 854.4515237672559 275.74322708546055 1.5 1.5341666087508201 3.3460842937231066 2.8296835173434904 1.582077479362095 12.829015707059455 -1.6679120148208482 0.9987097978591919 
Car -1.0 -1 0.5465556784036252 46.56148551752086 182.59522207913764 335.6973723939483 289.12436337380177 1.5 1.5086900934576988 3.593045708537102 -6.359921050018769 1.6611440010034701 11.10517445898172 0.026452465853418625 0.998236894607544 
Car -1.0 -1 0.23779162709710386 376.8713072212728 181.31036762087376 501.93390957190115 224.45596112389322 1.5 1.5923202529549598 4.163900998234749 -6.173452430978979 1.8170481862266543 26.209194764488764 0.006462975344385424 0.9981781244277954 
Car -1.0 -1 -2.484944743197037 0.0 183.1654828950936 277.914333616423 320.60530226596006 1.5 1.5885405734181404 3.993007403612137 -6.482319656688787 1.6387621065544549 8.84015805008108 -3.1176595250752315 0.9971634745597839 
Car -1.0 -1 3.2127039336221976 402.3344819557352 181.3189830249727 489.0663246395519 217.88825818799512 1.5 1.5808620050549507 3.5458216935396196 -7.066746118716438 1.877913301228372 31.129355925714297 2.989474999900681 0.9924033880233765 
Car -1.0 -1 3.468287135793169 215.8420190045292 181.94652163185052 410.08947401122487 256.015344773556 1.5 1.589425329864025 3.5969192653894426 -6.406369800490509 1.7099947984992883 15.731844687935864 3.081569540496689 0.9913169145584106 
Car -1.0 -1 -2.738082215640909 258.6645801905292 181.91668022740927 422.13989590755733 245.07922362564537 1.5 1.542333748936653 3.5502901792526247 -6.78418563311167 1.7401173797028477 18.231839209070774 -3.094313697018896 0.9814481139183044 
