Car -1.0 -1 -1.6364258565460714 640.8332284460482 179.2996000158611 670.2112216900249 204.4876069179163 1.5 1.6059356302022934 3.888717156648636 2.825394835917544 1.9279097224674184 45.91088856561178 -1.5749625270862622 0.9999959468841553 
Car -1.0 -1 -2.2081545347922678 858.2390298177983 168.73795093309246 1241.0 374.0 1.5 1.602490109205246 4.122454535961151 2.856567133625076 1.489408802413471 3.9904584740827813 -1.5868704291668279 0.999984860420227 
Car -1.0 -1 -1.9239486288266512 761.1949804801305 175.415737521295 1008.5541049271217 333.13419574234206 1.5 1.5391134217381477 3.631596875190735 2.973718904184466 1.5379628813052386 8.754097680942808 -1.5964839840915543 0.9999175071716309 
Car -1.0 -1 -1.7607185920417845 665.8682809953483 178.23847988928264 742.3556954392196 232.475591312129 1.5 1.6090766087174415 3.9597971856594087 2.771966569512821 1.6825641440714068 22.38436544395457 -1.6375108967211587 0.9998670816421509 
Car -1.0 -1 1.8703004284560485 388.99771446898643 181.21785628223063 457.75264004177956 221.6144815040377 1.5 1.5957044929265976 4.125745829939842 -7.642706732156676 1.8696558812705146 29.75721581239801 1.6188988566359104 0.9998550415039062 
Car -1.0 -1 -1.593989970947252 593.897061062618 179.7198011355884 622.773982044013 207.33946028323905 1.5 1.5873443827033042 3.902995076775551 -0.16992558374219785 1.9201008231933478 42.13633255022049 -1.5980227059361083 0.9996936321258545 
Pedestrian -1.0 -1 1.3720149062729894 750.1950028498851 167.54423745662743 775.5532482780427 230.99101242591956 1.8 0.5754025213420391 0.7642742738127708 4.364632205805485 1.6497185981368463 20.851750056819174 1.5783531546553196 0.9996688365936279 
Car -1.0 -1 1.7635330395382134 435.3585521151619 181.12858739943394 480.93069202441797 212.66719012377592 1.5 1.5942000344395637 3.860388931632042 -7.821068993983631 1.950108987337541 37.273989504061355 1.5567070682856696 0.9996531009674072 
Car -1.0 -1 1.8813829253277872 338.06299629049073 181.42822282649422 423.0657285159141 232.19801728020633 1.5 1.579001222550869 3.8377667337656023 -7.529197314966659 1.8071059276328154 23.88771042900115 1.5760481238325657 0.9973602890968323 
Car -1.0 -1 -1.7286842976330088 653.6851355205113 178.7297804304956 706.5074578806858 221.1427818552263 1.5 1.493634332716465 3.388175603747368 2.5917713590949347 1.7404071862010564 27.736153135250287 -1.6355110640313966 0.9086136221885681 
