Car -1.0 -1 -1.437572325571612 479.45392344760205 179.76077269515542 560.0160580371393 244.96410129197264 1.5 1.5915416672825813 3.8672177612781526 -2.3119512863146756 1.7003835857801892 18.95069113723015 -1.558970674001847 0.9999902248382568 
Car -1.0 -1 -1.7492026823175935 668.5739834085476 178.45841684847503 729.6344799754569 225.01013548513978 1.5 1.5281927332282066 3.486139562726021 3.0287842202211843 1.712025495113367 25.46254415226287 -1.6308084140208108 0.9999418258666992 
Car -1.0 -1 -1.7765739990518732 699.2561879168869 177.25996572827862 818.0604892399175 263.5301018812905 1.5 1.593162727355957 3.6473731070756914 2.80163328356156 1.6005333355415718 14.566359489219318 -1.5865585478630406 0.9999319314956665 
Car -1.0 -1 -1.7156969360789929 682.7799187500639 177.91865015959394 764.1929083349172 241.34273635413754 1.5 1.5894454464316368 3.7624309331178667 2.87323452199543 1.6486962215493104 19.24653335934118 -1.5675055257186783 0.999933123588562 
Car -1.0 -1 -1.9909852127494572 763.8048395754969 174.1660876087831 1241.0 374.0 1.5 2.0290138691663744 5.487620320916176 3.0298445664286264 1.5178938902375427 6.890800004182493 -1.5767345945958537 0.9999525547027588 
Car -1.0 -1 -2.0129419593811804 94.56750200035498 181.57491536910504 342.4278751273518 310.7740097386462 1.5 1.6126228988170623 3.864448752999306 -5.776027612479426 1.6475548559541078 10.395244066372276 -2.5201060334828242 0.99977046251297 
Car -1.0 -1 -1.565760182116946 592.2802980133265 179.1093155309917 647.1717784257851 232.99958520423164 1.5 1.5576378002762794 3.251588207483292 0.2551402637819803 1.7061773987090902 22.099636308804005 -1.5542156967010838 0.9997361302375793 
Car -1.0 -1 -2.102194605720276 221.17417185813775 181.23441694735826 411.9833782631921 277.90482510509463 1.5 1.59813245087862 3.6425823837518694 -5.492792658963603 1.674172737236827 13.228085266675661 -2.495767072835241 0.9997132420539856 
Car -1.0 -1 2.123085805102063 31.80706053087317 182.5072120465298 264.21940996516213 271.9262437690076 1.5 1.8192442625761032 4.699211058020592 -9.252227860524037 1.731989408643452 14.959694585163707 1.5691909035060065 0.9995961785316467 
Car -1.0 -1 1.0803099988760854 352.4060425560932 181.10564075215086 460.5501154560618 238.80384710209276 1.5 1.5547626212239265 3.519205611944199 -6.046699586785136 1.762053802091567 21.07592582674086 0.8009137352320808 0.9995280504226685 
Car -1.0 -1 -1.5537271842495175 595.4719915322777 179.51136019227832 631.4676425736968 214.88628694290514 1.5 1.560809326171875 3.532349181175232 0.1472914458612108 1.8217337905318194 33.04605594729533 -1.5492700571802003 0.9991976618766785 
Car -1.0 -1 -1.7064507424941038 638.9348939833229 179.26318712589196 673.8510501265721 205.9426331126409 1.5 1.6005104899406433 3.707064923644066 2.7132302481502277 1.9027210352051747 43.38768660173054 -1.6439974988487107 0.9990772008895874 
Car -1.0 -1 2.2753235456836007 0.0 183.9858681275336 84.5493603726439 317.83542850979694 1.5 1.5575893715023994 3.2379789769649507 -9.25494310271063 1.6802590512524564 10.007841560812011 1.528991146883692 0.9980320334434509 
Car -1.0 -1 2.247475546837814 0.0 184.83378903723226 67.12256790557738 259.21279298047665 1.5 1.5502449616789817 3.6048224687576296 -14.897456847746305 1.8126833457976386 16.97396708180357 1.5271381576869147 0.9952574372291565 
Car -1.0 -1 -1.6123917643802455 592.4871181037805 179.17792731332653 645.3997687588734 227.46641472267078 1.5 1.6455218687653541 3.9507737874984743 0.1931431269113936 1.736490812361138 24.93709634314739 -1.6046467060830933 0.8359236121177673 
Car -1.0 -1 1.1430726917218597 439.3780097032685 180.87042111834214 505.76245733394774 218.89770292046066 1.5 1.5008993938565254 3.4613756954669954 -6.006288973651908 1.866211493602933 31.08166808498295 0.9521834095332282 0.7144563794136047 
