Car -1.0 -1 -1.5753529188151292 571.7813498952369 178.93032184268037 645.311964845366 249.0616022744742 1.5 1.6024735316634178 3.2538047552108766 -0.09811479735507267 1.6602447272999858 17.34815311450616 -1.581008492098425 0.9999006986618042 
Car -1.0 -1 2.0727344555998957 145.99539054335395 182.8143570978655 283.3284971747828 236.99789989681855 1.5 1.8474279463291168 4.633182150125504 -12.510604537442214 1.8520056975948653 23.14845620047945 1.5772521376570285 0.999596893787384 
Car -1.0 -1 2.1027967094133624 61.454332667081516 184.108758199165 175.98469700498865 227.32190663876776 1.5 1.7927520468831062 4.28248220384121 -19.19273442150549 1.9772677947909694 28.378591065891882 1.508147402605738 0.9949085116386414 
Car -1.0 -1 1.912312565728114 328.165577359272 182.30613706803638 377.85702554081246 209.49719481199364 1.5 1.599188756942749 3.8428212076425554 -15.304351845921476 2.0896273168058803 43.05828449417541 1.5708055376967014 0.9782196283340454 
Car -1.0 -1 2.0506543721032124 208.32233821927903 183.2930934230323 277.62211425693005 214.34848323944613 1.5 1.6238101318478584 3.9559351772069933 -19.359396353381204 2.081371481116238 38.16987155529685 1.5812709212263645 0.9520851373672485 
Car -1.0 -1 1.9409557189212285 335.9017379415 182.23396386804072 385.82309118495436 209.49126454233559 1.5 1.5761351704597473 3.6893273264169695 -14.773369846836458 2.0820201492796038 42.86717811870731 1.6090717196425022 0.7301927804946899 
Car -1.0 -1 1.7792665845416382 0.0 185.22313061518958 29.761624037052513 239.07694282632147 1.5 1.6599825143814086 3.7524374693632128 -20.06113978436628 1.9310182139229557 23.076109408477258 1.063647433123316 0.7098178863525391 
Car -1.0 -1 1.9420057033494047 248.88764145876308 182.79480176794934 317.75070928516294 217.55881407786336 1.5 1.7074917003512382 3.803611782193184 -15.425440849712555 1.998171013718694 34.18615581140917 1.518138571581568 0.709473729133606 
Car -1.0 -1 2.0811921227576264 210.21360705342298 183.20347938170366 284.50331489052445 214.90442262860444 1.5 1.6512135535478591 4.130459067225456 -18.83729777396266 2.070017714778769 37.61134457456323 1.616872060294968 0.6993234753608704 
Car -1.0 -1 1.9502143916498778 315.1389160394395 182.42898021347855 366.67720986747116 209.58961761594617 1.5 1.5874535337090492 3.8124880313873293 -16.0507440243047 2.098223510725859 43.126290128750234 1.593918311591965 0.6986885070800781 
Car -1.0 -1 1.9316276259212153 345.165795729791 182.14097790460156 394.68394382198943 209.55950721054498 1.5 1.5863901495933532 3.652417150139809 -14.142451835840141 2.072406456547845 42.5851135526569 1.6109888434370578 0.6437658667564392 
Car -1.0 -1 1.9603153673037796 303.7341170585989 182.5431298583954 355.90436078401086 209.69746141177944 1.5 1.5835827708244323 3.7995534509420397 -16.716872732936938 2.105368817629758 43.136612495542956 1.5906021475752414 0.6335004568099976 
Car -1.0 -1 1.9694269805616658 292.68956711049424 182.65484051138444 345.27895640444046 209.8030122557656 1.5 1.5698865547776222 3.7870752185583116 -17.367913647246905 2.112342310416954 43.14574691816703 1.586732375617844 0.5961040258407593 
Car -1.0 -1 2.2176877919837716 461.2651009048159 180.9187637937174 519.6601502543155 207.09954694016147 1.5 1.5708998337388038 3.8397839784622194 -7.380183056553779 2.022802002148626 44.67423996229572 2.0539665102919162 0.5560702681541443 
Car -1.0 -1 1.9110734958960398 357.65470755441055 182.00961878119915 406.72313278748624 209.32477099347022 1.5 1.6125686958432197 3.765229743719101 -13.487994432839418 2.0678442777892165 42.81012574659948 1.605853068824631 0.5088664889335632 
