Car -1.0 -1 -1.6631112161194692 655.4126747558959 178.70558398149552 705.5352371656505 221.51914487733035 1.5 1.5633976578712463 3.6461713284254076 2.5896114943494872 1.73900104428001 27.59944271509879 -1.5695567206155998 0.9999912977218628 
Car -1.0 -1 3.5196891726463346 101.34406735993173 182.25436349378774 376.0047214210135 275.98772268159445 1.5 1.558796738088131 4.004955899715424 -6.402485741544533 1.6781590619720477 12.69000530392938 3.052424299712998 0.9997902512550354 
Car -1.0 -1 -1.7702836564530822 705.9562337399369 176.8660952139886 847.7126575241992 280.34498054556667 1.5 1.6015910103917121 3.870336201786995 2.659368255091606 1.5809567034937522 12.549646432772855 -1.5614649234947306 0.9997052550315857 
Car -1.0 -1 0.5293548289618484 9.935610658405079 182.58229970396735 332.51897548530235 299.9375382515805 1.5 1.5451901152729988 3.589763727784157 -6.044118182248606 1.6476950705928453 10.13769063119612 -0.008267835774694166 0.999450147151947 
Car -1.0 -1 -1.7177464666129745 677.8905857001458 177.9055550418181 763.2052603185382 244.08525139326358 1.5 1.6026359543204307 3.734461081027985 2.677070813118308 1.643034768278782 18.506625867749502 -1.5740882298585517 0.9994327425956726 
Car -1.0 -1 0.7168062342694805 0.0 183.26607846680665 240.76755534852802 342.65948487559007 1.5 1.5666202202439308 3.6061889052391054 -6.221162979853348 1.6246642342099766 7.755356427169793 0.04073969920607976 0.9990801811218262 
Car -1.0 -1 -2.9056568641423395 402.59049619272986 181.33322199894116 497.714031240457 217.42704101734824 1.5 1.6163936376571655 3.7455788373947145 -6.907004985261618 1.8771840040726804 31.22103875730984 -3.1233793059971675 0.9981958270072937 
Car -1.0 -1 -1.654381946265991 637.7683526172307 179.2720345409615 669.9037091828251 207.17021320679711 1.5 1.5383562564849853 3.6149027317762377 2.444556389341886 1.885390814616735 41.45812500948281 -1.5954856696215016 0.9950326681137085 
Car -1.0 -1 -2.666979243095363 0.0 0.0 1241.0 374.0 1.5 1.6291762262582778 4.132699456810951 2.7642537175209903 1.463522154054734 1.4205459217982073 -1.5708874262662162 0.9801812767982483 
Car -1.0 -1 -2.197551486168029 0.0 184.73179796897267 65.68888120964381 374.0 1.5 1.6441232085227966 3.8995137929916384 -6.367301654623094 1.5973205762012692 4.991646963784177 -3.103470281758581 0.9697955250740051 
Car -1.0 -1 0.3198435316716939 378.758285 181.31384690116766 493.22016565535574 224.7229473558662 1.5 1.5503602594137191 3.7472552180290224 -6.319067748843132 1.8187031224183443 26.220346414689907 0.0833545168254035 0.9516109824180603 
Car -1.0 -1 3.4244355554224715 199.94907752824665 181.96582758552057 401.313271034632 259.4635773838797 1.5 1.5349325284361839 3.6042819291353227 -6.418244279456577 1.704198345277513 15.165288759832242 3.0240740656813205 0.93797367811203 
Car -1.0 -1 0.21267424522450892 447.9729746111798 181.08053083768158 522.3442653370665 211.68999552011124 1.5 1.5652284517884254 3.4732288241386415 -6.345729942822217 1.9281921147819991 36.66834827044795 0.041314049563135426 0.679419755935669 
