Car -1.0 -1 -1.5887408666503977 588.3747736766777 178.84953013827234 657.6208693313104 244.71047144863184 1.5 1.6082676619291305 3.4998255342245104 0.24409963755703576 1.668705257418722 18.503470091290005 -1.5755495313231391 0.9999810457229614 
Car -1.0 -1 -1.0188860153041508 691.2199753895886 177.63190458502334 815.1918741793908 235.56926538500957 1.5 1.6266525283455848 4.130067166686058 4.22052912245581 1.6536726474117054 21.08438922514425 -0.8213239471104485 0.9999039173126221 
Car -1.0 -1 2.1236551837490243 129.11947434871772 182.54692705253356 292.9761285630634 247.1262703796164 1.5 1.7218083634972572 4.683502253890038 -10.769713122397377 1.7992321519664913 19.859120573068402 1.626738536353928 0.9998915195465088 
Car -1.0 -1 -1.1393257814469113 743.8426053968394 176.20959871185718 934.8493914739066 270.61823923204713 1.5 1.763513733446598 4.495727878808975 4.498195923314436 1.5753458479129647 13.87141232910036 -0.8257469097760064 0.9996379613876343 
Car -1.0 -1 1.9461714070075233 265.1822029861663 182.14669996218083 356.5053139232155 228.74462128464455 1.5 1.5986396491527557 4.291460525989533 -10.788365857141988 1.8661396264878636 26.241390249431895 1.5561155517909186 0.9987555742263794 
Car -1.0 -1 1.8945505154322382 309.85619956955793 180.9555146173768 442.45457572457957 238.21751882274106 1.5 2.062817153334618 6.338608872890473 -7.208258344676781 1.7943305972220762 22.9898619916881 1.5907177805861057 0.9987010955810547 
Car -1.0 -1 -1.3621119911637114 964.0791349797521 172.60723482326316 1241.0 374.0 1.5 1.5570408225059509 3.6202850311994554 4.86303251490903 1.4986137551826855 6.899108415503341 -0.7481194297459467 0.9985666871070862 
Car -1.0 -1 -0.8974824768797063 664.7177159347822 178.79538363230455 727.8156915848051 208.6983300685936 1.5 1.5574757501482963 3.431430694460869 4.613477309445077 1.8331221128542117 38.649711915827076 -0.7786781946804864 0.9934160709381104 
Car -1.0 -1 1.8355230297856322 436.9921135355089 181.33259569105607 476.2998884485293 205.24848227976776 1.5 1.632992786169052 3.8876837611198427 -10.318334350187484 2.0953635816594214 48.64661189402336 1.6265127539595188 0.9843169450759888 
Car -1.0 -1 2.2107732811150984 180.7563571052555 183.22454929308657 270.4553899696102 225.95168006664812 1.5 1.3966212540864944 3.2429783165454866 -14.796491879296353 1.925462258150416 27.865716705072064 1.7226400256117405 0.9411343336105347 
Car -1.0 -1 -0.6053883983250703 651.9376184569614 179.1149033279152 710.3960316005033 202.22788745634773 1.5 1.5686480820178985 3.7479891002178194 4.840733873513363 1.941886087693061 49.284994460188045 -0.5074832002308709 0.9372425675392151 
