Car -1.0 -1 -1.6876725847916862 679.7246627190158 178.31049882375132 739.013396101167 226.27823722719978 1.5 1.57325831502676 3.8319563984870912 3.309419346976148 1.703459564066093 24.92667785075304 -1.5556783583622915 0.9999958276748657 
Car -1.0 -1 -1.8657108710758816 737.0986228246616 175.91921267415375 952.6934867817606 314.91083429992693 1.5 1.5939319998025894 4.058690232038498 2.8727970150937163 1.5511474216287056 9.913474240012238 -1.5836498384040338 0.9999796152114868 
Car -1.0 -1 0.5906881554408729 0.0 182.78160389073273 315.3240693453865 305.00345030261235 1.5 1.5675759434700012 3.7896039456129076 -6.275930764755278 1.6467292848015358 9.810992091338115 0.021599455675806324 0.9999332427978516 
Car -1.0 -1 0.5067897038126927 112.59288899523611 182.25562459021384 374.08242406971925 277.6560415562629 1.5 1.5718330189585685 3.7042463690042498 -6.213370457082049 1.6728580837572726 12.373999052925729 0.041438623270715985 0.9999134540557861 
Car -1.0 -1 3.8315282781420703 0.0 183.31171064922458 242.75190250923134 357.216933384674 1.5 1.5899496644735336 3.754573178291321 -5.966547822724155 1.6153993223329015 7.126318508518457 3.134479868408066 0.9997923970222473 
Car -1.0 -1 0.3236098283013247 345.033144402974 181.30760016346682 489.81650136848964 234.31664193836266 1.5 1.6239509478211402 3.882878136634827 -5.7558155039607515 1.7649445402579762 21.646492498139967 0.06372277339431218 0.9995110034942627 
Car -1.0 -1 3.261008012753643 400.0820390684167 181.16995508492843 508.93523433734947 221.3335354346336 1.5 1.5933093175292015 4.016799342632294 -6.0738561144663175 1.8381311859798268 28.32689725319704 3.049786198135239 0.9973137974739075 
Car -1.0 -1 -2.9293135170110247 438.1131093883716 181.0943971152542 520.8052602720256 214.2365637046993 1.5 1.5357941880822181 3.580102187395096 -6.13086041827297 1.8969039157506742 33.892142432213475 -3.1082715551045283 0.9691762328147888 
Car -1.0 -1 3.2639670017310065 463.27506574273775 180.93486108298404 540.942039217489 209.8857402940852 1.5 1.6181026145815849 3.9552828788757326 -5.780325798987522 1.9436772936320892 38.72130743678039 3.1157810568769992 0.9638455510139465 
Car -1.0 -1 0.16041479176883697 457.9943341401445 180.90347868403737 545.7711562634981 211.92794958530115 1.5 1.5952585756778717 4.146466639637947 -5.405272643122688 1.9126482785301058 36.131800911369105 0.01191727717849187 0.5027353763580322 
