Pedestrian -1.0 -1 -1.6255029432178103 727.2475255623613 165.27822468495387 754.4111672383784 237.05738810018286 1.8 0.6388769045472145 0.8117364279925823 3.5406500872959707 1.394391360846403 18.456136352787446 -1.4359644065287454 0.9999693632125854 
Pedestrian -1.0 -1 -0.5934115168923013 578.5010570640023 152.27769507750193 666.4560353450752 305.74802796586965 1.8 0.7303288698196411 0.828291804343462 0.2104953809841993 1.4586081678926326 8.953389697672074 -0.5699057141926629 0.9999055862426758 
Pedestrian -1.0 -1 -1.3254986571308072 620.7209818958794 152.4996428277093 687.9607084733511 302.6311491602294 1.8 0.6849649854004383 0.7677158832550048 0.634582650205804 1.4536437499092933 9.08094493198388 -1.2557313899185998 0.9995076656341553 
Cyclist -1.0 -1 1.9912234574766257 238.34380201542692 190.4140670422334 381.20329598371563 362.9612465009506 1.4 0.5885388262569904 1.7463839173316955 -2.7266793692605664 1.496757691351358 6.8010058487865575 1.6099216818769992 0.9993025064468384 
Car -1.0 -1 1.6654035047599414 480.7946667718526 180.1341287261855 521.3901173751559 206.84750130266536 1.5 1.9310242056846618 5.060864475369454 -5.917983268303215 1.4241081874586212 42.90222783921283 1.5283273895594733 0.9978234767913818 
Pedestrian -1.0 -1 -0.19858348729460265 662.492711816844 152.57021316795598 741.7295615699609 299.5042720503766 1.8 0.7360745713114738 0.8717258021235466 1.2237934407438265 1.4469387551910151 9.193353300545432 -0.06624432007340023 0.996278703212738 
Cyclist -1.0 -1 1.6657552391630353 434.3428407371513 185.74395153283288 481.1872695522279 273.2382564950984 1.4 0.6645990096032619 1.3306674107909202 -2.47080656842306 1.4778017079882908 12.255073875204088 1.4668072899195808 0.9993284940719604 
Pedestrian -1.0 -1 -2.405488101723623 199.82274807746174 155.23944958332123 315.9642651222667 315.6388824772826 1.8 0.7534809902310371 1.0033424504101276 -4.125525766227871 1.5066570757547582 8.5619028054249 -2.8545079986241206 0.988480806350708 
Pedestrian -1.0 -1 -2.4445898032034226 747.4431597123216 162.83387613615437 789.4373515742993 246.78059700153744 1.8 0.555102390050888 0.7121103376150131 3.6458142883660356 1.4009855832617848 15.851454199840004 -2.2185226241734366 0.962647020816803 
Pedestrian -1.0 -1 1.8066971375150813 452.8320805779432 166.8246711092977 488.3015623289397 246.85370030733333 1.8 0.6153837338089942 0.905434650182724 -3.0536717894390715 1.4711398749260027 16.62278798346873 1.6250188231428684 0.9510859847068787 
Pedestrian -1.0 -1 -1.671142795103278 721.2972829639716 165.28266607914958 748.5595786136479 237.50682541542125 1.8 0.6155036881566047 0.6650533087551593 3.3532688099506753 1.397010312036021 18.25644633264354 -1.489491635062967 0.9147874116897583 
Pedestrian -1.0 -1 1.858324785444958 431.3579586141906 161.58796562051518 483.3083488601706 272.4513883307022 1.8 0.6068821556866169 1.0064139522612094 -2.470397849642545 1.4779957189336648 12.188223287954035 1.6583466410597385 0.9286277294158936 
