Car -1.0 -1 1.789449197219332 422.33465506243994 179.85587270131816 533.449983826822 258.5330062822921 1.5 1.5969977274537086 4.00598184466362 -2.8563542094376744 1.6768800563018469 16.151832860880898 1.6144149184187473 0.9999837875366211 
Car -1.0 -1 1.9124342978367288 315.6878985848334 179.89191513873504 491.70621121714015 297.16390839165604 1.5 1.5116140738129615 3.5370061665773393 -3.0666961115339135 1.628028173577004 11.265512057470946 1.6466545939405979 0.9999555349349976 
Car -1.0 -1 -1.0842911017634096 779.7091264310246 177.1280842183534 871.2896726999805 226.92346014175024 1.5 1.515195381641388 3.313109514117241 7.08678663827198 1.6511379234012897 23.738909617163188 -0.794183091321264 0.9999327659606934 
Car -1.0 -1 1.7152945301367502 498.3477050321247 180.1545812622457 554.8834535577643 225.5718062976436 1.5 1.5483644351363182 3.50234532058239 -3.0010530329652068 1.7831407986499674 26.171680460078605 1.601125228401047 0.9997513890266418 
Car -1.0 -1 -0.560111158185506 990.9076116070471 172.03141629175255 1241.0 324.0660480528866 1.5 1.6030140712857246 4.052482780814171 6.7241124469338125 1.492242135322192 8.17058212626433 0.12847749789687565 0.9997122883796692 
Car -1.0 -1 -1.6233643182932946 720.2829231087741 177.23008664609026 808.5383563410721 257.5741192981297 1.5 1.6363608211278915 4.162794587016106 3.2164833103076402 1.6099274987086198 15.884413498202347 -1.4235727498915536 0.9995825886726379 
Car -1.0 -1 2.286285510475618 0.0 179.84446639666498 346.93414856774245 374.0 1.5 1.5814079463481903 3.731197726726532 -3.5412329199559913 1.568428382432424 5.083894806512496 1.6778726458509983 0.9989883303642273 
Car -1.0 -1 2.4041893102268874 923.4545495175599 176.1129191742847 1005.7621174871933 206.37587342166748 1.5 1.5924824893474578 3.716753286123276 18.29055967450628 1.6747099973150013 37.31810120555171 2.859906303878647 0.998193085193634 
Car -1.0 -1 -1.3093571928826153 729.6046760007215 177.4720964998133 813.3065550113404 236.8218760133866 1.5 1.4934158444404602 3.3211743950843813 4.568396235979219 1.6421504844532167 20.33365006012031 -1.0883552292969567 0.9930626749992371 
Car -1.0 -1 1.383770757105525 511.3882364057947 180.15741412671605 565.8068395383975 218.52746816181667 1.5 1.6196880981326103 3.9317874729633333 -3.1835277517062557 1.8368396060238072 31.124680003135957 1.2818421562525886 0.9904077649116516 
Car -1.0 -1 0.6923020825872624 1116.1046942571484 157.74970213057463 1241.0 374.0 1.5 1.7627997815608978 4.674935203790665 5.255459367206933 1.4648102505233833 4.061723135060351 1.6051280379255832 0.9805536270141602 
Car -1.0 -1 -2.67761187766465 722.161658383476 178.0341394152913 809.5614843698035 210.8554807608926 1.5 1.6851993769407272 3.8452158242464067 7.580412824767438 1.7680071892508735 35.418864120284645 -2.4667707840588435 0.7310838103294373 
