Car -1.0 -1 -1.6869517100268618 672.8574626810806 178.4756892724481 727.188238230684 222.66089324012296 1.5 1.5617108464241027 3.794887897372246 3.238549138506256 1.7245831589762886 26.87596801205959 -1.5670300946247322 0.9999715089797974 
Car -1.0 -1 -1.823769313503321 714.7410996140366 176.576399113631 880.4786742200702 289.1862360924108 1.5 1.5840877339243888 4.00050827562809 2.7775565919522536 1.5714347818602432 11.75812899660525 -1.591797378906284 0.9998968839645386 
Car -1.0 -1 0.4008000678379098 177.23285824674582 182.06501012651978 401.0384087280808 264.3574268914452 1.5 1.5873602151870727 3.684792158007622 -6.218144675508591 1.6914754520813062 14.150320739421876 -0.013233260312352857 0.9997956156730652 
Car -1.0 -1 3.7058400321076768 0.0 182.79742885851184 311.1496933344031 317.8928995972824 1.5 1.5835172057151794 3.9353864759206774 -6.071462863915459 1.6359289346186738 8.984371370848857 3.1115543723066867 0.9958760142326355 
Car -1.0 -1 0.29889730403643333 367.73001417270433 181.20998626363624 502.963914179858 229.94676048865193 1.5 1.6242361187934875 3.9721763253211977 -5.660087549306238 1.7828738124750463 23.458564009107004 0.062142177424158375 0.994168758392334 
Car -1.0 -1 0.6026854561840864 81.07818398026808 182.33009699216242 352.80555116632723 285.4601728667603 1.5 1.552002739906311 3.607746821641922 -6.283179335594569 1.6658635036443903 11.634260610603535 0.10750703414412907 0.9871076941490173 
Car -1.0 -1 -1.6495327802729618 663.4145822002499 178.7815889891509 706.3509156374321 215.57334512280082 1.5 1.5946953117847442 3.5571372628211977 3.2054988052576854 1.7762793114334623 31.78839916503847 -1.549033864462052 0.9724771976470947 
Car -1.0 -1 3.9304657890012984 0.0 184.20251333784262 170.38078355819593 374.0 1.5 1.626606334745884 4.155051571130753 -6.6158629986292175 1.6161315915627121 6.540091449698169 3.1393082022627414 0.970754861831665 
Car -1.0 -1 3.279294310231502 408.1125894584744 181.18367896756988 511.6855519083293 218.58650577285164 1.5 1.587110061943531 4.0760649859905245 -6.273304681853165 1.8605936153001126 30.274317022089154 3.074970591064316 0.8759596347808838 
Car -1.0 -1 3.2601605266228724 446.9351401408504 181.08331769039225 518.6162267339342 212.57565820644862 1.5 1.5552854657173156 3.332181137800217 -6.288054378129136 1.9173392264139255 35.68833331850977 3.0857570052107395 0.8328097462654114 
Car -1.0 -1 3.2000140951420937 459.45465535435807 180.96379454517603 537.8411036132286 208.69092098260342 1.5 1.6623225554823875 4.276819017529488 -6.2547436822401155 1.968972424944614 40.661814862208985 3.0473868727644504 0.739482581615448 
