Car -1.0 -1 2.8193962724002968 732.2117708660845 177.27947921603212 904.2976075419117 231.20640773561263 1.5 1.6740546122193336 4.553068664669991 5.975706988688961 1.6359726410916635 21.16502319552643 3.09457241296373 0.9999958276748657 
Car -1.0 -1 1.758173021669612 474.76804116865685 180.47264540896697 530.8636013733333 219.30068302136698 1.5 1.6250879064202308 4.130417343974114 -4.536576760704662 1.8476497062996269 30.791324865506823 1.6118924498518528 0.9999794960021973 
Car -1.0 -1 -0.5501861566968753 1027.9115927285184 174.87249329543536 1143.456034946958 207.0248416413254 1.5 1.7894955843687057 4.352417078614235 22.78918978944866 1.6002373715984004 34.7401242823039 0.030388756594385422 0.9999562501907349 
Car -1.0 -1 -1.9292096789116502 888.6000670149363 176.74187672374953 934.1885316564783 200.13129151392275 1.5 1.63116907030344 3.736981984972954 20.294443204535792 1.7735275058767705 48.79748800063888 -1.5350795398142678 0.999861478805542 
Car -1.0 -1 -0.6155528063222675 1007.8537501473722 175.15433874278872 1113.4019356933136 205.27683530618168 1.5 1.7137183368206024 4.42237840294838 23.059206307297963 1.6216723699610691 37.06375221916924 -0.05900569359329768 0.9989542961120605 
Car -1.0 -1 -0.7254398110619983 1201.0840885889718 172.61237840848602 1241.0 217.19817882110564 1.5 1.707937617599964 4.489046570658684 23.559447872044792 1.492228920978449 25.18534452039483 0.026615424952234547 0.998056173324585 
Car -1.0 -1 -1.9307204949620367 924.7140061519243 176.3656118551209 971.2457482343762 199.81421598483578 1.5 1.6059335812926292 3.7867358446121218 22.714043682941266 1.7468092845959557 48.68689171673538 -1.4942030693080766 0.9955343008041382 
Car -1.0 -1 1.6615984791539458 557.5649629545532 180.07644985838667 589.7604791534758 206.16843031897815 1.5 1.6275613129138946 4.1246800243854524 -2.240107594069901 1.9690883200897362 44.73062728946414 1.6115603327711643 0.9869900345802307 
Car -1.0 -1 -0.2262777200714197 758.8101153720531 177.827991476887 849.701807999739 206.24505391971758 1.5 1.7783189684152603 4.50453372001648 10.508372861741995 1.7785634053595778 39.38817605593058 0.034439845881189625 0.9817318320274353 
Car -1.0 -1 -0.8530875952293627 1241.0 170.82157595894407 1241.0 225.05619077705416 1.5 1.8207831799983978 4.955550891160965 23.838216609091184 1.4441458210758518 20.866934333114912 -0.0013230601933343028 0.977384090423584 
