Car -1.0 -1 0.658938527371616 0.0 183.06769834198633 273.3943544883475 352.88333281839243 1.5 1.5812404945492744 3.8996251791715624 -5.772839942172091 1.6149726079836977 7.2812811266922255 -0.011416987576757154 0.9999703168869019 
Car -1.0 -1 3.5071877754459613 166.9975604639567 182.26717170503588 370.73501175076007 262.7416021383243 1.5 1.5447740003466606 3.385705363750458 -6.803962279840858 1.7018107337134019 14.54700508987023 3.0696939110716404 0.9999631643295288 
Car -1.0 -1 0.5091826986026662 99.46392871923447 182.18141848334596 386.2310094157876 280.29955231817064 1.5 1.6242845475673675 4.007370260357857 -6.067000474072805 1.6684406550307889 12.099319017063861 0.04438917239638738 0.9999523162841797 
Car -1.0 -1 0.5637589304178945 0.0 182.609441925954 321.7232523317111 304.505004846535 1.5 1.5729889765381813 3.454083439707756 -6.018690303693807 1.6440641486108427 9.81601653069316 0.013726397356714526 0.9999544620513916 
Car -1.0 -1 -1.8635306143145485 744.8514126494363 175.9337097242673 939.7629317887438 313.8024011312902 1.5 1.499909584224224 3.3117453128099443 2.8094437456328802 1.5483650806378133 9.583250931756398 -1.578359081936304 0.9999289512634277 
Car -1.0 -1 0.22541093499188777 365.2586468969145 181.40672083530757 491.89437245053324 224.0478217355435 1.5 1.697298002243042 4.261270028352738 -6.661164346064669 1.8265652746526568 26.626760180643235 -0.019725875058446606 0.999909520149231 
Car -1.0 -1 3.472495510137051 253.92021459262597 181.78350263580433 436.10222592360185 249.16139393945195 1.5 1.6135883077979087 3.7378693491220476 -6.233139531693694 1.7227157229571217 17.123961124528815 3.1234024643858493 0.9999076128005981 
Car -1.0 -1 3.339076881646518 356.3361288440206 181.42939184369277 475.98569398742603 228.94520511433285 1.5 1.6151518121361732 3.601641443371773 -6.424659573056505 1.7969045731519102 24.028126543520244 3.0778078913649143 0.9998893737792969 
Car -1.0 -1 -1.6525702955637964 637.0002305552756 179.28294837029304 669.0914161776068 205.95845855567617 1.5 1.6027400761842727 4.015733909606934 2.5222486916764066 1.9066816088276162 43.57356834968537 -1.5947499843922002 0.9998711347579956 
Car -1.0 -1 -0.10608022174026124 708.8137004364942 178.15299048605286 805.8956562491284 215.5969827411399 1.5 1.6563937559723854 3.820229557156563 6.056352479523018 1.729401962096673 30.185035407613345 0.09193150599929265 0.9997854828834534 
Cyclist -1.0 -1 1.6062758525592253 554.1669218549945 182.12239674384404 565.3626412750664 207.7338716745264 1.4 0.5785817772150039 1.5636917695403099 -2.869775978459818 1.9346860957670167 40.802896506560735 1.5360588272425788 0.9996505975723267 
Car -1.0 -1 -0.38922886278220314 813.3424961781774 175.8079241090993 1053.540451707786 253.87698724019393 1.5 1.6904056563973426 4.171874237060547 6.444381506586685 1.5646671829872156 14.816844675403509 0.021027608713831223 0.9995591044425964 
Car -1.0 -1 -2.7281655825978373 280.64656854486225 181.70271647574077 449.3470354127632 240.56188385546298 1.5 1.6363583996891975 4.040250790119171 -6.654667030192498 1.7538280889530689 19.674468790276933 -3.0543244640019283 0.9946179986000061 
Car -1.0 -1 2.8880023670164396 719.4287082194859 177.82843473295307 837.6084825932247 223.03710892662693 1.5 1.593630065023899 3.698677432537079 5.727583712163591 1.6783941159839841 24.972752939820158 3.113456475730759 0.9600197076797485 
Car -1.0 -1 -2.805415694304815 459.5617347916523 180.95741289226567 535.839955493896 209.04563247222157 1.5 1.5492484465241432 3.9175523936748506 -6.284536611647452 1.9653858272930618 40.28856784154529 -2.9601567546513423 0.6997712850570679 
