Car -1.0 -1 1.729295909801545 489.31251708296116 180.2001084877898 549.6019797892832 222.91588234433098 1.5 1.6828362390398979 4.292081904411316 -3.500409893386223 1.8102119073527916 28.256891242360588 1.6060457110365451 0.9999953508377075 
Car -1.0 -1 1.8415121794592635 451.156230049559 180.23037559572649 534.226384454548 234.2602619416473 1.5 1.5691593781113624 3.9398203164339067 -3.6185042517608506 1.7526731008002878 22.632719085785908 1.6829745650251926 0.999944806098938 
Car -1.0 -1 2.0849008257969057 870.2180720777213 175.9915188697765 982.7176975720491 236.214104587668 1.5 1.4750540748238563 3.0980134874582292 8.597296019504432 1.592413582744974 19.647399221487625 2.4973778605421604 0.9996802806854248 
Car -1.0 -1 1.9532573931924622 928.5814950045174 175.2070438766666 1052.4648005262768 245.55646922712222 1.5 1.489892092347145 3.2651069134473802 9.01980067570807 1.5614763692075808 17.11463625810644 2.4382886767347873 0.999660849571228 
Car -1.0 -1 2.396993484154237 811.1628767202574 176.8147400690499 926.2809111080404 222.09731208111424 1.5 1.590387199819088 3.7710609406232836 9.145471449930906 1.6490995889955 25.624679965403296 2.7398028254469455 0.9987558126449585 
Car -1.0 -1 -1.7119020509260998 683.3542399337833 177.79425122046882 770.3051388762186 246.11853767503527 1.5 1.5784483894705772 3.955282133817673 2.7644785849196536 1.6379745968922155 18.110858785624934 -1.5604291996595008 0.9914998412132263 
Car -1.0 -1 2.168921141267495 0.0 180.44959551458538 330.98951524137374 374.0 1.5 1.547759447991848 3.50312018096447 -3.942329870798662 1.5841656901554275 6.184101050523773 1.6013874888380588 0.9905685782432556 
Car -1.0 -1 1.9244338381439667 252.5522934835968 180.21225575570773 453.8445746004352 297.67724128779105 1.5 1.643959854543209 4.176827755570412 -3.8901229258714642 1.6400945157378473 11.587649720430012 1.6005432486494602 0.9882102012634277 
Car -1.0 -1 2.2620206895461057 842.3234772520073 176.40860312530097 957.0168619088154 227.21022583267717 1.5 1.5071677535772323 3.5076698780059816 9.2081846122944 1.6211363753330372 23.012790243439113 2.6426420092543186 0.986714780330658 
Car -1.0 -1 1.8991214470274622 1050.7866638456298 173.78457944918136 1203.3672935512868 252.40059557569055 1.5 1.5397057428956031 3.7576666593551638 11.125806245387468 1.5225996825020252 15.523863550674614 2.5209615111311496 0.9719790816307068 
Car -1.0 -1 -2.7191266916934302 1224.9935222665285 164.06114946423457 1241.0 374.0 1.5 1.7291971042752265 4.381463167071343 8.03909511768788 1.4556111367351021 5.995144405550486 -1.7891050587084634 0.9672418236732483 
Car -1.0 -1 -0.46814487951908257 896.7502020725929 175.65938586164347 1056.874942887192 231.50937659100651 1.5 1.571095411479473 3.695083272457123 10.160314366207823 1.582165073690152 20.24670540866976 -0.0030378858235222913 0.6848140358924866 
Car -1.0 -1 2.926149425250812 717.6546615062485 178.3055559531204 795.2445505931006 208.19409670947067 1.5 1.6491901621222496 3.6689101278781893 7.507278362754649 1.7892475946217716 37.37704113048092 3.1243647217711032 0.5751402378082275 
