Pedestrian -1.0 -1 -1.7390468128300645 886.318930702713 146.49741049784765 972.4451508528582 312.9482037640136 1.8 0.7619260370731353 0.8675854213535785 3.7030177223145584 1.4228393151817338 8.280614710144354 -1.3185311714794976 0.9999326467514038 
Pedestrian -1.0 -1 -1.9111434729529464 561.2123037611433 159.5621328743439 629.5028828685797 273.1485100502226 1.8 0.8786055751144886 0.9161273509263992 -0.1567763361658224 1.4536473770776217 11.962626080028551 -1.9242482344296319 0.9995266199111938 
Pedestrian -1.0 -1 1.1830863396596363 757.8955092273744 154.7060002839891 827.7972729873044 283.3588763427769 1.8 0.6915316477417945 0.9191579677164554 2.7473184748527935 1.4264402527847633 10.54906199649742 1.4378594597193854 0.9994418025016785 
Pedestrian -1.0 -1 2.7167153852758004 408.57397720627165 161.48648673574272 477.3779093590143 273.92502945955823 1.8 0.7407749563455581 0.9024364434182643 -2.705243280852633 1.480902903820288 12.064339159785757 2.4961295008619846 0.9990516304969788 
Pedestrian -1.0 -1 2.757496625139426 421.3301101106636 160.69958507795718 486.7806018000137 276.9493846370047 1.8 0.7403015650808811 0.8213604360818862 -2.438389901885013 1.479229052365023 11.656113170711892 2.5512764334639133 0.9944772124290466 
Pedestrian -1.0 -1 1.9539253633249247 481.2386892591094 164.12213122013327 540.3725271701115 257.0138232648105 1.8 0.90621332898736 0.9199264019727706 -1.8518646354655772 1.4645150072381177 14.47652694303045 1.82669447660051 0.9921754002571106 
Pedestrian -1.0 -1 -1.4788897088872897 529.7589872114163 170.9552593545112 551.4336045741984 222.9082989875638 1.8 0.690291777998209 0.8162733659148216 -2.159432467717909 1.4357264418312958 25.295760386604496 -1.5640506041843933 0.9893698692321777 
Pedestrian -1.0 -1 2.70866990274096 420.3798439544622 162.28657010393113 474.7945254928316 269.8561778208181 1.8 0.5698878809809684 0.7538390837609767 -2.7133551930727555 1.4797802304468517 12.472115552096934 2.494454133506638 0.9857359528541565 
Pedestrian -1.0 -1 1.8333497664948777 472.51268759147666 163.69578986324817 526.4980059654605 259.6941854664041 1.8 0.7652151890099048 1.210583609342575 -2.021356125134429 1.4674261559155553 14.113224476375306 1.69109295606218 0.9990255832672119 
Pedestrian -1.0 -1 2.70205643210025 214.80871866334658 159.55538764271145 279.9845305421861 295.79884719762606 1.8 0.7101024061441421 0.5573693223297596 -4.939126606614053 1.511403893398915 9.926645640346107 2.240360724922043 0.9562348127365112 
Pedestrian -1.0 -1 2.791442286559312 410.95416530130973 162.66927471010368 469.73470099825744 268.50726803687115 1.8 0.6930603206157684 0.8277132667601108 -2.8992808916115584 1.4810254523281896 12.729927666559549 2.567508924003464 0.9373305439949036 
Pedestrian -1.0 -1 2.288232955329821 178.42219634705867 161.7366279970195 264.3914787605039 287.1014190644621 1.8 0.7258186608552932 0.91459336951375 -5.7579589300225145 1.5175498521018604 10.839080742331422 1.7999207854231418 0.8201473951339722 
Cyclist -1.0 -1 1.8249058623293986 483.3449951454685 184.52270603700194 533.9799154212626 257.98752428867874 1.4 0.7038768872618675 1.3190985217690467 -1.8827069161810766 1.4649513916686865 14.44186823902442 1.6952724337538303 0.9998399019241333 
Pedestrian -1.0 -1 -1.8832186569756626 920.5244817597891 148.40570306670708 993.136345979543 302.69811264288865 1.8 0.606183011829853 0.6949561208486557 4.270840122793169 1.4152637750091825 8.76422433701192 -1.4297794709589822 0.718012273311615 
