Pedestrian -1.0 -1 1.2792197439127206 576.6837973830259 161.20710194522127 615.9711048102785 250.69338482117615 1.8 0.597570326924324 0.8426025070250034 -0.23047240000533453 1.4135541934218674 14.709119433979478 1.2635523517939704 0.9999995231628418 
Pedestrian -1.0 -1 0.9272640216331809 785.0433194509541 144.00049007839743 878.4198997211136 313.44278260461664 1.8 0.6242027997970581 0.8420436203479766 2.499928919616179 1.4139525525360126 8.007206602956366 1.2298845489833015 0.9999983310699463 
Pedestrian -1.0 -1 0.7557510121967115 961.495186335604 109.4092140946117 1145.0638824740463 369.0 1.8 0.46175639405846597 0.7926532559096813 2.49839706476342 1.4347073653171836 4.08842579293579 1.304285212359156 0.9999958276748657 
Pedestrian -1.0 -1 0.765358286532688 244.14543719669004 161.18998543852263 307.2805617192608 275.2433090269689 1.8 0.6165537543594837 0.7061242617666721 -5.423041621417782 1.4969034711617328 11.5590078937941 0.32668439944716865 0.9999971389770508 
Pedestrian -1.0 -1 1.1197721158288594 835.5344084406972 144.38524644097356 918.3792407794239 308.52832389398594 1.8 0.5979350328445434 0.808487881720066 3.0757965530951896 1.4056517791933494 8.178369839605178 1.4794973572108405 0.9999953508377075 
Pedestrian -1.0 -1 1.121749570832972 575.8421100625324 149.692639056195 649.1545090926987 303.6610990456324 1.8 0.5710084483027458 0.9050529010593891 0.02947545928652554 1.4415231221258813 8.792320969084194 1.1251019676539558 0.9999935626983643 
Pedestrian -1.0 -1 -2.3469153520993533 670.9353495523139 165.5597061355283 699.2110029904225 223.55257143399422 1.8 0.5841928094625473 0.6745576418936252 2.502728241378573 1.3378337554390924 22.386274791381297 -2.235580221810613 0.9999823570251465 
Pedestrian -1.0 -1 1.2438640218418477 720.2046719620547 146.66792316358936 790.7895516838246 307.125577983187 1.8 0.5829344995319843 0.8090290732681751 1.7136100995400076 1.422160753483739 8.364299393707805 1.4459397037837165 0.9999797344207764 
Pedestrian -1.0 -1 1.2595047591477284 624.9860701548695 160.63214702470518 665.1283277236828 249.72307113446948 1.8 0.6065705351531505 0.838277817517519 0.7860816244533638 1.4002150177210377 14.762965108625329 1.312701388201441 0.9999467134475708 
Pedestrian -1.0 -1 1.1002280451937823 621.7695163975525 153.65382692071924 681.3982324504387 281.98906808106716 1.8 0.5090876974165439 0.9282947078347206 0.6275518927112826 1.4251293652643673 10.43909501522841 1.1602713306758063 0.9999769926071167 
Pedestrian -1.0 -1 1.382101644644979 547.5932772916731 161.4391841528328 584.3014912170777 251.96966220578116 1.8 0.6182902984321117 0.7540196672081947 -0.8499943395521119 1.4226462781254057 14.49435256377243 1.323525591692652 0.9998507499694824 
Pedestrian -1.0 -1 1.27627269515905 470.8681683286804 162.03809874001965 510.1783864071739 254.80293004085195 1.8 0.5559394627809524 0.8463165283203125 -2.3517646242436996 1.4433989768551192 14.217018119276977 1.1123382290217536 0.9998188614845276 
Pedestrian -1.0 -1 1.2792389730682001 538.4093504340327 152.06660950221584 590.5595387328568 296.34941908662785 1.8 0.4693721912801266 0.7956228710711002 -0.5906576826063181 1.4469570110640233 9.270408091512307 1.21561066707107 0.9996861219406128 
Car -1.0 -1 -1.2547050479283854 0.0 181.23279707130646 270.6791129893602 369.0 1.5 1.958596010506153 5.219425868988037 -3.139675191885297 1.5085478402671375 3.8166306164901287 -1.9430933157589776 0.999466598033905 
Pedestrian -1.0 -1 0.7837758396639387 995.5919730531126 111.76788167800176 1188.490073888795 369.0 1.8 0.552763932198286 0.8018477380275726 2.8467679631347105 1.429249564212109 4.274419081325664 1.3713175495478767 0.99937903881073 
Pedestrian -1.0 -1 0.7788609387021999 911.7559308590097 108.53031459554576 1096.5059156959123 369.0 1.8 0.5495585061609745 0.7283231735229492 2.1595296502706542 1.4396291967809147 3.9806618547754913 1.2759317596766608 0.9988909363746643 
Pedestrian -1.0 -1 1.2507109769012617 667.6568453540448 148.0634338465713 742.6356296637413 304.32531250384403 1.8 0.6700817987322807 0.8374836787581443 1.1529193496004675 1.4280432187657857 8.613343643833801 1.3837727745387214 0.9987976551055908 
Pedestrian -1.0 -1 1.4005242611162236 491.8833229331296 150.74251812022598 554.180525749243 305.72791689120726 1.8 0.6145106188952922 0.8960671283304691 -1.076099641049975 1.4560801149165425 8.72436957456133 1.2778000076625007 0.998730480670929 
Pedestrian -1.0 -1 1.2865105679220494 593.7014862113198 161.0799593322025 630.1942876031204 250.17095000091274 1.8 0.5642899803817272 0.7703155770897865 0.0958927048907137 1.409262945843358 14.728050750249587 1.2930213650080817 0.9969063401222229 
Pedestrian -1.0 -1 1.2676227121679915 592.6810959127027 152.6559444173704 647.3853814734507 289.2286971317019 1.8 0.5231437765061855 0.8505458503961563 0.14775721817923954 1.4346943188522088 9.795844488208639 1.2827052315089362 0.9900537729263306 
Pedestrian -1.0 -1 1.3010106788699185 551.0699310840824 152.4825568950841 610.8007562130848 292.97773783613303 1.8 0.578267828375101 0.9242713943123817 -0.38915933930433655 1.4427208709380934 9.581973506850387 1.2604192932459968 0.9872718453407288 
Pedestrian -1.0 -1 1.2925096086921608 498.98795978575123 151.85948488775625 569.8621175959919 299.5024146858718 1.8 0.6879624471068382 0.9007582001388073 -0.9779810558208184 1.4525065957103096 9.161605255603211 1.1861645420405524 0.9806399345397949 
Pedestrian -1.0 -1 1.1510041284987278 888.1835022265186 143.9117523106685 970.5557536005504 306.79677494387215 1.8 0.5774147368967533 0.833029256016016 3.7019328936312395 1.3973599456410495 8.225842440175754 1.5738887667616428 0.9794592261314392 
Pedestrian -1.0 -1 1.3845004133587206 763.1982918531476 146.07459141439216 826.4018935428323 306.94592084035577 1.8 0.5732717484235763 0.8097150854766368 2.168809547994618 1.4164980507787959 8.32974687115813 1.6392142653425754 0.9758135080337524 
Pedestrian -1.0 -1 1.5514062953276126 649.6251299960494 160.59436624338412 677.7643049170435 248.66383861496678 1.8 0.5709234185516834 0.7290510021150112 1.182483439347333 1.3947856177257565 14.827020792684847 1.630989778037888 0.9342278242111206 
Pedestrian -1.0 -1 0.7099039451270839 258.0652628844209 161.24129753447878 329.00780634716443 273.6331135112772 1.8 0.6188596159219741 0.890654095262289 -5.212018708962337 1.4932185058689902 11.743289614781274 0.29219321807357246 0.8249329328536987 
Pedestrian -1.0 -1 1.867426198571198 656.2316149275439 160.40502835916286 692.7935141124982 248.47707836604852 1.8 0.5478724397718906 0.8463882401585578 1.4357848679985559 1.3909278767101148 14.941346723385143 1.9632267832716526 0.7854102253913879 
Pedestrian -1.0 -1 0.5580808568334168 270.1347994440972 162.40071551716434 337.31313627711444 267.315637950348 1.8 0.6613280184566974 0.8786859482526779 -5.368544826986873 1.4911217521427254 12.519445367493224 0.1529820402476447 0.7429424524307251 
Pedestrian -1.0 -1 0.8808666848365849 909.4429286244568 143.75996158539024 994.9184554237814 305.4379191180407 1.8 0.4689700461924076 0.8485254392027854 4.023814221149325 1.3926508269335365 8.33463019029741 1.330645724138941 0.6110999584197998 
