Car -1.0 -1 -1.5537587324421496 594.9059648464329 179.19161406981317 644.4434120304845 227.16316347609416 1.5 1.5827548250555992 3.497709941864014 0.3144945983574192 1.733758817838697 24.798376895105342 -1.5410773484644038 0.9999948740005493 
Car -1.0 -1 -1.4752490974950108 500.82646979781003 179.8725328168506 565.5464134512629 235.2460294368208 1.5 1.607280460000038 3.573865306377411 -2.286272563235845 1.7298078443121527 21.791701450190327 -1.5797815090653045 0.9999123811721802 
Car -1.0 -1 -1.786022936054642 718.0535152655077 176.89569388654854 849.6204359996161 274.1923501514578 1.5 1.557142150402069 3.4347380071878435 2.9204321103797013 1.5827605949685788 12.986092824538073 -1.5648139510911447 0.9998800754547119 
Car -1.0 -1 1.0504713396273264 239.74625096194598 181.31318760713373 411.9966129800663 268.28275680641536 1.5 1.5838884308934211 3.706195813417435 -5.846971558632778 1.6917977476408754 14.55631202659927 0.6685179909083503 0.9998469352722168 
Pedestrian -1.0 -1 2.7297551037311587 803.5387600918104 164.69766588044197 840.3801984879775 240.65348386219267 1.8 0.7308639146387577 0.6145502001047134 5.083687184886552 1.607069133260583 17.498194366651813 3.012498009200913 0.9998099207878113 
Car -1.0 -1 0.9982267135074938 358.2487451814284 181.1117260737733 468.873907609657 235.18669039804942 1.5 1.5589267507195472 3.6715975522994997 -6.185395713738654 1.7770120317963374 22.36681382627562 0.7284261425349372 0.9997926354408264 
Car -1.0 -1 -1.53805327555834 592.4355140920615 179.63324054575452 625.4880574572148 211.61446410928045 1.5 1.554146085679531 3.4502720952034 -0.05100165084499567 1.8581452671816596 36.32916656749103 -1.5394571507957322 0.9997478127479553 
Car -1.0 -1 1.1445183000412145 142.53537711248248 181.55879147018956 354.42104521881276 294.5640545995404 1.5 1.6068554043769836 3.8075661778450014 -5.981013888002102 1.663011097103879 11.666775818887851 0.670799179873194 0.9988337159156799 
Car -1.0 -1 0.7665244477216433 432.91409423622184 180.83586732410134 526.9728863051184 216.79234425932898 1.5 1.6999731332063674 4.1991694390773775 -5.9815181935641775 1.8838812503852456 32.79719267889247 0.5861281593653815 0.9904032945632935 
Car -1.0 -1 2.413501279256263 0.0 185.55388919085027 0.0 286.38766855706376 1.5 1.7362278446555137 4.241038721799851 -14.743187541173016 1.7736513810220738 13.39565476123593 1.580250966544968 0.9866278767585754 
Car -1.0 -1 -1.463624709804037 651.6957409750358 178.9854217945402 689.6219863291363 210.9449786006247 1.5 1.5351530656218528 3.6345454424619676 3.0770156019966213 1.8272263725436106 36.532706665458825 -1.3795967111971719 0.8214725852012634 
Car -1.0 -1 -1.675046627139066 683.8006992933028 177.95226299068725 768.4733252821832 231.2049802795036 1.5 2.1352878332138063 5.42359561920166 3.593065361965547 1.686681797767007 23.608218100777155 -1.5240101526167733 0.6083880066871643 
