Car -1.0 -1 -1.6218235018527207 598.8618105155434 177.97412898519426 708.5806654570125 283.1443904506263 1.5 1.5916672095656395 3.491201114654541 0.5737961067070191 1.5994121194935667 12.207343104885481 -1.5748538966898364 0.999988317489624 
Car -1.0 -1 1.961099356629081 397.599355891647 181.43453871412322 455.45061274366776 212.3878570092179 1.5 1.5738744780421257 3.9738605290651323 -9.674871198002089 1.9793073548248734 38.19373541340366 1.7130074381788791 0.9999796152114868 
Car -1.0 -1 -0.9721685341008779 723.457264920965 177.34864991937215 848.5877176517445 235.05112536344717 1.5 1.6286811351776123 3.8763491928577425 5.124690128118238 1.6427317668648178 20.951526596165746 -0.7322810451176507 0.9997501969337463 
Car -1.0 -1 -0.9149036497166381 668.5600407670568 178.73570845210477 733.2556612658011 208.85319184668003 1.5 1.574084398150444 3.56754684150219 4.842267339071603 1.8287789398033194 38.465440663220214 -0.7896762053158624 0.9993501305580139 
Car -1.0 -1 1.7973342748080885 514.5244603025819 180.53288565114335 552.2354461310566 204.82878323542099 1.5 1.644752037525177 3.9555201798677446 -5.069791736035273 2.032221307814037 47.91058524813034 1.6919088244398655 0.9985284805297852 
Car -1.0 -1 1.9322853722498772 299.1853210714576 181.50051909583615 402.79090556299747 244.44602203431185 1.5 1.5075024709105491 3.3995049566030504 -6.883963480668587 1.753143641841555 19.37722941462455 1.590931880470139 0.9980987906455994 
Car -1.0 -1 -1.6585088031086546 1241.0 152.5921606882081 1241.0 374.0 1.5 1.6012985751032829 3.841378402709961 4.523105616105785 1.4632120736037146 3.1686095330641413 -0.6987997452404839 0.9962925314903259 
Car -1.0 -1 -0.9132909761973371 689.3627817037659 178.36687008150597 763.3081597459695 214.92527287960775 1.5 1.5177064135670661 3.3000918596982958 5.115455153369587 1.756140247527725 31.79212511183398 -0.7537551681187493 0.9962629675865173 
Car -1.0 -1 2.1874652456766355 13.49835350382874 183.08455892962505 220.2160225772611 266.4747970412422 1.5 1.5804078921675682 4.09148060977459 -10.39021216873785 1.7501816257989478 15.549968853737719 1.5984141707380832 0.9917855858802795 
Car -1.0 -1 2.134355066376738 224.9237856336783 182.9549298922995 302.5896072282066 222.1135501125715 1.5 1.4797695472836494 3.1308750182390215 -14.419376674350273 1.9450842721700816 30.124142301293112 1.6879205584486545 0.9798435568809509 
Car -1.0 -1 1.967466819104653 352.91823313462027 181.63626723061194 425.1977608529195 218.5490871576652 1.5 1.6335541874170303 4.1466782361269 -9.888550424225018 1.9218827704035608 32.48388026610398 1.6719653487165989 0.7425592541694641 
Car -1.0 -1 2.42580632786283 0.0 184.91282236291514 0.0 359.95514842332 1.5 1.6180633127689361 4.200941187143326 -10.592512615515101 1.679674749483249 8.600015220950713 1.5369624336573737 0.7085743546485901 
