Car -1.0 -1 -1.5644768360446941 589.6636169441456 178.99279411281168 651.9855668679361 237.56501763507683 1.5 1.6283844158053398 3.414270517230034 0.2667896989143242 1.6899509037483114 20.55900150464133 -1.551500781500016 0.9999949932098389 
Car -1.0 -1 -2.158381838144643 415.0732086297677 180.48635463154682 527.6132628615112 237.61641095074881 1.5 1.5437560647726059 3.526231509447098 -4.1796315676331375 1.7437955173973316 21.21623965344613 -2.352892593541418 0.9999507665634155 
Car -1.0 -1 -2.1730157528450165 874.7617434174996 171.5226437785544 1241.0 374.0 1.5 1.7478831604123115 4.236942020058632 3.49713347067542 1.4947673349066024 5.150557489062679 -1.5765358531523985 0.9999679327011108 
Car -1.0 -1 -2.0558340938737887 184.20702877444447 180.9779490902531 410.6351018290451 303.57700379807807 1.5 1.6030654802918434 3.5709506392478945 -4.803006173515269 1.6413946120331477 10.789350484824253 -2.4746572534230094 0.9998365640640259 
Car -1.0 -1 -2.1271182790896863 286.23098439078063 180.66785315216922 474.51425895766016 273.57084806198924 1.5 1.6087221473455429 3.881652143597603 -4.533849426557627 1.6702672149434574 13.823674445614001 -2.4440405527737483 0.9998317956924438 
Car -1.0 -1 -1.804573743332102 737.9079294056305 177.0402575868643 851.5748062188554 254.37868083662843 1.5 1.592855204641819 3.721941497921944 3.9154212158538266 1.6043665083496768 16.058826029893947 -1.5654224088091893 0.9991794228553772 
Car -1.0 -1 -1.7881027876231625 42.177991837961365 181.0658359458453 305.3966120232802 374.0 1.5 1.5701396882534027 3.581990909576416 -4.762959851410046 1.6072822625466465 7.566255050538996 -2.3499317328122 0.9987479448318481 
Car -1.0 -1 2.2943355970057766 0.0 184.01634841372368 108.25612008961886 289.0299375205782 1.5 1.6565293565392494 4.075295341014862 -11.190301231891043 1.7296681332074197 12.778740801393962 1.5751111388166965 0.997990608215332 
Car -1.0 -1 -1.7760763723964093 700.1022775136422 177.9342042902077 779.017831455019 229.44440408968353 1.5 1.6970184192061424 4.1441357254982 4.067106704581482 1.6807798886570957 23.522704159929045 -1.6048677424576623 0.9894447922706604 
Car -1.0 -1 -2.362039704023845 491.66629636894 180.4336231536353 565.4350463055359 214.31510302745608 1.5 1.5115784972906112 3.405037757754326 -3.9370136008452166 1.878230529281671 34.323029015251684 -2.4762452999737605 0.98639315366745 
Car -1.0 -1 2.1168245049965293 162.42985371173393 183.10705782097745 271.39184375685653 229.20185017282793 1.5 1.6452806562185287 4.036295649409294 -14.305486100474623 1.9054691411670248 26.449225619305803 1.6210210204084934 0.9860022068023682 
Pedestrian -1.0 -1 -1.2322186582440104 684.1611086838157 169.60322676759426 716.7629765732676 225.49731901316912 1.8 0.8206704191863536 0.887798473984003 2.945506560101683 1.6956706764122713 23.813686519826376 -1.1091540614750726 0.9850148558616638 
Pedestrian -1.0 -1 -1.723293723434796 705.4546017779489 169.23556443615507 745.7133451162033 226.16032993046295 1.8 1.0516146689653396 1.7072551444172859 3.722624404715447 1.6859403974561142 23.668236977538797 -1.567288219756682 0.9669532775878906 
Car -1.0 -1 -1.4416974634622384 608.1181783747717 179.39789340455823 649.2063037705179 211.26482682354833 1.5 1.61873200237751 3.8071850806474687 0.9642392064022042 1.8522391037186217 36.790253737466585 -1.4154943684723718 0.5501415133476257 
