Car -1.0 -1 -1.7840833882047245 702.2904574586447 177.16792575907184 842.4300658341197 254.36008055323583 1.5 2.0143067955970766 5.613989245891571 3.5386587948350203 1.6197497823957934 17.149757133591727 -1.5806004088979704 0.9999812841415405 
Car -1.0 -1 -2.1639318235838783 277.4465790865003 180.75896992528166 468.0953548873569 273.8301090515418 1.5 1.6097842276096344 3.7341909974813463 -4.62199895830289 1.6699080770216816 13.700219639132605 -2.489308075108801 0.9999713897705078 
Car -1.0 -1 -2.216221429792925 411.4726970435134 180.68235048984997 519.6838476626543 230.34438706228906 1.5 1.589868825674057 3.7980588644742967 -4.944807206556287 1.783364789238625 24.228493718746552 -2.417547122636114 0.9998890161514282 
Car -1.0 -1 -1.5628124233901395 590.5272516993813 179.6593010785095 623.6837194401568 211.54368928831977 1.5 1.5943289294838905 3.4959132343530657 -0.17220475825348222 1.8605818962043674 36.43977798146083 -1.567538123871435 0.9998685121536255 
Car -1.0 -1 -1.6424506986613825 655.6489955807585 179.06331227285813 688.8104058251671 207.19691248665097 1.5 1.6049521535634994 3.929628294706345 3.4833928209031613 1.87290744211131 41.3138111039021 -1.5583341969784839 0.9997603297233582 
Car -1.0 -1 1.9404615338086622 245.86482736390275 181.87935817564954 363.34900794599093 240.61023814398172 1.5 1.7188631489872932 4.364453119039536 -8.886493301277458 1.7944613060177672 21.30611985944145 1.5453128059718269 0.9997623562812805 
Car -1.0 -1 -1.5894780973083875 586.6890902124883 179.2322896427333 640.4347479053732 229.71008023498536 1.5 1.6309166818857193 3.410129484534264 0.03260999374932147 1.7241252536622533 23.59181160976955 -1.58809583919612 0.9993636012077332 
Car -1.0 -1 -2.200054889507057 386.13419142235966 180.6383110334098 514.003372502007 239.43142375867976 1.5 1.6005065783858299 3.8938390582799913 -4.715845757475983 1.7449929814434015 20.788833252819014 -2.4231248656895503 0.9984167814254761 
Car -1.0 -1 -2.0365560731361616 165.4665119105165 181.18963995159766 389.58976592514813 301.41303400593154 1.5 1.5927020952105522 3.689602252840996 -5.205469435022302 1.6479280228009126 11.007627305245965 -2.4782868186619624 0.9978821873664856 
Car -1.0 -1 -2.379267316084393 481.4129256796611 180.60162186099123 553.8067496389344 211.247261176251 1.5 1.5778668716549873 3.708368030190468 -4.916204531642073 1.9262132312984088 37.92389428686917 -2.5081818262722835 0.9978063702583313 
Car -1.0 -1 2.1563937026550235 0.0 183.1545297040201 143.3115258865038 318.28604816841613 1.5 1.609913681447506 4.001226139068604 -8.703040987791331 1.678536065659459 10.400826952470862 1.459633990130152 0.9976747632026672 
Car -1.0 -1 -2.049308632966153 466.18518782140023 180.58909038701714 536.3677588660661 217.75270863610749 1.5 1.5672285601496696 3.6128292351961138 -4.887119917517332 1.862320360668591 31.840579416224408 -2.2016072432186946 0.9354235529899597 
