Car -1.0 -1 1.8529539479770532 401.2878897805748 181.44942305799185 452.1305587173179 211.91226905441397 1.5 1.5755914643406868 4.068427768349648 -9.80939225237015 1.9865266574119942 38.74845036243993 1.6050073981245578 0.9999786615371704 
Car -1.0 -1 1.8859467558945764 355.6120041926328 181.56478420472305 426.1624940580786 218.89988877827736 1.5 1.6727909937500953 4.636784878373146 -9.771495177580306 1.9199053712532717 32.41301157500071 1.593143451209885 0.9999604225158691 
Car -1.0 -1 2.1735050214779106 42.87713232579816 183.00351440523042 233.63996684024784 262.4832707199267 1.5 1.5642215058207511 3.9996566742658617 -10.353778625629005 1.7561318438423124 16.15605830956555 1.6035816550215305 0.9999619722366333 
Car -1.0 -1 -1.5631965708433686 1152.8228446804733 162.74520825596704 1241.0 374.0 1.5 1.6386570900678634 4.053275895118714 4.440680914418337 1.4722838333870658 3.953206897419362 -0.719788686433111 0.9998063445091248 
Car -1.0 -1 -1.5536330319983835 569.812700184716 176.86344761131568 756.9215844910735 359.9520513807723 1.5 1.5665337935090065 3.4970326840877535 0.5322167671775513 1.5537499931895036 7.796764194264667 -1.4854775230076653 0.9997908473014832 
Car -1.0 -1 2.173594766587227 236.14265784106468 182.85946594659043 313.8099323354375 220.8721978302142 1.5 1.4996583133935928 3.167505052685738 -14.379731208895805 1.9542910927444248 31.045041430596378 1.7398269057234348 0.9988045692443848 
Car -1.0 -1 -1.0515547186274103 725.5344628885906 177.42631341884584 836.9350144495045 233.15246627933365 1.5 1.602702823281288 3.748755019903183 5.155041972934006 1.6497023484837754 21.649088551968113 -0.8177898089077813 0.998672366142273 
Car -1.0 -1 2.4105198774303727 0.0 184.6319368996979 0.0 344.25187195091803 1.5 1.6497230648994445 4.311264914274216 -10.629014352895288 1.6870076687863378 9.264671368764082 1.5566472252223151 0.9970773458480835 
Car -1.0 -1 -0.9389571755299158 688.5329200143321 178.4034776932021 759.5202381553132 214.13612383934392 1.5 1.4726819962263107 3.3399763077497484 5.130907847248781 1.7635196879215358 32.513744041763985 -0.7824405590679986 0.992625892162323 
Car -1.0 -1 1.9269694813247098 460.5115880697208 181.03400457176727 505.0511326605447 204.95238624802607 1.5 1.6130194559693336 4.204260793328285 -8.606152879385082 2.080704615036808 48.97472810436805 1.7530190825422824 0.9812896847724915 
Car -1.0 -1 -0.8430524563491262 668.7972855195364 178.75910827904872 733.3952444672095 208.25411991092346 1.5 1.529799823462963 3.507739540934563 4.928492867093396 1.8346476645606438 39.114059948457985 -0.7177099148419244 0.8403870463371277 
