Car -1.0 -1 -1.540925255792904 569.177054907174 179.1091291572554 633.9393564515424 240.18296835231587 1.5 1.6249934703111648 3.502262619137764 -0.2291131549741539 1.687736787903347 19.845948937816782 -1.5524693234500033 0.9998008608818054 
Car -1.0 -1 1.820246805446635 403.5790042325075 181.53617710255122 450.20535058135283 207.8715255986591 1.5 1.7769959315657615 4.370877382159233 -11.312293885372032 2.0648560395168385 44.72328924060905 1.5725033163984836 0.9995642304420471 
Pedestrian -1.0 -1 2.1698912502040497 1177.913526491198 164.36622966669648 1197.267055325403 219.9482301964052 1.8 0.4659840863198042 0.19403910525143148 18.858080889828738 1.525484883976255 23.61515844194071 2.8437524914702 0.9990506768226624 
Pedestrian -1.0 -1 1.6014801020210614 1179.3115519684904 164.32754249050015 1197.6227221499776 220.06261359488278 1.8 0.4599383592605591 0.20657615065574647 18.81816952208146 1.524990366934713 23.527507641237083 2.2761216044386448 0.9952488541603088 
Car -1.0 -1 2.0907578356207672 0.0 181.1780712301069 321.45656525623093 326.43472496769414 1.5 1.859508503973484 5.6193801134824755 -6.302939378210033 1.6552278056991032 10.596757828380373 1.5541714866969245 0.9915018081665039 
Pedestrian -1.0 -1 1.7846390268866046 1135.144146392143 154.05100330345815 1191.1038939565872 269.0651873910007 1.8 0.5694376796483993 0.799452469497919 8.970366033283488 1.5060863870463106 11.765441476215864 2.4360501646956028 0.9814691543579102 
Pedestrian -1.0 -1 1.9571450374258659 241.26945827060578 153.62669552832958 336.8520688287175 325.4315361553434 1.8 0.7190156288444995 0.797855344414711 -3.573178518641541 1.5989133406399536 7.968140802147548 1.5355948646876472 0.9800865650177002 
Car -1.0 -1 0.8302903550227578 0.0 187.61925463697065 0.0 238.70117957042623 1.5 1.4837082967162132 3.52663793861866 -24.793011573744277 1.9736629044893295 22.373322545986987 -0.00636406342056819 0.97889643907547 
Car -1.0 -1 -1.6532439398172718 1241.0 171.82951845056058 1241.0 221.64953440252214 1.5 1.668896947801113 3.8534878313541414 24.26390990072498 1.4695123291659278 23.724042401986278 -0.8565961877491814 0.939589262008667 
Pedestrian -1.0 -1 2.3208050719828694 1170.5296802318635 152.6023137530509 1241.0 272.67489261201194 1.8 0.5729580789804458 0.8416874825954437 9.245501081300981 1.4967661943633674 11.15185490092096 3.0130131125410617 0.8828679919242859 
Pedestrian -1.0 -1 2.0596526862350073 1153.690216361468 153.63405911699152 1213.1699348308136 269.6671407645306 1.8 0.4940678857266903 0.6606539271771907 9.124101569667827 1.502202434512649 11.549244388420217 2.728276836868149 0.873443603515625 
