Car -1.0 -1 -1.162838671856696 247.34219148001034 181.89945334501905 359.6564117091091 239.66988284942437 1.5 1.5511245027184486 3.8585333645343782 -8.614196983597509 1.4150254153567374 20.599548360650488 -1.5589135187354428 0.9999936819076538 
Car -1.0 -1 -1.7231638429415534 664.6094913802783 178.53826577942638 734.9461192242694 230.92049760791895 1.5 1.617123980820179 3.676341709494591 2.742465217448663 1.3099184722426185 22.443319908638582 -1.6015714770790679 0.9999912977218628 
Car -1.0 -1 -0.9090452993091553 0.0 183.99503897322958 167.36411910587142 317.76619023403236 1.5 1.577087913453579 3.8793964803218843 -8.133341495165801 1.48744371375611 10.012311097004114 -1.5912619019534928 0.99996018409729 
Car -1.0 -1 -1.3656595589959455 401.43600905954713 180.6439773283531 487.3187494115674 241.3343851451176 1.5 1.5689200282096862 3.630095583200455 -4.388651059519809 1.3881383486651107 19.58997899881471 -1.5860460810971004 0.9998792409896851 
Car -1.0 -1 -1.008205002003362 0.0 181.33570326993626 371.771106595652 375.0 1.5 1.6032469019293785 4.041058805584908 -3.719444185966563 1.4771988231695055 6.482401670967414 -1.5291186581042153 0.9998314380645752 
Car -1.0 -1 -1.5878685871617813 584.0375632885736 179.7223854343586 613.8144549211987 207.5754104564032 1.5 1.6048348069190979 3.8725032031536104 -0.5648478356124 1.205293688684977 40.6697371733423 -1.6017563464727742 0.9995349645614624 
Car -1.0 -1 -1.406137205850569 478.80445650345735 180.44135732143238 528.184876338232 215.7883530337044 1.5 1.6262338057160377 3.6242159575223925 -4.662747452231944 1.2985252433682049 32.331010884001586 -1.5493686674770457 0.9987106323242188 
Car -1.0 -1 -1.2369207186739557 354.2649181084295 181.33643160193262 426.4629786383315 221.54931233130398 1.5 1.5934747204184532 3.8358649730682375 -8.641512358410015 1.3564287956267125 28.760301835860968 -1.528805603333984 0.9978973865509033 
Car -1.0 -1 -1.3744033722370619 414.40285090027504 181.02671543544972 462.2408649286929 210.4961525905856 1.5 1.6991468638181686 4.329480466246605 -9.097584030946829 1.287911158055157 38.77853202336989 -1.6048396649446828 0.9971365928649902 
Car -1.0 -1 -1.5145634886931263 515.0514631017271 180.31807700907797 545.3284012408628 206.42018716316736 1.5 1.6007371738553047 3.8297160089015962 -4.653117444589225 1.2196814560926765 43.259556412379766 -1.6217142837729794 0.979714572429657 
