Car -1.0 -1 1.9797154109962063 192.18765445650985 180.14034502083194 437.32437643093857 324.80187448073394 1.5 1.5639499321579933 3.8417945176362993 -3.6752014287022905 1.617355007486302 9.629360458647929 1.6151132464369358 0.999988317489624 
Car -1.0 -1 1.8248707548572431 400.0888939303526 180.07015815180648 514.2969610935719 259.5586515398402 1.5 1.546901886165142 3.762961041927338 -3.2682124637560155 1.6783900148455368 15.880013833259293 1.621898162361008 0.9999797344207764 
Car -1.0 -1 1.7799148960259408 459.4150178861756 180.02659121403326 543.2989992668902 239.16884062954642 1.5 1.5813669681549072 4.06997301876545 -3.0766594000733627 1.7286556374991493 20.88259842528026 1.6336359858473362 0.9999511241912842 
Car -1.0 -1 -1.5817477054429225 684.2888257831122 178.03127505393283 747.4053987452166 238.0195854320277 1.5 1.5981223925948143 3.5082588464021685 2.88445948647588 1.6585521853999448 20.20081131184645 -1.4399171481516702 0.9999315738677979 
Car -1.0 -1 -1.2635767140253924 697.655190416151 178.03414532241658 770.9011383506437 226.24359683316013 1.5 1.5240058794617652 3.3639086902141573 4.2658883356529795 1.6908551938145961 24.68753645730868 -1.0924711088326318 0.9996902942657471 
Car -1.0 -1 2.4149218554332124 0.0 180.04573954524932 219.35869538881838 374.0 1.5 1.6253766164183616 4.006444898247719 -3.8667172463968917 1.555347518270771 3.5034543055027445 1.5802752852400364 0.9993705153465271 
Car -1.0 -1 1.0270566071345106 896.3589822025006 173.775773984661 1241.0 341.14093624500646 1.5 1.73363336622715 4.53904629945755 5.208635251433807 1.5144665065672414 8.765073206756913 1.5632366379115241 0.9989234805107117 
Car -1.0 -1 -0.25475279716988375 849.8905260248061 175.1161876784825 1122.8663871410747 267.96801158581854 1.5 1.582251538336277 4.052805390954018 6.455829336237019 1.5445753202708685 12.906201485863347 0.2090639313075202 0.9939813017845154 
Car -1.0 -1 -1.0175656310688852 740.160305065759 177.75917481111262 816.9589724295059 218.90332481095552 1.5 1.4950888723134994 3.174249690771103 6.61266628205337 1.7043355090590486 28.349180817867897 -0.7884053746846063 0.9858158826828003 
Car -1.0 -1 1.397977258739867 518.818320934747 180.23764204044733 565.1707397658028 213.20877856497634 1.5 1.616063204407692 4.050000247359276 -3.4832597592984245 1.8905547157794491 35.96072342140784 1.3014156063410895 0.9821621775627136 
