Pedestrian -1.0 -1 1.0434836114159958 682.4296224397319 171.20491017029687 708.6181879802338 218.2139972099793 1.8 0.7042435489594936 0.8043296195566654 3.2883211958882277 1.7372133542233754 28.13462100003849 1.159833832583155 0.9994031190872192 
Car -1.0 -1 1.493051214344449 457.7721803892033 180.69998538370643 505.2679774965817 221.81824790575976 1.5 1.5955525010824203 3.5213793188333513 -5.247328166187351 1.8359326801767581 28.951962378070807 1.313754959902491 0.9989751577377319 
Car -1.0 -1 -2.6139776725238844 1005.4291313042403 0.0 1241.0 374.0 1.5 1.5724644556641578 3.7345750749111177 2.9665990869839147 1.4677699703248757 2.0314569832368736 -1.6436168784883363 0.9985626339912415 
Car -1.0 -1 2.386698761967698 0.0 182.45084897797784 102.60790642559004 374.0 1.5 1.6308160990476608 3.7756069123744966 -5.9894349816997625 1.597852107946901 5.424421538208637 1.5518385609004157 0.9965682029724121 
Car -1.0 -1 -1.13054577715418 0.0 185.30488349438684 30.51547716028026 239.54045641568504 1.5 1.7141860470175743 4.116732862591744 -20.686638281707083 1.938795363589398 23.187947259965423 -1.8589951554921014 0.9958022236824036 
Car -1.0 -1 1.938963103898576 56.47793974861039 183.8550261532709 173.54983797331204 239.0481708884058 1.5 1.741923813521862 3.8209544986486437 -15.306619125069759 1.8746184077645363 22.4858189430936 1.3412920673701423 0.9930816292762756 
Car -1.0 -1 0.5614271258366073 336.13950451694194 182.06943528113445 423.1044471601708 213.39769130298038 1.5 1.609048855304718 3.9476799339056017 -11.695294592190615 1.9836105526656298 36.56331948275982 0.2518474300715583 0.9744554162025452 
Car -1.0 -1 2.331046389692465 528.7668280633428 180.263345946015 589.7980595842315 204.52839516349871 1.5 1.6439276307821273 4.152719166874886 -3.3606858084168834 2.015334319086014 48.02243521656519 2.2611787199934543 0.9239553213119507 
Car -1.0 -1 1.5066914153978304 564.3697863278047 180.11473748794532 592.2936300570078 203.54998655198793 1.5 1.6591378048062324 3.894397106766701 -2.236332646937441 2.018498743836172 49.46160040999396 1.4615086754176276 0.649271547794342 
Car -1.0 -1 -1.0694100560550395 0.0 184.52614507326106 117.53001282622915 237.51131270164356 1.5 1.6433757290244102 3.845082086324692 -17.879690286735453 1.9107401447342753 23.3409435901879 -1.7230870137598855 0.6487606763839722 
