Car -1.0 -1 3.4707619284621662 199.77727504966464 181.93274886205995 414.5938479795562 258.6431818443479 1.5 1.6204204902052879 3.8732639074325563 -6.316453310740737 1.7040899590412635 15.257802788042289 3.078260648246628 0.9999487400054932 
Car -1.0 -1 0.2932457167932969 354.4708853860022 181.29259887540226 495.1846628718909 232.17264632940325 1.5 1.575406689941883 3.951276329159737 -5.73470256034604 1.7729103775046051 22.429933756114863 0.04293601115676335 0.9999499320983887 
Car -1.0 -1 2.6551813789228715 813.6876793959045 175.49094562848762 1084.3532315452692 264.9349807277964 1.5 1.642821592092514 4.167520117759705 5.971395463595452 1.5516683913168736 13.095171322334402 3.083013522621018 0.9999039173126221 
Car -1.0 -1 3.4603782819764737 279.7534303327703 181.60512383695195 459.60353799911013 246.1525609846688 1.5 1.6037839025259018 3.900548678636551 -5.873427545895835 1.7258214882787395 17.784666338326222 3.141403186317307 0.9985935091972351 
Car -1.0 -1 0.7086266425988332 0.0 183.32720923274942 311.63589545419865 345.1336174286685 1.5 1.8555930376052856 5.613488939404488 -6.460851840696811 1.6274979924890163 7.784204255004007 0.01586167415114812 0.9875915050506592 
Car -1.0 -1 -2.227065693248191 864.195152607045 166.0702977585409 1241.0 374.0 1.5 1.647908103466034 4.159342360496521 2.764222931049369 1.4861650900569414 3.5867930958743393 -1.5704684022665047 0.9858251214027405 
Car -1.0 -1 -0.2207360322823713 754.769398190514 177.3243785174062 887.3259579799753 226.95864861518737 1.5 1.5566403537988662 3.7758978575468065 6.557085930800521 1.6474485550129665 22.850557174885008 0.05871049960586003 0.9849058985710144 
Car -1.0 -1 -2.8482249282035497 393.9175763093539 181.20651982323042 505.91082621095006 222.5155818468997 1.5 1.6154831767082214 3.8714318096637728 -6.1011461734182975 1.8301229179288432 27.53315317315276 -3.0662939111378535 0.9833461046218872 
Car -1.0 -1 -0.5034234840172251 976.8222843374805 172.9041319751865 1241.0 314.1491330182968 1.5 1.5671253696084022 3.2704687237739565 6.367997161099421 1.5010279730017493 8.65119689645297 0.13111095031234196 0.9811612963676453 
Car -1.0 -1 -1.5559233981880585 640.6288850564475 179.30717886953965 667.0649628923302 203.93384966620573 1.5 1.6489172846078872 3.987294298410416 2.8566686974526183 1.939699039535191 47.07039694165054 -1.495308459797178 0.9630846381187439 
Car -1.0 -1 -0.13297358031641673 698.5558256619987 178.37044366780307 785.3015857616724 212.97316233095916 1.5 1.6452778622508049 3.649841856956482 5.842642525335436 1.755518254985825 32.46761046768758 0.045073791346277516 0.8556534051895142 
Car -1.0 -1 0.13675498127146102 0.0 182.22034774773564 269.47473002969383 374.0 1.5 1.9671472281217575 5.484003436565399 -6.855769093346379 1.6309217493872628 7.712603560535872 -0.5898961583760125 0.7917594313621521 
