Car -1.0 -1 -1.571080808833764 592.794256481688 179.13458377265985 646.0570947557915 229.74237493112676 1.5 1.6132981076836586 3.7069375187158586 0.2583786283081537 1.722949172536195 23.70748621917341 -1.5601826310765488 0.999992847442627 
Car -1.0 -1 1.9454891793591262 319.6106819841823 181.84497390224175 399.9878562560056 220.333845922436 1.5 1.7706353709101676 4.541872677206993 -10.841040080360308 1.9216845419323298 31.502202909025844 1.61404799222551 0.9998904466629028 
Car -1.0 -1 -1.0807794229406449 679.5100660864988 177.98374797980523 785.6775875918396 225.5258691299561 1.5 1.7849086344242096 4.538259890675545 4.39866351270718 1.6990636513405017 25.607050191811858 -0.9106641570713861 0.9998134970664978 
Car -1.0 -1 -1.1772249933532706 774.6653254856341 175.5298060440118 987.9164911878498 295.2667851364454 1.5 1.6253406673669815 4.095313188433647 4.285165367072768 1.5493796127466328 11.17187282678275 -0.8109644810345513 0.9997499585151672 
Car -1.0 -1 1.8110906464721208 380.4975427255794 181.63233549887894 430.8235283685352 212.7948413305033 1.5 1.6044345244765281 4.174334418773651 -10.734629277280005 1.9888234292462412 38.03301796613621 1.5360013683650153 0.9996938705444336 
Car -1.0 -1 1.850200707614452 418.52786961970804 181.43561665796832 461.33816738170367 207.49277349830447 1.5 1.5452947959303855 4.024616864323616 -10.56435037599957 2.059105055771549 44.9290564388515 1.619261729713303 0.9996905326843262 
Car -1.0 -1 -1.0732032949954369 737.7676704665388 176.59632931788764 899.9692087955619 261.37464291450476 1.5 1.590081726014614 3.7723595768213274 4.330440624632909 1.5871371856152157 14.829948710600297 -0.7890960733082635 0.9995957016944885 
Car -1.0 -1 -1.4883098649652209 1114.090928439668 164.56106131340204 1241.0 374.0 1.5 1.6160931929945945 3.899676588177681 4.475047629740503 1.473871017374915 4.139790362813906 -0.6640150705960137 0.9992775321006775 
Car -1.0 -1 -0.96798674551027 730.7749465749879 177.13753149645754 864.5372847026839 241.74307027158193 1.5 1.5837321549654007 3.6419140666723253 4.890844991658244 1.6224773941294959 18.777410208046724 -0.7131838361409051 0.999138355255127 
Car -1.0 -1 -0.9283541176098982 662.4753563246072 178.5630449778334 744.448181395488 214.47974991287649 1.5 1.6361527636647224 3.975331273674965 4.252576501371875 1.7753790116593862 32.76058217680373 -0.7992682019856316 0.9983217120170593 
Car -1.0 -1 2.0167060165982145 307.6177622999688 182.5129626530454 358.64464487489244 212.28541595527508 1.5 1.4049619928002357 3.0229302614927294 -14.92272320585293 2.04240809895039 38.926486877012714 1.6506292700728 0.9935371279716492 
