Cyclist -1.0 -1 1.7900164292807725 294.8979589716119 186.6499364888749 346.6718321981419 266.41807215977735 1.4 0.5791116997599601 1.6473174586892128 -5.560373158756384 1.6810532897141033 13.8180505825711 1.4074434479090827 0.9999294281005859 
Cyclist -1.0 -1 2.0453126641929282 232.31772435809 187.7524943839456 325.02672801842846 289.9287537875218 1.4 0.543523908406496 1.7651763305068016 -5.06709785200571 1.6467834675553708 11.037982964102325 1.6149499297102512 0.9998654127120972 
Car -1.0 -1 -1.2457197011000523 460.4463731419501 180.05871929968856 559.8449317738026 226.87238605493945 1.5 2.0568309843540193 5.282244321703911 -3.582715202467311 1.7954766736111738 26.7639641360752 -1.3787920037892205 0.9997231364250183 
Pedestrian -1.0 -1 2.5015828708243824 941.9649766969314 164.02164478765314 978.5901271638837 235.27415070424388 1.8 0.5552086539566516 0.6428453631699085 8.956773008301047 1.577232491643216 18.55834026123633 2.951236474510056 0.9911138415336609 
Pedestrian -1.0 -1 -3.3687531838085594 885.9518263885541 165.9237351480133 917.3011308366754 229.9981923866043 1.8 0.5191548287868499 0.7298235341906547 8.264781606625318 1.6056706164408578 20.57963314047331 -2.986868218579565 0.9860038161277771 
Pedestrian -1.0 -1 2.8351362294653564 0.0 166.36883573925155 12.24729442587229 284.9888265346963 1.8 0.5977812714874744 0.6091828018426895 -9.968634136239364 1.7019486908778594 11.361565807770855 2.1149487376173557 0.9833163619041443 
Cyclist -1.0 -1 -0.9356760759890395 626.9240497108079 181.8440559415448 663.2371684851978 220.7636517217314 1.4 0.5792259730398654 1.511089552938938 1.2834107617403891 1.7473329190538924 27.07634370519933 -0.8883118192341668 0.9497010707855225 
Pedestrian -1.0 -1 -1.1207813966225315 630.5644471333561 171.36827966904886 656.1265580605102 220.79295143231093 1.8 0.5119001053273677 1.1322292059659957 1.2063036199535926 1.746249249608323 26.89473295889444 -1.075958655276571 0.9413290619850159 
Pedestrian -1.0 -1 0.8358666995053865 0.0 166.94846646850434 0.0 283.94678317519316 1.8 0.6175999090075492 0.7502093471586704 -10.60737825274434 1.7095021978767366 11.43861970027228 0.08815555175277165 0.8183125853538513 
Car -1.0 -1 -2.7082991190034216 393.3988507321124 181.6246138686774 466.98070443621793 210.60355285503866 1.5 1.6859204068779945 3.4950605154037477 -9.780137985869171 1.9909474179808548 39.200958358860234 -2.9527951041844234 0.7727418541908264 
