Car -1.0 -1 -1.7507268689473388 698.4201030628959 177.6231091533202 790.9793717984841 248.98312039104513 1.5 1.5504606559872627 3.3408159881830217 3.0292628658809098 1.6242085397142334 17.061468877529492 -1.57500810461608 0.99998939037323 
Car -1.0 -1 0.5241318931771513 0.0 182.58935849982018 331.3838905057793 307.96881616329125 1.5 1.5921559676527977 3.8473649442195894 -5.998289472492408 1.641827441362974 9.622647713123643 -0.03328092495468685 0.9999760389328003 
Car -1.0 -1 0.35222923328862454 204.47073095988654 181.82408411002837 424.3628391526579 262.5437207666731 1.5 1.5847381696105003 3.7591131895780565 -5.840584153272952 1.6905862940264056 14.446866689387438 -0.031961635747228344 0.9999700784683228 
Car -1.0 -1 -2.3393825151048424 929.4806817529702 164.03296756259746 1241.0 374.0 1.5 1.596255649626255 3.650680419802666 3.1206596741607466 1.4808742452625028 3.4408736174788643 -1.602747359373842 0.9997965693473816 
Car -1.0 -1 0.1730799816353081 397.57719554308346 181.2728655894124 507.5428120357754 217.93777035566436 1.5 1.6773036241531372 4.373655331134796 -6.706618558661731 1.8713896796947669 30.869225569323746 -0.040854410329137524 0.9996216297149658 
Car -1.0 -1 3.5941225752632895 66.35854940855278 182.49321593054276 351.34545484550154 281.7650345116161 1.5 1.56682790517807 3.8266370564699175 -6.5211010510879435 1.6715958240291549 11.942203648558841 3.0943131327589573 0.9973087310791016 
Car -1.0 -1 3.8739882938585812 0.0 183.90931302661554 186.66278156988454 351.48286061013647 1.5 1.5497025594115257 3.65909920334816 -6.648467731533754 1.6248416764374325 7.340441597908012 3.138015735145432 0.9946075677871704 
Car -1.0 -1 2.833213575703865 737.7574677379109 177.5418493722316 870.1936162413357 223.85977655403403 1.5 1.6309237599372863 4.0297871947288515 6.4672373867021005 1.6652664116493416 24.46440115222847 3.0916546463926853 0.9935332536697388 
Car -1.0 -1 3.3295159358988555 327.2221650989461 181.48872244095935 466.12701511336996 234.79735179701828 1.5 1.6039416685700416 3.7537342429161074 -6.338763377437166 1.770602840086319 21.598624622494416 3.044051516052109 0.9925497770309448 
Car -1.0 -1 3.2700241820165106 476.0795954845704 180.93379757485866 545.9838839816567 205.3724896622528 1.5 1.672360908985138 4.207974535226822 -6.259342165966674 2.021680048422369 45.69977194454275 3.133904564376694 0.9920439720153809 
Car -1.0 -1 0.34590614258201713 277.3827792686173 181.55129673141377 455.34345682561207 250.217533603275 1.5 1.5913183361291885 3.6021462202072145 -5.632507197515938 1.713056570699624 16.8069366596495 0.02253954013320378 0.9867139458656311 
Car -1.0 -1 -1.6859501163816695 632.2889574764622 179.19300919203465 674.4562563766991 206.03659697197142 1.5 1.9592032328248024 5.476165053248406 2.5595993172656892 1.9151745685274113 44.42385203729026 -1.628396068760429 0.9777016639709473 
Car -1.0 -1 -1.5861817121519883 500.6603302027484 180.66380965399009 528.938899812291 208.8990660332758 1.5 1.534557019174099 3.572506693005562 -5.506776210975036 1.9672066785502262 41.24887897122736 -1.7188982079413277 0.7447988986968994 
