Car -1.0 -1 -1.6843352844370216 642.0341402604488 178.9924421058745 685.8390806715705 214.3016549442621 1.5 1.5686994910240173 3.949696433544159 2.3950349185457624 1.8011943555676397 33.35289043372224 -1.6126494156804425 0.9999794960021973 
Car -1.0 -1 -1.659866342854987 528.7431283000245 180.14484570799522 569.4177516300664 214.57876127535047 1.5 1.5743067979812622 3.961003062129021 -2.994582394840817 1.8690830718591924 34.400426390949285 -1.7466981867935998 0.9999663829803467 
Car -1.0 -1 -1.1930352631760057 136.2290826049931 179.28504768028418 464.4680553397371 374.0 1.5 1.567988146841526 4.014669966697693 -2.7629782606546613 1.5840224029235062 7.362401999166505 -1.5520532997932774 0.9999442100524902 
Car -1.0 -1 -1.3214742722641584 324.8478520658241 180.10213910232562 476.1006649118469 286.2284593838435 1.5 1.5830889835953712 3.70846041738987 -3.4353412816739137 1.6429740550879361 12.322801636942115 -1.5933506070312602 0.9999035596847534 
Car -1.0 -1 -1.7142381428245137 659.0829199055175 178.22585298868324 735.3462824600834 236.65493252704616 1.5 1.6021689891815185 4.093279552459717 2.381340057705517 1.671921269468275 20.971329136844187 -1.6011702763524396 0.9998242259025574 
Car -1.0 -1 -2.026541755842535 791.2017132144058 173.32664983196386 1241.0 374.0 1.5 1.5644498661160469 3.7612738579511644 2.484319285735607 1.5049332986485333 5.099463510380587 -1.573208564487521 0.9995008707046509 
Pedestrian -1.0 -1 -1.2445453882895519 327.99534572825485 165.85090309760548 353.17571441472495 263.9803930258556 1.8 0.3282167509198189 0.4047806866466999 -5.067538079364627 1.671899280672423 13.440399580256086 -1.6051013852146012 0.998974084854126 
Pedestrian -1.0 -1 -1.1954348064472335 341.36964291418735 165.4719387507431 360.8206536372202 264.850381013418 1.8 0.24611125960946084 0.2924368277192116 -4.792944989017018 1.6666496803961366 13.215703948251107 -1.5433524186399323 0.9985408782958984 
Pedestrian -1.0 -1 -1.2345567114651261 274.35931984452816 162.08847601905285 321.9174138473096 284.27275246408306 1.8 0.5356762118637561 0.46663284562528135 -4.748434870188703 1.641761823289865 10.879639058806683 -1.6460867683079583 0.998954176902771 
Pedestrian -1.0 -1 -1.234721316102009 341.1549022411669 165.8394863998012 362.1732144776877 263.1120246721979 1.8 0.2899799522012472 0.2949956364929676 -4.883243200916232 1.6705563229561535 13.498190007576433 -1.5818431350078923 0.9880915880203247 
Pedestrian -1.0 -1 -1.218418712610286 285.4932963415122 162.57315296163756 327.7083599165194 281.25277766133956 1.8 0.4983596995472908 0.3899723317474127 -4.735658956260572 1.6444294621980895 11.147768478996694 -1.6201265501466138 0.9760397672653198 
Car -1.0 -1 -0.8362392991374474 0.0 177.62061945064136 284.4362077801905 374.0 1.5 1.6458701834082603 4.379249599575997 -2.696544303047251 1.5308871450725838 2.346031741155358 -1.691036448874746 0.9364968538284302 
Car -1.0 -1 -1.6242768371362797 575.3760983118082 179.73965551868082 613.1507297073491 212.82261606745521 1.5 1.6445719197392463 3.843192991614342 -0.8612877309857484 1.858204819102174 35.51588121238633 -1.6485228622939927 0.5838364958763123 
