Car -1.0 -1 -1.8663803274916326 769.1950144715648 175.74708798057466 966.4929675179019 309.618230606849 1.5 1.543203604221344 3.4097644060850145 3.2415895766629776 1.5468744604817255 9.877425407665555 -1.549273449057017 0.9999809265136719 
Car -1.0 -1 0.7655512958946737 0.0 183.06367038814358 253.02940309259753 374.0 1.5 1.593949694931507 3.907514226436615 -5.652526749161161 1.606492676345479 6.591599851587505 0.056699081263269696 0.9999799728393555 
Car -1.0 -1 -1.7992337966337362 724.6971765337288 177.03555367132313 846.2530629612471 261.1785224792693 1.5 1.5928784877061843 3.7329068899154665 3.420077204597846 1.5976392973139284 14.91456478561773 -1.5738196711197985 0.9999730587005615 
Car -1.0 -1 -1.7262357274403761 676.6742680106737 178.4965576065235 730.8571723163699 220.10537711676724 1.5 1.5535904586315155 3.6234645664691927 3.5736109849947946 1.736350494666087 28.340421899029504 -1.6008018395539862 0.9999690055847168 
Car -1.0 -1 3.458190235693332 286.7549763035137 181.72190940011365 447.17040329562303 242.22018510155425 1.5 1.5390726298093795 3.6866119623184206 -6.327733526673066 1.7422556141795555 18.897757942963498 3.13508390187822 0.999941349029541 
Car -1.0 -1 3.5794696121127583 129.42010086337947 182.2540668256523 392.1224140300598 268.85714615632395 1.5 1.6154062494635582 4.131028664112091 -6.43508333833068 1.6869214252223486 13.495364203080898 3.1345238566359104 0.9999157190322876 
Car -1.0 -1 3.3770482824823063 369.0874593849387 181.28940519825005 496.2423296681169 229.3245577654602 1.5 1.5718590959906578 3.7775328874588014 -5.776961745981054 1.7856126374210501 23.60246226110879 3.137006509300095 0.9993433356285095 
Car -1.0 -1 0.15862470106126578 398.99996515203173 181.07824099730033 517.7469707300764 225.03183248832096 1.5 1.589324001967907 3.9610723525285723 -5.4019193717676055 1.805048866525476 25.84101850167352 -0.04745204845932552 0.9953952431678772 
Car -1.0 -1 0.2285119395995667 335.0990784633814 181.3755646125565 485.21963933314004 235.37042476514816 1.5 1.5794391304254531 3.9941197752952577 -5.824706847622956 1.7608445100316925 21.184606682621137 -0.039807752766881664 0.9384297132492065 
Car -1.0 -1 -0.3424095433604777 716.8626880023462 178.28582286083957 795.962122972773 207.68973874666625 1.5 1.6143227487802505 3.7889430791139604 7.701097250576072 1.796547702441355 38.27135078512929 -0.1438377658512933 0.7959122657775879 
Car -1.0 -1 0.24484528247048318 414.5125379320202 180.9729295865643 530.7430568710126 222.8587036959631 1.5 1.5865225836634635 4.0241173028945925 -5.147854460016679 1.8154723584379042 27.0950388938187 0.05709056457015447 0.7408024072647095 
Car -1.0 -1 0.12901854866494042 416.11192190286755 181.00742294905476 528.0236102540747 221.16232055573016 1.5 1.579480853676796 4.13233922123909 -5.369155839739231 1.8296752606382762 28.23017191393145 -0.058928803601537426 0.5949258804321289 
