Car -1.0 -1 -1.3478002228190877 380.5577848295902 179.74360736741244 516.8890789652127 277.8613870506639 1.5 1.564372007548809 4.106103491783142 -2.8501715139379025 1.6478508742678912 13.380823398106282 -1.5576679772373778 0.9999947547912598 
Car -1.0 -1 2.0475019389035687 140.98392817558087 183.03889063316802 261.5566188501414 238.45763577979594 1.5 1.6182449206709861 3.890444573760033 -12.47221486612533 1.8419358774633998 22.22386548988738 1.536094351610865 0.9995519518852234 
Pedestrian -1.0 -1 2.843623578863127 681.6389409514803 168.71073618247863 700.9336347037088 229.69792270431313 1.8 0.4527822628617287 0.45937495566904546 2.3799267550325602 1.6780718810439619 21.558337444593203 2.9535730957945407 0.9870738983154297 
Car -1.0 -1 -1.7135986371806222 586.0310715050477 179.84485689538158 618.8449472564246 204.63590911845998 1.5 1.6020693376660347 3.741225090622902 -0.5603840611980471 1.9723264460281444 46.73817464933917 -1.7255879203465325 0.9821180105209351 
Cyclist -1.0 -1 -2.411877062508678 673.0074098039489 181.94962198941596 733.2555525698845 237.1976889870635 1.4 0.4704842370003462 1.7249780267477035 2.4293529840911803 1.6544806711717788 19.351293308146097 -2.2869908372547965 0.9623326063156128 
Pedestrian -1.0 -1 2.872287733031694 683.1678637826938 168.58685032147852 701.5102414832198 230.16090794746654 1.8 0.4128254510462284 0.4441142573952675 2.3853040326851698 1.6756158401603336 21.328799901857877 2.9836598515471042 0.9103779792785645 
Pedestrian -1.0 -1 2.021422202720715 668.7310797346125 169.28646349644805 687.0585343902274 227.89062804288486 1.8 0.41192579343914987 0.4541771046817303 2.0686529796224273 1.6907825618592027 22.459769703444515 2.1132678866346897 0.8745599985122681 
Cyclist -1.0 -1 -2.9599316217650022 680.6920336575675 181.8307627516464 720.6082693423992 229.0643723429133 1.4 0.5117093704640865 1.1321018010377883 2.7142386797964844 1.6786835212619629 21.954753882841207 -2.8369270126011714 0.9162574410438538 
Pedestrian -1.0 -1 2.2281379249063606 683.0741922832187 168.73042850593924 718.3519423496735 229.54078514233092 1.8 0.5146400563418865 1.0756455853581428 2.714388025614068 1.6782991836856462 21.918134770125814 2.35135267972551 0.821932852268219 
Cyclist -1.0 -1 -2.6341811456733817 681.621733046437 182.10116472304068 715.3573121374518 234.22362991043138 1.4 0.3702456623315811 0.8515701189637184 2.393211465327829 1.6607983200748426 19.91918133904154 -2.5146082202580318 0.5780208706855774 
