Pedestrian -1.0 -1 2.81270402384635 739.6380912779392 158.79362069671188 792.9771777292169 249.57406467247378 1.8 0.537001483887434 0.9295876629650592 3.220711539035297 1.3712337881159398 14.331397525921073 3.033762562270981 0.9999346733093262 
Pedestrian -1.0 -1 -3.6439155861458548 1052.961802418556 150.33976225946577 1126.2559997244864 264.8837830278179 1.8 0.6372356347739696 0.7667579248547554 7.7937914866952775 1.3277038108618207 11.459457531260844 -3.046657756963049 0.9999217987060547 
Pedestrian -1.0 -1 2.2014131330855427 230.4519140557978 126.61834087361082 389.9033676486414 369.0 1.8 0.5330841548740863 0.898215689510107 -1.9316759668666525 1.4888981649988584 4.598478311038312 1.8037268996199192 0.9998468160629272 
Pedestrian -1.0 -1 2.416075907324801 1076.1236688979702 148.22267601357186 1162.6096315722348 272.5501465051675 1.8 0.6153319522738456 0.8535723693668842 7.637898717212513 1.3343568155458523 10.58043970604047 3.0413416504820407 0.9997982382774353 
Pedestrian -1.0 -1 2.1971994651795645 76.76626668050126 134.868720185494 243.47130542411557 369.0 1.8 0.6092398919165134 0.896194440126419 -3.2121172736566703 1.502716027140812 5.094613446043385 1.6346599936445774 0.9995017051696777 
Pedestrian -1.0 -1 -3.2358509154639914 1021.0694799545918 153.28129225131775 1076.615572509553 253.86833849549552 1.8 0.5475236594676971 0.8200529523193836 8.150997806210363 1.3145645599102709 13.075741864453361 -2.6784261027958736 0.9997889399528503 
Pedestrian -1.0 -1 2.1326332815508775 187.2624690970002 128.97839831459842 353.1124037119314 369.0 1.8 0.6205766022205352 0.8994102969765663 -2.245998512539741 1.4922656107564127 4.724911335976523 1.6888973593672336 0.9984353184700012 
Pedestrian -1.0 -1 -3.6418518891394087 1031.2060410285765 151.6075527807213 1104.8938759001378 260.74136966457377 1.8 0.5690661750733852 0.8780805885791778 7.783573046756412 1.3251132428135486 11.973854730280175 -3.0654433528569087 0.9954385161399841 
Cyclist -1.0 -1 -2.762192138006216 935.4132015763554 175.68456000193683 1009.6141740733159 240.19037327150966 1.4 0.5609139360487461 1.3846977174282074 8.286266893750465 1.297105008068491 16.047166498122785 -2.285534874596868 0.9996466636657715 
Pedestrian -1.0 -1 -3.586404329655421 1023.9236750574083 152.71554322641427 1086.4522001701907 256.5495272632967 1.8 0.5228381164371967 0.7878109373152256 7.941549595697468 1.3199919310757493 12.55833718380009 -3.0225208560612544 0.8888250589370728 
Pedestrian -1.0 -1 -2.5655558985482383 934.2192106616826 157.65242424160365 993.2844238539162 239.3076299026148 1.8 0.5503049612045288 1.079566639661789 8.162099972964006 1.297964615116528 16.186057916581056 -2.0985002676632742 0.8765134215354919 
Pedestrian -1.0 -1 2.4135145750774596 1058.2682105680296 149.97567644397282 1128.3112793202897 266.5830893106458 1.8 0.4901093922555447 0.787054144591093 7.6842196272996635 1.3304721568454059 11.20219019565825 3.014753329749924 0.7741656303405762 
