Car -1.0 -1 -1.7047425745057527 659.8380621241511 178.46633539264425 722.5084990482227 226.7663638710052 1.5 1.6029505550861358 4.051012781262398 2.673032406040563 1.710189635874199 24.927335133141913 -1.5979178036239488 0.9999904632568359 
Car -1.0 -1 -1.492985080602923 545.8332115306879 180.09663381568473 581.196753022455 210.3846001423626 1.5 1.592412081360817 3.9010664939880373 -2.4776683311889274 1.9078360696133634 38.6304366677128 -1.5570350755613787 0.9999514818191528 
Car -1.0 -1 -1.3032812766637025 345.7265963141674 179.56476342820534 515.9695668174652 296.79356024457775 1.5 1.576986213028431 4.035438460111618 -2.6773465271147225 1.6264803089416346 11.510954309243486 -1.531809267648731 0.9999229907989502 
Pedestrian -1.0 -1 -1.2356149505946195 404.7583916533728 168.6708952352559 422.848922366329 246.35634517994097 1.8 0.32003484927117826 0.3257849279791117 -4.640677374887458 1.703433784813491 16.888787565549787 -1.5037753144886834 0.999811589717865 
Pedestrian -1.0 -1 -1.0874646103301815 399.7568922498252 168.91819571029222 418.9782543320308 245.55428016372363 1.8 0.32202103435993196 0.33443719409406186 -4.814817785726388 1.7079151203002811 17.1415131581152 -1.3612950752165658 0.9996622800827026 
Pedestrian -1.0 -1 -1.266242732857517 368.3912161678983 166.33013846422728 406.02702107007104 258.998441106493 1.8 0.6034316055476665 0.45053195469081403 -4.442562042848817 1.6736375981813962 14.238390425513812 -1.5686838115241868 0.9992496371269226 
Car -1.0 -1 -1.8497136666866696 724.1942471023095 175.90517559807392 945.5161643821613 326.34522954174525 1.5 1.564217221736908 3.9541302740573885 2.530187487748588 1.5479211092996983 9.258522158384345 -1.582945363656853 0.9991363883018494 
Pedestrian -1.0 -1 -1.2898990226007176 405.1545901547543 168.41430715785052 431.82659449782454 247.48775699080738 1.8 0.4829704321920872 0.47839274890720845 -4.469471307868969 1.6992942431431897 16.66579598147312 -1.5519158794221026 0.998806357383728 
Car -1.0 -1 -1.2113956261579597 46.156503986082406 179.05719460218268 443.43589438318565 374.0 1.5 1.5807262182235717 4.050808262825012 -2.693389444097104 1.5724661752444795 6.327138801918287 -1.6138491901245458 0.9898993372917175 
Car -1.0 -1 -2.186956438933823 816.6688745241707 169.0893318963633 1241.0 374.0 1.5 1.5674219027161598 3.7070205926895143 2.3732378549293394 1.4910721005860648 3.661071529996618 -1.6118223863330228 0.98093581199646 
Pedestrian -1.0 -1 -0.663279042087511 402.17757890554213 169.29120472767653 416.6965473318533 243.73906101158735 1.8 0.24892138577997686 0.2387730896472931 -4.945302629539968 1.7142165814933092 17.612496592131595 -0.937014357247625 0.7324289083480835 
Car -1.0 -1 -1.6951625850649874 645.9558811487042 179.0556151679539 685.5866203197938 210.29835181461036 1.5 1.5581001088023185 3.9903825640678408 2.8063686833651764 1.8399552484436286 37.47694256996827 -1.6204195405032975 0.6180217266082764 
Pedestrian -1.0 -1 0.7225827287851625 529.4326846506041 176.43405618022373 544.1785071294373 203.02409996165707 1.8 0.6962060488760471 0.7273357853293418 -5.047459703282172 2.048277893548532 49.469310808005616 0.6209024628016608 0.6002828478813171 
