Pedestrian -1.0 -1 1.9813924066242137 52.392268704924184 150.26523318281443 139.07151958883716 349.58252697820916 1.8 0.5181768469512462 0.489408665150404 -4.805121588928972 1.5193035454856685 6.7771021778764275 1.3646363457057136 0.9984288811683655 
Pedestrian -1.0 -1 1.5127363020929718 291.18753451974163 147.78593847724574 355.83206742804845 346.83693481539575 1.8 0.5367363363504409 0.6773341007530689 -2.734257675350209 1.4965059912314143 6.9134103711719 1.136114760241236 0.9963716268539429 
Pedestrian -1.0 -1 -1.4526835669526128 21.89540525902638 146.20876931004543 129.0812215912613 370.56425308416044 1.8 0.6842220693826675 0.5619106374680995 -4.542144339736507 1.5182507167103279 6.173776394506168 -2.086979881921087 0.9957665205001831 
Pedestrian -1.0 -1 1.8523756313613635 370.74135474488304 155.9585106400416 428.015872439214 302.9250992038551 1.8 0.5641228079795837 0.5664679713547229 -2.5899790411376777 1.488516020705661 9.079600677253485 1.5745029330214084 0.9952497482299805 
Car -1.0 -1 -2.4146942690064517 985.2018210727103 135.64707484706886 1237.0 373.0 1.5 1.642828856408596 3.787422788143158 3.2572459096875597 1.4439107195696521 2.8056663300449367 -1.5549510932203872 0.9908435344696045 
Pedestrian -1.0 -1 -1.2949007832240276 260.1003274083496 145.14506912252077 358.68772407974154 360.04456249778656 1.8 0.6443654678761959 0.728238795697689 -2.6311486361973397 1.4968781017447435 6.412423664069917 -1.6842723275211198 0.9077416658401489 
Pedestrian -1.0 -1 -1.0351835533476221 208.8764356941223 142.1704992098029 337.4586483311536 373.0 1.8 0.6343628771603107 0.8379305273294448 -2.742751500420481 1.4994201316079305 5.9625891115728935 -1.4663168276336533 0.8109774589538574 
Pedestrian -1.0 -1 -1.323727503996238 281.44205255684415 142.32352299557488 393.52641256637907 371.54714182572246 1.8 0.7236802510917186 0.773608174920082 -2.2462073287501854 1.4937567380864534 6.061667970954782 -1.678599269190107 0.801189124584198 
Pedestrian -1.0 -1 1.6877495191886935 354.66070255631524 154.23414418774428 407.67559951067227 312.2754046939367 1.8 0.5444827981293201 0.5206930011510849 -2.6386310454470663 1.4908079517389197 8.484694999979864 1.3862435062739509 0.5756368637084961 
Pedestrian -1.0 -1 2.1410714691898307 310.76259270033813 148.0643984181255 390.8379904606636 343.522864145106 1.8 0.4804302964359522 0.6129608049988746 -2.467380616699785 1.4934647573103075 6.965764663426246 1.8006462931593479 0.5400031208992004 
Pedestrian -1.0 -1 0.9451093657841936 323.0340382316195 151.8685392705492 416.04480071472403 324.34200838198245 1.8 0.6897388517856597 0.7249528102576732 -2.6228354897889163 1.4921167497967303 7.986222486986189 0.6277872761103767 0.5252072215080261 
