Car -1.0 -1 -1.6715169797531857 654.3144187518546 178.65904160645755 707.5032576124465 222.1660955996147 1.5 1.5964027985930442 4.039694976806641 2.5795654351546564 1.7374373518013453 27.439688398249285 -1.5777839031678182 0.9999743700027466 
Car -1.0 -1 2.1459119765027523 0.0 179.6812468993382 339.3063799781688 374.0 1.5 1.693999071419239 4.411665585637093 -3.6374190309718433 1.571102183065002 5.242482228174713 1.5393354137751716 0.9999576807022095 
Car -1.0 -1 2.3720130049948374 0.0 183.13877549758666 57.49566212710143 374.0 1.5 1.528930340707302 3.530576315522194 -6.70790104279999 1.6113238469374733 5.987102572940189 1.5298976143214362 0.9982088804244995 
Car -1.0 -1 2.7526700575492513 811.6197702270841 176.45599621117753 984.871114504773 232.18669157976692 1.5 1.6509391859173774 4.236079987883568 8.002010366429426 1.606414068424498 20.385168605284886 3.1267295956572116 0.99769127368927 
Car -1.0 -1 -1.3896555387568414 429.7410603681392 180.98473719455333 483.28448276579286 218.7134401621418 1.5 1.6088860601186752 3.9052567005157472 -6.670534803468599 1.8776917309990286 31.508621815535864 -1.5982802184906346 0.997204601764679 
Car -1.0 -1 2.6921330768633682 790.997263897676 176.90041892676308 931.459382915028 225.64701915664114 1.5 1.6367342814803123 3.9922943830490114 8.054452871718855 1.6376035460180425 23.422110689761162 3.023347604270798 0.9966123700141907 
Car -1.0 -1 1.8728264597208912 300.01991390330966 180.46506737982338 450.9784230711192 283.3926143896392 1.5 1.5246285617351532 3.354182702302933 -3.920608437763854 1.649330440209679 12.440449573463761 1.5675291260096686 0.9923679232597351 
Car -1.0 -1 1.6376202187323716 482.3352553456668 180.80739652270256 514.7005907990207 208.15552349005412 1.5 1.6362449645996093 4.022712868452072 -6.608669253971847 1.9956172851593428 42.853238094696785 1.4846092899653571 0.9923302531242371 
Car -1.0 -1 -0.664111898590618 1078.994515232634 174.0194585167048 1241.0 212.15008116451074 1.5 1.998196591436863 5.224607002735138 22.375105147608014 1.5496607732565129 29.482868276185826 -0.014927105107579908 0.9907123446464539 
Car -1.0 -1 -3.2617460572348387 736.4291685263562 177.78612870207073 845.605071044004 216.2615074237338 1.5 1.6308790564537048 4.1530224055051805 7.2695773536255555 1.709015775357104 29.460909409322237 -3.0198254148152217 0.8365601897239685 
