Car -1.0 -1 -1.5690198642928563 572.3468414676208 179.34426727403374 626.8920061152702 229.76544565493262 1.5 1.6584113731980323 3.569913145899773 -0.38763067282580393 1.7299256944759929 23.721996061400546 -1.585358968996678 0.9999873638153076 
Car -1.0 -1 -1.5765393815926625 595.7440863058816 179.51461423827132 632.4218675731868 214.96272929786943 1.5 1.585966956615448 3.540717673301697 0.13274951202518448 1.8210601208728714 32.96690710971902 -1.5725126527857525 0.9999502897262573 
Car -1.0 -1 -2.0909395694869173 209.9872848968668 181.0438137429998 420.90250258694243 288.6352125110626 1.5 1.6058357924222946 3.7431443601846697 -5.067723940266144 1.6579221089420846 12.10299804846107 -2.487475947537695 0.9999097585678101 
Car -1.0 -1 -1.648310890415699 655.8626093957955 178.79068337790707 704.1180105829947 212.03487850694995 1.5 1.9786777466535568 5.397617307305336 3.3868252948268407 1.8208605558192705 36.236815772955865 -1.5551179657366616 0.9998494386672974 
Car -1.0 -1 -2.6768133967022063 412.474991670686 180.94196879518762 525.2189318237132 221.98450952915033 1.5 1.5990563228726387 4.035170611739159 -5.540649264251115 1.8311078550892328 28.193895996328298 -2.870860056081091 0.999643087387085 
Car -1.0 -1 2.174568916562847 0.0 183.20689867799663 181.52901727309168 290.77583887692106 1.5 1.5551593646407127 3.5662329316139223 -9.095345467088695 1.701666848352732 12.217263126541456 1.5346185406062263 0.9977301955223083 
Car -1.0 -1 -1.6415980081694022 0.0 181.640379683271 163.6283408087647 374.0 1.5 1.594208788871765 3.4256259471178057 -5.175464745199252 1.5960643226968414 6.076088325361562 -2.347122089066778 0.9940009713172913 
Car -1.0 -1 -1.8263737212882798 718.7760221498622 177.1187495475684 841.4026206891864 258.2876514770102 1.5 1.6018253311514854 3.8207950562238695 3.438166346930714 1.6032920116413327 15.473650396562181 -1.6077308031406743 0.9925755262374878 
Car -1.0 -1 2.26136214811756 0.0 184.91627450443323 62.187825812118945 259.8671941038571 1.5 1.6276721403002739 3.4911713123321535 -14.889601928496822 1.8105865335576954 16.78130163096755 1.5356229980799811 0.9660775661468506 
Car -1.0 -1 -2.5170339891168974 476.29828108076345 180.6978051149004 550.5525898994536 209.6303104012009 1.5 1.646493424475193 3.8310820728540422 -5.38754367726268 1.9520211905086147 39.916576386372064 -2.6511933366444453 0.7637420892715454 
