Car -1.0 -1 0.35215843930515445 326.24955823392423 181.3827552879936 485.294898575338 235.74880955003638 1.5 1.6462211057543754 4.18579341173172 -5.974440608280708 1.7625433196741662 21.195793115841827 0.07741729815932684 0.9999902248382568 
Car -1.0 -1 -2.578184857552617 0.0 182.75215081730119 319.55074488627287 301.90883119649766 1.5 1.5820710480213165 3.721502658724785 -6.264025844151744 1.648706534359555 10.012190748692007 -3.1372441808369502 0.9998918771743774 
Car -1.0 -1 3.5408734442779446 189.51446187243155 182.04039010040478 412.5040413795472 259.64843554102276 1.5 1.6063258543610572 3.9308129370212557 -6.325024253975547 1.7008515728401212 14.939319355374542 3.140374886985642 0.9998303651809692 
Car -1.0 -1 -2.078307405397875 964.888079034242 174.66339824901686 1157.9441225875978 242.81952859035925 1.5 1.9605970501899719 5.0259875625371935 11.223731651603892 1.553292906753924 18.559299513339784 -1.534402762600456 0.9993383288383484 
Car -1.0 -1 4.0277771913323415 0.0 184.85205593733062 78.31702376517259 374.0 1.5 1.622067068517208 4.002803799510002 -6.448641789351115 1.5996731843400662 5.134510809808697 3.1294101357420505 0.999037504196167 
Car -1.0 -1 -2.2618084662435853 1055.6971161305928 173.93451788042702 1226.1763750259624 236.9778617514757 1.5 1.625312913954258 3.723157060146332 13.825549913675545 1.5318876443673253 19.141174219017117 -1.6362764398243768 0.9881100654602051 
Car -1.0 -1 -2.6459680120399556 112.30390422679001 182.41005906161573 362.04292511499574 273.76095664820724 1.5 1.5694065511226654 3.645399820804596 -6.562192786930365 1.681466922725721 12.845051363049334 -3.118276313939367 0.9727749228477478 
Car -1.0 -1 -0.08621134991980475 665.3333962151597 178.7082603579631 759.5155608251625 210.96117963691597 1.5 1.7047217607498169 4.371168327331543 4.848642161352702 1.7911203115063328 34.86903536418087 0.05195562442275456 0.8825065493583679 
Car -1.0 -1 3.3818410473042135 361.6427824034774 181.3099671311056 497.6704721467905 229.54924762726824 1.5 1.6049253314733505 4.037827488780022 -5.850202727963307 1.7855946418278534 23.52671353320509 3.1381219506224216 0.8592405319213867 
Car -1.0 -1 -2.5364439710894464 254.35802479048417 181.67957030912063 437.08631747616005 246.4950259208326 1.5 1.6271831959486007 4.184716802835465 -6.742746417209388 1.7410686429755615 18.36473174502099 -2.8883212367680415 0.7173550724983215 
Car -1.0 -1 0.16065300224939502 480.3633940242426 180.71928457059502 564.3907135273688 209.12769940370563 1.5 1.7402394235134124 4.354619842767716 -4.797217639240392 1.942283556856229 39.58162659517205 0.04004315932723455 0.6191768646240234 
