Car -1.0 -1 -1.5896278206489491 607.3023689371067 178.72868481052612 674.0795422097978 241.22406184277335 1.5 1.63453561514616 3.575945881009102 0.7358571986679115 1.6734829439095567 19.45759291662943 -1.5518273236837727 0.999969482421875 
Car -1.0 -1 2.058919227361603 208.49992878132457 181.11907774729622 402.35668435526213 269.9651145454924 1.5 1.7557306706905365 4.493497174978256 -6.0684472879526075 1.698107950730265 14.936164331461963 1.6730003237684787 0.9999685287475586 
Car -1.0 -1 1.9857995598508218 418.4723919599326 181.04879112838043 486.5279851491619 216.06285865731076 1.5 1.6165331497788429 4.122707483172417 -7.39771860948498 1.9125685204871627 34.11033976005401 1.7722308516462864 0.9999427795410156 
Car -1.0 -1 2.051929712088988 216.8046196162769 182.16779710514788 340.92863907793173 240.46859355269126 1.5 1.592358623445034 4.135870051383972 -9.66982143490231 1.8031369890498952 21.344397934322846 1.6265523314436496 0.9999047517776489 
Car -1.0 -1 1.796879430768098 530.7606054315592 180.2096356372888 575.09817692286 209.593298684379 1.5 1.6095856696367263 3.9120229452848436 -3.136748739697023 1.9281936588872246 39.91191872773127 1.718448865409714 0.9998726844787598 
Car -1.0 -1 2.3297441678318385 0.0 184.05142921221108 81.4603123105237 310.41370133820016 1.5 1.619901929795742 4.094425079226494 -10.401529347704868 1.702456930378929 10.972648310179313 1.5710596919020237 0.9998347759246826 
Car -1.0 -1 -1.1658569488038841 790.9884619455004 175.5308502094152 990.8858101665434 289.77212053385256 1.5 1.5926303833723068 3.766923260688782 4.517561632488023 1.5499229709707378 11.458747135147679 -0.7903210083630425 0.999704897403717 
Car -1.0 -1 2.3166774383928974 36.51519632244422 183.68109271857153 196.44162313553983 244.98923757394797 1.5 1.4935499548912048 3.870767962932587 -13.797516664819163 1.8367897020618342 20.39199831853928 1.721819627281052 0.9996811151504517 
Car -1.0 -1 -1.5912402134298138 1145.883316667017 167.31446151668268 1241.0 374.0 1.5 1.5874034285545349 3.320128333568573 4.6711411817149004 1.4776702569818416 4.701466610884573 -0.8090775767948969 0.9939702749252319 
Car -1.0 -1 1.7415791269672 504.3422139019512 180.71453892960375 535.7844687459256 204.10177391993264 1.5 1.5289750441908836 3.7250491350889208 -6.153477855785909 2.059719281473023 49.4460339598794 1.6177673220594944 0.833668053150177 
