Car -1.0 -1 -1.400355682506474 435.62383731606235 180.27199141169262 521.3922724918085 242.2912840606626 1.5 1.6055021926760673 4.047667098045349 -3.414221165906131 1.3815625818342883 19.409265687095274 -1.5744810351778311 0.9999954700469971 
Car -1.0 -1 -1.0378543855811422 0.0 180.84998799466163 382.8237506218781 375.0 1.5 1.6474297761917114 4.136897486448288 -3.212080493523892 1.4808533778250847 5.406199580046972 -1.5739595362127317 0.9999951124191284 
Car -1.0 -1 -1.2927497740113343 317.91740219409877 180.39172011546114 483.1804065707353 286.7690448458781 1.5 1.597398568689823 4.0318968266248705 -3.325087586131807 1.4331094791039947 12.157295335698256 -1.5597260641541821 0.9999909400939941 
Car -1.0 -1 -1.5409621395524635 557.5848126033584 179.38589996193744 620.8441938774588 235.9291503655314 1.5 1.67873767465353 3.938478094339371 -0.5277875126219335 1.3464761676746912 21.03950231190898 -1.5660424307596428 0.999963641166687 
Car -1.0 -1 -1.121538416572686 208.20155750902828 181.97225429841833 351.1596628661958 251.80798724430937 1.5 1.6004950299859046 3.8949719190597536 -7.800335111114681 1.4314653327322178 17.405594923616437 -1.5428536655989034 0.9998083710670471 
Car -1.0 -1 -1.2059584849513847 319.5032891632744 181.79013322260167 379.3088561420907 213.50299611279834 1.5 1.574617114663124 3.752170738577843 -12.85429644941771 1.3391039495730512 35.889830820946315 -1.5498840837415797 0.9991508722305298 
Car -1.0 -1 -1.4417610774524863 503.2180441852332 180.17945233764783 552.7482153396186 217.87611609081273 1.5 1.6044430926442146 3.8991721838712694 -3.3616872010428938 1.3007323148712808 30.565301358005843 -1.551304572322641 0.9986629486083984 
Car -1.0 -1 -0.7483614596817916 0.0 185.53562127989605 60.835401228491946 375.0 1.5 1.5966153264045715 3.8655253618955614 -7.681815038964912 1.5051332551195613 7.0514313644051105 -1.5765200169433398 0.9945521950721741 
Car -1.0 -1 -1.2424519607056073 377.1774516628443 181.15311053920178 447.2865415296995 220.60534634975707 1.5 1.5985826522111892 3.852168706059456 -7.916512156399808 1.3466689246315815 29.301175459735028 -1.5063290307906014 0.9776278138160706 
Car -1.0 -1 -0.775352831936732 0.0 185.72664694093692 0.0 300.9207819423742 1.5 1.5266506493091583 3.6206504821777346 -12.033173835305886 1.5103965538565418 11.202368738759272 -1.596491555744086 0.966817319393158 
