Pedestrian -1.0 -1 0.6444702900029255 663.1181908126022 148.23270303341033 762.7588209728633 318.69814287030164 1.8 0.8424875818192958 0.7664807632565498 1.2193382763154248 1.4500804584814513 8.151154111331644 0.7929600914332526 0.9991750121116638 
Pedestrian -1.0 -1 2.6127574233089534 151.83418987668136 116.69663706186077 390.3624866677797 373.0 1.8 0.7937387123703956 0.9318337336182594 -1.8658908187053997 1.495780387184304 3.9944228481327726 2.175754773612839 0.9994713664054871 
Pedestrian -1.0 -1 -1.6420876288242479 552.1659871626407 168.25852714002528 582.5002284242607 233.9376812527199 1.8 0.7821190662682056 0.9778901495039463 -0.9994559126691025 1.4382597944620878 20.21651371429612 -1.6914850110795838 0.9956772923469543 
Pedestrian -1.0 -1 -2.3086259694471822 1094.3325997166683 118.1164993874876 1237.0 373.0 1.8 0.693486400693655 0.8087890714406967 3.7313433136567036 1.4334873485572956 4.590138643084628 -1.626065948107515 0.9949396848678589 
Pedestrian -1.0 -1 -1.076474150330098 496.8975217766422 169.8305122568243 527.865581079724 229.98517249202487 1.8 0.6480233304202556 0.7817106813192367 -2.7468755483734224 1.4519397418933666 21.973596254560864 -1.2008370319989068 0.9948713779449463 
Pedestrian -1.0 -1 -1.1057423639638726 485.1566347487361 169.8130271795897 520.0253471649322 230.66828518896764 1.8 0.7302620939910411 0.8831946671009063 -3.018090957995432 1.4554467631940147 21.7801242792095 -1.2434363822129113 0.9946461319923401 
Pedestrian -1.0 -1 -2.8194191621633413 402.0921438392135 163.72665737313434 454.0694160355375 264.2631842737858 1.8 0.6316456504166126 0.7702368803322315 -3.217704609563789 1.4830581372409128 13.20513346693582 -3.0584320584919795 0.9911034107208252 
Pedestrian -1.0 -1 3.002619940554062 327.7851240608184 152.22234713622117 398.32597134032096 323.1573330571785 1.8 0.7117312893271446 0.6515640325844287 -2.720786106669283 1.4930579806861441 8.025956883059013 2.6757795691450657 0.9900346398353577 
Pedestrian -1.0 -1 3.2746295675191064 306.721822410811 154.58252874041756 371.44784407422856 313.33945658489625 1.8 0.6386083111166954 0.6454804472625255 -3.144245388001414 1.4961585017059948 8.524054510209835 2.9212462782820285 0.9584479928016663 
Pedestrian -1.0 -1 2.442872043802384 4.5855125796271174 117.07568457483373 266.7168776110221 373.0 1.8 0.7697664692997932 0.9022090144455432 -2.5058767497502785 1.503075634324684 3.868133131050233 1.8680267214735569 0.9383161067962646 
Pedestrian -1.0 -1 -0.9858857065851965 482.7737601547491 169.12727383382193 522.5083152561635 233.89267455725198 1.8 0.7281150229275226 0.9418891303241252 -2.8482553358278193 1.4572798515445018 20.543855607985332 -1.123650179305349 0.8528074622154236 
Pedestrian -1.0 -1 -0.38094678760846 466.47575547022666 169.4307087977734 501.66054655990723 233.6854991365084 1.8 0.6434065781533718 0.8148213408887386 -3.3986242823174044 1.4630448051157623 20.60664396360972 -0.544403866925512 0.8089491128921509 
Pedestrian -1.0 -1 2.8319251996172436 343.0625549449906 153.92529411802096 413.67406006639254 314.0347123901734 1.8 0.6594293311238288 0.6265447035431861 -2.6992437483999576 1.4913488846711263 8.523267241915693 2.5252265810926975 0.7992355227470398 
Pedestrian -1.0 -1 1.6779126235010773 573.0289352611242 171.41813470125967 593.6868216866293 218.0376803376797 1.8 0.7344330221414566 0.7487330146133899 -0.7219693650761865 1.4117532400333297 28.13560529692554 1.6522579073866428 0.7759605050086975 
Pedestrian -1.0 -1 -2.9816441849561626 968.3399636646961 152.6252257137598 1027.8097034704374 279.8492118227143 1.8 0.6905415587127208 0.6716932661831378 5.834586698414049 1.3927885920852057 10.639343861519654 -2.4800323406842097 0.6886191368103027 
Pedestrian -1.0 -1 -1.4375303700347115 561.1002074813723 168.11719667240436 593.5919136611012 233.93911919987957 1.8 0.7949268005788326 0.942514606565237 -0.6964940919290566 1.4351827481529906 20.149477096317565 -1.472082973518644 0.5759760141372681 
