Car -1.0 -1 0.6186074211933399 0.0 183.4814921326828 260.0401561057475 316.4004012778299 1.5 1.7097743719816207 4.476691645383835 -7.198138356850939 1.6505284736645782 9.242359777379749 -0.04308505455521174 0.9999967813491821 
Car -1.0 -1 -1.7294966293664606 632.3754827160001 178.77514942041554 694.5640320826717 224.6257597557487 1.5 1.611451667547226 4.078319159150124 1.8171264920154344 1.7330420582152233 26.24856301930107 -1.6603792468693597 0.9999710321426392 
Car -1.0 -1 -0.4016928136575104 806.1291787555064 175.6769707777312 1060.159928464543 264.37246898643065 1.5 1.646902647614479 3.8702680289745333 5.664304291043411 1.55485259246179 13.089420730944592 0.006714626154627123 0.9999350309371948 
Car -1.0 -1 2.454356713649548 927.5180321026605 172.771179632202 1241.0 327.203391932314 1.5 1.6429942592978477 4.015941780805588 5.802207322138815 1.4995534550164336 7.938265519257107 3.0855319380720676 0.9999172687530518 
Car -1.0 -1 -0.4941852852178754 821.0262356798597 174.87897636942017 1155.9620637503801 285.1104929604399 1.5 1.6022725522518158 4.1470667839050295 5.391283108716075 1.5328185728378336 10.705446760195422 -0.027660326161657055 0.9996944665908813 
Cyclist -1.0 -1 1.7223917005924771 441.2493514391697 184.87220124634177 478.0006252079208 252.54924535958853 1.4 0.567003109306097 1.6071096554398536 -3.3710009789024067 1.6810641915899482 16.03196397124377 1.5151433189723151 0.9999490976333618 
Car -1.0 -1 3.477904501760835 260.5111318436175 181.9752478051288 434.1989520205466 238.38263398056117 1.5 1.6236082211136817 4.2954693108797075 -7.333292391722034 1.7674184917902158 20.288770849105994 3.1310695290525974 0.9992753863334656 
Car -1.0 -1 3.417281493611747 317.93577934897525 181.70411647510676 457.9193065399985 231.25037718236436 1.5 1.571868409216404 3.981885176897049 -7.034773386549246 1.7922514405755792 22.966293395731267 3.1200470805128635 0.9947947859764099 
Car -1.0 -1 3.8937283451775775 0.0 184.53137917817284 122.7179439019558 374.0 1.5 1.584300448000431 4.173792389035225 -7.135300418969773 1.6216180148939774 6.539972034029624 3.06482445001207 0.9744269847869873 
Car -1.0 -1 -2.8801976216897227 402.5550444303924 181.35876989940007 500.6812312390531 214.76098572482104 1.5 1.6142365083098411 4.211602595448494 -7.40228858745697 1.9089662930336355 33.76109108218884 -3.096037224927221 0.9309465885162354 
Car -1.0 -1 -1.7257453725659277 614.4612658183785 179.47606301886583 651.3688948219818 207.60842530859787 1.5 1.5712436780333519 3.5356561213731768 1.2312825515419126 1.8954385241278506 41.19310634204961 -1.6958637694504601 0.641211748123169 
