Car -1.0 -1 -1.6230641400609427 654.6242134384725 178.80652991978724 697.3841511066607 217.3021667857184 1.5 1.5946517258882522 3.960063171386719 2.7117344549161437 1.770540496369747 30.740295627180704 -1.5350775728609902 0.999984860420227 
Car -1.0 -1 2.0738246883779916 0.0 179.25231770492584 418.83191715821044 374.0 1.5 1.5461158499121666 3.6186116307973863 -2.8339561107083164 1.5659936170408393 5.565825633968478 1.6028673529585422 0.9999589920043945 
Car -1.0 -1 -1.7788814781649014 691.8467548685835 177.4289907827825 803.2536593675965 258.71455800204524 1.5 1.5692543730139732 3.6602100849151613 2.74173900954994 1.609616384381317 15.37480913533374 -1.6024097959187371 0.9995729327201843 
Car -1.0 -1 0.2759274559040499 318.25010718859465 182.30585810677272 408.27695274364015 214.21779017518244 1.5 1.5365353345870971 3.89737808406353 -12.055812791230707 1.9742068056279851 35.299263536065936 -0.05318327347305842 0.9990255832672119 
Car -1.0 -1 -2.040831546914393 817.6484108762114 173.64743681034665 1209.9962383319676 374.0 1.5 1.4698574811220169 2.80492143034935 2.7364500844947792 1.5081444934242207 5.66151945298925 -1.5905989325281722 0.9989516735076904 
Car -1.0 -1 0.42046634685830786 199.75582037761944 183.508825909057 294.97419268805453 215.43150743642838 1.5 1.5134992569684982 3.885057431459427 -17.728968175101613 2.034225083552162 35.30724346909122 -0.04488702217606135 0.9988893866539001 
Car -1.0 -1 -1.712530077319183 673.0801419057913 178.1048410342336 748.6619423727119 237.22460619944854 1.5 1.582139965891838 3.8250701993703844 2.72841054345903 1.664013634241053 20.56559122805574 -1.5806316119295103 0.9925375580787659 
Car -1.0 -1 -1.5659342852012423 596.6454644949793 179.81310560486216 620.4891186245649 203.27420826210783 1.5 1.5621040508151054 3.829423573613167 -0.12024442410338032 1.9932290519083375 49.18281695075722 -1.5683791265499336 0.9879360198974609 
Car -1.0 -1 -2.594422762825471 0.0 0.0 1241.0 374.0 1.5 1.5980057910084724 4.1208895415067675 2.6256058093813373 1.4663645483456968 1.5523453783286902 -1.557574836598013 0.9637922644615173 
Car -1.0 -1 -1.7014519868020994 635.5873754494129 179.3779370212423 666.3038209163734 202.90780195752535 1.5 1.5866607919335365 3.8868194937705995 2.716617183746202 1.9623906065308125 49.0997731550024 -1.6461798335101945 0.8908236026763916 
Car -1.0 -1 0.3882812654450343 77.44560579613032 184.59429960860683 183.54467825392976 217.1089797101831 1.5 1.6372276961803436 4.0085023760795595 -23.439746316044033 2.0949317201605475 35.34305299036152 -0.19732208649185726 0.8020286560058594 
Pedestrian -1.0 -1 -1.9684354290217914 914.5226358885062 146.7375124764916 1015.645747033915 314.9741003572664 1.8 0.8399753391742706 0.6069818072021007 3.8813170262266934 1.5209318809729908 8.042059605216402 -1.5187823707845551 0.5167465806007385 
