Car -1.0 -1 -1.564247783037623 586.5989220346963 179.15026278662725 642.2514662798319 232.96782566117906 1.5 1.5823973834514617 3.3751531064510347 0.0965649298673298 1.7089108589378448 22.20087260206011 -1.559898209818874 0.9999873638153076 
Car -1.0 -1 -1.60498393715433 592.6304891779315 179.56234312411445 629.4545820755161 214.39163590015536 1.5 1.5820947036147117 3.5212742656469347 -0.035070610962000905 1.82890487286557 33.547803130814145 -1.606029328950916 0.999982476234436 
Car -1.0 -1 -1.9111606476939917 755.2377290696644 175.26248520917173 1033.2044287225885 347.49597942165616 1.5 1.619330283999443 3.9188648134469988 2.8416678784974563 1.5346553418719449 8.304192895013 -1.581454334841345 0.9999330043792725 
Car -1.0 -1 -1.733907542486866 687.9674942694168 177.91072342397138 768.0892134906543 240.58512317155387 1.5 1.550365661084652 3.4309646606445314 3.0089184087543246 1.6474617758132708 19.265572538507634 -1.578978054286216 0.9998906850814819 
Car -1.0 -1 -1.7875890897388873 707.875948873092 176.96220424630866 843.2371605054745 273.7240962372258 1.5 1.585097101330757 3.8039381176233293 2.8118444533277307 1.5866930098869576 13.25255881484225 -1.5785159185205144 0.999875545501709 
Car -1.0 -1 1.1063454966955955 242.23814966287304 181.42962827845733 398.081484203308 265.1565603492059 1.5 1.5398761749267578 3.626045820116997 -6.167139030736401 1.7004370847292647 15.059244536541733 0.7176548679682868 0.9998588562011719 
Car -1.0 -1 -1.890759358893038 0.0 181.86244071606646 240.3362081244776 374.0 1.5 1.5766868859529495 3.7435563772916796 -5.523417882390624 1.6112535372009713 7.177571997205001 -2.5466482798245296 0.9998403787612915 
Car -1.0 -1 2.0380938470573673 165.95236029434116 183.260212546607 258.8414206793083 227.20177204970946 1.5 1.5653521314263343 3.7565408766269686 -15.039286932512013 1.9235098203843322 27.433523580434535 1.536627217135157 0.9988706707954407 
Car -1.0 -1 -1.479730359854407 548.4813057474839 180.2316838184941 578.0431496004575 205.3688586801231 1.5 1.5497930839657783 3.7615618228912355 -2.977964462209799 1.9908791846213723 46.06961064808174 -1.5442810925331456 0.9950750470161438 
Pedestrian -1.0 -1 -2.2999944484690493 903.3453540985711 133.96918763671593 1034.3420203415637 374.0 1.8 0.6318565018475055 0.7145908221602439 2.8229585594435114 1.5090280266704779 5.8334851525851805 -1.8492908338692529 0.9932014346122742 
Car -1.0 -1 -1.4952372069623134 466.9650271406687 179.88824391272752 540.246669227884 248.285358782469 1.5 1.5413785845041275 3.5512963801622393 -2.613826830287122 1.6938506623111453 18.020562566045786 -1.6392795676973206 0.9912069439888 
Car -1.0 -1 -2.8897392486630027 0.0 0.0 1241.0 374.0 1.5 2.0130808025598528 5.893150952458382 2.944768973504 1.452892233134303 0.5860206590362941 -1.5153805586185796 0.9745872616767883 
Car -1.0 -1 -1.3573921958307935 404.53857247452294 179.5566823821307 538.7206727943422 280.12102622056335 1.5 1.582103644311428 3.678942707180977 -2.3525245296860064 1.6372792023428855 12.87240634721757 -1.5381544838335854 0.9704420566558838 
Car -1.0 -1 -1.5648963166136558 643.4062328765928 179.1358112086359 675.5711190997841 210.38991497058808 1.5 1.5750477582216262 3.52174625992775 2.519046514252923 1.839779330455841 37.16970631776202 -1.497228295603071 0.9333454966545105 
Car -1.0 -1 2.4245369635180287 0.0 183.43879147807516 99.47322850653626 357.2816587334163 1.5 1.8411672234535217 4.838139054179192 -9.151093536667126 1.6685586984772518 8.993418198664626 1.6304490447004856 0.9013022780418396 
Pedestrian -1.0 -1 -2.1248796677267805 909.1463537797737 137.4394230542456 1016.86319256319 358.13330201476623 1.8 0.6028949774801731 0.606456634402275 2.966525212101336 1.5115132802834395 6.216360037850028 -1.6796276132252557 0.8927491903305054 
Pedestrian -1.0 -1 -3.469247454840375 837.1337669391042 142.02269053609226 935.0095393120813 341.6230954930572 1.8 0.5902114816009998 0.7071570053696632 2.529916343319592 1.5223205951186825 6.809014572305895 -3.1135013858464107 0.80086749792099 
Car -1.0 -1 0.18124977092251734 621.311519874737 179.25965088946333 693.0945513760257 209.87325207728142 1.5 1.5525844439864158 3.4525329738855364 2.4010279925157896 1.8394134094626453 37.01541299675999 0.24602465232345036 0.7668812274932861 
Pedestrian -1.0 -1 -2.5393618764935892 963.1118119089723 144.46235775673284 1070.9495528545467 322.6209072037374 1.8 0.7297991335391998 0.7283130221068859 4.320638381940455 1.5135068990739133 7.775738735147708 -2.032186375060354 0.7529663443565369 
