Cyclist -1.0 -1 1.534946599286761 431.51247093968345 185.24473759481137 468.1282789358775 262.96528381726677 1.4 0.6250915609300136 1.7024416968226432 -2.9982777244852756 1.478547297460149 13.92545294556033 1.3228749473902839 0.9997382760047913 
Car -1.0 -1 1.7960499107279768 222.55239884348043 181.48346282305434 400.16513341973837 296.98807594891264 1.5 1.6674357026815414 4.354191806912422 -4.446700695027553 1.501116274343367 11.598613232235214 1.4299508770320075 0.9986178874969482 
Pedestrian -1.0 -1 -1.5180233718847629 500.58896607350846 171.81394985384355 523.7173197187898 220.62291116048456 1.8 0.8183786205947399 0.8652565561234951 -3.3629485715132637 1.4438326377660724 26.949192597485897 -1.6421700874951226 0.9931942224502563 
Pedestrian -1.0 -1 -1.9612881510716242 178.11799673407512 148.0627424429851 299.4567433683453 351.3379176278601 1.8 0.7595034807920455 0.8961075477302074 -3.5537833321241625 1.5052948277435076 6.937994641372895 -2.434664324918066 0.989024817943573 
Pedestrian -1.0 -1 -1.8713723613857578 98.1586147984071 148.40526226827842 215.36317462851136 355.2843039434578 1.8 0.6992939420044422 0.9246700935065746 -4.2725072311016765 1.5134347627755949 6.813973079624413 -2.4314239780094966 0.9890747666358948 
Pedestrian -1.0 -1 -0.8081900548716245 0.0 145.0347137571882 49.29586584511038 373.0 1.8 0.6216926991939544 1.019718174636364 -5.310284976980989 1.527322923633391 5.9156996484247495 -1.539710649349962 0.9615148305892944 
Pedestrian -1.0 -1 1.3325396840232344 646.6742701229824 166.38383805622806 682.9452146453215 236.6674732314945 1.8 0.7887525975704193 0.7567765682935714 1.6210564019814115 1.4140442602777115 18.8281777085662 1.4184252460810798 0.9613083004951477 
Pedestrian -1.0 -1 0.5985484655286795 127.73163369279436 156.149303933587 227.20484671362567 316.3132996616649 1.8 0.6032403118908405 0.8019954457879066 -4.985679891863698 1.5164490598935803 8.396538625366192 0.06271652778121403 0.9493964910507202 
Pedestrian -1.0 -1 -0.17367971189430764 87.48064222188451 153.49977132900128 197.64419271738575 331.8846640385405 1.8 0.7679253377020359 0.8903978884220123 -5.050239300483609 1.518828941443933 7.8299530341407255 -0.746524707474981 0.9320390820503235 
Pedestrian -1.0 -1 0.5528248334502373 170.81351316995372 157.49115853930647 252.72301997429778 307.69927275854684 1.8 0.5755570277571678 0.6959199465811252 -4.866854359900739 1.5136363545711289 8.911250810746443 0.0529444654795783 0.879996120929718 
Pedestrian -1.0 -1 -1.6875241007598154 513.8916330122591 171.69205940109032 537.7495550057567 220.3465416329587 1.8 0.7984008200466632 0.8574742384254932 -2.8765074394545778 1.4381876629781525 27.078871395451 -1.7933542291310174 0.8793211579322815 
Pedestrian -1.0 -1 -0.3290436036960196 0.0 111.3885051842919 46.63469384734586 373.0 1.8 0.769183275103569 0.9602875009179115 -3.541376730284694 1.5152778466768522 3.529552222930549 -1.1161140362408501 0.8239679336547852 
Pedestrian -1.0 -1 -0.37024320482655493 0.0 122.85401590688024 175.8269194719769 373.0 1.8 0.7395259596407413 1.0257519342005252 -3.2679095595730434 1.5103526346325264 4.19260476638719 -1.0323250452664239 0.7950863838195801 
Pedestrian -1.0 -1 1.429401122587633 142.53987596059628 153.41925474488758 229.33720908969272 329.38040011832487 1.8 0.7032033547759056 0.9060420587658882 -4.638461741523924 1.5141118331702659 7.919034460280085 0.8995360573146003 0.7594901323318481 
Pedestrian -1.0 -1 -0.5121590689859625 0.0 149.69240555326726 58.665320149661895 361.90178282547856 1.8 0.6819495491683483 1.0798211701214313 -5.923440908557055 1.5315879975973201 6.712523976134937 -1.2351908246662957 0.5425121784210205 
