Car -1.0 -1 -1.7017840704575293 656.9847214773184 178.14257243808157 737.7361635974747 242.76467438507214 1.5 1.5926149234175682 3.830532965064049 2.1450967699766186 1.6537179675808555 18.991017397478068 -1.5893075643715007 0.9999977350234985 
Car -1.0 -1 -1.2908787709970786 300.8833127600976 179.31768284870589 509.4815542927415 331.42500489481927 1.5 1.5386662006378173 3.561736133694649 -2.373382099367654 1.597694717908566 9.064227285428156 -1.5469700461861235 0.9999366998672485 
Car -1.0 -1 -1.015871432323369 0.0 178.5038583913305 401.4986776737101 374.0 1.5 1.579344880580902 3.4368088960647585 -2.4482449454179642 1.5441964847866463 3.8703174030504033 -1.5798955122616631 0.9999120235443115 
Car -1.0 -1 -1.675745549717933 635.4039561271317 178.87662647411494 686.857671083269 221.28514653943353 1.5 1.5745293840765953 3.9723506689071657 1.879458385085127 1.7517905394424287 28.105254794484345 -1.6089728298273427 0.9997925162315369 
Car -1.0 -1 2.0960878007200385 95.38057573550792 183.62543477026279 213.1982686785518 233.3672169207697 1.5 1.5987257033586502 4.021379959583283 -15.464564148407261 1.8991705416377778 24.67511238192203 1.5362474163386481 0.9991408586502075 
Car -1.0 -1 0.9983917534204647 192.61507468727103 181.64826797118414 388.2266108450286 267.3163874422843 1.5 1.653531987965107 4.196059194207192 -6.686668995867779 1.7036618574120996 14.842656608251684 0.5751191814753669 0.9990313053131104 
Car -1.0 -1 -1.6253973323097581 553.9260575612795 179.73616899196776 600.4303999487588 222.27235760689751 1.5 1.5912727013230323 3.493814778327942 -1.3631783219002045 1.7833824280456814 27.85025123128244 -1.674305015304361 0.9986170530319214 
Car -1.0 -1 -2.2763168448961233 477.4942821162575 180.83746053616463 534.4008308218563 205.99259843652342 1.5 1.6008371978998184 3.651297327876091 -6.686040772903713 2.0290682834334013 45.97533542031175 -2.4207311431553706 0.9971330165863037 
Car -1.0 -1 0.8000620992707401 350.94758632040356 181.3270472252531 468.08399456357773 228.04533714463392 1.5 1.6244089722633361 4.047656667232514 -7.157784109781836 1.8201042242862326 25.506673418901737 0.5264748771998542 0.9969536066055298 
Car -1.0 -1 -2.1664134375441773 443.9336637771829 180.90206383881656 514.9866330864785 214.11738065817937 1.5 1.6180202856659889 3.7162719786167147 -6.479003316193903 1.9162507852911612 35.391202416130675 -2.347476677098547 0.9857479929924011 
Car -1.0 -1 -2.1052591949285295 406.65993910607983 181.06637037583943 486.32298409332356 222.61417318029902 1.5 1.538177815079689 3.4162605673074724 -6.543685181734106 1.8450478276380093 28.513749423882725 -2.330845312276159 0.9644089937210083 
