Car -1.0 -1 1.7705916080910653 502.7580429833473 179.9658172500161 568.6142440303488 227.98034095908244 1.5 1.5535971641540527 3.7881466120481493 -2.5454603882193365 1.766926166313475 25.08088855556055 1.6694478869398655 0.99992835521698 
Car -1.0 -1 -1.664670301593206 724.4343175188972 177.83898889086726 784.3280233192174 225.91980833588138 1.5 1.6392743706703186 4.134240609407425 4.887540741578197 1.6884777054529714 25.08840365300935 -1.472267427542482 0.9999018907546997 
Pedestrian -1.0 -1 1.1766201034658978 817.7006815270832 165.6679115855332 856.7620683697445 235.35639299339678 1.8 0.6862355887889862 0.9159678153693676 5.963087911707146 1.6147466766809546 19.121553851000826 1.478914185366358 0.9999345541000366 
Car -1.0 -1 -1.79053418899705 741.0238654565785 177.23239348179328 837.8217463276015 243.5142782774131 1.5 1.5602875992655754 3.9516361922025682 4.438072008490197 1.6251530599311645 18.57576200570066 -1.5560131362315757 0.9998575448989868 
Car -1.0 -1 2.080251978931318 30.781956714289645 180.0183852794631 404.6226686775205 374.0 1.5 1.5940677866339683 3.8796796023845674 -3.6241014617708025 1.5941633078710402 7.462229675018599 1.628142583366257 0.9997550845146179 
Car -1.0 -1 -1.828732330833361 776.3217901468166 176.36117542134977 912.1680315989049 271.90444925193975 1.5 1.534176667034626 3.212135148048401 4.041993459337688 1.571914205582293 13.082003953762051 -1.5290633710708958 0.999731719493866 
Car -1.0 -1 1.8231685462255882 449.72262724976974 179.9856803432014 545.1932218904651 243.8398661060224 1.5 1.617065866291523 3.8394665837287905 -2.950832413020771 1.7116565306488243 19.383449868592056 1.6720938563307346 0.9992177486419678 
Pedestrian -1.0 -1 1.7529604056698087 794.9312947740668 165.57243162951113 842.194853626106 237.66740859018628 1.8 0.9046268209815025 1.6958013668656349 5.4548727362824385 1.6185584363838788 18.97255994212874 2.032922971244675 0.9999959468841553 
Car -1.0 -1 1.7208603886022311 584.0826807543698 179.7060581013339 622.838696826991 209.56440706657196 1.5 1.5634075298905372 3.7114674717187883 -0.3438550214277401 1.8900586147539953 39.086360321071965 1.712063300605637 0.9642515778541565 
Car -1.0 -1 1.610440512010719 667.148167051214 179.06359288100438 693.6187455081563 202.5612643328023 1.5 1.6445432350039482 3.8973818093538286 4.80111899038613 1.941204596284688 49.17975525236096 1.7077560305555881 0.8623901605606079 
Car -1.0 -1 2.0689257300264337 664.3021177127055 178.96500104679154 713.7994354934442 202.45464805619537 1.5 1.6092150032520294 4.0823670595884325 5.415680091513827 1.936171694923184 49.31940831717945 2.1782958388289035 0.802352786064148 
Car -1.0 -1 1.6643889764909456 540.3157606792237 179.9586626528072 582.5140938958202 216.5939985346956 1.5 1.520278912782669 4.005800795555115 -2.160431502819954 1.8388078741538443 32.34706369339376 1.5976989150007785 0.6791554689407349 
