Car -1.0 -1 1.8782174980647068 368.3266255560712 180.88032578011865 464.9659067615663 237.4888010671314 1.5 1.6243517890572547 4.191900652647019 -5.766310029711756 1.7672344881734774 21.854967546021335 1.6202518820723117 0.9999574422836304 
Car -1.0 -1 -1.816967540264026 705.312473096743 177.3144641976672 821.7125649461532 255.92307987002872 1.5 1.6112218171358108 3.6997085928916933 3.1802012229320464 1.610121326788807 15.866285777754195 -1.6191511871900899 0.99994957447052 
Car -1.0 -1 -1.7278507122686526 685.1005553027316 178.02314734466555 760.9163188036973 234.5259203546503 1.5 1.6064735621213913 3.95148643553257 3.21723495533454 1.6685892705625593 21.49741902815736 -1.5792964287709934 0.9999352693557739 
Car -1.0 -1 1.9636371405422157 212.71675973082301 181.26618068426114 381.8922944717645 272.4536932862143 1.5 1.6114477559924125 4.048037019371987 -5.998188053584696 1.6903877398640201 14.26857532184013 1.5656882961604255 0.9999287128448486 
Car -1.0 -1 2.1852643245029384 0.0 182.00971634294572 238.24263711780253 351.36628270898206 1.5 1.524631541967392 3.470853579044342 -5.9851823405124405 1.6280597295294212 8.318721138891044 1.561581536135401 0.9998939037322998 
Car -1.0 -1 -3.6726034783216255 935.7449769304117 174.65998054014736 1163.292432242394 251.38021435721942 1.5 1.6118109717965126 3.7319908410310747 8.936100922982407 1.5398671619589779 14.962658012869646 -3.1342255632069453 0.9998249411582947 
Car -1.0 -1 -3.8468486005893463 1091.4983079199935 171.7042571321346 1241.0 290.49924457494274 1.5 1.588543926179409 3.9244091629981996 9.111032876746684 1.4858403098793675 9.97065029803522 -3.1064693490650996 0.9997788071632385 
Car -1.0 -1 1.8164373818372284 474.7377959860154 180.6495298414855 526.4965177080858 212.84025155662286 1.5 1.6512377679347991 4.1430702924728395 -5.545009651898841 1.921079350486544 36.797175430246554 1.666871535774094 0.9990696310997009 
Car -1.0 -1 1.7928903259835292 430.6245217812728 180.8461560178294 490.87471034675406 223.79779083536846 1.5 1.4962368205189704 3.6616234600543978 -5.702987721637253 1.8279420882843398 27.726942274561313 1.590035426612717 0.9977200627326965 
Car -1.0 -1 -3.7686609609331394 1021.4910722114219 173.43494626327794 1241.0 265.8944564344886 1.5 1.5706096336245536 3.404238310456276 9.237740304031915 1.5110796293930973 12.513395239072558 -3.1327365199711665 0.9738175868988037 
Car -1.0 -1 -1.0401209725286564 1241.0 168.9273136625197 1241.0 234.75593478230888 1.5 1.846378718316555 4.607402396202088 23.756956344494167 1.4108826310628588 17.60247050573787 -0.10700185696152277 0.9541073441505432 
Car -1.0 -1 -1.9240269493337658 799.1748583798257 176.85271248979046 908.5986302997967 224.7561909745407 1.5 2.010389652848244 5.0719528019428255 8.416846113810223 1.656432918644582 25.58982331106232 -1.6062592315163953 0.7563660740852356 
Car -1.0 -1 -3.5418319821750694 869.0471540049032 175.70770299352645 1050.2449978173106 240.6481679520091 1.5 1.5677340820431709 3.6556875824928285 8.373698349233681 1.5734003440970166 17.60238115011759 -3.0978012839939937 0.7475089430809021 
