Pedestrian -1.0 -1 1.6841946917327084 1005.5772298600276 126.11075199446455 1098.270851458629 369.0 1.8 0.5368768729269504 0.6268626570701599 3.378793470726402 1.4163731185880084 5.416752787736357 2.241907107826096 0.9989147186279297 
Pedestrian -1.0 -1 -3.7227668244436014 1117.6231981355068 126.49646242188815 1223.0 369.0 1.8 0.560038585960865 0.5401847444474697 4.421096941216207 1.4024047666827755 5.527014524567432 -3.0480826656010493 0.9984999895095825 
Pedestrian -1.0 -1 1.335905750365798 980.6864470323776 124.56702683914311 1098.2502152153238 369.0 1.8 0.5725903928279876 0.7884590446949005 3.157423722729738 1.4199231981725486 5.283074969331246 1.8745946764906467 0.9974473714828491 
Pedestrian -1.0 -1 1.9457366722469085 698.5792150947665 167.81985632052854 721.5930114115129 210.9356881513452 1.8 0.6876159019768238 0.8996124871075153 4.452735989163006 1.272113618844466 30.074243303112496 2.0927269339521946 0.9938732385635376 
Pedestrian -1.0 -1 2.3068174930520575 1049.7942381884347 131.27820504172044 1150.8045735624485 353.4126229275855 1.8 0.5634003810584545 0.4316817529499531 4.171562851472918 1.4028524903808748 6.048012158665058 2.9106250882109226 0.9914373755455017 
Pedestrian -1.0 -1 -3.6369416195785735 1079.526278263784 127.83886136830921 1193.2216007991701 367.09177632937894 1.8 0.5240011520683765 0.5348463103175163 4.143858992747486 1.4055186280672136 5.611369498304739 -3.0008570710804805 0.9845787286758423 
Pedestrian -1.0 -1 1.7690857670496043 697.3102532441966 167.81393827998804 716.059896704508 211.27594477092924 1.8 0.6301263839006424 0.8381499469280242 4.265353161778325 1.2760871523590174 29.778050442363917 1.9113561987837375 0.9802887439727783 
Car -1.0 -1 -1.6047706314554684 732.1638314997522 174.426199317318 762.6879361198662 200.44236631059232 1.5 1.669287358224392 4.036950927972794 8.589671354880739 1.1511853987583935 42.88848435178003 -1.4071066240456445 0.9608228206634521 
Pedestrian -1.0 -1 1.5999175505772418 710.3220294953176 167.7334972790257 726.1272954723638 210.85943517606822 1.8 0.6401654824614524 0.7684140957891941 4.777791033808761 1.2686332624980627 29.943101956242785 1.7581460356672824 0.9580901265144348 
Pedestrian -1.0 -1 1.4522021082029446 1038.8523357401339 123.85988029510527 1157.4947109834266 369.0 1.8 0.642609179764986 0.7013225488364696 3.6027863852099817 1.4141551979906983 5.29229652373662 2.0498986124952854 0.924875020980835 
Pedestrian -1.0 -1 1.9675895366164955 1106.8569743977762 122.49233329795396 1223.0 369.0 1.8 0.6115207009017467 0.5610649034380912 4.126850395096659 1.407924191035565 5.198016266354734 2.638617026801926 0.8189326524734497 
Pedestrian -1.0 -1 1.3698351457684996 1223.0 100.26940319641888 1223.0 369.0 1.8 0.7172376409173011 0.7405174456536769 3.915197989280694 1.417576725229604 3.8874380894859653 2.158791053291184 0.7676776647567749 
Pedestrian -1.0 -1 1.7933309243869497 1010.1827530181995 130.21369899700218 1114.2599517340204 360.01697343743785 1.8 0.6178550913929939 0.6313476271927356 3.8143863378078855 1.407826548480579 5.974813586581659 2.3615159869154514 0.5533528327941895 
