Car -1.0 -1 -1.5336661579415758 594.9131113292468 178.94401899891574 655.5724501111416 235.99644133090587 1.5 1.6318489357829093 3.500370916724205 0.4630948634593265 1.6940144888747866 21.146181906278624 -1.511769966283117 0.9999920129776001 
Car -1.0 -1 -2.032497501499364 141.2096232230111 180.77341219429383 412.25547191710575 327.96745661680467 1.5 1.6075743854045867 3.8546940803527834 -4.484661251500145 1.623145307502109 9.365178138618491 -2.4790950576451163 0.9999750852584839 
Car -1.0 -1 2.178816425042893 62.02312068996231 183.55735451696526 211.4318575265885 240.24829192447373 1.5 1.6837524741888046 4.244863104820252 -14.29384201455591 1.8593529098768082 22.048996575730662 1.6036538958509983 0.9997766613960266 
Car -1.0 -1 -1.8192093156802187 0.0 181.23904613181935 265.6813930253202 374.0 1.5 1.6020082429051399 3.721984338760376 -4.812864443291229 1.5958509853117524 6.422170106344639 -2.462335304417883 0.9997207522392273 
Car -1.0 -1 -2.113389237895728 366.53542581262394 180.49536407930012 506.6166881897753 254.58757463540977 1.5 1.5637306988239288 3.508070719242096 -4.147326010295172 1.6969603816789853 16.76811534305852 -2.3558572093632564 0.9988321661949158 
Car -1.0 -1 -1.8126953024450918 720.4256277231354 177.40125021404097 824.519393183072 242.34602351144738 1.5 1.6908614456653595 4.2007001608610155 4.1002699473330635 1.6340428278597146 19.084829691949338 -1.6010678141054255 0.9985673427581787 
Car -1.0 -1 -2.37663953628938 474.836687162853 180.40676547552843 563.4849058962667 219.56989670503643 1.5 1.5380694091320037 3.5824524730443956 -3.842120010551357 1.8316936074136658 29.96669498183795 -2.504156843819891 0.9940615296363831 
Pedestrian -1.0 -1 -1.1608751410574727 697.3265461099255 167.42142965512593 734.7733739222629 234.6711634623681 1.8 0.7742466896772384 0.7778888128697872 2.8726417630645122 1.6549501597354845 19.84425640496109 -1.0171144167569024 0.9939807653427124 
Car -1.0 -1 -0.3972141950694237 797.9137517721438 177.38463999554983 906.3393072682453 200.85884817978518 1.5 2.289636854827404 6.458556514978409 16.01771811504489 1.8106066714281341 48.022272052420185 -0.07527072826889583 0.9934305548667908 
Pedestrian -1.0 -1 -1.6694516696120874 713.0860835403512 166.93315638258215 764.1980150365814 236.58635349729465 1.8 1.1739710837602615 1.9804794833064079 3.42383951222333 1.6473495085247614 19.67420617640735 -1.4971504221346719 0.9951695799827576 
Car -1.0 -1 -1.8653871266203694 788.0833625018653 175.87018899895423 965.531583241105 288.74195124731403 1.5 1.5928036093711853 3.707985442876816 3.994845355564164 1.5566031493919825 11.569521728872942 -1.532914043464933 0.9837251305580139 
Car -1.0 -1 -1.714965253636595 681.4987887663009 178.68285691181006 724.3174629581234 210.93121568984157 1.5 1.5990164622664451 3.6995871484279634 4.556134574076363 1.8070475808044841 36.09717030943772 -1.589410579824124 0.9556615948677063 
Car -1.0 -1 -1.7884843136138644 687.16476084056 178.48247670100045 739.815785626307 216.37281852072152 1.5 1.5225252628326416 3.3724936217069628 4.3206234812716735 1.7543686639958844 30.819272992776817 -1.6491998145964486 0.7332562208175659 
