Pedestrian -1.0 -1 -1.0909148608256722 554.1876374260469 160.79875764223019 622.5038207134291 267.66240312490106 1.8 0.8884658597409725 0.9133246287703514 -0.2626863388130002 1.4525943988612655 12.703198669872659 -1.1115906695511681 0.9999372959136963 
Pedestrian -1.0 -1 -2.1866199933948973 448.0887256705469 162.91821209232657 511.93622360355613 264.73172938236837 1.8 0.7882260277867317 0.9018738314509391 -2.289838509691361 1.472759233266779 13.294604020436466 -2.357184664407049 0.999736487865448 
Pedestrian -1.0 -1 1.6978092398441176 501.10469025834817 166.18865700486657 539.046639057678 246.72178103316315 1.8 0.7660571046173572 0.8498941108584404 -1.8918169350054892 1.4589921055338073 16.482719255687098 1.5835335135420383 0.9997802376747131 
Pedestrian -1.0 -1 2.902979747605642 298.3555504385615 161.46271770493684 357.46259452035656 281.5426286252966 1.8 0.7544858872890472 0.7066050104796886 -4.342675724179211 1.5009473593106573 11.276559490092465 2.535378205772263 0.9981929659843445 
Pedestrian -1.0 -1 1.2317422892344103 743.4797880690725 157.8534733646914 804.6103923262426 269.81683443467205 1.8 0.7368990711867809 0.8921221390366554 2.8316601076298866 1.4211354861416654 12.028965320036697 1.462936564287867 0.9981478452682495 
Pedestrian -1.0 -1 -1.797185880230316 848.4954012319487 149.2583075292642 929.7085019267013 302.7116011244546 1.8 0.7487059131264686 0.8934855952858924 3.498434466353753 1.423152819128597 8.920288523034605 -1.423431650796209 0.9974338412284851 
Pedestrian -1.0 -1 -1.6616557416969828 532.1998398170998 171.11203588403603 554.6086874091163 221.9893720089149 1.8 0.7305842384696006 0.8325997300446033 -2.118773951761833 1.4335397134055057 25.884343759563976 -1.7433290789511544 0.9876915812492371 
Pedestrian -1.0 -1 -1.6528519238310884 883.6986750490048 152.2898434309791 940.6725183412601 287.13439323184474 1.8 0.6691274724900722 0.720838227123022 4.278834842770116 1.4114088749074536 10.033802607232834 -1.2497605244305474 0.7796708345413208 
Pedestrian -1.0 -1 3.3122197655556542 432.13395093252933 164.19300760468687 482.0967487336801 260.1848207515857 1.8 0.7444505140185356 0.8326175183057785 -2.8096710542564702 1.4767268759204308 13.851656938053779 3.11209486722551 0.736957848072052 
Pedestrian -1.0 -1 -1.7554828069175994 863.0663514724486 149.51822472009232 944.2835350490919 300.4025631982329 1.8 0.7830050334334373 0.9406197376549243 3.7560092368433162 1.4198119875341502 9.10746429025762 -1.3643241534617288 0.5622508525848389 
Pedestrian -1.0 -1 -1.2208901549454116 889.2142455867792 152.85512940068506 949.8009494966115 283.9842160004574 1.8 0.628844790905714 0.5959803730249404 4.512881347202987 1.4081158169005439 10.290596561999886 -0.8076036135342461 0.561002254486084 
