Car -1.0 -1 -1.0066268508553924 702.0078383441041 177.5588792622614 821.6437812723451 236.7506288122072 1.5 1.5700914457440376 3.727139022946358 4.324465212226963 1.6460886704045812 20.463872185106727 -0.7983688871052605 0.999980092048645 
Car -1.0 -1 -1.6114510470019052 592.5178739373961 178.93721373729045 656.3027729255117 239.50776876423413 1.5 1.6030343741178512 3.525156018137932 0.2750848658281292 1.6840989845451728 20.00752519978352 -1.5977028431978566 0.9999793767929077 
Car -1.0 -1 2.058969055182877 152.70033420701859 182.63196930755032 289.71278928869754 245.61571368911245 1.5 1.5911058083176612 4.04420146048069 -10.543246504817423 1.7965518281179462 19.831587855351522 1.5703317364070075 0.9999721050262451 
Car -1.0 -1 1.8198436643447866 493.5373005624634 180.48771260861966 544.4452235654403 211.11064315782627 1.5 1.6973890855908393 4.315747183561325 -4.8468950965626325 1.9336648588324274 38.70685422944897 1.695271480079514 0.9999446868896484 
Car -1.0 -1 2.2418108474870855 0.0 183.3354126221296 174.9287223824921 282.55287133067617 1.5 1.6855989143252372 4.502356287837029 -10.506845669112906 1.7315274304828732 13.64741311223471 1.5857086062391819 0.9998631477355957 
Car -1.0 -1 -1.175991525514407 770.7232866422967 176.30344713489112 917.9227429624915 266.32086815455347 1.5 1.5410226330161094 3.3133695393800737 4.544907944874572 1.5752939849110594 13.91366390507321 -0.8602673570301873 0.999859094619751 
Car -1.0 -1 1.9329922581801042 333.2033939626094 181.1073229754268 441.27427630105126 240.28206458422116 1.5 1.63630401045084 4.126095634698868 -6.378135837344833 1.764658210120729 20.99009932536185 1.6379942774733127 0.9996975660324097 
Car -1.0 -1 2.053323106447648 335.1702874139504 181.60853576384403 422.73909051272665 222.05333871948056 1.5 1.6289936870336532 4.362100598216057 -9.539226195940655 1.8926277066282744 30.038084832647147 1.745825040336472 0.9886149168014526 
Car -1.0 -1 2.015377526018085 450.8138878645612 181.0169492433169 503.54622479745655 208.518101660879 1.5 1.5510108813643455 3.87381227016449 -7.825068597836376 2.006387316047186 42.65416577418039 1.833941209312302 0.9801135659217834 
Car -1.0 -1 2.087490831798961 217.45001534138018 182.79035274858467 307.4623147403055 224.3347901741275 1.5 1.4870306968688964 3.988884624838829 -13.923369379793238 1.9287960380861058 29.06715723897467 1.6407782912214817 0.9784680604934692 
Car -1.0 -1 2.5966355279586577 0.0 185.7346240824321 3.6720172371616533 244.2632702616265 1.5 1.6064977765083313 4.309710723161698 -21.253722985596163 1.9301028610631497 21.783153421109013 1.8235385298689426 0.8277830481529236 
