Pedestrian -1.0 -1 -1.5775793378047005 569.0377804233116 164.73857482508362 604.9589503908336 249.36679739324305 1.8 0.764501330256462 0.8203211732208728 -0.35660657445626026 1.44472278664898 15.697267626583802 -1.6002931791034085 0.9985027313232422 
Car -1.0 -1 -1.5912261984169138 543.0690203640643 179.3076073442442 589.3563920665805 212.74941461254016 1.5 2.0792123422026636 5.704593148827553 -1.7977652829898993 1.4026043689003753 35.13692968155997 -1.6423461745169503 0.9974543452262878 
Pedestrian -1.0 -1 -2.864177142216522 442.1736678304332 169.49621709325243 488.63630416656554 234.54213000275305 1.8 0.779018972814083 1.122065682709217 -3.866528738098905 1.468973943470834 20.31370271920121 -3.0522681037571773 0.9883955717086792 
Car -1.0 -1 2.495276810417141 0.0 183.9188930582332 164.99408965297673 373.0 1.5 1.5607623875141143 3.4424277514219286 -3.0034222500705186 1.5140565217885988 1.9812562955954007 1.5076209743830817 0.935846209526062 
Pedestrian -1.0 -1 -1.4731656812190583 629.3821286436313 167.0330249914081 660.1327468498248 234.80181991525964 1.8 0.7583463124930858 0.8517439037561416 1.1560692193690674 1.4169094941433646 19.556828002961954 -1.4141210625555856 0.9134536981582642 
Pedestrian -1.0 -1 -1.703492563443209 638.8169849329724 166.77428307512872 671.8577433767562 235.46809979466443 1.8 0.7906559415161609 0.7176550596952438 1.40156813897255 1.415308323751675 19.201909827396275 -1.6306306953218324 0.9049966931343079 
Pedestrian -1.0 -1 1.6467682229702987 748.911541692883 153.18741252105966 810.712640648356 291.2666676246323 1.8 0.7702463798224926 0.7396716184914112 2.406859917788964 1.4322477795152013 9.832808733526132 1.8868265032728733 0.9039284586906433 
Cyclist -1.0 -1 1.8381342512217917 401.8747177412828 184.67995685436205 444.86875222509246 244.1364204436602 1.4 0.6921208955347538 1.372251895070076 -4.396918813931507 1.482527307380447 17.679819291831407 1.5943822741468967 0.9990333318710327 
Pedestrian -1.0 -1 1.6732052519656688 754.1171898007756 152.28920108120406 824.740783989163 294.714746438281 1.8 0.8382529512047767 0.8064879596233367 2.4786230786381593 1.4321638856016845 9.599640716703997 1.925886142249924 0.8706587553024292 
Pedestrian -1.0 -1 0.3364299225135585 388.83383605995704 168.25118214717745 446.49453794271506 243.4638364911938 1.8 0.7969531722366809 1.1758538454771041 -4.532504335323631 1.4841248168408394 17.635558765759104 0.084865136942591 0.87742018699646 
Car -1.0 -1 -0.2097975586674557 888.4667915212693 171.76671815156527 1237.0 317.6629240086855 1.5 1.5917949870228767 3.8319850832223894 5.5549037556799 1.401293443787095 8.79296669639733 0.35363666614028383 0.5358387231826782 
