Pedestrian -1.0 -1 -1.4131378115862117 570.2264305331706 167.00811577283898 604.7430800272167 238.51548936665233 1.8 0.7555271059274673 0.9552474625408649 -0.38389738935764833 1.4363892508567044 18.604227588141 -1.4337698380139214 0.9988656044006348 
Pedestrian -1.0 -1 2.5690838756238477 811.8065445140129 133.55740205095398 964.8777511710225 373.0 1.8 0.7823153890669345 0.8559146456420421 2.2307959387037535 1.4461513260506151 5.790147895368313 2.9368317007978977 0.998420000076294 
Pedestrian -1.0 -1 -0.7608295918977137 819.3057040103924 135.5001960162266 968.4786733256301 366.6093723080261 1.8 0.7749530047178268 0.8875711381435394 2.420871676973882 1.4431237825697263 6.117675420825579 -0.3840204040196282 0.9970405697822571 
Pedestrian -1.0 -1 -2.3979482836255253 139.9738773833037 129.20303562906224 314.0391661592153 373.0 1.8 0.6623473510146141 0.7211351327598094 -2.399259424810558 1.499894691242398 4.5513776028560065 -2.8830793658879146 0.9958082437515259 
Pedestrian -1.0 -1 1.7320507527668636 498.34649016639503 165.46771541085764 534.7893593864119 250.36743346894238 1.8 0.671953198313713 0.7907314717769622 -1.8749742683173953 1.4613225311095788 15.636249271748236 1.6127085566481174 0.9929459691047668 
Pedestrian -1.0 -1 -1.7277052580009227 686.8885878176807 168.02044783694106 716.0072960770087 226.69563179785595 1.8 0.7943870991468429 0.7235602036118507 3.085289238888695 1.3875979475478049 22.403683815097455 -1.5908525838193042 0.9837132692337036 
Pedestrian -1.0 -1 1.724268470101833 478.8615951191539 165.48653314452818 516.7544211860827 251.470372508145 1.8 0.6933267720043659 0.8081814765930175 -2.2547605277028238 1.4660054371993347 15.44214685564803 1.5792796492537082 0.9832575917243958 
Pedestrian -1.0 -1 -2.3797138464465153 973.9201237861985 142.56399103599384 1099.2138061857715 324.30516733303523 1.8 0.7678986087441444 0.8375254951417446 4.541473082208667 1.4157388453444029 7.618264909437794 -1.8421451012280328 0.9753504395484924 
Car -1.0 -1 1.6459274126299555 540.324382892271 179.60737313546338 567.649829164834 202.34601059865454 1.5 1.5920527771115303 3.8043013334274294 -3.2081323703048255 1.3758333578981132 49.29392892173944 1.5809373736342014 0.9716994166374207 
Pedestrian -1.0 -1 -1.8021254628187031 113.31268105699765 123.25210903190943 280.1921578313489 373.0 1.8 0.6739178232848644 0.8479247361421585 -2.4511444875904784 1.5013882768244387 4.237209778251518 -2.3265717188504085 0.935152530670166 
Pedestrian -1.0 -1 1.6902405872131376 457.8852128296359 165.2298723951184 490.46764299620406 254.21425230752342 1.8 0.5908521384000778 0.6742115624248981 -2.666944933773764 1.4721261110530475 14.88169104930201 1.5129131515833991 0.9198583960533142 
Pedestrian -1.0 -1 -2.6234594763171257 364.0500762887411 157.7179536289843 442.8727908294389 294.32283714959266 1.8 0.617842611670494 0.8505217291414737 -2.7543814292213282 1.4879600952721188 9.865804314127736 -2.895711974301611 0.9126935005187988 
Pedestrian -1.0 -1 -1.6421516795465798 601.9197282413666 170.50018981926414 626.1940949848838 220.4340760318536 1.8 0.8276636272668838 0.8820788495242595 0.4346788940996642 1.4045320539233064 26.35475476990948 -1.6256597983327252 0.9087321162223816 
Pedestrian -1.0 -1 3.224706928680187 202.26183205896618 135.60350443032354 326.54732104619427 373.0 1.8 0.623991110175848 0.7627009905874729 -2.4394832579508585 1.498511247986957 5.163989501214404 2.7833797812422336 0.8117371797561646 
Pedestrian -1.0 -1 -1.5403050263595417 626.8108332591061 166.38723472543603 651.1644438065516 238.30654670611648 1.8 0.6023606777191162 0.6880511090159416 0.9314147231308781 1.422941026368041 18.34323643416373 -1.4895715872433526 0.780406653881073 
