Car -1.0 -1 -0.46132762744463296 855.8203809636866 174.8399073498448 1158.865180028321 273.2485538521029 1.5 1.6494885578751564 4.079640519618988 6.322943723305679 1.535564290519411 11.909793031524533 0.026735587916101734 0.9999899864196777 
Car -1.0 -1 0.2622491316518625 326.2088816774857 181.56679342458708 476.29436440438536 229.79481190083285 1.5 1.7302128046751022 4.433042791485787 -6.7998864897766085 1.797115255781547 23.66902864430044 -0.01750715176132747 0.9999876022338867 
Car -1.0 -1 3.6662214748880793 40.63907920069719 182.839398150019 310.6030038449732 284.00605936930236 1.5 1.5708933144807815 3.413318333029747 -6.922707611010948 1.672876737789445 11.65883334150646 3.1303927779158176 0.9999790191650391 
Car -1.0 -1 0.6367354456286429 0.0 182.71821050789228 322.8306872943183 315.2803532093733 1.5 1.629412968456745 4.167254877090454 -6.127046252342245 1.638939785665745 9.216243337138183 0.05001966556044988 0.9999767541885376 
Car -1.0 -1 3.563115886501193 171.48446904963606 182.14882104561624 394.2405242337493 264.58516381768464 1.5 1.5521800637245178 3.644171965122223 -6.315341664589654 1.6917435767462994 14.077732374627761 3.1414226174315036 0.9999701976776123 
Car -1.0 -1 0.69204958729013 0.0 183.42324283614573 217.69002662018082 367.3970735218881 1.5 1.6075436517596244 3.648519378900528 -6.041638238246091 1.6131983413827367 6.8398515306214005 -0.031461791196141925 0.9999051094055176 
Car -1.0 -1 -0.3545924066812165 816.359593793879 175.87147504506163 1030.2663979873628 256.22095527124503 1.5 1.5765423446893692 3.589211639761925 6.074409762843569 1.564217627559238 14.399892543150195 0.04459623893233708 0.9998838901519775 
Car -1.0 -1 -1.6387026511658425 637.5740530625687 179.24309827361205 670.8723571141087 207.91901202994774 1.5 1.6027868285775184 3.777233746647835 2.4026564890006847 1.875610126194304 40.48004458680773 -1.5794181069966895 0.9998019337654114 
Car -1.0 -1 -1.9701666664283293 788.074935735844 174.39852705219826 1130.0642925477514 374.0 1.5 1.5202211707830429 3.354415532946587 2.7714084360494446 1.518220427842965 6.660830381682405 -1.5758793550219876 0.9997096657752991 
Cyclist -1.0 -1 1.6257754642651574 543.8844554942865 182.34469893894928 556.6030003595338 210.97680368173954 1.4 0.557054628431797 1.638473992049694 -3.0659000087914654 1.8933778512904167 36.65265557395652 1.542322321734156 0.9994727969169617 
Car -1.0 -1 -0.2682331517632286 782.53104677824 176.55345430408664 961.1700008299862 243.76870015174103 1.5 1.6131861627101898 3.6877548813819887 6.055396229538533 1.5930433687611762 17.138470015211663 0.07139794429274968 0.9992173910140991 
Car -1.0 -1 3.3782973215486614 311.30446930896466 181.62003759576484 454.71584533921435 236.25788806349058 1.5 1.6066566601395607 3.713735055923462 -6.570916580222779 1.767080185314762 21.026962921229803 3.0754128575285495 0.9968839287757874 
Car -1.0 -1 -0.16514902997802497 716.329634942739 177.94781014796501 827.7460702853351 219.25007817390932 1.5 1.684100230038166 3.8958801448345186 6.032634636223478 1.7002885044185065 27.375741730570738 0.05174867709609441 0.9940345883369446 
Car -1.0 -1 2.7995480683770495 734.7475838639014 177.4400007931523 876.1693189984013 228.72344738396635 1.5 1.6048575311899185 3.8920147836208345 5.914304507702204 1.6477782760357267 22.232421699201556 3.059548127647263 0.9876900911331177 
Car -1.0 -1 3.4624762372686972 225.8007740055125 181.94031364261252 417.1935095719953 252.03055001796383 1.5 1.5841486424207687 3.774174910783768 -6.556416570204927 1.7203158902460645 16.56761937361843 3.085650432105881 0.9783978462219238 
Car -1.0 -1 -0.17053754282914071 714.0246070296146 177.83003012886468 840.2031804859091 223.29846327177444 1.5 1.681528289616108 4.018555071949959 5.65252141056671 1.6789701423029195 24.951994171074478 0.05223826964827946 0.9660739898681641 
Car -1.0 -1 1.5819110871163509 510.43527898556346 180.56352394308308 540.0324396843353 204.78046658711511 1.5 1.8899297833442688 4.830935832858086 -5.7340549008198884 2.0483694455198407 48.784105377007016 1.464908524355616 0.7491923570632935 
