Pedestrian -1.0 -1 -1.421017638862303 945.0515777809904 149.19119427779455 1011.0378229692305 297.4335030443969 1.8 0.6724513627588748 0.5370625786483287 4.744871646722037 1.409038691446659 9.134547752199529 -0.9419373432782037 0.9999996423721313 
Pedestrian -1.0 -1 1.463825905927898 700.6691252631788 167.4294694073894 727.767252330501 228.59088220347567 1.8 0.7096744634211063 0.9089942581951618 3.3559693830639206 1.3870300746357136 21.608916560728304 1.6178998827894748 0.9999996423721313 
Pedestrian -1.0 -1 2.59239897349679 510.63207623834035 168.32712611022816 549.7704223679935 235.95897194602537 1.8 0.6802867658436298 0.8318201199173927 -1.9793668261261093 1.4505728386273504 19.638084210810064 2.4919459700544895 0.9999886751174927 
Pedestrian -1.0 -1 2.2896026119958153 112.32655261887425 131.1101064755492 304.3086017026378 373.0 1.8 0.7491021908819675 0.8421898379921913 -2.616605358305344 1.501617071027337 4.762900042019795 1.7872414469679416 0.9999854564666748 
Pedestrian -1.0 -1 -1.5343827278778603 571.7358628513499 166.44554316345577 609.7696180684826 240.9918275837594 1.8 0.9126005254685878 0.9222982943058013 -0.2867965573752835 1.4376888003731492 17.812677570184743 -1.5504820356753213 0.9999347925186157 
Pedestrian -1.0 -1 1.7234182203942692 549.4384297226969 169.61122459507342 573.7991703547557 227.91924941871716 1.8 0.6485497139394283 0.8336572468280792 -1.274197723978683 1.4340998499048014 22.61886330831312 1.6671442866285862 0.9998213648796082 
Pedestrian -1.0 -1 0.631679105012563 213.43039629708719 151.38164581912633 317.45459906351823 333.3603432155505 1.8 0.6447750635445118 0.7472016409039497 -3.535629321998523 1.503460115867049 7.489968237414953 0.19064156611892155 0.999796450138092 
Pedestrian -1.0 -1 -1.8915479308750762 790.6526344279529 159.57894001898163 848.8421720359023 258.81511869544005 1.8 0.7929069481790065 0.9207645922899246 4.045019731912713 1.4036519863917407 13.498855445852435 -1.600406306856547 0.9911233186721802 
Cyclist -1.0 -1 1.732142316336231 419.797725895681 186.36979546915472 492.17677562768665 289.1773233051947 1.4 0.8103485710918903 1.6007623195648193 -2.1645235323324803 1.4791888018075132 10.67198437474892 1.5320338447901862 0.9999967813491821 
Pedestrian -1.0 -1 1.6886867310165503 420.2015003156528 159.00481071290858 486.091178706576 284.91937290972066 1.8 0.8633719317615032 0.982088179141283 -2.2484986515491987 1.4797371545553109 10.79316566694649 1.4832982261988776 0.9223650693893433 
Pedestrian -1.0 -1 0.6039013874053005 457.3977920802005 164.97852462121602 510.8945190986564 254.74013260438502 1.8 0.6431321173906326 0.885830682516098 -2.4645872273568177 1.469937698002296 14.881775424069202 0.43977992137404853 0.8561273217201233 
