Car -1.0 -1 -1.7158890910791087 689.4678680538117 177.78588500311704 774.1569959323357 243.38032884209477 1.5 1.5811320886015892 4.000995916128159 3.009765226106077 1.6426980340537238 18.810675252703582 -1.5572308647122723 0.9999998807907104 
Car -1.0 -1 -1.611704277899446 658.6607738398378 178.95364199204323 693.1553299342513 210.38020772632908 1.5 1.601520974934101 3.913971272110939 3.313773877518233 1.8317341763841675 37.20327332095285 -1.522866618880306 0.9999982118606567 
Car -1.0 -1 0.6574195551485726 1.3906073169780555 184.84068086570952 163.13776407372393 232.98845541590478 1.5 1.6124148413538932 4.191317644715309 -17.347225142725566 1.9095768106633761 23.767825964858655 0.026932044825281422 0.9999980926513672 
Car -1.0 -1 -1.5324232817929857 605.4964346470683 179.69054870673062 632.2435679375598 204.45088372540943 1.5 1.5922027200460434 3.4880126386880876 0.5714292783493092 1.9576157815423285 46.47474772196383 -1.5201284224775178 0.9999938011169434 
Car -1.0 -1 -1.9146945688467543 760.7970043080869 175.31903044140824 1023.4877472736782 340.29064641673403 1.5 1.5616987392306327 3.8664719581604006 2.943139313979588 1.5362453777586405 8.558874150516166 -1.5834912546586735 0.9999911785125732 
Car -1.0 -1 -1.7123834709505654 682.4715297691037 178.27568030694943 743.5903324072784 228.4762003551249 1.5 1.5099024891853332 3.294556450843811 3.250122450953698 1.689844229522428 23.56414827444959 -1.5753216650944692 0.9999910593032837 
Car -1.0 -1 0.4161019667788388 179.43082227346395 183.11387886179628 323.73418011697476 231.2086634805306 1.5 1.5448049202561378 3.9650874704122545 -11.746141871171135 1.8499566421958604 23.725088014666998 -0.0436129132893426 0.9998028874397278 
Car -1.0 -1 -2.250539882782659 903.3990528418379 164.7245027867633 1241.0 374.0 1.5 1.5633212894201278 3.8768163442611696 2.889757765064038 1.4834263043750633 3.4516521910195985 -1.5535180895265681 0.999794065952301 
Car -1.0 -1 1.750381924807681 458.9300562111747 180.93525329126444 501.60067002118234 210.99960951959443 1.5 1.5903041258454322 3.967832636833191 -6.9992057853070575 1.959990998239203 39.05009811719226 1.5730285525282444 0.9369149208068848 
Car -1.0 -1 -2.483937224825892 6.098301758333623 184.89879600533524 169.66451006391196 221.12105391456723 1.5 2.400483798980713 5.583282795548439 -23.092387534062503 2.056605418752856 32.02741425223815 -3.1086313287403926 0.9163851737976074 
