Car -1.0 -1 -2.1487521122750852 956.9532169775363 170.45672517161557 1068.211693530485 217.99193743719684 1.5 1.634608444571495 3.482077878713608 13.729534894588447 1.184630563438456 24.09326799616529 -1.6307972418752057 0.9999922513961792 
Car -1.0 -1 -1.6081390517883491 601.3971249614656 176.0865399117702 636.189463078317 206.0580397822429 1.5 1.6713187590241432 4.537952926754952 0.6679631761189062 1.2805466519141224 37.66602876501579 -1.590407074489866 0.9999926090240479 
Car -1.0 -1 -2.29727177098754 1034.6449669783892 169.30815302006027 1157.328057900538 217.50387905640468 1.5 1.582241666316986 3.29853133559227 16.322360423668503 1.1532296512780877 23.735064244640764 -1.6948555866864068 0.9999901056289673 
Cyclist -1.0 -1 -2.1440182818497444 681.8437536857757 180.38253585603496 771.7885382415777 270.13838075048335 1.4 0.6389474056661129 1.7572533831000328 1.9727586301037758 1.3998249164573568 11.956651315723798 -1.980498896041189 0.9999880790710449 
Pedestrian -1.0 -1 -1.5493303569396504 325.8355379342209 172.73741176994182 343.70499309861 215.81094365893833 1.8 0.6924042969942092 0.9522710487246513 -11.522775688505858 1.47709322937881 30.106915004933104 -1.9148594597962243 0.9999934434890747 
Pedestrian -1.0 -1 -2.165309086526018 449.213980186897 161.2455816272126 514.8067194842073 259.04709840112827 1.8 0.713308297842741 1.1731338247656822 -2.430695405857974 1.447268260167852 13.677316924688931 -2.3411900560047965 0.9999830722808838 
Pedestrian -1.0 -1 -2.508703029746583 223.54083061601466 174.3635858802036 238.24479122473917 215.84791019569258 1.8 0.5031966164708137 0.3372708361595869 -16.395050592787697 1.5352151896285668 30.947223234670265 -2.9958855668690547 0.9999314546585083 
Pedestrian -1.0 -1 -1.3400152035506927 423.30253719940083 173.3618209928686 438.58321816966554 205.66860899985508 1.8 0.6596637450158596 0.851160430163145 -9.807458802896127 1.4036823685283824 39.817960473568306 -1.581515481756304 0.9999234676361084 
Cyclist -1.0 -1 2.040714486604216 92.90968599174829 189.3195216723345 229.89891170911122 334.3192006834402 1.4 0.5822129108011722 1.6739383831620216 -4.854712253715909 1.5095721468852563 7.785403159637453 1.4831470688197272 0.9998785257339478 
Pedestrian -1.0 -1 -1.1641054975201037 344.0990206193372 174.3515542702975 362.721843712298 206.75106318959823 1.8 0.6953098371624946 0.8815201491117477 -14.145249661139118 1.4598076030239853 39.73845294407561 -1.5060788775470597 0.9998748302459717 
Pedestrian -1.0 -1 2.6009776605513775 993.7159913564587 165.2442453444821 1013.8628035193279 201.51302117656422 1.8 0.7132733732461929 0.5971135132014751 19.978035459831435 1.0442972916042497 35.4501893503226 3.114166128631455 0.9998430013656616 
Car -1.0 -1 0.9274054228410411 1098.1176152782982 168.24156974221523 1223.0 215.4256634790445 1.5 1.643175308406353 3.990905222296715 19.235317809829578 1.1118500361353219 24.485804714690303 1.5932855486830295 0.9998445510864258 
Pedestrian -1.0 -1 -1.2863764760971124 320.62727298947476 174.82977817380603 335.92161579721727 206.36087401231183 1.8 0.6529531002044677 0.6943620301783084 -15.947447932175411 1.4776898533966394 40.73274331484741 -1.6595461825516564 0.9997503161430359 
Pedestrian -1.0 -1 -1.1619083516775808 349.31226293217003 174.2809159259832 368.33636187508233 206.68794941678635 1.8 0.7706693865358829 0.7596516542136669 -13.819422253486708 1.455963500066711 39.67418237590556 -1.4970882246878487 0.9997448325157166 
Pedestrian -1.0 -1 -2.3415383558875478 498.32021590976075 160.8859571974065 567.0841258343238 256.83242445025587 1.8 0.7319970548152923 1.1777886681258678 -1.4706761066242837 1.4336677176424453 13.917767479517222 -2.446816639104162 0.9992573857307434 
Pedestrian -1.0 -1 -2.236135704903363 380.45833858562935 162.12824304970354 444.2429847129058 260.29227011483607 1.8 0.6357344359159469 1.0970552012324333 -3.7370373803964005 1.4647624235056858 13.541520027165348 -2.5054024020817622 0.9975233674049377 
Pedestrian -1.0 -1 2.0183878287842094 297.62370217644377 174.085878932586 317.78175977724766 211.435473339552 1.8 0.6672840125858783 0.7037224739789962 -14.493348120136243 1.4923241220253782 34.4379107040164 1.6200337290724338 0.9906876683235168 
Pedestrian -1.0 -1 -1.2761486929486683 418.9233004294082 173.4240164060297 433.6781580928537 205.72177816284469 1.8 0.594926767796278 0.8181062087416648 -10.070563312006172 1.4070373562438212 39.82244288419044 -1.523842332014118 0.958859384059906 
Pedestrian -1.0 -1 -1.201193857765854 326.7941151293885 174.78054810487268 342.90176594750835 206.10598426507286 1.8 0.6693885222077369 0.6883190505206584 -15.658687970621425 1.472733423775461 40.96865576107158 -1.5662718285482866 0.8731885552406311 
Pedestrian -1.0 -1 2.443412956440251 984.4612231000289 165.34650514201766 1004.9773876805863 201.6119365820413 1.8 0.7687646456062793 0.5322171866893768 19.560559429275482 1.0493030057387387 35.517353680887155 2.946818339820725 0.7629591226577759 
Pedestrian -1.0 -1 -1.2066230505920452 330.40707603853053 174.52095960679532 348.17228997729353 207.00158605615144 1.8 0.6540619328618049 0.9047557160258293 -14.898909778272769 1.4700496454078662 39.63190350412081 -1.5662107659180207 0.7197188138961792 
Pedestrian -1.0 -1 -2.2865543121450274 216.15118725325775 174.37661372551753 236.20101528763277 216.15743273923502 1.8 0.60873334556818 0.47507630921900273 -16.535665894310394 1.5376679728769198 30.824936582866183 -2.7789256135609492 0.5606938004493713 
Pedestrian -1.0 -1 2.0705429022642736 0.0 163.74095921143928 0.0 292.1925878294241 1.8 0.5547618053853511 0.689585556089878 -10.354007863930248 1.566822183176621 10.31226419727347 1.283124848208155 0.5220588445663452 
Pedestrian -1.0 -1 2.1578800371678515 999.0309993565102 165.14891301714096 1021.0789105163998 201.34161316636934 1.8 0.7309032164514064 0.6413842111825943 20.397318337971512 1.037963895824464 35.62956136915303 2.677820670600754 0.5133123397827148 
