Pedestrian -1.0 -1 3.559492519565864 232.94889872471904 169.77324239475706 273.8178713867153 236.0259679184112 1.8 0.5524559438228607 0.8601696722209453 -9.726359356078468 1.510148667116671 19.499829424079245 3.0968117594679416 0.9999948740005493 
Pedestrian -1.0 -1 0.3684323674272625 390.74124987581564 165.94202179344114 439.5580937238997 242.0724009794404 1.8 0.5784425444900989 0.9968375347554683 -4.610100443792046 1.4574002141862354 17.05182599260433 0.10438673099013737 0.9999916553497314 
Car -1.0 -1 -0.5732316586124532 1030.3677880560915 169.84411734283862 1159.0684133288826 208.67206384548737 1.5 1.6378406926989555 3.964086484909058 19.423293194993384 1.0898471978872337 28.187958164396882 0.030116601786340992 0.9999902248382568 
Pedestrian -1.0 -1 0.1491349531904291 557.8694216314873 165.52713700737198 596.4362931713863 231.8297480264197 1.8 0.671271563321352 0.9798818759620189 -0.7985961986113694 1.3950937334403477 19.576827545453348 0.10836462577315739 0.9999861717224121 
Cyclist -1.0 -1 -1.4336349795178893 859.7167491184947 175.3801671954663 885.750989018246 212.5089995800131 1.4 0.7226274840533733 1.7283961668610572 10.434313765637816 1.2084598261167776 27.587153967409506 -1.0720347623017175 0.9999821186065674 
Pedestrian -1.0 -1 -2.7288119594815514 332.3264906954941 168.619519681043 366.29519099902086 234.32330413535897 1.8 0.517804504185915 0.743423730880022 -7.1361581532642555 1.4761052945835886 19.64739936558947 -3.0772075215962276 0.9999784231185913 
Pedestrian -1.0 -1 0.6865154761497079 191.22614806080549 171.33923102195527 231.74053137635474 231.74211622299458 1.8 0.5712987415492534 0.9196021154522895 -11.95533653259212 1.5285732645292796 21.427403757185555 0.17759208281966618 0.9999805688858032 
Car -1.0 -1 -1.2986596143021543 335.55745630493726 177.9837850997332 488.1025495475095 278.08828162848124 1.5 1.5897630274295806 3.8931897401809694 -3.2657784764371347 1.4639573362020624 12.549939923977334 -1.553236202397619 0.9999575614929199 
Cyclist -1.0 -1 -0.3880915746109713 1082.5727591906873 173.75171848069462 1193.2997238014493 240.54635982816333 1.4 0.5456313051283359 1.8457774564623832 11.465009522383301 1.2601792843411164 15.311100904114895 0.2546434839579719 0.9999432563781738 
Cyclist -1.0 -1 -0.3756167643947146 989.9057306228508 174.1970230015561 1065.6494125813467 223.168281896915 1.4 0.5863049559295177 1.8087171509861946 12.289424345294545 1.221380530539359 20.64292707540626 0.16136436065169743 0.9999326467514038 
Cyclist -1.0 -1 -0.33369630590248955 286.4830785094054 183.77864681031002 362.6926195949275 243.87929642872825 1.4 0.5601460605859756 1.641203512251377 -6.881598586171937 1.485283225927742 17.295030882380992 -0.7123863259938104 0.9998458623886108 
Pedestrian -1.0 -1 -2.670015084686784 236.4010159414199 170.0085124623398 277.27318290135554 234.64633592067483 1.8 0.5731713518500328 0.8718125082552433 -9.865704966410338 1.5094147642309725 19.976720214106322 -3.1287387172367915 0.9997904896736145 
Pedestrian -1.0 -1 0.5716934389101629 181.5878649371046 171.2882766602237 219.46181878638615 232.7659851745511 1.8 0.4512548938393593 0.8683258228003978 -12.011950791004882 1.5318575410746413 20.944102574715092 0.05096892913314275 0.999650239944458 
Cyclist -1.0 -1 -0.6514057125002797 793.7291557195762 176.0041238989102 833.7470911147916 208.84482167471043 1.4 0.5755631744861602 1.657632042467594 9.045386936298742 1.2098191614477891 30.70114607067537 -0.36488552490738463 0.9993846416473389 
Pedestrian -1.0 -1 3.3227844296422155 205.21474817606014 169.23901183680925 250.5028494521285 240.51645953585515 1.8 0.5453220129013061 0.9506022118031978 -9.763723346089124 1.5172147414699348 18.255077804209446 2.8316472649534763 0.9986724853515625 
Car -1.0 -1 -0.7120083663345893 1140.4219298387782 168.3323507782993 1223.0 206.7533007990882 1.5 1.6749635830521583 4.193854567408562 24.25144969160593 1.0264625868069854 28.449324550284157 -0.006097273030553542 0.9964397549629211 
