Car -1.0 -1 1.7502575672643677 433.0630758514343 180.7962258764209 493.00930216767455 222.22298774895987 1.5 1.6355136901140213 4.2242108404636385 -5.874661634311336 1.8437625942552665 29.066993602258634 1.5508362491938728 0.9999984502792358 
Car -1.0 -1 1.9916526165962325 171.42144952457716 181.2807732336781 366.49895278713365 284.88312045379826 1.5 1.596183006465435 3.9753566056489946 -5.815613598590921 1.6727033981066701 12.761226006220943 1.5640477379176276 0.9999897480010986 
Car -1.0 -1 2.84673597415862 782.0083786463726 177.43863408148513 875.3225526302075 215.19481966675605 1.5 1.5826954066753387 3.352835637331009 8.894965394490791 1.6938583255815645 29.653610135544987 3.138158190246445 0.9999599456787109 
Car -1.0 -1 1.8349033808650737 385.80008599458256 180.92347038755202 467.0687553126336 233.6051229351072 1.5 1.5485395237803459 3.916841980814934 -5.818155870456425 1.780976358732755 23.11726736721901 1.5883440852125705 0.9999608993530273 
Car -1.0 -1 -1.6887872804484598 665.2628200591276 178.67462035356823 713.9123911472703 216.98849704338858 1.5 1.5910925835371017 4.029461604356766 3.2983480570086106 1.7658495168592854 30.884413331950494 -1.5823940206926805 0.9999539852142334 
Car -1.0 -1 2.7728433980706573 813.4806745631003 176.80803875907893 943.5282856920826 222.20178648437394 1.5 1.5840422853827476 3.879579392075539 9.119329124457023 1.640832026299484 24.807288891049605 3.1251166939695896 0.9999271631240845 
Car -1.0 -1 -0.7694853532104684 1211.6654449472478 172.49189674218644 1241.0 219.08842245646113 1.5 1.7067468285560607 4.128711161017418 22.820766368367895 1.4887012480769526 24.101237932963166 -0.011369780698095045 0.9998397827148438 
Car -1.0 -1 1.7711269101156424 474.61938184212886 180.6731763577328 522.7122245373293 212.94594537728167 1.5 1.6226761534810066 4.1439423829317095 -5.627466622309991 1.9205557003682974 36.663735192874434 1.6188268542250217 0.9992226362228394 
Car -1.0 -1 -0.7533791784554427 1111.3800916275593 173.7827647568506 1241.0 211.71448453505303 1.5 1.7534142851829528 4.73297820687294 23.46786896252835 1.539912833331989 29.654762839256353 -0.08392305771378109 0.9991695880889893 
Car -1.0 -1 -0.9007001120138469 1159.0842289879724 173.23466405596966 1241.0 215.53525818463226 1.5 1.6953960552811622 4.418980938196182 23.041834217489015 1.5151903420307067 26.858923551946567 -0.19164688984421321 0.9986625909805298 
Car -1.0 -1 -0.6539270205698978 1079.6290242994064 174.21380029693438 1212.9781759996047 208.95509694869634 1.5 1.7469609647989273 4.6702759832143785 23.770228080291062 1.562645507541363 32.13523079198784 -0.017054633298192703 0.997523844242096 
Car -1.0 -1 1.8614420449154216 322.93393447066364 181.09126190840692 429.3641479411027 249.40167717692168 1.5 1.5432937562465667 3.6881665259599687 -5.794168023564741 1.728774206967492 18.147266868530224 1.5523869236323493 0.9779325723648071 
Car -1.0 -1 2.720645540842077 804.2529236481861 177.11811490036 900.3029519852614 218.569672347633 1.5 1.5595533445477485 3.0653885126113893 9.058503414464651 1.6667665880890417 27.227002635764986 3.0418286204298557 0.975620687007904 
Car -1.0 -1 1.4637796753816554 658.2196925620425 178.84919777407416 700.6471212455996 213.8324360120305 1.5 1.5431825563311576 3.9152475565671923 3.1348816321642494 1.7957298335237033 33.577880087322306 1.5568713386866706 0.7247210144996643 
