Car -1.0 -1 -1.6044797126862678 641.3941643887083 179.09606847387843 675.952264123507 211.69777241413354 1.5 1.5743466585874557 4.025114563107491 2.342786682998535 1.8295303061461963 36.011017612659195 -1.5395137677576882 0.9999985694885254 
Car -1.0 -1 -2.4102790522994564 950.0102375348577 150.09660768847255 1241.0 374.0 1.5 1.5766449764370918 3.8262228041887285 2.938279850120874 1.4752479394068867 2.718260548736461 -1.58600404399005 0.9999967813491821 
Car -1.0 -1 0.3291367713562243 243.12143759712868 183.15577080890756 330.2945551567801 211.04597521606175 1.5 1.591723833978176 4.17789877653122 -18.129408014180978 2.092874381061747 40.51355814891764 -0.09162779251602718 0.9999960660934448 
Car -1.0 -1 0.249418103388489 347.60900792091905 182.16247540348934 424.44530726893527 209.8199244231607 1.5 1.5226489424705505 3.87097881436348 -12.58291458790865 2.0348477889034697 40.56810390717585 -0.051340536275182445 0.99998939037323 
Car -1.0 -1 -1.670477625087482 654.8324719708772 178.6177617464638 710.2518885638863 224.6219552325368 1.5 1.594204318523407 3.747767445445061 2.4853935547861155 1.7220337282024607 25.870821656509055 -1.5747021802843106 0.9999452829360962 
Car -1.0 -1 -1.9712632497825933 762.8984428797392 174.7302208002662 1106.8057216673528 374.0 1.5 1.5577471375465393 3.8765864938497545 2.7235884092851412 1.524147247023177 7.1795233875521225 -1.6086799363282067 0.999925971031189 
Car -1.0 -1 -1.8083479496007087 717.9329470055055 176.7268642170373 852.7869290410683 288.9188036669531 1.5 1.3793731600046157 2.7232423916459085 2.5214987772895356 1.5673680336340774 11.11025201062007 -1.5851759277891857 0.9999475479125977 
Pedestrian -1.0 -1 -1.8863145488697823 825.4956054708487 159.19319419211914 876.7685893419865 264.23012426124967 1.8 0.6942126460373401 0.6198713116347789 4.172965184666332 1.566254955276956 12.672953753786091 -1.5682153537080181 0.9998936653137207 
Car -1.0 -1 1.7852574319049253 406.0901579080919 179.92046782102108 521.6997311761505 263.01082590798956 1.5 1.5925612792372703 3.9040422558784487 -2.9994660561058737 1.6697619639817776 15.326188131438968 1.5919916510542453 0.9998877048492432 
Car -1.0 -1 -1.7369837673382784 661.7689312870235 178.21908580591074 738.156704358353 236.93142377256768 1.5 1.5501771613955497 3.7417741984128954 2.435441807356011 1.66837108282069 20.686360711349682 -1.619791471460138 0.9998394250869751 
