Pedestrian -1.0 -1 1.5435223227329047 284.23211899576546 168.96972523679503 316.9946117188398 236.36004963402814 1.8 0.8008852161467075 0.9882443144917488 -8.437378559283784 1.4936092902079525 19.497314304107043 1.1351093490931647 0.9999996423721313 
Pedestrian -1.0 -1 1.490612445741722 253.09373919992314 167.5982582651166 288.6389086047056 245.17972782950932 1.8 0.6901828132569789 1.0365921564400196 -8.091323176930025 1.5022681842935603 17.02098143419536 1.0468594272944587 0.9999979734420776 
Pedestrian -1.0 -1 0.2253017620236193 987.2741183639453 140.52349509906853 1092.1482807429245 313.2089468010824 1.8 0.6210683405399322 0.8837115511298179 4.800986968212967 1.3849931404748934 7.895691757354229 0.7716204365107673 0.9999932050704956 
Car -1.0 -1 -1.5811927723322612 604.1856270834345 176.09980506652826 635.8159930376871 206.20718636943622 1.5 1.575951513648033 3.8410449892282488 0.7515507654819669 1.2822059307594393 37.14957263156912 -1.5609651301663858 0.9999903440475464 
Car -1.0 -1 -2.289465160983302 1033.8426519239333 169.3463142743505 1154.0391347555194 217.50237490834485 1.5 1.5404195085167884 3.2649925470352175 16.25399392419064 1.1541312465890206 23.730593769043 -1.6889193663981301 0.9999897480010986 
Pedestrian -1.0 -1 0.6905616398013595 611.2984381218487 154.0386377154677 689.0707329436947 280.1082345037992 1.8 0.7139428079128265 0.9294704094529151 0.6324266862274296 1.4238550531341219 10.668099100687648 0.7497743805262701 0.9999356269836426 
Car -1.0 -1 0.8939345452282755 1097.26058789163 168.26902997045062 1223.0 215.34096353058197 1.5 1.6270729273557663 3.9317558079957964 19.233299342077007 1.1117960326948673 24.500909724342936 1.5594641407344 0.9999217987060547 
Pedestrian -1.0 -1 1.346684754458022 329.8412321719853 165.1984702798806 378.7213186197382 250.18527192718474 1.8 0.8089215986430645 1.0187568634748458 -5.587064956621306 1.477537511119118 15.617105243961735 1.0031198700282233 0.9999046325683594 
Car -1.0 -1 -2.129242830433208 954.1000462396846 170.48247806071905 1066.1819293310937 217.7736727003084 1.5 1.6758041948080062 3.585164111852646 13.729342814310284 1.1838110476991652 24.2486162874289 -1.6140541183438641 0.9998142123222351 
Pedestrian -1.0 -1 1.5278485556351022 283.91570515010767 167.39294636692964 317.26670869016004 243.8739522778314 1.8 0.701642644405365 1.0072812929749488 -7.470487902557096 1.4931268106233604 17.241876100945426 1.1189891537043708 0.9998130202293396 
Pedestrian -1.0 -1 1.5048166331511568 373.62690697818596 165.22571409082934 409.4913992800417 247.2113972294008 1.8 0.7146506130695343 1.00216171965003 -4.9139622873002615 1.4662673514262525 16.11347209464181 1.2088157375666755 0.9994674324989319 
Pedestrian -1.0 -1 1.6530796310501499 320.72658599524965 168.30619948489098 355.1726840027827 236.60856061910638 1.8 0.798074298352003 1.016862553358078 -7.2847698328493244 1.4802378426937897 19.227057227199072 1.2909106453272956 0.9991545677185059 
Pedestrian -1.0 -1 1.5950647766178907 279.72739241009157 168.53251532274163 309.5503260933646 238.84335437565719 1.8 0.7005905292928218 1.0022562488913536 -8.230960652208024 1.4952161732445135 18.69265399802404 1.1802803715083259 0.9989182949066162 
Pedestrian -1.0 -1 1.5716899189981721 218.7044920518244 167.66534882302096 251.22008970367764 247.5754984583665 1.8 0.6554794058203697 0.9507885694503784 -8.671807772664154 1.5125069838697223 16.494751545006633 1.0876697738978522 0.9979280233383179 
Pedestrian -1.0 -1 0.23127921798193585 969.6734976317392 140.01164832594085 1077.0965655062062 316.72678515945466 1.8 0.6651820175349712 0.8863596737384796 4.529671032845206 1.3892831843020264 7.743384774745161 0.7605761726710456 0.9978286623954773 
Pedestrian -1.0 -1 1.3140827759870173 320.83432094369164 165.2094255123036 364.15367216849654 251.04734613201254 1.8 0.6640920907258987 0.9449093163013458 -5.765483665699268 1.4809820431678946 15.399133831117554 0.9558355053279058 0.9919925928115845 
Pedestrian -1.0 -1 1.5059791139177854 286.73870500053175 169.29110799016024 320.79839773205043 234.59159406077097 1.8 0.8226805858314037 1.0766196556389331 -8.628574928618763 1.4926062877493735 20.150903517149533 1.1014029224726813 0.9912097454071045 
Pedestrian -1.0 -1 1.4460643846884513 264.45869404813857 169.35834752163967 299.75691824516554 235.91959035870792 1.8 0.77919592410326 0.9746672146022319 -9.05482753477236 1.5002804082264392 19.735060314512406 1.0159005363795417 0.9847543239593506 
Pedestrian -1.0 -1 1.6639788935708066 304.19333206739054 169.1019363220437 334.50975599420957 234.2529038187471 1.8 0.717945259809494 0.9199830263853073 -8.134356800396889 1.4866703321680583 20.07329616058745 1.278969689211573 0.978457510471344 
Pedestrian -1.0 -1 1.518685740120574 235.50955126758524 167.5208022645562 268.91205696020177 246.9905054177386 1.8 0.64449482858181 1.093878273665905 -8.353730260123223 1.5076298503834227 16.6445245629871 1.0535268028590339 0.7641802430152893 
Pedestrian -1.0 -1 1.7348648273840999 310.0187206557148 168.6309790600866 349.1598401690712 235.69079329080256 1.8 0.8402018368244171 1.1362734742462635 -7.660023273388735 1.4829980154455047 19.61613812727144 1.3625783165309089 0.7385193705558777 
Pedestrian -1.0 -1 0.17496227200682057 994.5727947127139 141.80037782798271 1097.3970836521023 306.7272113528568 1.8 0.6245531633496284 0.9263273820281028 5.095295590342511 1.3793230668805423 8.253010896249775 0.7280677994105474 0.5618441104888916 
