Car -1.0 -1 -1.729303713695008 664.9295943059994 177.80943801472847 762.3290321372702 252.3809626544777 1.5 1.5769390881061554 4.14902665913105 2.2372747183636776 1.6307228840889363 16.884215992188743 -1.597564290338431 0.9999970197677612 
Car -1.0 -1 -1.6741067042478088 639.5654286098021 178.86351160622092 690.1851708924987 219.5556914563716 1.5 1.6154554232954978 4.122494769096375 2.1149352067546983 1.7617501966918254 29.296111945135472 -1.6020400571313245 0.9999960660934448 
Car -1.0 -1 -1.4429960852135026 508.58957217615955 180.18917536635655 558.9616803313487 219.34415580019225 1.5 1.6268305972218513 3.845724326372147 -3.176928029226311 1.828229020688191 30.3075649831126 -1.5474376092341287 0.9999927282333374 
Pedestrian -1.0 -1 -1.0135702588951905 226.08763934531154 160.25465183088446 264.2196318948563 295.4715140574327 1.8 0.36054658964276315 0.2930705461651087 -4.9888008007727995 1.6326359924560974 9.763613551660251 -1.48594614217547 0.9999221563339233 
Car -1.0 -1 -0.8178422533568199 0.0 178.4642787240824 336.298795981687 374.0 1.5 1.5924852833151817 4.0265391141176226 -2.8300806540516996 1.5404084849910118 3.121980781763116 -1.5542378230628116 0.9999099969863892 
Pedestrian -1.0 -1 -1.0072247505138845 110.24540701869265 153.02872680118918 185.78940398134188 334.9952570809412 1.8 0.5443407714366912 0.3460762117058039 -4.7287014471616535 1.604247693391407 7.310560080753108 -1.581369415917669 0.9998794794082642 
Car -1.0 -1 -1.6188578508270617 623.1468173486313 179.45179461900324 652.805823051914 204.7206567304003 1.5 1.6801409915089607 4.299206149578095 1.7124536959295023 1.9417991868958644 46.11482499824644 -1.5817403467979771 0.999834418296814 
Car -1.0 -1 -1.5807722918569422 537.7308897300645 180.3386360615813 564.5998429151107 206.61190987100687 1.5 1.5717598170042038 3.6481814950704576 -3.653866396128088 1.978023873971818 44.15657054790668 -1.6633321652796609 0.9996923208236694 
Car -1.0 -1 -1.1767852717805376 112.53125349533218 179.83312443832264 425.1213430912898 366.8967519378815 1.5 1.5833661451935768 3.979095679521561 -3.3726116488749907 1.5963741562106208 7.927933344928106 -1.5790020228039963 0.9996742010116577 
Pedestrian -1.0 -1 -1.0691868538880536 227.51749974969033 159.5561566290696 269.15506036707035 298.7757795902288 1.8 0.34816782251000405 0.38945400416851045 -4.825018413906461 1.6284272424517179 9.526497361405534 -1.5380081916835648 0.9843032360076904 
Pedestrian -1.0 -1 -0.8382835624957898 205.29016065107646 160.69011606811748 243.61754005919198 294.88347760923733 1.8 0.35209344029426576 0.29979092329740525 -5.322559805763471 1.6371978582955855 9.862711827533957 -1.3331573764469964 0.8069564700126648 
Pedestrian -1.0 -1 -1.0344399142330978 193.35977858644398 160.2432733517691 235.55526931523525 297.40687935965036 1.8 0.38567912094295026 0.3189762614667416 -5.330836125011558 1.634867126354182 9.63136261063087 -1.5399565110590798 0.6825098991394043 
Car -1.0 -1 3.4750489614451068 218.42085504437662 182.5509677440503 361.20644035964466 239.13359826814622 1.5 1.4525887116789817 3.3809284240007402 -8.964608242154677 1.7846081915623064 20.28450661540529 3.058914887901169 0.6751492023468018 
