Car -1.0 -1 -1.8937223179786058 782.33194092124 175.76081151792067 977.0245790202166 297.7296118868084 1.5 1.5982592970132827 3.561653059720993 3.722477966917507 1.5508658556301993 10.745336918916994 -1.5602338510241849 0.9999983310699463 
Car -1.0 -1 1.8202824075783985 405.3921422982935 180.50415031533234 497.6238261636889 239.19341781177897 1.5 1.6452696666121482 4.169580948352814 -4.551912968271275 1.7465497186439354 21.103460523283193 1.6078419566114963 0.999997615814209 
Car -1.0 -1 1.7061684513828792 511.9088902389706 180.4323769900298 550.9559672362805 211.84199426339552 1.5 1.5469205126166343 3.407680106163025 -4.022145754396613 1.907228566113973 37.01126196615913 1.5979196906050266 0.9999912977218628 
Car -1.0 -1 1.897059744380999 323.93830000754315 180.62343188059285 458.5524709347865 261.6573992444717 1.5 1.6089750945568084 3.9459722608327867 -4.642389262975123 1.6914523840887385 15.74078156119931 1.6102630972822727 0.9999914169311523 
Car -1.0 -1 -1.7977257464322625 726.3119297358945 177.1060734926008 842.3455482539348 255.84792589945272 1.5 1.5947349861264228 3.9693596333265306 3.6431308056080907 1.6060354909444645 15.943286839533753 -1.57307711040159 0.9999889135360718 
Car -1.0 -1 -2.19479644857857 914.8508970291838 171.15032632535411 1241.0 374.0 1.5 1.6157862290740013 3.7271297097206117 3.7234391299694094 1.4925515088297514 5.167301174111832 -1.5703933985231002 0.9999558925628662 
Car -1.0 -1 -1.7282931612609387 705.0723461601347 177.81892188692308 781.5793858385082 235.63001959046528 1.5 1.5913539126515388 3.7255751460790636 3.7191968589242523 1.6572327157521423 20.91827247085797 -1.552335330345903 0.9999469518661499 
Car -1.0 -1 -1.685706758325176 685.2024555746884 178.51730569360578 732.4019152755033 215.38511609010942 1.5 1.615421336889267 3.9370714247226717 4.269578625364481 1.766679976829501 31.94551913090233 -1.552842258536492 0.9998807907104492 
Car -1.0 -1 1.9893128809126643 127.55890197294572 180.79467797809932 377.0609849828888 317.6044874227861 1.5 1.607685399055481 3.947090592980385 -4.7316728376939325 1.6337199382339251 10.127203693556895 1.5522281368586677 0.9998705387115479 
Car -1.0 -1 -1.7016195547918764 695.8077212961292 178.26894625242684 750.987701932353 222.77986782326448 1.5 1.5591588363051414 3.3335892975330355 4.04221746608313 1.711170903363255 26.405094557187002 -1.5497141043331963 0.9998179078102112 
