Pedestrian -1.0 -1 2.7479227674987508 840.8850430564685 146.5730713337821 919.0565465554499 321.19729393402406 1.8 0.7404827073216438 0.5469344116747379 2.8512445821795613 1.5294580604172066 7.816641901830077 3.097691047187668 0.9999992847442627 
Cyclist -1.0 -1 1.8333229382372658 427.36328767162246 184.4790865701293 461.86632278762056 238.62264524215718 1.4 0.5155250921845436 1.6591525197029113 -4.579170327210052 1.7337614070817033 19.852436693115127 1.606627452369553 0.9999974966049194 
Pedestrian -1.0 -1 0.7230764483574179 35.05782797962382 170.1888682776564 93.4432577885108 261.15138195023286 1.8 0.6003982879221439 0.7274680331349372 -11.086092487127793 1.7476192336165002 14.601472456258291 0.07368485530349186 0.9999150037765503 
Car -1.0 -1 -1.270003418725549 510.90776538936683 179.9313561996914 587.1050519617098 216.61646843004485 1.5 2.002173525094986 5.3975245475769045 -2.739836591569918 1.8564788156217615 33.45204122727037 -1.3517244319107873 0.9998655319213867 
Pedestrian -1.0 -1 0.7096710045154866 23.006420501717443 170.2514028977747 83.65219858841073 261.5263356535269 1.8 0.6149499237537384 0.7489898733794689 -11.26833500335375 1.7490329721600206 14.552528110021871 0.050784989199365894 0.9998668432235718 
Pedestrian -1.0 -1 2.6890324313009515 882.2190509006876 154.87284010350308 960.0841715475146 279.8722066529476 1.8 0.5027742616832256 0.930129599571228 4.533387951908119 1.5414278562336574 10.662004957814915 3.091064798827988 0.9998962879180908 
Cyclist -1.0 -1 -0.7632030491242384 596.784550032261 181.88658506059085 636.2671251537915 215.6700698655806 1.4 0.6220448322594165 1.7674781873822212 0.251552341588492 1.8010774838232342 31.17522090317603 -0.7551342407849176 0.9995476603507996 
Pedestrian -1.0 -1 -0.9373936424012734 54.57259596598447 164.10863354419436 140.97539699367863 289.01666905265984 1.8 0.5472583256661891 1.0603866100311279 -7.7823448048223955 1.6743318745600186 10.929184559994145 -1.5561744496834022 0.998245358467102 
Pedestrian -1.0 -1 0.6015400094622623 135.96400622060816 162.07028549179256 209.05617241049245 292.77651298105917 1.8 0.6922637604176998 0.608005703240633 -6.2811721263001115 1.651851666055228 10.295759160402095 0.05374626716109685 0.9970623850822449 
Pedestrian -1.0 -1 1.2236477200749607 864.0446019188774 153.2430551175568 925.7914152776374 289.3726734200576 1.8 0.5508468978106975 0.7924198664724826 3.8552848272611384 1.5410483936330144 9.940320184781166 1.5936303019484104 0.9969223141670227 
Car -1.0 -1 3.302558478161137 438.12842143743563 181.34626547772854 505.1835853130433 205.58464205538283 1.5 1.5981166183948516 4.00479645729065 -8.832349164172667 2.0530954351707704 46.10469897279099 3.1132801651915134 0.8623549938201904 
Pedestrian -1.0 -1 1.3608950970257343 825.8956520517115 156.69252757887145 861.508785601036 276.103760166915 1.8 0.43202457278966905 0.4708695251494646 3.5462316460584353 1.5567404988814775 11.1292335129587 1.6693649172743381 0.8065817356109619 
Cyclist -1.0 -1 1.939050626534543 434.6075982757613 184.00232886546837 477.20204337138887 231.97109370226337 1.4 0.6370021522045135 1.973685298860073 -4.836641924354122 1.7647458833616603 22.556525677616847 1.7278258681257785 0.7540208697319031 
