Pedestrian -1.0 -1 -1.7513923533598814 613.0243378657465 147.84596488041473 701.4846604309304 324.5717995206606 1.8 0.8081733740866184 0.8547286994755268 0.5332588849594503 1.4585898597578497 7.783737403815695 -1.6829898739841325 0.9999982118606567 
Car -1.0 -1 1.7090245506801727 488.31542861665605 180.00098607499868 533.8776093956448 208.48169472825805 1.5 1.8844282746315002 4.8340252161026 -4.988527012901441 1.4218977409174094 40.260931433330526 1.5857479453047336 0.9999959468841553 
Pedestrian -1.0 -1 2.0822600823538027 751.9068345749238 168.82491737096007 773.7835408132264 219.01777256038795 1.8 0.5897713385522365 0.5375263772904872 5.8560082172627785 1.346502067054847 26.155080084826327 2.3025231242140354 0.9999103546142578 
Cyclist -1.0 -1 1.8632890652584535 376.1309654582375 186.70744552322387 452.75700566874184 289.7658289144675 1.4 0.6243032895028591 1.7840412005782127 -2.796217176010162 1.4857881370444594 10.749936415488222 1.6088135123213352 0.9999268054962158 
Pedestrian -1.0 -1 -1.601026740658126 763.0589631471655 162.17280000048632 798.4410591112184 249.07872165218356 1.8 0.705297340452671 0.8404075659811496 3.7856729895415224 1.4009307497275139 15.360425305244124 -1.3593861321595055 0.9998279809951782 
Pedestrian -1.0 -1 -1.7455055604254512 665.6164612165236 147.86778000043992 749.0500921855561 321.2063308053358 1.8 0.7575744323432445 0.899277676641941 1.0945038542377936 1.4521156427220951 7.92027641146472 -1.6081851581719262 0.9998008608818054 
Cyclist -1.0 -1 1.8838508164360048 209.2227447023222 191.8938717265284 379.6450812889079 373.0 1.4 0.7400167666375637 1.7079130306839942 -2.373146126839956 1.496278885641144 5.674400166071914 1.4877371033045905 0.9992333650588989 
Pedestrian -1.0 -1 -1.8113960196323196 730.723770135328 165.45730113855103 770.2729529176152 235.54689046073645 1.8 0.8089406907558441 0.9776675634086132 3.88753841565453 1.3891768210111404 18.949190815258575 -1.6090478087451798 0.9986594915390015 
Pedestrian -1.0 -1 -1.228737995871753 160.55451674229369 151.92460410877547 271.2119957867302 334.06628650588385 1.8 0.7893028229475021 0.857236099243164 -4.081126407873098 1.509092540236692 7.579657155050298 -1.7226561019804818 0.997687578201294 
Pedestrian -1.0 -1 -2.437575145226747 408.2211457432115 170.546964551849 444.65484644504073 232.04831059678213 1.8 0.6638290852308273 0.8269884184002876 -5.2647563593476985 1.4805626587109488 21.50321562235181 -2.677687482037817 0.8394598960876465 
