Pedestrian -1.0 -1 -0.8191289970503357 691.1000199871758 170.62292095703128 719.8871278736173 220.33258917359043 1.8 0.6321860969066619 0.8676034890115261 3.4837019696011517 1.7195698339529535 26.644120894713293 -0.6891171495106561 0.9999957084655762 
Pedestrian -1.0 -1 2.361668520226276 934.6976132642284 171.4701635744323 942.3606311615182 202.06917810002264 1.8 0.41104844100773336 0.1730849526822567 19.392642377364258 1.718952933036941 42.66478995178832 2.78828738927446 0.999991774559021 
Car -1.0 -1 -1.0707188333351725 773.2866232048534 175.52051142398233 1001.5531371069976 293.9788666704802 1.5 1.6139597192406654 3.849756953120232 4.304551727362933 1.5481593962020743 11.07472759979903 -0.7000069181111199 0.9999922513961792 
Car -1.0 -1 2.011443243649089 50.681516506359245 182.90119317356042 227.0808067394054 264.00111157337096 1.5 1.6405966624617576 4.163303461670876 -10.266094295268765 1.754093993369019 16.04972001397627 1.4423832138392585 0.9999836683273315 
Pedestrian -1.0 -1 2.2976136152453313 932.9991308999843 171.49177905464376 939.8779410930352 202.07875818075686 1.8 0.3575105246156454 0.15518693514168264 19.264175067448704 1.7201929418197839 42.6535770276481 2.7218327403029026 0.9999792575836182 
Car -1.0 -1 -1.2659683775888964 878.6228144664459 173.6592973722819 1170.7898538511909 356.95239903661746 1.5 1.6270027056336402 3.903850030899048 4.5910880824916145 1.5112372421263682 7.83195018561544 -0.735757843652044 0.9999715089797974 
Car -1.0 -1 -1.5396964505848212 562.7126637610893 178.4326241878793 661.6853720350075 271.1905846766381 1.5 1.6359806552529335 3.6870388805866243 0.0452125822340309 1.6212346312308934 13.76087363562024 -1.5364108728852612 0.9999704360961914 
Car -1.0 -1 -0.9548715335119563 746.0723710936728 176.4519393484199 926.7934934033087 261.2362283276336 1.5 1.5680045381188392 3.8668139398097994 4.634179217882854 1.5826614734367013 14.708750247859802 -0.6496536294606073 0.9999589920043945 
Car -1.0 -1 2.2859335757190893 0.0 183.65195978651718 114.14406128789646 313.2237517166911 1.5 1.5980329856276512 4.032737624645233 -9.581418906723174 1.6911085563060615 10.715847593660829 1.5563680370661872 0.999953031539917 
Car -1.0 -1 -1.6336307329029935 1201.9538908498107 164.27181898454995 1241.0 374.0 1.5 1.5197953701019287 3.4777315825223925 4.419639892581479 1.4734229189763617 4.040917802636638 -0.8034991780903681 0.9998424053192139 
Pedestrian -1.0 -1 -3.56372959975288 935.2419748211342 169.42053616785833 948.9177524153422 211.34217317287315 1.8 0.5123246021568775 0.3588047370314598 14.333945791859502 1.6529342488133645 31.2357081953133 -3.1335023204472408 0.9995909333229065 
Pedestrian -1.0 -1 2.666248806577626 934.5235708962069 169.46590348829034 944.7752376214155 211.2587872111792 1.8 0.4556966971606016 0.2198658909648657 14.261920787158408 1.654434023146826 31.306395461800975 3.0937162518461765 0.9226306676864624 
Pedestrian -1.0 -1 2.8734600892444773 0.0 172.66631214258715 0.0 254.92445176603923 1.8 0.38263867869973184 0.30164243914186956 -14.289095531651373 1.7962507934818666 16.016734812819006 2.145007121559006 0.9026162028312683 
Pedestrian -1.0 -1 0.4689052868927164 222.0096628894589 179.2730263842509 236.88978455314833 208.03307150330602 1.8 0.40750941522419454 0.7234645567834377 -24.00744874901291 2.2066716383965317 45.4595566227649 -0.016973213353429516 0.5238288044929504 
