Car -1.0 -1 -1.753663410209444 670.7563873571779 177.89822910012805 764.4398337190268 243.8761818572708 1.5 1.6432228058576583 4.236126926541329 2.632958802287007 1.647432954372059 18.8828204286772 -1.6151199499752862 0.9999998807907104 
Car -1.0 -1 -1.6859618629507234 651.2568393972633 178.80141222999958 700.5012156314967 218.50114753318982 1.5 1.5857626244425773 3.7450681000947954 2.6090314559319707 1.7609678453620765 29.720662717337742 -1.598401219644819 0.9999983310699463 
Car -1.0 -1 -1.6676443469963071 637.8392184551466 179.28326712481515 670.4683823449604 206.9845311944794 1.5 1.546603862941265 3.42982993721962 2.474511161075659 1.8867612224326642 41.61950992833163 -1.6082586991277081 0.999968409538269 
Car -1.0 -1 0.22826199579602366 361.05523005478693 181.37508985253402 495.62200851792204 226.1453276656784 1.5 1.6454190507531166 4.326875370740891 -6.349446204765992 1.8100174434720986 25.358672034272427 -0.017079548039708813 0.9998124241828918 
Car -1.0 -1 0.4047433902269033 208.44657615957777 181.94258960792584 425.790969493791 255.1574719360731 1.5 1.62266795784235 4.119997707009316 -6.370053677785346 1.710851486496693 15.850511009215408 0.022614641985620777 0.9997598528862 
Car -1.0 -1 -2.6386412533309223 128.04824535992086 182.325958270644 375.5441525167184 269.2283660543434 1.5 1.5781552091240882 3.876946356892586 -6.64526744559746 1.6894043847936004 13.52047209919285 -3.0954631129887447 0.9995600581169128 
Car -1.0 -1 -2.873469941073742 353.9564456559182 181.49243707380413 470.8942530664529 230.47070400748683 1.5 1.5118340522050857 3.333652999997139 -6.316442918917545 1.7862769442620519 23.120745990015852 -3.140156106152807 0.9990116357803345 
Car -1.0 -1 3.4727680987246705 273.1920648471893 181.77882183206498 441.7756753378492 244.34256756403096 1.5 1.5439754843711853 3.7371045470237734 -6.36210359927503 1.73633991111476 18.297056196171482 3.1381331562956394 0.9988552331924438 
Car -1.0 -1 3.2871788476831885 369.6366428767951 181.40824999187575 486.83763749878614 222.6310384351549 1.5 1.6003864377737045 4.171177235245705 -6.933269830186218 1.8403787841610246 27.67329013256375 3.041691887374741 0.9645401835441589 
Car -1.0 -1 -2.5245829755787863 425.8601574417168 181.0235011507782 513.9165783050247 216.30461769144895 1.5 1.5721619620919227 3.7071200579404833 -6.419733296761759 1.8889353453504605 32.8378059267436 -2.7176461974766597 0.7398267984390259 
Pedestrian -1.0 -1 0.568098417663905 1005.1381229099361 107.57707858763763 1240.4590861047861 374.0 1.8 0.6453870356082916 0.8303919367492199 2.6963686271892358 1.4904775937076211 3.9307931936802913 1.1693395813319343 0.5215396285057068 
