Car -1.0 -1 -1.7159630420352894 677.4435500363655 177.9319886934051 760.7515486083637 242.2829565786747 1.5 1.5935995176434516 3.9551066726446154 2.7275142232276455 1.6487963560553904 19.10882906053153 -1.5741848941568775 0.9999983310699463 
Car -1.0 -1 2.141020368839439 43.316567475676266 184.04072276250864 169.05894478795335 240.75346590886556 1.5 1.493282851576805 3.340437498688698 -14.875888990464247 1.8592050852192883 21.44656000271799 1.534585162005152 0.9999994039535522 
Car -1.0 -1 2.0911429333085936 53.37726123574468 182.97779520404106 228.13451558645414 269.6106851094565 1.5 1.486251738667488 3.3377862095832826 -9.335899189237683 1.7290250249713848 14.591518893612669 1.5219597061488288 0.9999948740005493 
Car -1.0 -1 -1.4873223404906244 588.6225775053347 179.5292340533985 630.1135969619826 215.22547982770817 1.5 1.5972910940647125 3.5920491933822634 -0.019000949786556462 1.821621976804559 32.867281399060715 -1.487900451817785 0.999993085861206 
Car -1.0 -1 2.061289671483793 176.29268862840962 182.08070388966914 335.9654689939693 248.1124119000993 1.5 1.8318906918168067 4.722642016410828 -9.33510552530076 1.7798721138424312 19.456926300604586 1.6139459490736545 0.9999947547912598 
Car -1.0 -1 -2.2205274943769426 242.12698761437875 181.32320468323763 425.61907088276604 265.3899652918199 1.5 1.6004110246896743 3.709852558374405 -5.7740086199795835 1.6941667902920614 14.85670736896864 -2.5912082950260977 0.9999600648880005 
Car -1.0 -1 -1.4289138171526503 500.7945858985328 179.9191698365721 565.4855703290107 231.3327430299873 1.5 1.56654943972826 3.84874367415905 -2.468102725621618 1.7499728199772044 23.537128426407236 -1.533391975858484 0.9999294281005859 
Car -1.0 -1 -2.1995963823189486 317.24159721737016 181.06480138924974 462.2915857714681 249.63110423598363 1.5 1.580604587495327 3.6700377732515337 -5.568202571103493 1.7240862485480433 17.927154671223747 -2.500750795998846 0.9999295473098755 
Car -1.0 -1 -1.8346640908994445 711.9246483972313 176.2036124617461 944.2934610950714 302.04865217716963 1.5 1.9800320759415626 5.565627154707909 2.989703746372892 1.566904702383973 11.539154669412955 -1.5811466379698855 0.9999485015869141 
Car -1.0 -1 -1.6794992454623527 664.0689321558648 178.40754265069884 725.5618728224078 228.4486612830731 1.5 1.5928928300738334 3.9637433856725695 2.6976742723729457 1.7007618394234196 24.050272280944004 -1.5677980089702201 0.9997386336326599 
Car -1.0 -1 -1.5766037166382854 580.669327752653 179.22490007419634 637.6072474403811 231.8181357844131 1.5 1.6577894359827041 3.4543486803770067 -0.0885483786506438 1.716413701792417 22.731578953223437 -1.5804990875211102 0.9993802309036255 
Car -1.0 -1 1.0409418882192096 389.9722159471719 181.07484232757213 479.0905968278731 227.502756197863 1.5 1.521957342326641 3.4941765040159227 -6.344872677318061 1.8137776525817524 25.723038604321207 0.7991081913325446 0.9992992877960205 
Car -1.0 -1 -1.615025621698343 634.5028578904709 179.39458367463624 661.2624438428659 203.3663372239526 1.5 1.602691088616848 4.057350990176201 2.4674546176354863 1.9565648739579424 48.290581168784584 -1.563974038292889 0.9992563128471375 
Car -1.0 -1 -1.6604588232566873 658.3657849559644 178.77887463428584 703.9578353976943 217.98278370361072 1.5 1.5604669719934463 3.485127028822899 2.850319890339233 1.7600750989119553 29.879130684709214 -1.5653516175833089 0.9954103827476501 
Cyclist -1.0 -1 2.310923340702787 0.0 189.25741502259288 12.076228810917684 241.14021012014655 1.4 0.5336392231285572 1.221796453744173 -17.798628971131503 1.879924711646255 20.474723514015768 1.5953321337660373 0.6521041393280029 
