Car -1.0 -1 1.912321139741201 353.16835229285465 181.60381369560207 424.54405257111296 218.78962268735424 1.5 1.6650593400001525 4.463362556695938 -9.874230203831297 1.9212455073359527 32.43738642063723 1.6168243765791477 0.9999995231628418 
Car -1.0 -1 2.1443991661609436 37.535975435242186 183.02189639042584 229.0889818118122 263.70449914028706 1.5 1.5713299185037612 4.034245249629021 -10.313542340227665 1.7534263027018948 15.93788390648198 1.5700592239710944 0.9999995231628418 
Car -1.0 -1 1.880322453699421 398.64652589545614 181.44826222422338 452.00539476023204 212.08395869504542 1.5 1.5797600641846656 4.143318396806717 -9.848766454621614 1.9856785920554783 38.627518078638275 1.6306738734205783 0.9999992847442627 
Car -1.0 -1 2.2392465715218672 236.7560691899716 182.84128662609245 315.9579119840831 221.10909946440793 1.5 1.4604762688279151 3.1091878682374956 -14.22933070676256 1.9505598800219375 30.840086324796314 1.8069605708082737 0.9999986886978149 
Car -1.0 -1 -0.9519925126163048 687.8777298963407 178.38189058325457 761.2821635296804 214.32714516038146 1.5 1.4923416569828987 3.524737295508385 5.148444931025798 1.7625115274682845 32.4350173643866 -0.7945747534420832 0.9999927282333374 
Car -1.0 -1 -1.6254307702347655 571.4305460360827 176.911045933148 765.3494367888351 363.2681981581626 1.5 1.5836529925465583 3.831808876991272 0.4186603462674603 1.5550372516056492 7.805142627634923 -1.5718430855220673 0.9999895095825195 
Car -1.0 -1 1.8378338379630565 461.52689102320505 181.04754709942281 501.7237787892048 204.9744353634087 1.5 1.6148999825119972 4.271918025612831 -8.680433391479788 2.081118442378116 48.93924173487018 1.6622879385908664 0.9999328851699829 
Car -1.0 -1 -1.0006033956480653 719.2474022337411 177.43488863614857 838.8918294827138 233.70401493337252 1.5 1.627460916340351 3.8866142302751543 5.051630634276621 1.6490668217289033 21.483765667014836 -0.7696615020420892 0.9997327923774719 
Car -1.0 -1 -1.5933868866862413 1151.9427500212917 162.68123956536002 1241.0 374.0 1.5 1.6191093742847442 4.0585851788520815 4.293274704250577 1.4733000069906543 3.9014372102115735 -0.7602092186596734 0.9997193217277527 
Car -1.0 -1 2.3281779077350695 219.3119297472778 183.12274282021392 300.46176621238203 211.67388965905107 1.5 1.7182127133011817 4.35649850666523 -20.274933500827515 2.130254928467199 41.92124924103619 1.877701032157761 0.9992437362670898 
Car -1.0 -1 1.780251356968453 507.0322103337386 180.58337399336807 544.9947724751687 205.59576892920083 1.5 1.6285457208752632 4.0746717274189 -5.41309666356142 2.022919360761001 46.67366665361146 1.6647896647413791 0.9991822838783264 
Car -1.0 -1 -0.9464861421399128 668.0555817634505 178.74209286838607 732.2484037787686 208.42104042155148 1.5 1.5739329650998115 3.72524471282959 4.888906741637379 1.835113462811332 39.11861245794775 -0.8221542994168146 0.9935396313667297 
