Car -1.0 -1 -1.4384540556559218 483.9358685116567 180.38547619107337 530.5554975576697 214.67783074773843 1.5 1.618005384504795 4.160699483752251 -4.654044432661036 1.2898498909543876 33.52492826770469 -1.5763958264749987 0.9999997615814209 
Car -1.0 -1 -1.377325605677735 424.24307371471417 180.26156306655352 519.5863041504678 247.68351125309846 1.5 1.592184093594551 4.007651892304421 -3.316079246253967 1.390911843906896 18.001990297047392 -1.5594897866856796 0.999998927116394 
Car -1.0 -1 -1.571567189827117 580.7107477538912 179.6588349489463 618.1486284782042 211.7675010874986 1.5 1.7494753494858741 3.8407499462366106 -0.44813807403293143 1.241534760914965 35.510471898283356 -1.5841864050042374 0.999997615814209 
Car -1.0 -1 -1.223709395870839 301.73329888171895 181.5111892229154 401.125014122322 237.4276345827022 1.5 1.5787415698170661 3.7086779743433 -7.455238318001779 1.4017549917508487 21.140701331819272 -1.5627418012034637 0.9999959468841553 
Car -1.0 -1 -1.0168251621609021 0.0 181.53483602414119 350.4283847489434 375.0 1.5 1.5894597887992858 3.7538061410188677 -3.5666513725110685 1.481415921709554 5.725893676315498 -1.5739119584348542 0.9999938011169434 
Car -1.0 -1 -0.839884877614536 0.0 184.98652630997285 71.85885359840704 288.9955171200967 1.5 1.5706658855080604 3.993407127261162 -11.523382274636214 1.497826107194247 12.374615297074222 -1.5896786647525174 0.9999898672103882 
Car -1.0 -1 -1.0272657373708756 64.63286252055055 183.2644730563111 219.76826707040368 246.32661127004587 1.5 1.5872922286391258 4.050658506155014 -12.222078442961894 1.454719220445279 19.13934490830781 -1.5955737056818349 0.999955415725708 
Car -1.0 -1 -1.183103005426328 272.4514793469745 182.04863184893935 348.5619322727533 220.55785420330955 1.5 1.599542286992073 3.817647930979729 -12.30387295515888 1.3777685392319106 29.907784316659843 -1.5733927554127318 0.9999489784240723 
Car -1.0 -1 -1.3411663231769981 395.30738664815846 181.08844463370195 453.57716296160936 218.39599237334886 1.5 1.6125288352370262 3.71708222925663 -7.808008075696646 1.3351894183843018 30.77220769832762 -1.5896578496929747 0.999476969242096 
Car -1.0 -1 -0.9254061788589512 0.0 183.53305252706292 203.98158599458117 309.18780888045984 1.5 1.5491767346858978 3.5163114339113237 -7.636566539271679 1.481044651582894 10.342897432821356 -1.5614025053244573 0.9990410208702087 
Car -1.0 -1 -1.5070401504996926 520.5722339958281 180.20649932925184 553.51419411923 203.38599971445865 1.5 1.8957634016871452 5.636645343899727 -4.812182152217775 1.176974140015775 49.36350670019588 -1.6042177016523225 0.8150796294212341 
Car -1.0 -1 -1.3080446028812676 338.45064817071096 181.70768164625616 385.810781580776 211.9024837271675 1.5 1.4728611826896667 3.5328647613525392 -12.791732408281092 1.3268619563651707 37.51818988578285 -1.6366321677949769 0.7574551105499268 
