Car -1.0 -1 -1.8502296473631021 740.4682545330359 175.7278803666531 970.1467909942962 327.474563528595 1.5 1.5924959003925323 4.104430091381073 2.7698273431189464 1.5454932504082173 9.268457706267723 -1.5598333078112943 0.9999996423721313 
Car -1.0 -1 -1.716654463170173 661.8414569826251 178.66627738547226 714.7628852824542 217.71742534313066 1.5 1.6234070554375648 4.091739144921303 3.185276955996503 1.7620710238614306 30.40863545700879 -1.6122859838095052 0.9999983310699463 
Car -1.0 -1 1.7710906362854937 421.27983526340086 180.50780919953647 501.3509071385265 237.34089309907924 1.5 1.5983883783221244 3.8216835379600527 -4.3648226002555575 1.748369659513127 21.46667494694941 1.570495053133692 0.9999978542327881 
Car -1.0 -1 -1.6589444720702204 673.4376774834299 178.32352176395642 733.0931654499616 228.44577821762957 1.5 1.6091174006462097 3.9014006525278093 2.9756325902001195 1.6973003661069646 24.000050360009606 -1.5355895469572884 0.9999972581863403 
Car -1.0 -1 1.7457292263323665 467.46327013452225 180.37046624179433 530.3375127354853 225.00000651226992 1.5 1.6243348389863967 4.183450204133988 -4.1215347203123125 1.804363087153521 27.06953595619894 1.5946323752363742 0.9999953508377075 
Car -1.0 -1 1.828899146698959 345.8555863624598 180.5077659760221 468.4859082401768 260.00496197892085 1.5 1.6313788041472435 3.995938089489937 -4.378997163263736 1.6914104991964347 16.002993429379355 1.5618013580653327 0.9999850988388062 
Car -1.0 -1 -1.6483010727415068 650.1500007903282 178.86068679336293 700.8463967777624 210.51619370732772 1.5 2.214190599322319 5.603125926852226 3.3203836944053964 1.8406872532506555 38.066506253814815 -1.5612954246487958 0.999974250793457 
Car -1.0 -1 -1.7326786410885782 704.7864953200714 177.3681474815131 806.8341798164055 257.4998430600298 1.5 1.553913627564907 3.6067365229129793 2.9601209976459475 1.6089580502200318 15.532551324637259 -1.5443614749845607 0.9977766871452332 
Car -1.0 -1 -2.650499125549221 0.0 0.0 1241.0 374.0 1.5 1.5438512459397316 3.2685431212186815 3.050242140096541 1.4617146805184087 1.5366805399332772 -1.546377561115895 0.9977244734764099 
Car -1.0 -1 0.6596725528408951 0.0 184.26716042658992 187.60890296535118 287.3003510146322 1.5 1.5455589190125465 3.8552294045686724 -9.157900752439314 1.6946006655392 11.478005808316507 -0.013765291371617994 0.9970999956130981 
