Car -1.0 -1 -1.94735402874526 771.5631970423952 175.04414528746008 1070.1282321588035 350.5409767596211 1.5 1.5908718600869178 4.112747547030449 3.0944390584472536 1.5318084822964013 8.287314379323076 -1.5899915090438468 0.9999998807907104 
Car -1.0 -1 1.8722358201017206 228.73204976272538 179.90052486197288 448.86218278822264 327.5523284679885 1.5 1.5641475588083267 3.8353147476911547 -3.3131787566016375 1.6117307111098018 9.457185128115716 1.5352629860255378 0.9999995231628418 
Car -1.0 -1 2.099331220696751 0.0 178.72217947017856 364.33177832984495 374.0 1.5 1.6471952691674232 4.171919685602188 -2.8662213140383472 1.5516067963827864 4.156808826434454 1.495670481524195 0.9999985694885254 
Car -1.0 -1 -1.678237715230309 654.1184743538396 178.60527429936337 710.328632936664 226.78744569747982 1.5 1.5322845920920372 3.4142723798751833 2.350302052415479 1.710032412486947 24.586099201587068 -1.5829325700786454 0.9999979734420776 
Car -1.0 -1 -1.8466281739864143 718.8494966548678 176.92759978286134 852.6357725643537 270.2301191014653 1.5 1.5217809498310089 3.3842647939920427 3.0785668688887426 1.5862220416791368 13.477085799832476 -1.6220516870406014 0.9999974966049194 
Car -1.0 -1 -1.6886374003007307 638.7031119160065 178.9149852821619 687.5368192941158 217.70482317479647 1.5 1.5763203173875808 4.156038773059845 2.1482790743820837 1.775788626396508 30.672887991500442 -1.6187132159855706 0.9999923706054688 
Car -1.0 -1 1.6785890969544668 467.7574139732251 180.35648224792965 525.5668341232247 227.46142148074392 1.5 1.6082589074969291 3.980250146985054 -3.9916523711435543 1.7880945626271136 25.644382021073447 1.5241741379115241 0.9999858140945435 
Car -1.0 -1 -1.7642546858775945 677.8582238260861 178.08893918795297 754.2248396822763 237.62948394453858 1.5 1.4954697832465171 3.2176470875740053 2.8256208922231854 1.658237327618177 20.111218369810032 -1.6246686475959164 0.999972939491272 
Car -1.0 -1 0.559123783147242 1049.623494771549 0.0 1241.0 374.0 1.5 1.6349012523889541 4.461140421032906 3.5199053905971476 1.4643331637911583 2.2618982201628257 1.5587631901118415 0.9986893534660339 
Car -1.0 -1 1.7092208571288734 490.66095528456464 180.44574746176428 537.5718224170222 217.73668240611974 1.5 1.543423955142498 3.697430577874184 -4.184142161600643 1.8526867919663028 31.629446442627682 1.5776982188185276 0.9756680130958557 
