Car -1.0 -1 -1.7692978459484467 667.0618892939369 177.50009837087597 788.5238204666076 264.6133119580742 1.5 1.607837949693203 4.157454383373261 2.1886936692146426 1.609079585063693 14.76447177111918 -1.6221290575948102 0.9999991655349731 
Car -1.0 -1 -1.4643572999250634 498.8165431206666 180.20881114621412 551.3920061962442 222.42492950692028 1.5 1.6441032782196998 3.8320599615573885 -3.294225723864633 1.8077405135060407 28.2288469852278 -1.5805289913576586 0.9999953508377075 
Car -1.0 -1 -1.7142082434751271 636.0564461621857 178.8010417009834 694.3601590895217 222.88465372766632 1.5 1.616387304663658 3.9767483741045 1.9557643567241472 1.7408968911528528 27.14017065375515 -1.6422709832575662 0.9999943971633911 
Car -1.0 -1 -1.0392036785596368 0.0 179.64937906574417 372.74278922922275 374.0 1.5 1.6061073660850524 4.154077407717705 -3.4227531517492973 1.5741329998135312 5.74941415200414 -1.5761764268998546 0.9999823570251465 
Pedestrian -1.0 -1 -1.0066647485670395 141.60919959710017 155.08990067070502 195.30870646427044 324.0763603325844 1.8 0.38690958432853223 0.32117232009768487 -4.851816483592297 1.6111393004728591 7.845452423867277 -1.5605213111874205 0.9997968077659607 
Pedestrian -1.0 -1 -1.060420614418127 118.56647866505533 155.10027589380877 181.68299335359848 325.6346321146638 1.8 0.4333114743232727 0.41076937019824983 -5.038649047814721 1.6129663004370682 7.83140600748707 -1.6321351091053826 0.9990290403366089 
Car -1.0 -1 -1.6101117586079363 620.7299590000986 179.42676180769587 651.9792201070521 205.89342345637354 1.5 1.7289504900574684 4.551210489869118 1.5362876975702715 1.924714943730862 44.30229711066511 -1.5754482662912948 0.9988715052604675 
Car -1.0 -1 -1.5201604990299962 530.8866602420693 180.38679194631996 560.1758100463218 208.03504475954904 1.5 1.5249914050102233 3.2774637013673784 -3.728246238410351 1.9533202145920447 41.71796209790453 -1.6092916066434724 0.9980400204658508 
Car -1.0 -1 -2.637808408339945 160.5727458675369 182.85506492278975 333.3466771040137 246.04971135647347 1.5 1.580471408367157 3.589979422092438 -9.14941946532673 1.7653575007794304 18.255973934710344 -3.102394775548254 0.9953599572181702 
Pedestrian -1.0 -1 -1.0394512456395069 96.36387486515403 155.33569652231233 151.67016793189924 325.9912493313403 1.8 0.3539006717503071 0.37962794564664365 -5.308707933098506 1.615582496334401 7.808743385940809 -1.636519522466932 0.8306498527526855 
Pedestrian -1.0 -1 -1.0045906720583673 154.81797513897362 154.219290465566 227.82899944515805 327.64571877149734 1.8 0.4741328328847885 0.5218241855502128 -4.544089199151853 1.606947473384903 7.75544510758963 -1.5345947007325036 0.7937291264533997 
Pedestrian -1.0 -1 -0.921699546482041 0.0 144.18138277161248 36.60061985208796 374.0 1.8 0.4056207861751318 0.3203874945640564 -4.798368612944836 1.586578820305181 5.5497417791034325 -1.634615213671003 0.5871709585189819 
