Car -1.0 -1 -1.554781391363699 713.0034007585299 177.05437124629444 812.287417470051 264.69357409578777 1.5 1.7179944112896919 4.38539372086525 3.1183550935725637 1.6006551621878224 14.8981359374105 -1.3484484563258035 0.9999887943267822 
Car -1.0 -1 -1.154934985349072 362.4264140172601 180.00647430513504 522.1495769383164 260.13754764809227 1.5 1.7405933260917663 4.748391595482826 -3.6352050442874315 1.6882170297346626 16.4492453032363 -1.372434393563543 0.9999884366989136 
Car -1.0 -1 -0.7686235899766636 0.0 184.8179880261711 88.96576193886236 247.26680029331683 1.5 1.5638895824551582 3.623778235912323 -16.65475312386171 1.8621986573993057 19.935002411867973 -1.4646113822844369 0.9999576807022095 
Car -1.0 -1 1.4430299658186387 846.33600435413 176.95169246500942 899.0387634938692 205.7255369737755 1.5 2.100927245616913 5.8903081834316255 14.997650845429627 1.754233573219883 41.59797103065169 1.789061772819382 0.9999371767044067 
Car -1.0 -1 -1.4573344104524484 611.9042208809183 178.71528414301636 679.6732380852472 234.1763936967643 1.5 1.6270526245236396 3.933842343091965 1.1309951355097414 1.6961335208923158 22.0239811246067 -1.4060265878823144 0.9998363256454468 
Car -1.0 -1 -2.0036650298886514 1007.486752243733 173.97810409461744 1217.8652709598994 264.362631273368 1.5 1.6699776545166969 4.417997089028359 9.605209383443354 1.5263082567106947 14.341750323575367 -1.413539410629545 0.9998089671134949 
Car -1.0 -1 -2.066686448453109 1124.0174660951861 172.75609924096275 1241.0 263.2222637857287 1.5 1.688300122320652 4.444182154536247 12.183744097506892 1.498734590968838 14.309952641095949 -1.3613700280573708 0.9997479319572449 
Car -1.0 -1 -0.9836652059418791 230.7167705453778 181.24137935108124 410.274237679229 256.6648510188903 1.5 1.6883383065462112 4.642359030246735 -6.74799658463134 1.730409417039678 17.33964361778546 -1.3547970215466363 0.9997174143791199 
Car -1.0 -1 -0.7702502776729807 31.127679501219777 183.13895009861994 235.77011569994602 252.70261405201984 1.5 1.6266948103904724 4.556563732028008 -12.091267370066388 1.8007514635871962 18.668736738247926 -1.3449890623476846 0.9993330836296082 
Car -1.0 -1 -1.5596967255049294 796.88790134811 177.34946906626504 840.2096459617842 214.7865499808406 1.5 1.7149696618318557 4.521896553039551 9.195974013182235 1.7141439018544216 31.898596143617393 -1.2790194610741479 0.9971747398376465 
