Car -1.0 -1 -1.3781901821124398 454.1152676421011 180.19996001241316 535.099108840569 236.97312094841737 1.5 1.597292397916317 3.9857594788074495 -3.240991832427097 1.3686106916745944 21.011980381674512 -1.531229061135326 0.9999998807907104 
Car -1.0 -1 -1.5572910377716005 582.9223620664354 179.61552399585378 620.7717064359506 212.96349562301998 1.5 1.7027827471494674 3.8619967669248583 -0.29084841594320504 1.2492339651577746 34.265787372026125 -1.56577884598193 0.9999994039535522 
Car -1.0 -1 -1.0656075252631305 127.13300071295068 182.398866744485 306.87363039646937 267.71710594381955 1.5 1.5657729029655456 3.7094759315252306 -7.703536338291752 1.451607809794451 14.502298771731306 -1.5538979219880444 0.9999992847442627 
Car -1.0 -1 -0.9706049580676563 2.5540881009515375 183.5728824806607 191.92883609971247 257.9321417497766 1.5 1.5668843433260917 3.9469512671232225 -11.49079503239902 1.4679917535248619 16.477490592573268 -1.5795590431105835 0.9999986886978149 
Car -1.0 -1 -1.1969463688169728 164.76160791528173 180.78310758766014 429.0305759857478 337.73534866871404 1.5 1.5881093710660934 3.8552968323230745 -3.5042237846773734 1.458768707099864 8.798100276077394 -1.575980527852897 0.9999983310699463 
Car -1.0 -1 -1.261095712994936 348.2416602473933 181.266049672466 429.80517406569123 228.99307040332954 1.5 1.5712978810071945 3.8022405028343202 -7.390532032186786 1.3769987182754786 24.502977602615474 -1.5540359849717957 0.9999920129776001 
Car -1.0 -1 -1.3552326052566657 421.82260856821426 180.93041451473738 473.51672039660536 214.2121300272179 1.5 1.6234921783208847 3.8476063430309297 -7.6077451596452645 1.3079943390467672 34.320798476684054 -1.573371192966823 0.9997233748435974 
Car -1.0 -1 -0.765304912666539 0.0 185.16551904472377 101.54671891939108 374.84970809295004 1.5 1.6252251833677291 3.963654351234436 -7.696003833745225 1.5007343747531614 7.677679834001603 -1.5518949824061734 0.9989928603172302 
Car -1.0 -1 -1.1890877393730952 315.7795917303496 181.7748521965779 381.1265531332871 215.42021499674956 1.5 1.6143000245094299 3.7719356387853624 -12.199987154338862 1.347729093021747 33.9591353357699 -1.5339835854854924 0.96108078956604 
Car -1.0 -1 -0.7171503438683369 0.0 186.71515166627495 0.0 333.2720678763706 1.5 1.7042311400175094 3.7893014520406725 -12.135269513884277 1.524668090484216 9.336761610162942 -1.6321506733682496 0.5084372758865356 
