Car -1.0 -1 -2.551242416437706 35.56318393874688 183.33994935931437 274.4775073335079 268.77458378152164 1.5 1.562216554582119 3.579457712173462 -8.576750209844965 1.711764886838193 13.707516489345574 -3.1103426973011836 0.999994158744812 
Car -1.0 -1 3.5086388011263128 253.94013125946157 182.25238880245763 406.91028975012097 233.70211672311012 1.5 1.6470013678073883 4.061697286367417 -8.54647873572136 1.7998014859805167 22.16068551479271 3.1405557274778904 0.9999877214431763 
Car -1.0 -1 3.5882785546257985 136.80835722542403 182.88696731480525 325.7024559818437 252.4438315493116 1.5 1.5621839582920074 3.5306798785924913 -8.675792526242162 1.7434655219515163 16.640250973253405 3.1076784014662326 0.9999631643295288 
Car -1.0 -1 3.308003157787822 392.8728132185602 181.5591016406994 477.19106550178975 213.17965243933946 1.5 1.5864117562770843 3.841553118824959 -8.632707437191467 1.941850767334922 35.66356552387907 3.0705116867979587 0.9999614953994751 
Car -1.0 -1 3.417703018890852 305.96014727119984 182.00479905124996 423.64018198611967 227.59330081376183 1.5 1.5847955390810966 3.560154375433922 -8.46026668340367 1.828287604610453 24.973125822863672 3.0910631298979343 0.999955415725708 
Car -1.0 -1 -2.8695627227383853 367.29565645559114 181.7835522727278 453.0949445305301 216.58543902800236 1.5 1.5753014504909515 3.4038408219814302 -8.93680681306021 1.9098374906919358 32.293451676578826 -3.1395434896138057 0.9999521970748901 
Car -1.0 -1 0.3767237872651825 206.0015704428831 182.49062170617586 373.21612746338934 242.23657072687087 1.5 1.5548604100942611 3.7681712329387667 -8.492793864389204 1.76867516201772 19.237051844239414 -0.03902323643234798 0.9999431371688843 
Car -1.0 -1 3.3159113660600896 410.69446803114795 181.47427729702903 486.1303706860113 211.0245938923038 1.5 1.5951551988720893 3.6584971964359285 -8.505144414597446 1.9651050907519574 38.01726815909196 3.095817553993088 0.999935507774353 
Car -1.0 -1 3.872838390567785 0.0 184.97081628544154 81.42429594840462 336.5013797222218 1.5 1.5536288291215896 3.6577633142471315 -8.489087444584138 1.653178653264042 8.191101151311644 3.0695774435957492 0.9999384880065918 
Car -1.0 -1 -2.806927092580599 343.8702552209218 181.8836570243701 440.28568012877156 220.38888047433372 1.5 1.5474189564585685 3.4374120205640795 -8.858959291451391 1.8782028728846119 29.345610876299716 -3.1001110831883296 0.9999237060546875 
Car -1.0 -1 2.989392521358991 443.5584741680367 181.20548095951975 508.4264263749275 206.25627159676424 1.5 1.6163386896252632 3.822413694858551 -8.493669567753857 2.0434625235007595 45.52542073974175 2.8049433112104953 0.999581515789032 
Car -1.0 -1 3.247058744802993 430.5657675954432 181.32026014328102 500.6383788586823 208.89001181720883 1.5 1.601949569582939 3.7402721613645555 -8.15721073391533 1.9907081454112285 40.81841274352987 3.049815642829758 0.9979200959205627 
