Pedestrian -1.0 -1 -1.9078403686367829 842.5809665415985 133.92886540746366 959.7899801479401 373.0 1.8 0.6281173348426818 0.828395739942789 2.338537993659293 1.444932649874308 5.80821389128699 -1.5250722403314454 0.9999995231628418 
Pedestrian -1.0 -1 -1.890478472199906 788.3023655254054 148.75138822352685 876.2128260105576 308.9362346443233 1.8 0.7449984110891819 0.890516073256731 2.6645785734009326 1.4333556507252416 8.52070734378335 -1.587395009645496 0.9999995231628418 
Car -1.0 -1 1.6986101368529845 536.8450476458185 179.08828346458006 599.856980445782 228.50754550312155 1.5 1.5928363919258117 3.97289716899395 -1.0395991334652006 1.4279173300930947 23.847095972937776 1.6550433516462864 0.9999972581863403 
Pedestrian -1.0 -1 -1.9969212766891142 908.8297976752409 114.87869418342032 1120.3161737305682 373.0 1.8 0.7480257682502269 0.9814478948712348 2.3516985113467634 1.4492326507552296 4.311614609398324 -1.4975908706572396 0.9999970197677612 
Pedestrian -1.0 -1 -2.0060283038635673 530.7903325415786 162.78605898174516 593.7448784407379 260.0260485600398 1.8 0.8922826059162616 0.9674956582486629 -0.8086681482768914 1.4548516535823017 13.931736708035395 -2.064008281626974 0.9999901056289673 
Pedestrian -1.0 -1 -2.557897573663512 748.5204046072628 157.05920329572191 824.3132425252921 272.46047920854494 1.8 0.7225772857666015 0.9683336623013019 2.9914991942601072 1.420077775087423 11.803014384751696 -2.3096724907544 0.9999358654022217 
Pedestrian -1.0 -1 -1.9567450927505532 835.5289434937628 152.0279749361295 921.2538878820969 290.5570476674879 1.8 0.81057935282588 0.8885701678693294 3.7022780730175704 1.4183814036502245 9.785164611812858 -1.5950352186944825 0.9998854398727417 
Pedestrian -1.0 -1 -1.7982433236784008 873.0312935769789 133.86025666847368 980.5034490322272 372.6102271198455 1.8 0.6258662350475788 0.8038105003535747 2.57275088485325 1.4422287387715689 5.865920095680076 -1.384915934005056 0.9998372793197632 
Pedestrian -1.0 -1 -1.9900006487216084 702.124159955678 150.40184616828282 792.3841401846577 306.53857663030715 1.8 0.8015817523002624 0.8485356837511062 1.7159310345627474 1.4428382083507396 8.78196744321171 -1.7970392266896111 0.9997603297233582 
Pedestrian -1.0 -1 -1.895915358794543 751.8749275375552 143.2479862899815 848.6711297067551 336.8233996712521 1.8 0.6680471383035183 0.901748102903366 1.9012928836875644 1.445681991421217 7.148637427611276 -1.6359674418952805 0.9996494054794312 
Pedestrian -1.0 -1 -2.1887523002151883 804.7316062871151 158.03491570996005 877.2873757815213 264.4565502584006 1.8 0.8060094460844993 0.967710980027914 4.187466039168936 1.404398080731554 12.728570057677471 -1.870923356213842 0.9991157650947571 
Pedestrian -1.0 -1 -1.953797208618784 804.01868864488 148.1309487663467 884.801893260508 311.15476397636195 1.8 0.635820210725069 0.7884426534175872 2.7541405350078927 1.4329160196089834 8.342545358052961 -1.634930686154638 0.9989417195320129 
Pedestrian -1.0 -1 -2.45839597572808 736.8407806293832 157.3063511525859 814.0952694147911 271.98079720206107 1.8 0.7547143407166004 0.988305502384901 2.831171865973727 1.4215396933439592 11.894567928859923 -2.224721864857946 0.9988685846328735 
Pedestrian -1.0 -1 -1.88424851051968 782.2386464096767 152.54384346765247 860.068221534683 291.77552155242034 1.8 0.7567503981292247 0.9266898527741432 2.914724585947046 1.4269838798639205 9.756059137878948 -1.5939293085273845 0.9605962038040161 
Pedestrian -1.0 -1 -1.6775107220963243 564.5982192530487 162.5100061143939 610.620651068049 259.8156147072034 1.8 0.7869977064430713 0.9052064761519432 -0.3178069688441742 1.449978870499995 13.78516458802217 -1.7005609134819848 0.8039076328277588 
Car -1.0 -1 1.8818025390528161 647.0143034652968 178.2256720519434 692.8660972137537 206.39190630172567 1.5 1.572270368039608 3.4485744804143907 3.8682388363790596 1.3264643009752102 40.14713546681572 1.977857577796799 0.7136076092720032 
