Car -1.0 -1 1.8584893936242803 362.4278728487811 181.2354165737085 443.79653713875 229.8411343459396 1.5 1.6317010417580604 4.004934293031693 -7.092453151169693 1.8137963022718866 24.969218697590758 1.5817310690840305 0.9999996423721313 
Car -1.0 -1 1.8625229062984525 390.01144923519274 181.56530566853436 441.9478600645963 210.4369973035116 1.5 1.6445560872554779 4.451266166567803 -11.0055384138797 2.0236457991523054 41.09070131945041 1.6008298277815403 0.9999977350234985 
Car -1.0 -1 -1.5681352829925195 590.6843939953318 179.31085725023826 638.7182571200304 224.1188094169599 1.5 1.6424235448241233 3.5383625447750093 0.1291172915324259 1.7528613525526489 26.438573587980542 -1.5632516509529693 0.9999948740005493 
Car -1.0 -1 -1.0011604193907115 655.2374033848732 178.61264104431058 739.3015898882538 212.46405201659172 1.5 1.802968469262123 4.727778446674347 4.289737002166943 1.8002853586006 35.18096319059758 -0.8798259059574944 0.9999924898147583 
Car -1.0 -1 1.7856450817130207 424.46714808257707 181.4301609359582 461.88975295899354 206.06598259091783 1.5 1.5377412110567092 4.221554335951805 -10.964425606608984 2.0904668871938403 47.52511328902946 1.5589043339106696 0.9999922513961792 
Car -1.0 -1 -1.0427389887800913 744.5152626299623 176.25112806897184 938.4893674025751 269.0560077451424 1.5 1.6368266686797142 4.195019838213921 4.487176974827711 1.5748583400406186 13.813634621854426 -0.7286546985295159 0.9999337196350098 
Car -1.0 -1 1.871367923918789 365.19808104085956 182.11169393403947 403.68040225703277 205.77820350537823 1.5 1.5195219337940216 3.501662847399712 -15.255903476836513 2.149676872188389 48.85226967347078 1.5686775883052009 0.999834418296814 
Car -1.0 -1 -1.0075462124704038 688.9041443335874 177.62616779733932 814.6181656280679 237.22858228657 1.5 1.6073156639933586 4.009810698032379 4.056577259596335 1.6491442582082874 20.485440975261213 -0.81205286184815 0.9993664622306824 
Car -1.0 -1 -0.8408305562331664 685.2557021572057 178.17478626345786 781.516887879655 220.16546459882923 1.5 1.618758824467659 3.718034040927887 4.783580204933937 1.7201808103573157 28.016403418155864 -0.6717192093518121 0.9991422891616821 
Car -1.0 -1 -0.9636915787273259 686.8684270765407 177.91328800821574 796.4975280836292 227.51984191137188 1.5 1.6354555755853653 3.9868331074714662 4.435701456884598 1.6840211029374212 24.20534605065548 -0.7824495593693597 0.9980610013008118 
Car -1.0 -1 -0.8275547482213275 645.91554475466 178.99783103274237 712.6142613365038 206.4833393373876 1.5 1.6138658419251442 3.979736801981926 4.047803153362839 1.8758676512763333 42.16748612051381 -0.731854514279638 0.9931493401527405 
