Car -1.0 -1 -1.877053363616941 748.5852301367868 175.41979783127366 1006.6295274121833 343.6901659336768 1.5 1.5823370337486267 3.950610247254372 2.7335228631689046 1.537526262487221 8.4695517769413 -1.5648605269987625 0.9999935626983643 
Car -1.0 -1 0.39461506574042926 228.81786202247113 181.804567219997 438.8621986460193 253.23692374043435 1.5 1.617489431798458 4.111903023719788 -6.15947964796006 1.7127217549836191 16.242276048176375 0.03214530547591619 0.999983549118042 
Car -1.0 -1 0.25470636962806115 391.7420931241915 181.24449761046623 502.79551202668443 223.67546938012748 1.5 1.517653328180313 3.7405780076980593 -6.001029667393329 1.8198315467777069 26.649755736465423 0.033219261965479176 0.9999809265136719 
Car -1.0 -1 -1.7566106449553318 680.4763697308263 177.80503069934815 772.164344131771 247.34123126774634 1.5 1.545666766166687 3.593055021762848 2.6833960680913527 1.6339493187348155 17.643802575715384 -1.6056800792601449 0.9999643564224243 
Car -1.0 -1 0.2163067531436322 418.3548002227989 181.1072342550162 516.159317148839 220.14617166163458 1.5 1.5493888899683952 3.5921426981687548 -5.70568578088275 1.8399945674242266 28.877291162022047 0.02123550971480779 0.9999558925628662 
Car -1.0 -1 -1.6673165824909797 651.1801260895534 178.90580936312904 694.4232065982156 216.22655354299215 1.5 1.535995353758335 3.379449483752251 2.6288960131245074 1.776719668184744 31.247737265831148 -1.5833834717657906 0.9998098015785217 
Car -1.0 -1 -2.4294755375154016 915.3275440893395 138.26152135447973 1241.0 374.0 1.5 1.6358765333890914 4.0105173856019976 2.747618740916022 1.4754943947037356 2.54913179121218 -1.606621556976114 0.9997654557228088 
Car -1.0 -1 3.389958746941025 310.3032060363275 181.69535742474636 445.90656213911825 235.56894611644856 1.5 1.587868158519268 3.526268017292023 -6.8031110197518325 1.7722030440251149 21.282386736875637 3.0805649638136448 0.9991733431816101 
Car -1.0 -1 0.07376929693940946 472.0077117260085 180.9763469991513 540.8006412065373 204.21144297719073 1.5 1.7836599171161651 4.444398593902588 -6.922685026291222 2.056368347907805 48.34798295365263 -0.06844861904648371 0.9988446235656738 
Car -1.0 -1 0.4355137328442664 291.39097238555433 181.53800853015144 460.74183035988597 242.97719014067377 1.5 1.5558064475655555 3.9347855865955355 -6.118428207886039 1.7401946804012027 18.91213756719293 0.12262229522200993 0.916889488697052 
