Car -1.0 -1 -0.30274118542229655 783.9356607704568 177.26307315275474 908.5360641979383 214.1787398118243 1.5 1.8097587421536445 4.670963299274445 9.854177019879584 1.6922136783641313 30.465771362649665 0.010088845095361985 0.9999984502792358 
Car -1.0 -1 1.7838215202809766 385.8861197998443 180.76739850904397 471.04591708911846 237.8571848846902 1.5 1.6251393154263496 4.15711798965931 -5.367764763127836 1.7607777120906343 21.640062416523012 1.5406812866542 0.9999949932098389 
Car -1.0 -1 2.626003553491823 787.656161952433 175.48398509108452 1086.26642643114 273.8861938282924 1.5 1.6544223323464393 4.313274708390236 5.304782123927314 1.5482550993665707 12.094849366106665 3.03933559655748 0.9999762773513794 
Car -1.0 -1 1.7416242976625265 430.94514128737796 180.6944790347628 497.37182965515717 224.30462892011576 1.5 1.7684001967310905 4.541199889779091 -5.583727816225523 1.8288338649981355 27.932799583904007 1.5443262298915046 0.9999744892120361 
Car -1.0 -1 -0.6866944911712979 1130.4495494180358 173.48706874940095 1241.0 215.7415165702813 1.5 1.69110247194767 4.263664272427559 21.807095146796406 1.5243451991862333 26.48678895565074 0.0021049221369879626 0.9999734163284302 
Car -1.0 -1 1.516468423120025 646.2169894548254 179.0859402840932 681.9873163137854 208.60167502759535 1.5 1.719367553293705 4.417059433460236 2.896007001147154 1.8635929944486154 39.82899598338558 1.589051711555344 0.9999688863754272 
Car -1.0 -1 -1.9827299003410903 924.8526961242032 176.2154827335699 984.5566303838242 204.78270872798322 1.5 1.6591346383094787 3.6767179638147356 19.087065482973273 1.6962685862414209 40.18569323123378 -1.539304685839687 0.999923586845398 
Car -1.0 -1 1.6601911957111113 489.15726607434095 180.02846798232378 551.525226472978 229.3433963760827 1.5 1.7371122285723686 4.406801846623421 -3.033190775777908 1.7693856034253221 24.823220884190718 1.5386022766444343 0.9998297691345215 
Car -1.0 -1 -2.0753285399102186 960.8410005751065 175.8289432360637 1026.0504972762797 204.0866537654378 1.5 1.6276028499007225 3.736422818899155 21.44685225327503 1.6754365448318882 40.57777953140354 -1.5891129254039866 0.9995935559272766 
Car -1.0 -1 -0.6050410836097428 1059.2560945266155 174.41523866520035 1190.8575650514065 210.5009295745428 1.5 1.682966624200344 4.4223206609487535 21.963377411368995 1.5691771981254508 30.933882547443833 0.012371702990259447 0.9995099306106567 
Car -1.0 -1 -0.6343751510140831 1095.0446120475688 173.94679439772213 1238.275079976002 213.14950680451415 1.5 1.6801001995801925 4.3361327171325685 21.888483925351345 1.5449204414434983 28.537510686492304 0.019922180971826832 0.9992468357086182 
