Pedestrian -1.0 -1 1.086488105576637 307.94405266915277 164.38572594131216 366.48849429278783 255.35717672451483 1.8 0.700321190804243 1.0949676416814327 -5.580584481047723 1.4827855202393625 14.609544260295845 0.7216102321955817 0.9999995231628418 
Car -1.0 -1 -1.630528973366331 602.0123512511117 176.1021000850388 636.9107669418277 206.1866344911504 1.5 1.5924593925476074 4.00113896727562 0.7020467363264795 1.2821536246444156 37.279603309513384 -1.6116992729392392 0.9999912977218628 
Pedestrian -1.0 -1 1.3428924390363028 330.8100313110509 166.68772809095572 378.82559498086647 243.05750247871936 1.8 0.8809401214122772 1.1118189923465251 -6.192102778854234 1.4760556242139526 17.365584324252133 1.0003737648341315 0.9999886751174927 
Pedestrian -1.0 -1 1.1672208543440408 275.1637637022451 164.51905624839833 330.91427240061563 257.3648298771714 1.8 0.6796962141990661 1.0456112705171108 -6.159552206295721 1.491809689890858 14.309188590677769 0.7607335289332525 0.9999862909317017 
Car -1.0 -1 -2.279911143400663 1036.1061247573955 169.31157108912262 1157.146561563025 217.51263686967377 1.5 1.5785344436764717 3.2627469420433046 16.323915822638067 1.1533746307979522 23.703889319925935 -1.676836662986551 0.9999850988388062 
Pedestrian -1.0 -1 1.269197690489552 276.4512210728455 167.53704068214935 326.4004807960782 243.1197931203686 1.8 0.8547856032848358 1.0753927312791347 -7.566577172404253 1.4928904972781079 17.519744108153965 0.8615068634364265 0.9999829530715942 
Pedestrian -1.0 -1 0.5488784913747429 813.0045167792853 144.77501156463023 909.208240773207 307.21601705329925 1.8 0.7486549697816371 0.8002345010638237 2.9811252273897013 1.4058202849702761 8.376288853179126 0.8908001621577399 0.9999649524688721 
Car -1.0 -1 -2.122067359753136 957.5545153621448 170.43522449865037 1069.2684812394493 217.93129252808316 1.5 1.6539682194590568 3.589281302690506 13.781282645246586 1.183690173902398 24.145403629973778 -1.603423764058624 0.9999197721481323 
Car -1.0 -1 0.9287149720779985 1099.1822787724188 168.21571049461164 1223.0 215.42758776617876 1.5 1.6446218386292457 4.0151412159204485 19.281098491176508 1.1112579014550379 24.48660483326147 1.5957343459089817 0.9998500347137451 
Pedestrian -1.0 -1 1.010212117354455 411.88160487560907 161.94082996212248 483.5781840790578 258.35340202846476 1.8 0.9293779291212558 1.1082544483244419 -3.142158673682292 1.4551414797531457 13.91604575750067 0.7881421287867683 0.9998527765274048 
Pedestrian -1.0 -1 1.002301673445941 344.4261158159485 164.60976868634287 402.2883901055689 251.50321460997915 1.8 0.7161490179598331 1.0812936842441558 -5.044501219354325 1.4724567412129286 15.260540662764658 0.6830505569789069 0.9997801184654236 
Pedestrian -1.0 -1 1.2285323571277926 285.6635274261504 166.42577829703077 338.3569640665183 247.59606494594155 1.8 0.8064114980399608 1.0846956193447113 -6.81999063668288 1.4895093034787446 16.34681382754084 0.833281679949488 0.9997777342796326 
Pedestrian -1.0 -1 1.1401297734288667 396.74471732491173 161.85693511312013 455.8934568440131 260.4852285642063 1.8 0.724782657623291 1.0459994457662105 -3.4716294371755523 1.4613972880897321 13.533365067513667 0.8890206058833258 0.9997026324272156 
Pedestrian -1.0 -1 1.2372331747491927 335.57783435693136 166.3998589253308 380.69143568150383 244.17883734932536 1.8 0.728093509376049 1.0177404180169105 -5.975123645024006 1.4752947457762333 16.982780693340803 0.898925228914942 0.9991574287414551 
Pedestrian -1.0 -1 1.319423458246841 311.2026414669071 167.435472429724 350.4621644463613 241.34859449578477 1.8 0.7145879350602626 0.9141921557486057 -6.943418335403779 1.4834399286970514 17.793434976985566 0.9473733146998541 0.9989461302757263 
Pedestrian -1.0 -1 1.1895059949950832 263.92907078460735 167.55839644449992 313.7026368706001 243.98092628423197 1.8 0.7712613351643085 1.059118614345789 -7.776817881904595 1.4967875435818239 17.293482331555733 0.7669045170161384 0.99598228931427 
Pedestrian -1.0 -1 1.06821030760887 447.47744970830024 162.1786552311567 503.88870256152256 255.1629124219774 1.8 0.7145949199795723 1.0268266804516315 -2.6660478087833708 1.4469655527062464 14.305721572847235 0.8839616020533697 0.9937974810600281 
Pedestrian -1.0 -1 1.095651027345361 316.7809000133914 164.58029172329248 374.8749774777795 253.76448578023738 1.8 0.7385308414697647 1.073794861137867 -5.508405349232473 1.4803201599772648 14.900301001420317 0.7415489395472663 0.8705164194107056 
Pedestrian -1.0 -1 1.120233961472808 301.9161777501873 166.36094073279264 359.18231708225306 246.47248942463293 1.8 0.7996676050126552 1.2193352475762367 -6.485063054507966 1.4839258456636206 16.589181902291504 0.7475785454127448 0.6000187397003174 
Pedestrian -1.0 -1 3.464888770374887 309.3121216842776 174.14547186171956 324.6597038983687 210.4602009465328 1.8 0.6321460500359535 0.539248951524496 -14.42228202098034 1.4864599076679754 35.373725805752336 3.0777521014174045 0.5120192170143127 
