Car -1.0 -1 -1.701169383518575 558.4180072502536 179.1885678061682 642.9561344265418 243.84315607874692 1.5 1.6696807488799095 3.9902331799268724 -0.3386134170314522 1.3613004964303976 18.77046043734948 -1.7192071239140374 0.9999998807907104 
Car -1.0 -1 -1.4878144314448007 457.6557871937394 180.43525012217185 512.7248562632378 226.25348451353113 1.5 1.6084587693214416 3.916141998767853 -4.319383117182643 1.344628599618804 25.549128820216247 -1.6552926535394532 0.9999995231628418 
Car -1.0 -1 -1.0144502586882636 0.0 183.5158926807769 200.89333884439992 356.8355832527353 1.5 1.5920406699180603 3.542347860336304 -6.268256310834473 1.486420172178938 8.062136015817176 -1.6753161186960084 0.9999991655349731 
Car -1.0 -1 -1.368285550728475 294.48852847933927 181.63573402232058 377.29455715924416 233.64908724773233 1.5 1.6416963681578636 4.259362307190895 -8.59750963742869 1.397889498948297 22.958388059332062 -1.726602257290159 0.9999948740005493 
Car -1.0 -1 -1.3789999493829763 367.4492903557159 181.38365316894246 418.3508591076166 214.43140498250506 1.5 1.6128933548927307 4.047249493002892 -10.336154761750652 1.3271990030676772 34.716842933977944 -1.6683704713967187 0.9999949932098389 
Car -1.0 -1 -1.2766359379750976 181.13228076348923 181.99062147308206 330.9090799429613 269.0732507500089 1.5 1.6078943878412246 3.9204540222883226 -6.900313220348686 1.4455791751735747 14.437726326232017 -1.7224772880461556 0.9999924898147583 
Car -1.0 -1 -1.1707342489277195 182.3658750021122 182.57528073259408 286.54657915833224 232.6840957096648 1.5 1.5941644579172134 3.993370991945267 -12.132622821361014 1.4220906764135108 23.566113064164213 -1.6461780602720124 0.9996836185455322 
Car -1.0 -1 -1.0677377563069281 0.0 184.12191872384255 143.15094206638878 276.1476588115544 1.5 1.8297171711921691 4.938913744688034 -11.446060455695017 1.4833028122505483 14.302943631231457 -1.7426366517927987 0.9993334412574768 
Car -1.0 -1 -1.2737606991883452 252.16486616059206 182.23935035517914 323.71867193228337 217.47723951324878 1.5 1.7706355571746826 4.424709317088127 -14.557593593011607 1.3744345551426176 32.89851142753927 -1.6903602043774468 0.9992475509643555 
Car -1.0 -1 -1.4200818755567801 399.37444244315793 181.2640961673715 436.1452709478384 207.1304729894187 1.5 1.5926531076431274 3.920731183886528 -11.529264759559501 1.271976435947872 43.71720472002588 -1.6779347146537644 0.9966673254966736 
