Car -1.0 -1 -1.6910123134111723 659.0201673032138 178.63590106663088 712.455103731789 223.49518986401836 1.5 1.5287854269146919 3.344644469022751 2.6500542375508727 1.7242135117496435 26.24579226395478 -1.5903827315804107 0.9999986886978149 
Car -1.0 -1 0.13579451556132469 452.9495330514928 181.0855060072933 531.0678587451814 206.9931581642535 1.5 1.767800797522068 4.430192199349404 -7.065572571231011 2.0052370577296634 43.3117666946715 -0.025913910069738113 0.9999961853027344 
Car -1.0 -1 0.5861370324368098 50.76512520239715 182.30822360275067 368.437642216234 288.7815630634669 1.5 1.6308611750602722 4.160443183779717 -6.20066175373201 1.6617880483341612 11.327759883807975 0.08530263503524235 0.9999895095825195 
Car -1.0 -1 0.269172029694253 344.7022893329036 181.42414876667334 479.09205425408777 233.85368407605364 1.5 1.5415771424770355 3.612828862667084 -5.925188340111118 1.766963832900857 21.668490086030907 0.002249999842371264 0.9999790191650391 
Car -1.0 -1 -1.8115698062619343 706.396999105123 176.91732505615644 845.956558543945 277.6962936867551 1.5 1.5373120576143264 3.538111087679863 2.698573203717257 1.5818337191512224 12.673177358237835 -1.6017674757775409 0.9999532699584961 
Car -1.0 -1 0.21822868978124974 383.113705305133 181.2261098994026 498.7416635693256 228.42372403278054 1.5 1.5278229981660842 3.4961043417453768 -5.604488806339014 1.787843195056693 23.99018659442971 -0.011271194615636549 0.9999463558197021 
Car -1.0 -1 0.43969410753345084 169.59556757813613 182.05422685636492 403.27037633078817 266.09345395237654 1.5 1.5856994807720184 3.7939256548881533 -6.161518149944743 1.688193321157635 13.893549417620383 0.022275014719690598 0.9999366998672485 
Car -1.0 -1 3.5213880603596057 216.55997551803264 182.1112265288574 398.211507646243 252.99609115524999 1.5 1.5694950267672538 3.4461064755916597 -6.7799992556023705 1.7197473287435217 16.28724201065525 3.126929271217209 0.9998525381088257 
Car -1.0 -1 0.31152929525364415 397.8186039517656 181.17540953589528 511.3817295267745 220.80146903437304 1.5 1.6448727369308471 4.1208481907844545 -6.189407054378796 1.8439122190711825 28.763184860612203 0.0995762785288947 0.9998376369476318 
Car -1.0 -1 0.29611370732368036 391.8863951792585 181.26072992715618 493.5644938003323 224.37442418713223 1.5 1.5632560968399047 3.304923561215401 -6.104221214079481 1.8177017046675064 26.341691964743468 0.0684006651255744 0.9998217225074768 
Car -1.0 -1 -2.244876907918555 875.5280554477755 165.82001041451318 1241.0 374.0 1.5 1.5941586837172508 3.964936596155167 2.7786555027653703 1.4853542960598416 3.5238108843431397 -1.5771647459503753 0.9997771382331848 
Car -1.0 -1 3.4762603079065713 272.6895914909365 181.92999054951406 417.98625893969194 242.57984787880886 1.5 1.570587095618248 3.2366978496313097 -6.898482343405136 1.7482563825411104 18.894984451955843 3.1262007832487644 0.9995984435081482 
