Pedestrian -1.0 -1 2.4849857130511905 700.0132708153634 168.52189546056346 724.501819416333 207.55758231670418 1.8 0.5595212362706661 0.9994607910513877 5.002202126231685 1.2491253149285062 33.085311736180294 2.6350402712782444 0.999984622001648 
Cyclist -1.0 -1 -1.9272084670927538 802.9522184756165 178.9779423856264 864.4044687149542 269.4707674464087 1.4 0.3990091409534216 1.692163248360157 3.7329299346683213 1.3781104366739332 11.788621126791787 -1.6205424341049535 0.9999841451644897 
Pedestrian -1.0 -1 2.0272442937965316 669.14181074123 168.30532218677646 691.8339431181694 210.90510605080902 1.8 0.6974073618650436 0.7815765708684921 3.2261362884545117 1.2862102992170519 30.387011520586523 2.133016335960251 0.9999819993972778 
Pedestrian -1.0 -1 -1.4884563824854848 654.0210535336723 168.98008518463513 670.3549196354809 209.25298872779217 1.8 0.6937194176018238 0.5414275012910366 2.565619895877717 1.2865815305561872 31.919910942814155 -1.4082520167019708 0.9999488592147827 
Pedestrian -1.0 -1 2.792357926871253 714.6431187116128 168.056874483234 739.1445254282938 208.765710393179 1.8 0.5991363458335399 0.9309949845075607 5.431808772180282 1.2512772485770758 31.635966761212437 2.9623972058256687 0.9998272061347961 
Pedestrian -1.0 -1 -0.9992455371128166 830.3677794543595 160.62130534318962 864.3867875432409 234.7170006163517 1.8 0.7274737142026424 0.3459325086325407 5.9806686518203085 1.3186883332809556 17.56372348353557 -0.6710476438191277 0.9998199343681335 
Pedestrian -1.0 -1 -0.9744741208081753 632.3572488162575 158.0953733413173 691.5432364210999 260.11605852344763 1.8 0.6796039201319217 0.9409624643623828 1.0145015807894915 1.4063479912029258 13.04951031753533 -0.8968876759198052 0.9996224641799927 
Cyclist -1.0 -1 -1.3272344373840557 474.87363849708174 180.79845126561452 503.9391883878715 223.74041316029164 1.4 0.5577252738177776 1.803111520409584 -3.932539651005561 1.4120405257473527 23.980029521331566 -1.4897798831251008 0.998849630355835 
Pedestrian -1.0 -1 -1.719478812448731 648.1161622175437 169.09802361197146 662.5165445884788 209.25998709590607 1.8 0.5827320300042629 0.486280632019043 2.2527920537884043 1.290444270516228 31.949109592354795 -1.6490834365275246 0.9750705361366272 
Pedestrian -1.0 -1 -1.1158113698135277 824.9942450716783 160.83931009105018 852.9086000048687 234.46853203098414 1.8 0.5594149723649025 0.3583488080650568 5.787516447039994 1.320957383736692 17.60366685313797 -0.7981755296376093 0.9500250220298767 
Pedestrian -1.0 -1 2.758186033589533 707.6224189971065 168.31419686993905 731.4489108274962 208.11629474069775 1.8 0.5186089806258678 0.9500945478677749 5.216801131584839 1.250373690619255 32.32855118510026 2.9181750893553318 0.8468952775001526 
Pedestrian -1.0 -1 -1.2459436300108249 843.0310614643494 160.70375705776792 868.9445927245812 233.93595749740624 1.8 0.5496400900185108 0.27888510636985303 6.229613046507773 1.3150189509431012 17.653025514467373 -0.9066946665432795 0.5642964243888855 
Pedestrian -1.0 -1 2.8949774622081548 705.446568503081 168.44405055241515 731.106855933591 207.65195972703955 1.8 0.5089383132755756 1.0818190433084964 5.227058035854557 1.2479789957082092 32.75623665506863 3.053217756744248 0.5280118584632874 
