Car -1.0 -1 -1.6883327377004798 670.5920858069773 178.36040655560578 732.5673483607791 227.3492614147831 1.5 1.6136326387524604 3.9698107659816744 2.9828647236869275 1.7027081012627567 24.524724968596523 -1.5673003786385549 0.9999939203262329 
Car -1.0 -1 1.770665859875759 497.538902742376 180.20110150646016 555.4743658986624 221.18477330380244 1.5 1.5741846084594726 3.936755520105362 -3.340766983727099 1.8179797710165477 29.16140890555658 1.6566018938978733 0.9999915361404419 
Car -1.0 -1 1.816247541578757 404.15569657608626 180.19162044473856 511.5085543307844 250.66035977406213 1.5 1.6328808411955833 4.132186111807823 -3.671956105257087 1.7036900327797784 17.892421546050578 1.6138338923414768 0.9999791383743286 
Car -1.0 -1 1.852315416796293 313.6244356490979 180.28148092032686 464.5990830617674 282.7093648648312 1.5 1.5442364409565925 3.6886739104986193 -3.741456119749008 1.6499451815499226 12.680337787794793 1.5653971870753425 0.9999306201934814 
Car -1.0 -1 -2.3042683099598493 969.1641549009163 173.85035380206003 1241.0 281.21077991343753 1.5 1.6651638343930244 4.068406906723976 8.113981272324873 1.5202296869003957 12.252972625940268 -1.719360829391752 0.9998613595962524 
Car -1.0 -1 1.7584981377489985 517.6898148731108 180.1284015826186 570.8763938861294 214.49165341697494 1.5 1.7433004945516586 4.503496226668358 -3.1293444558552554 1.874729744310142 34.80444223490056 1.668827044959885 0.9998257756233215 
Car -1.0 -1 -2.505378155089143 1140.019202979571 171.80811350359224 1241.0 279.97738000038373 1.5 1.6432157278060913 3.611210224032402 11.048298785150944 1.4858544026742448 11.930056874636776 -1.7583345929768426 0.9998010993003845 
Car -1.0 -1 -2.2697501247516794 902.217850579432 164.7134045262806 1241.0 374.0 1.5 1.5661675974726676 3.4214044481515886 2.73597502714907 1.482954007298622 3.2510336674553972 -1.570170041874752 0.9997701048851013 
Car -1.0 -1 2.298741390060107 0.0 178.45721119322647 404.8603135352807 374.0 1.5 1.6352441653609275 4.18494665324688 -2.7481198374907922 1.5469750495314791 3.833052796611304 1.6767277598341526 0.9997155070304871 
Car -1.0 -1 -3.2974594092933684 712.0009129269214 178.46596834864533 784.32087066077 203.91910739064832 1.5 1.6314803183078765 4.10455973148346 8.307730084346538 1.8477929312431485 43.787190295609605 -3.109958366551672 0.9996285438537598 
Car -1.0 -1 1.984831854938898 923.1764642652257 175.60459529510868 1025.8384317584316 228.966492379782 1.5 1.5545713275671005 3.4604521960020067 11.183068067781912 1.591308252510189 22.155175644508752 2.4522809863051 0.997545063495636 
Car -1.0 -1 2.0474788328331623 826.2765655951825 176.78891865409057 908.613976217689 222.95042903194792 1.5 1.4234032973647117 3.179059785604477 9.023953873871474 1.6472245865830968 25.322474309519134 2.389809596534592 0.9965428709983826 
Car -1.0 -1 2.125893751740738 809.5859118894317 176.95405106031996 896.4927805945737 221.95246727047714 1.5 1.4841869965195655 3.22894626557827 8.722714880722874 1.6568842841247218 25.942157628552494 2.450255382057053 0.9954984188079834 
Car -1.0 -1 2.3284077260338703 791.0513680862805 177.18787544101113 887.839661738556 216.7219050729708 1.5 1.5378818407654762 3.8324134916067125 9.301753958899823 1.6861398359572368 29.326327049615227 2.635551440711838 0.9946929812431335 
Car -1.0 -1 2.06919337992324 846.0859271892867 176.40859084277116 947.6778581244134 226.97369108981997 1.5 1.5316522240638732 3.5884807378053667 9.291552231086017 1.624115399690637 23.382059658273477 2.447438704963547 0.9488872289657593 
