Car -1.0 -1 -1.8923594832749202 538.6736331095906 178.58178243099263 674.7226468080455 269.7454056636201 1.5 1.5551522865891456 3.6005912840366365 -0.25129654876084434 1.627616111901324 14.071706432460534 -1.9102158705380303 0.9999992847442627 
Car -1.0 -1 -2.94715012079603 614.2652847078526 179.02406556598186 714.8283131833152 216.96740117473155 1.5 1.5966304138302803 3.9704090476036074 2.261826918533786 1.7700732076056558 30.240853192405904 -2.8724953691151485 0.999998927116394 
Car -1.0 -1 1.8177678108958977 0.1670843748653168 182.8319911004011 178.47299748379695 293.2369321966001 1.5 1.5720904365181922 3.5631826639175417 -8.54359664085415 1.6945805870847857 12.096982225320886 1.2028538425776618 0.9999978542327881 
Car -1.0 -1 -1.6785129519481594 438.33844301540563 180.78393131717502 491.6568331201729 223.17266989726986 1.5 1.6266322255134582 4.0230079114437105 -5.832739284867601 1.837428081502553 28.503335061057694 -1.8803598741677148 0.9999837875366211 
Car -1.0 -1 1.3945038377404506 1025.2055880577964 174.0004122406854 1178.0414305957247 267.88602288669654 1.5 1.6587421789765358 4.16258969604969 9.129216430725743 1.5258774692730994 13.819434629508859 1.9782996058424533 0.9997692704200745 
Car -1.0 -1 1.6953523770262 251.8089810741287 183.03282551660857 293.3343197155379 212.4405937136046 1.5 1.6419483840465545 3.796617177128792 -18.816453360924395 2.0977397031630547 40.28461035611995 1.2583793838832038 0.9997267127037048 
Car -1.0 -1 -2.2910974343280914 689.020471403183 174.56300283891932 1233.6791988881266 374.0 1.5 1.838335257768631 4.738280412554741 2.6084990191410666 1.522809535335452 6.935218192727484 -1.931342081227575 0.9997228980064392 
Car -1.0 -1 1.1062431362507963 1172.2773537280193 171.62178633409894 1241.0 285.7786912169549 1.5 1.6284116104245185 4.090323907136917 10.951262038954999 1.4841668228071925 11.670525749470713 1.8598568320234836 0.9977688789367676 
Car -1.0 -1 1.9754222715741514 0.0 182.25061939296737 131.90809269248868 374.0 1.5 1.636233602464199 3.9412161827087404 -6.5682230577678204 1.625207600948547 7.456555986296439 1.2532798488948005 0.9513970613479614 
Car -1.0 -1 -1.574315952858866 425.47906389312743 181.13895267115524 463.1671121453659 216.194109290026 1.5 1.635301162302494 4.208486390113831 -7.890906980449428 1.9183363418024122 34.163672821586935 -1.801308841505323 0.6266719102859497 
