Car -1.0 -1 -0.12012375203267858 633.9367087345111 179.03334896347292 725.3279062402175 212.7515979162602 1.5 1.600392584502697 4.027352344989777 3.123395258903694 1.7925473733069002 33.261800443313234 -0.02649493614700862 0.9999998807907104 
Car -1.0 -1 2.107263478334291 0.0 181.71538408519245 274.84281877536205 336.83095166109877 1.5 1.533558827638626 3.5004424422979357 -5.744616657527898 1.6321459232642457 8.952800094783985 1.5367764671656745 0.9999991655349731 
Car -1.0 -1 1.6468209581275262 494.79051602718977 180.22129622198815 544.9950651747328 223.08866212971338 1.5 1.6310111179947853 4.021848228573799 -3.468059975061395 1.8071421279194633 27.995898691365774 1.5235714157435554 0.9999969005584717 
Car -1.0 -1 1.7285716356756553 443.8401935351388 180.1140150768296 530.2628751928504 239.3178803324518 1.5 1.78986084908247 4.515857857465744 -3.50682909620497 1.735447801501372 21.097626690761842 1.563858433565821 0.9999785423278809 
Car -1.0 -1 1.7754155055227272 366.859038546391 180.00250747504123 496.25219255400395 272.3922980666872 1.5 1.6233439117670059 4.1240042567253115 -3.3567613930036755 1.6609176628959068 14.118912538322261 1.5419997413966315 0.9999662637710571 
Car -1.0 -1 1.9380679253431334 201.4865445095882 181.27199379939154 371.98915600502767 279.27834738406494 1.5 1.5857734277844429 3.779253971576691 -5.7812002051752165 1.677893851643036 13.292586000227768 1.5278257568690436 0.9999608993530273 
Car -1.0 -1 -3.87551977117573 1140.3925665418965 171.82355570035628 1241.0 266.88528314941124 1.5 1.597430047392845 3.9378153651952745 11.504177528012601 1.4840982572442338 12.222815845881419 -3.120400146642004 0.9999346733093262 
Cyclist -1.0 -1 -3.315132520658691 798.1605503893944 182.67831085268932 909.2471565875629 279.54067668616364 1.4 0.5373491466045379 1.514843714237213 3.592861310344397 1.5536200547490282 10.877826814590701 -2.9961214820530757 0.9998915195465088 
Cyclist -1.0 -1 -3.044534068398157 829.7848101275313 182.57723480694204 971.5753081891959 298.2298946582357 1.4 0.628344577550888 1.6829995930194854 3.7667943498321064 1.5374545555675758 9.507052924322926 -2.667298750081335 0.9998551607131958 
Pedestrian -1.0 -1 2.127774026267038 154.3362072718414 168.1091042060247 190.48635313885885 263.3232754354681 1.8 0.5264470845460891 0.2712612997740507 -8.404319493411922 1.7106567897008549 13.775784826601956 1.579976308341843 0.9998286962509155 
Car -1.0 -1 0.013019327924188119 611.6627619509202 179.56726791136825 674.6174715509907 203.36742387301084 1.5 1.6852574914693832 4.0210469186306 2.131228843739515 1.9463261099947216 46.97119125019081 0.0583613355967658 0.99969482421875 
Car -1.0 -1 1.6524161652444636 536.4194719321137 180.38921379570112 564.7751330351481 204.57127245965245 1.5 1.5750879913568496 3.718725082278252 -3.9273652652097777 2.018708603710345 47.772495744303555 1.5703908642146247 0.9312949180603027 
