Car -1.0 -1 -1.4436452560884485 493.65143890925066 180.22179354564526 544.995233934169 219.2407799511189 1.5 1.5969342112541198 4.092664507031441 -3.6156893385557902 1.3091513900161378 29.682109834771396 -1.5648618071016414 0.9999996423721313 
Car -1.0 -1 -1.3478164387047373 397.6611511656703 180.4506212760477 499.9731526942943 250.54151521293522 1.5 1.5728960305452346 3.895920377969742 -3.742210362899077 1.399154808522495 17.336321980824792 -1.5604140097883088 0.9999984502792358 
Car -1.0 -1 -0.8140441800154974 0.0 181.44546873053818 325.4348856685967 375.0 1.5 1.6141411408782005 4.081374642252922 -3.0791018369790986 1.4937553316855414 3.4669197931801716 -1.540266680591975 0.9999855756759644 
Car -1.0 -1 -0.8705182852297495 0.0 184.26826757767267 128.42526980579714 268.0199795079809 1.5 1.5360281363129615 3.8571836918592455 -12.007910314585931 1.484162625306318 14.813910930058235 -1.5516792880978925 0.9999669790267944 
Car -1.0 -1 -1.1891655587817112 248.95015027277358 181.80454055763266 368.36260241636506 243.31725833014391 1.5 1.6294654950499534 3.936884042620659 -7.995809329060968 1.4179494193719577 19.500165195791467 -1.5782953468759102 0.9999468326568604 
Car -1.0 -1 -1.097136152727492 135.23904702181093 182.86236377490917 258.4405801065381 237.98424715149105 1.5 1.5777135759592056 3.9336605489254 -12.195803244215814 1.4370912531916193 21.555699919116513 -1.612014432498489 0.9998669624328613 
Car -1.0 -1 -1.5557972227818724 576.5191351316784 179.604362110064 618.3115649464062 216.25471822202206 1.5 1.7104771479964256 3.903484579920769 -0.459424874416171 1.271474366923315 31.369099039906427 -1.570441954189681 0.9998176693916321 
Car -1.0 -1 -1.4175755785919482 461.66585944195924 180.75790100591954 497.7672573486781 206.2837499649402 1.5 1.6311612471938133 3.7428806096315386 -7.83855206486958 1.2391733616674492 44.12842190615088 -1.5933723999795062 0.9982917904853821 
Car -1.0 -1 -0.9821741906977335 31.051445297911624 183.02615116861546 248.46273373652667 276.46856767694163 1.5 1.5904753029346466 3.69499349296093 -8.500132431639631 1.4659831157274799 13.401360671437882 -1.5474145534124715 0.9978321194648743 
Car -1.0 -1 -1.2841056688638095 355.00662774197974 181.3062918589361 427.2647640232997 225.5427877264577 1.5 1.56336450278759 3.5974668830633165 -7.837189414135464 1.3685684803578517 26.173693720764774 -1.5750394561935706 0.9905738234519958 
