Car -1.0 -1 1.8221418933543123 393.20986417160924 181.53517220668164 442.2380065902642 213.22182612021544 1.5 1.5343454226851463 3.8261386126279833 -9.865792698872754 1.970153229952504 37.12497808941457 1.5623997886988776 0.9999997615814209 
Car -1.0 -1 1.9065691356955556 337.2861436014759 181.6678741461284 414.00202357370017 220.78747228483726 1.5 1.7075395703315734 4.615507137775421 -10.002143772080057 1.9079941707391488 31.040327862758677 1.5948440909346164 0.9999992847442627 
Car -1.0 -1 -1.6101112225249232 601.1973434146062 178.2360746083074 695.0950094035244 268.02343076063346 1.5 1.596127127110958 3.504447129368782 0.6023736446477149 1.6180243836312425 14.016886183333378 -1.5671627945874376 0.9999988079071045 
Car -1.0 -1 -0.9377640833702892 690.1556542886276 178.33162530980192 764.7863539331281 215.98365274260135 1.5 1.4669642344117164 3.3405313760042192 5.028391004219607 1.7480369040049077 30.928869404497306 -0.7765950123455865 0.9999964237213135 
Car -1.0 -1 2.1027408118791353 53.685034038083884 182.14961369703707 282.7727346622492 291.3345351704307 1.5 1.593322728574276 3.669855234026909 -7.146389544292951 1.6794330607023351 12.060002357966013 1.5678028305384772 0.9999945163726807 
Car -1.0 -1 2.1810959614993353 0.0 183.3146317956334 191.61876757119288 272.3096394832063 1.5 1.5566535785794258 3.8981350630521776 -10.396928726325848 1.7400597649393086 14.574808993453809 1.5614668567988532 0.9999940395355225 
Car -1.0 -1 2.411056552004248 199.93533841787126 183.26877027286716 286.0744957191215 212.96915965826145 1.5 1.704409022629261 4.233691704273224 -20.445292374806446 2.1153191350104583 40.32013570246912 1.9417657732924045 0.999911904335022 
Car -1.0 -1 2.1694189206367156 213.20698108232398 183.0263803997037 294.7794280364387 223.12697601532386 1.5 1.488334734737873 3.120991450548172 -14.504163239237146 1.9391821523600612 29.473782476494254 1.712108123298508 0.9998950958251953 
Car -1.0 -1 -0.9023618258899135 671.1201437075139 178.70800462864187 735.3782139770892 209.4663183047546 1.5 1.4840052023530006 3.481012445688248 4.852930253650821 1.8195890674162873 37.5970113209528 -0.7739940444615228 0.9999747276306152 
Car -1.0 -1 -1.0262966112036642 724.7085425102102 177.24195176476331 854.4146506063353 237.90460513389823 1.5 1.6271660596132278 4.094281655550003 5.04517251095681 1.6351904666759227 20.14966981240226 -0.7809557477619988 0.9998114705085754 
Car -1.0 -1 1.7877410512113403 490.88105655845743 180.66413226711327 532.7021139749853 208.7157734728308 1.5 1.5939180299639701 3.9006839066743852 -5.657158801013528 1.973592504884881 41.70782241908153 1.6529259562452854 0.9993810653686523 
Car -1.0 -1 1.9099983872714117 450.48905580042646 181.1273958418273 494.4964695486196 205.80138886094645 1.5 1.5663177266716957 4.106623914837837 -9.015876562280134 2.0690953214659085 47.44993113554216 1.7222285151442112 0.9992541670799255 
