Car -1.0 -1 -1.5503964024248564 586.6766721989122 179.27771450507979 638.7185693827875 227.09825558187075 1.5 1.6668767228722572 3.3420524120330812 0.07938111172199964 1.7359905507165059 24.774252673329208 -1.5471922355380399 0.999998927116394 
Car -1.0 -1 -1.5874921364917598 593.6818551795723 179.63762226005707 625.9873211819499 210.83284215654373 1.5 1.5908750265836715 3.7219381451606752 -0.08106441143045465 1.8694808280264592 37.383268573323136 -1.5896606008198602 0.999991774559021 
Car -1.0 -1 2.1520910913429754 0.0 182.64339342623703 212.3476514234425 303.9353269710436 1.5 1.6742881879210472 4.271714997291565 -8.29476567437836 1.6851166570916276 11.443057720565847 1.5248660286280769 0.9999871253967285 
Car -1.0 -1 1.9764096047216457 181.7375659211145 182.1100305129492 322.338414696296 254.41808143766667 1.5 1.5906773999333381 4.002923381328583 -8.545958070552594 1.7513339099762328 17.52425754528723 1.5226790150019782 0.9999868869781494 
Car -1.0 -1 -2.340422807036936 390.4420789753225 180.7254061609893 518.6585606924183 234.5161073987153 1.5 1.593000304698944 3.9341660708189012 -4.906172297362958 1.763646340829481 22.381054422197536 -2.556220368542944 0.9999756813049316 
Car -1.0 -1 -2.3457375348608247 422.17903044478896 180.55619108748087 541.9593408932437 228.09520060699728 1.5 1.6365377724170684 4.221551728248596 -4.5703213531489615 1.7902367437966957 25.264447447804148 -2.524701432385717 0.9999722242355347 
Pedestrian -1.0 -1 -1.2687991714351268 57.296874802754616 174.47450975456505 96.99338412524301 240.09622378974362 1.8 0.7814070701599121 0.49546310007572175 -14.934678598162463 1.8464768890146614 20.16941680496194 -1.9061677018788201 0.9999711513519287 
Car -1.0 -1 -1.9927451082879042 223.707884591114 180.9384141185233 418.70552493583205 289.9271535603298 1.5 1.5594859167933464 3.8620183736085893 -4.999751976800328 1.6571880816758386 12.101474229286106 -2.384538010754858 0.9999493360519409 
Car -1.0 -1 -2.063820699120463 306.36990124778464 180.4164199982451 498.87874810980696 270.31356455000724 1.5 1.7459964871406555 4.614511740207672 -4.401942004101385 1.6776640946467116 14.664666436518472 -2.3554365197804317 0.9999240636825562 
Car -1.0 -1 -2.3622059577811303 510.28566066167787 180.49683970248793 569.7885302397793 205.32398098097906 1.5 1.6103305414319038 3.7739402174949648 -4.565869778857315 2.012382589093544 46.52192044503527 -2.460037128129278 0.9997544884681702 
Car -1.0 -1 2.241823747431134 0.0 184.72572273424638 83.2268263043393 257.4693786251475 1.5 1.4719468101859092 3.2733114928007128 -14.413181413784793 1.8086213034968055 17.07481945514475 1.5407537659022468 0.9996770620346069 
Pedestrian -1.0 -1 -0.9553497116908083 193.55044625935005 176.38343335642188 217.89563445965413 222.98506805291942 1.8 0.7016103275120258 0.44400613084435464 -15.82070649325794 1.9393887412664181 28.162873577210636 -1.467174985506807 0.9991003274917603 
