Car -1.0 -1 -1.7698866350536695 744.1620285734098 176.10451975615487 909.8636293251776 308.805465847309 1.5 1.4961442470550537 3.274984148144722 2.7375531322433475 1.5526623334023235 9.921712327365405 -1.5006695921209199 0.9999988079071045 
Car -1.0 -1 -1.749818224843499 694.6743728036337 177.56948001206786 790.645219139622 254.05370246006046 1.5 1.5018512055277824 3.285980460047722 2.78307757728258 1.6157064986463177 15.99924030894747 -1.5775909489628417 0.999997615814209 
Car -1.0 -1 -1.6146310954523402 647.218717580162 178.96439180882686 686.8786938924108 214.49621392226942 1.5 1.6327815622091293 3.836854410171509 2.5218223976528833 1.7968955969965783 33.069771041476386 -1.5385207692768914 0.999987006187439 
Car -1.0 -1 -1.7086482116969175 658.1245942634589 178.71093367533965 709.507743092253 220.18728103242267 1.5 1.5383815884590148 3.4151068449020388 2.7951844118250455 1.7443485412564572 28.318823807694343 -1.6102627786484105 0.9999760389328003 
Car -1.0 -1 -1.735563810989571 664.9834029158473 178.28674376772895 736.1178026366434 234.02830966470034 1.5 1.5394963815808296 3.446842220425606 2.5703363841020535 1.6755876325283363 21.51311951875437 -1.6166498782720906 0.9999626874923706 
Car -1.0 -1 -2.1410847903013206 825.3249364664631 170.62844821742723 1241.0 374.0 1.5 1.606711421906948 3.6371538907289507 2.517422295302311 1.493525187122023 4.041493368710235 -1.5840012776341779 0.9999566078186035 
Car -1.0 -1 1.7441127302576753 466.7781363216958 179.76271924916134 556.5552038059504 248.91172671769098 1.5 1.5751850351691246 3.780997779965401 -2.3806789969591007 1.6906976575241661 17.95456079009881 1.6122870326002658 0.9998724460601807 
Car -1.0 -1 1.6848291728574671 568.0771205926396 180.01629018521655 599.2821477218146 203.72792758699126 1.5 1.6438965246081352 4.356974226236344 -1.7800588773291954 2.0112401178553054 49.22832938245191 1.648685681815964 0.9991694688796997 
Car -1.0 -1 -1.3850936744670408 499.5949511528281 179.96168358489714 565.9779095240126 230.93552854442368 1.5 1.5267646431922912 3.536176544427872 -2.48894836997814 1.750454648087205 23.562156152739462 -1.4903366873648507 0.9819586873054504 
Car -1.0 -1 1.614900467060985 552.6901492406175 180.12540681198408 582.3261338195753 207.2756230283857 1.5 1.5882114440202713 3.9913638055324556 -2.521505798315328 1.9533757376622294 42.942966269568466 1.556250258288111 0.5509887933731079 
