Car -1.0 -1 3.2541848130072863 409.46954385210444 181.14619350485003 515.5000452862295 217.92489895621694 1.5 1.674056288599968 4.289385911822319 -6.2854456629146975 1.8673467708469316 30.90812865572129 3.0535615563353122 0.9999991655349731 
Car -1.0 -1 2.765124804108304 751.6993804338387 176.9947244360301 930.0782738579364 234.06808348538902 1.5 1.646101151406765 4.435112562775612 6.298751768761872 1.621268863198185 20.084806162564917 3.069018590446335 0.999998927116394 
Car -1.0 -1 -3.6948334644238088 905.9212828650814 173.69851522340355 1241.0 295.672035913655 1.5 1.59604964107275 4.119733583927155 6.32503604291238 1.5127369705086697 9.727989265699044 -3.1183250705387935 0.9999969005584717 
Car -1.0 -1 3.3356897705476976 359.8296817876402 181.4452648603878 483.9937808740085 225.35475019329968 1.5 1.5735403195023536 4.08806414604187 -6.7203472945394 1.8196799380659796 25.908213181071282 3.081892597671372 0.9999947547912598 
Car -1.0 -1 -1.6674269105323587 648.5904370705872 178.5813442363778 711.8023807928342 219.9450105045222 1.5 2.008792807161808 6.026346099376679 2.7473031466596862 1.7626077317452753 30.017308459837768 -1.5761572211657209 0.999996542930603 
Car -1.0 -1 -0.3852466625962372 869.5900662081232 174.9388076915446 1128.3109424935017 270.9122160587115 1.5 1.5333200365304946 3.548373889923096 6.383781928649169 1.5384444979386522 12.24683728667606 0.09526364406081608 0.9999912977218628 
Car -1.0 -1 0.4006990937385828 206.3749579877257 182.09486349534728 410.6122632604923 252.8725618571642 1.5 1.6026003777980804 3.9519461363554003 -6.759196807037537 1.7198636451190903 16.319395863456435 0.008027120432581225 0.999977707862854 
Car -1.0 -1 3.835724155398254 0.0 183.58661483658273 197.7141794552814 356.53128712001137 1.5 1.5312688916921615 3.3496430635452272 -6.265299974463903 1.6189288996834381 7.162039017323711 3.1170115351637424 0.9999117851257324 
Car -1.0 -1 -1.5478990095183092 630.3372693844501 179.25434396112536 661.7981255924237 204.53504947143844 1.5 1.9277560085058212 5.989365887641907 2.402927141537552 1.9480874435775404 47.4143146550983 -1.497262970605169 0.999562680721283 
Car -1.0 -1 -2.5071762482115845 1016.9314887616788 141.10140001030095 1241.0 374.0 1.5 1.5307497724890708 3.234410521388054 2.9561980085431174 1.470769703662552 2.3079325493593403 -1.5992473280665023 0.9938363432884216 
Car -1.0 -1 -2.7234116828494876 266.1588803493177 181.9317250996519 418.27257336768935 243.19711792808076 1.5 1.5292561173439025 3.3862265318632128 -6.954636036142146 1.7477743560475043 18.792111986254763 -3.0778643647816524 0.8720542192459106 
