Car -1.0 -1 -1.55504981179024 595.7077279441604 179.37327541559827 638.104094156375 219.20849296134716 1.5 1.6331181421875953 3.6418622851371767 0.2676616111694485 1.7845459211701873 29.609907588719835 -1.5460104616966588 0.9999964237213135 
Car -1.0 -1 -0.9620770219981747 691.6635566995004 177.7809282392418 806.8481236401764 230.8668397974513 1.5 1.5836388364434242 3.946388748288155 4.3977100175947275 1.668565328395536 22.68827337988535 -0.7706193486836297 0.9999344348907471 
Car -1.0 -1 -1.1269078853927859 760.2005589892498 175.8322265696216 965.5804449659419 284.8993204393673 1.5 1.6211422652006149 4.095570978522301 4.296517271815783 1.5584510157091336 12.051219150719199 -0.784435228505407 0.9998705387115479 
Car -1.0 -1 -0.9985909632059837 704.0787553956892 177.34642203190808 841.742277742048 241.47286752383997 1.5 1.6395764917135238 4.032146048545838 4.355125810987921 1.632041980155666 19.150997259039674 -0.7749839584019524 0.9998279809951782 
Car -1.0 -1 -0.8291416097825144 677.4709554553212 178.29923584002938 772.1964683006803 217.65684760647943 1.5 1.6028399139642715 3.987202283740044 4.754640480062027 1.739975366377573 29.880923267324825 -0.6713448921826226 0.9997530579566956 
Car -1.0 -1 -1.5205347572194428 1073.2454277207266 169.08623252516298 1241.0 374.0 1.5 1.5477721139788627 3.6086572825908663 4.582109642673502 1.4830956679128786 5.130535426719518 -0.7915418306973321 0.9997163414955139 
Car -1.0 -1 -1.254476974547986 862.8645297171923 174.0951420785881 1128.4610520521774 335.68626501273684 1.5 1.633697611093521 3.9999621480703356 4.735398367953459 1.5186944848189299 8.691253161087346 -0.755599037804876 0.9995940327644348 
Car -1.0 -1 -0.836952887829254 645.6525247917198 179.12015038183904 703.4707517152923 203.38656806721144 1.5 1.578492534160614 3.9112335562705995 4.24900832480017 1.929399889355065 47.492347639222054 -0.7477232376721246 0.9995653033256531 
Car -1.0 -1 -0.8863256340254304 659.7473219175453 178.83957941789572 725.5687503171777 207.3961043986797 1.5 1.591983300447464 3.8744530200958254 4.654885770419846 1.85333464181651 40.62532298703924 -0.772242263951574 0.9993815422058105 
Car -1.0 -1 -1.0490708007698593 716.1809044620611 176.83814059203135 879.4998637284704 257.70848372614256 1.5 1.6526679068803787 3.9552441358566286 4.095804685286537 1.597290513136047 15.564176127995044 -0.7917489568379266 0.9977658987045288 
