Car -1.0 -1 1.6835423146277653 450.3629103104866 180.59489448628366 506.5175670397591 223.60795435485164 1.5 1.680799250304699 4.275886577367783 -5.0881308788438195 1.8257239614590413 28.136187290834837 1.5046364506098884 0.9999994039535522 
Car -1.0 -1 2.7435657177922783 738.1404729637226 176.9536000567144 933.3842305479657 239.35543799791657 1.5 1.6876675680279731 4.487873849272728 5.67284228963128 1.611815208954123 18.547735844359295 3.0403816580732883 0.9999970197677612 
Car -1.0 -1 1.6220033486115788 480.2138535961642 180.5955476882549 519.1310607823928 215.04225548126018 1.5 1.6296681508421897 4.257887837290764 -5.271176433098498 1.8952760069452221 34.6053091884629 1.4708425243708747 0.9999892711639404 
Car -1.0 -1 -0.5533632448488217 1047.2790880852087 174.6396479648352 1163.1819637912413 209.08362942368342 1.5 1.6240008667111396 4.044584420323372 22.13877021477132 1.5828260827148362 32.416963846840424 0.045819564661707196 0.9999759197235107 
Car -1.0 -1 -0.2825902443260715 764.5694283813672 177.708187464239 862.55818024035 208.00510907659262 1.5 1.722828347980976 4.51862872838974 10.31343035680158 1.7544865761574637 36.88768059671824 -0.009961680569921217 0.9999315738677979 
Car -1.0 -1 -1.9810626292427 892.9810971072384 176.66616275967385 941.9433726857549 201.31913569811616 1.5 1.6173447042703628 3.4971928715705873 19.596315281000358 1.7537301044594245 46.197824769202015 -1.5798844965782506 0.999922513961792 
Car -1.0 -1 -0.7141466741788602 995.2667873256112 175.3032363411975 1094.268487732181 205.3642190209345 1.5 1.7009605213999748 4.346499454975128 22.47495254950951 1.6314712814868955 37.41070199506327 -0.1731665889408929 0.9990270137786865 
Car -1.0 -1 1.608317383895 542.322093947149 180.09820150404488 577.3439656489375 210.4466428005316 1.5 1.7232189446687698 4.314287987351418 -2.6869223394700463 1.9127114325626733 38.8853688988049 1.5393284996363776 0.9986897110939026 
Car -1.0 -1 -2.0223532284434955 926.0386209557596 176.29584917529039 980.3278698391437 200.80203938974356 1.5 1.6397379830479621 3.866754335165024 22.084620803214726 1.732148326404834 46.64808094238573 -1.5801863028344256 0.9982619881629944 
Car -1.0 -1 1.4432350065725674 651.1459571816409 179.15213447753237 685.3380118785174 204.4020069688669 1.5 1.650961910188198 4.145067420601845 3.6354211935578307 1.920535752378164 46.02413178452487 1.5220607956263679 0.9976145029067993 
Car -1.0 -1 -0.5808146826683844 1019.5284021591973 174.96251052891714 1135.0136989879668 206.96226673242745 1.5 1.7422324538230896 4.4548413276672365 22.448614756200733 1.6047359515011423 34.8262787289679 -0.00825317303207942 0.9895205497741699 
Car -1.0 -1 -0.7140168770490614 1241.0 171.7771283371289 1241.0 221.79650947389823 1.5 1.65773895829916 4.285805907845497 23.333988099111377 1.4680641778661896 22.645593420958203 0.08635191520186834 0.7135238647460938 
