Pedestrian -1.0 -1 -1.8456527118158303 464.5781718834294 156.64315383835037 521.5863492735449 280.05190920814454 1.8 0.6112882427871227 1.011532873660326 -1.784961310075863 1.4536955895029857 10.89541860228229 -2.0080369869854793 0.9999884366989136 
Pedestrian -1.0 -1 1.1508850778200854 899.6063054626027 166.1064570571243 918.0024457430267 204.5885192405845 1.8 0.6248987771570682 0.5542140014469623 14.310795509244592 1.1281925699310096 33.348903720040376 1.556243105730738 0.9995156526565552 
Cyclist -1.0 -1 -1.374105124213675 0.0 194.83870909512655 59.53956018109966 369.0 1.4 0.6298621676862239 1.7946968346834182 -4.30008458336706 1.5182093888851673 4.806961849980707 -2.1039029518750056 0.9990851879119873 
Cyclist -1.0 -1 -1.4345920692139231 248.89160625512352 182.8333097354358 266.1086838461088 210.45858937918328 1.4 0.5822544477880001 1.7044906064867973 -18.12941755026795 1.526099532238988 36.879283550726484 -1.8914875547077996 0.998685896396637 
Pedestrian -1.0 -1 -1.927852747145082 487.4811217433989 156.77046913010028 547.8823024955698 277.56037541750084 1.8 0.6507138282060623 0.9374120764434337 -1.4284185266434286 1.4480464331746465 11.097743551645255 -2.055861459174429 0.9986481070518494 
Pedestrian -1.0 -1 0.8602516051482976 554.01557705497 153.29308512752874 641.8388688815483 287.55223879364814 1.8 0.8160616762936115 0.9757718563079834 -0.15434768451541436 1.4369110026517098 10.110110634836124 0.8449861248347419 0.9970952272415161 
Pedestrian -1.0 -1 -2.2317808867103395 917.7219951301598 165.5600865104097 939.9268789294438 205.4534975072046 1.8 0.5647908456623554 0.7767187923192977 14.790521170646677 1.127369673110972 32.34014083667523 -1.8028377304461343 0.9967262744903564 
Pedestrian -1.0 -1 1.190571902899849 889.9119458637962 166.2385816528516 910.3722262561972 204.55009615715082 1.8 0.7065456852316856 0.6434409439563751 13.981580825780984 1.1314017587130538 33.54138898783927 1.5855154871901096 0.9960052371025085 
Pedestrian -1.0 -1 -1.7118739439888933 447.2219003075105 156.8825285920019 497.679961931823 280.54106939272054 1.8 0.6222779422998428 0.9971483170986175 -2.0963311433194356 1.4578830561565232 10.859707869625176 -1.9025659422066552 0.9826198816299438 
Cyclist -1.0 -1 -0.47404936926005836 1145.1274316420624 171.548296692502 1194.0442087380766 207.12353777478774 1.4 0.6664011187851429 1.3759082674980163 22.54796659680814 1.049221877089347 28.28231257920933 0.19901017745467595 0.9841887950897217 
Pedestrian -1.0 -1 -2.3918431623517566 912.0824940040604 165.70132108507696 933.392516183652 205.28461204780666 1.8 0.6534794837236404 0.6142003022134304 14.612425866536675 1.1285085433675432 32.557136717066626 -1.9699675897744042 0.9352065324783325 
Car -1.0 -1 1.7780801545673566 0.0 183.49098490620847 74.38566514343542 235.85040515621108 1.5 1.8259771659970283 4.608090084791184 -18.88474787945181 1.6092540029970024 22.99690440900627 1.0905534466120856 0.9184800982475281 
Cyclist -1.0 -1 -0.3321011344344866 1135.4349730010088 171.72493322013514 1174.4977450928295 207.23439213130288 1.4 0.6624210186302661 1.0786685653030872 22.02507595298869 1.0555328829935544 28.358625921348626 0.3282466371867316 0.9118777513504028 
Pedestrian -1.0 -1 1.395593890022878 902.1762598815229 165.96745718682618 919.6968763117363 204.89100032833935 1.8 0.6344437159597873 0.7301912203431129 14.31051629494043 1.1294043686500785 33.120560811077745 1.8034405589064182 0.7800484299659729 
Pedestrian -1.0 -1 -0.7449991433104158 1163.8135165271985 161.29915605224122 1198.190762693915 206.79121254771778 1.8 0.7667437687516212 0.7472255758941173 23.08911893977276 1.0417722777704692 28.376863802439992 -0.06198425690201349 0.5345035791397095 
