Car -1.0 -1 -0.2167916534109238 702.1133924716386 178.22177222093345 805.3038380855116 214.88155961399647 1.5 1.6094407558441162 4.040672492980957 6.003975847385374 1.7345107954714027 30.620865167398872 -0.023173288502965652 0.9999998807907104 
Car -1.0 -1 2.6240465677864346 850.6969633765068 174.65340453960323 1182.6956884967442 280.78901420211014 1.5 1.6284717738628387 4.1964641332626345 6.016126935802342 1.5301318195514426 11.079951864084801 3.1214796185453952 0.9999988079071045 
Car -1.0 -1 0.19668607315813189 460.346642754998 180.94433802353498 541.2414686148126 209.88660799530936 1.5 1.594387975335121 4.066959258913994 -5.8669093633393405 1.9452227745216608 38.78165269267974 0.0465439995143073 0.9999991655349731 
Car -1.0 -1 0.2938762442947964 336.2464094613203 181.33004497201858 488.31964892630793 237.41174528629895 1.5 1.5625933676958084 3.8568204760551454 -5.556778606831891 1.74963186711157 20.382682845663073 0.027721687159265793 0.999991774559021 
Car -1.0 -1 3.504526410953038 131.7341389800239 182.1546463853323 387.20461449889166 270.88671645993537 1.5 1.5775926902890205 3.9476102709770204 -6.3667924100753215 1.6845963448471266 13.341944711267677 3.0592836022337497 0.9999892711639404 
Car -1.0 -1 -0.37377907540459376 766.2413735252848 177.1125658995274 901.6149924865675 231.35602981440894 1.5 1.5398093059659004 3.4354115396738054 6.409096057659385 1.6295846195681005 20.991913677408796 -0.077455476918493 0.9999915361404419 
Car -1.0 -1 -0.6878066568255151 1069.2984157759552 170.22897701828754 1241.0 359.6681256212003 1.5 1.546148446202278 3.4349093705415727 6.3873223488158954 1.4795726757313394 6.618074105372052 0.07985059817763739 0.9999616146087646 
Car -1.0 -1 3.468165274445582 237.28757198494583 181.71102681021756 442.3478403269176 255.1705786942924 1.5 1.5904760479927063 3.897618737816811 -5.841164089850578 1.7045750925479823 15.784606554315848 3.11373745202623 0.9999243021011353 
Car -1.0 -1 -1.6405952788240723 645.5490668364414 179.23428424222874 675.8841549500515 204.99052671249214 1.5 1.6082430750131607 3.8965782642364504 3.085207374318654 1.9149480100527485 44.933426233560716 -1.572041131849636 0.9998375177383423 
Car -1.0 -1 -0.42091975154564576 789.7012032219094 176.61122554783626 955.4649516390599 238.25361958578407 1.5 1.571679536998272 3.695056450366974 6.646045998237369 1.602026245602578 18.594862316830156 -0.07765622536209651 0.9992551207542419 
Car -1.0 -1 -2.5956770587889713 0.0 0.0 1241.0 374.0 1.5 1.654786665737629 4.194758695363999 2.7841483734767145 1.466086307017216 1.68596985727912 -1.569378695744325 0.9501424431800842 
Car -1.0 -1 3.358062747977865 379.5851538551385 181.29643882889627 494.8514302246442 225.874844539658 1.5 1.6191691651940345 3.6910279214382173 -6.06896186271605 1.8078746080414723 25.437159001314637 3.123854744430405 0.9189945459365845 
Car -1.0 -1 0.8150171198493965 0.0 184.10949592220547 239.32875529409222 374.0 1.5 1.9030593827366828 5.83120049238205 -6.478750727123931 1.6074941049818672 5.852316074757397 -0.02113874355820247 0.7172129154205322 
