Pedestrian -1.0 -1 2.07740236587044 148.8371465469978 171.00779041705312 191.04140481177922 236.49789283193232 1.8 0.6472459554672241 0.9225783430039882 -12.270744694317733 1.540684529803156 19.903957499660567 1.5249404152247565 0.9999979734420776 
Car -1.0 -1 -2.0979498172277626 959.2511586639868 170.45825326153002 1067.3436978448487 217.93036265098596 1.5 1.6307456910610199 3.511975568532944 13.75630867249276 1.1842572989008846 24.098832707097703 -1.579255926483546 0.999995231628418 
Car -1.0 -1 -2.2809259796390826 1034.8134100381617 169.30146626163202 1157.748205719355 217.49321561883846 1.5 1.5914774060249328 3.3350689828395845 16.33642763527308 1.152992761523946 23.745693746278686 -1.6783166165140015 0.9999756813049316 
Car -1.0 -1 -1.620324141458414 602.8908227864255 176.09909940760542 636.9984064395269 206.1889879816711 1.5 1.591627348959446 3.9447395622730257 0.7281192819408124 1.2820431155658494 37.23721115316839 -1.6007730933513982 0.9999723434448242 
Cyclist -1.0 -1 1.9209075294461775 203.7260717941484 187.09267018194413 296.08712945424594 301.15507145559167 1.4 0.5930837735533714 1.6590049982070922 -4.83098922402334 1.499505024233671 9.630435945387367 1.455950661501612 0.9999563694000244 
Pedestrian -1.0 -1 0.11710355020033847 1056.3921372242362 132.65889987581085 1198.7679473900187 341.7499361693867 1.8 0.7923057794570922 1.0057640753686428 4.909243391566692 1.3898540647210975 6.714278746643489 0.7484406669947761 0.9999673366546631 
Pedestrian -1.0 -1 -1.4418886779547309 182.8332142283124 174.60907443845068 204.31169078893356 217.49268501946514 1.8 0.7295829735696315 0.519141324609518 -17.506501448000495 1.5542166709415275 30.05355832440823 -1.969348684945379 0.9998940229415894 
Pedestrian -1.0 -1 0.19122654013268003 1018.2712318859939 131.88752129353145 1155.4752366065313 348.83278588532323 1.8 0.789378260076046 0.9066196650266647 4.350737149695619 1.3983664564890919 6.460985540519024 0.7838665684077399 0.9999237060546875 
Car -1.0 -1 0.9232041865690186 1095.0391278659326 168.2453344523806 1223.0 215.63845513291122 1.5 1.6723493605852127 4.061977800726891 19.120091223457486 1.1136888850254638 24.41792902058534 1.5875146269758762 0.9998347759246826 
Cyclist -1.0 -1 -0.06857328630594345 852.2665381231359 179.96602612791355 1002.9413794627812 306.4807441942584 1.4 0.7350237600505352 1.5733460456132888 3.739587532729013 1.395778145072358 8.433403465384988 0.34879998763534 0.9998652935028076 
Pedestrian -1.0 -1 0.061374298826284424 1038.8166407948434 135.09842027653266 1166.0699386262797 332.30709962711416 1.8 0.8715949513018131 0.9964594177901744 4.949233821551458 1.3873020545057855 7.099532952778591 0.6701654632899421 0.9995812773704529 
Pedestrian -1.0 -1 0.033451885497672196 1163.3652547267407 126.02305031284945 1223.0 362.2058250924105 1.8 0.7678089223802089 1.0777178712189197 5.448425879919469 1.3865291951516066 6.034068844326125 0.7678910930964606 0.9987291693687439 
Pedestrian -1.0 -1 2.238969335753815 122.41805111322158 171.20269062455776 169.44897928917584 237.39962633203655 1.8 0.6794697165489196 0.9161540798842907 -12.819778181303663 1.5487718727767485 19.708005042888903 1.6622526526411594 0.9987092018127441 
Cyclist -1.0 -1 0.05771100229055581 1159.3993174447735 176.15984338263613 1223.0 336.6937615987395 1.4 0.7056385770440101 1.8971026435494422 6.776981481789694 1.3638524782812875 7.095416148556537 0.8201586445185797 0.998172402381897 
Pedestrian -1.0 -1 2.231098952486394 157.41111312054645 170.98294995065268 202.34458486779099 235.87580222429094 1.8 0.6670666418969631 0.9289646081626415 -12.113932067089003 1.5375926592622213 20.10771612570254 1.6888785242994846 0.8780896067619324 
Pedestrian -1.0 -1 0.3864362683096647 1192.8383385864752 132.19456938506934 1223.0 331.1041278566847 1.8 0.6510321542620658 1.2072215348482132 6.728656856245244 1.3645681622973354 7.077440262656114 1.1465768059107917 0.8748217225074768 
Cyclist -1.0 -1 -2.995637265559731 831.7254610255195 176.66720598981814 893.9970534146398 232.1664161493754 1.4 0.6174974635243415 1.4529355362057685 6.689754050055505 1.3049090279601216 18.446970071341916 -2.6477396051075797 0.5399794578552246 
