Car -1.0 -1 -1.680689097142499 629.4998708503886 178.92205518194618 681.509285316882 221.5309004636103 1.5 1.5660947680473327 4.037093606591225 1.6545806122941584 1.7534799668004801 28.039593090836313 -1.6217487203564984 0.9999951124191284 
Car -1.0 -1 2.1077994022326063 0.0 179.73707477620104 358.8710552354337 374.0 1.5 1.652112466096878 4.187681016325951 -3.5463452188418225 1.5746517066948846 5.674120931859072 1.5491975982997077 0.9999904632568359 
Car -1.0 -1 1.7244520500155116 440.2228713975474 180.44023375024176 510.7129496973592 232.10635209471323 1.5 1.6506491720676422 4.146980729699135 -4.354408573991519 1.7711534338733164 23.656953220036264 1.5424248417231696 0.9999833106994629 
Car -1.0 -1 -2.137152741810376 849.6737984457906 172.75799708701453 1241.0 374.0 1.5 1.5962813541293144 4.208896544575691 3.2870912541662345 1.4999172180630074 5.430956747202541 -1.5928812558439118 0.999972939491272 
Car -1.0 -1 1.6469610858405774 508.3888532926498 180.60556579886963 538.5094560406801 206.2710097161835 1.5 1.585593682527542 3.982161593437195 -5.437596849350163 2.0099965086566134 45.412557925305045 1.5277907093379157 0.9999370574951172 
Car -1.0 -1 -1.889377434410349 746.996450829123 175.90240717710188 955.225349565069 310.0111451255039 1.5 1.5340775743126869 3.886966642737389 3.051282767129393 1.551414324676002 10.119410605316299 -1.5965196556088073 0.9997488856315613 
Car -1.0 -1 -1.7684334795507466 673.2857341285045 177.64379307039744 778.6120691098089 259.05242751356457 1.5 1.52036105543375 3.415730831027031 2.277219491020575 1.613118854967951 15.240389782011041 -1.620110788443361 0.9996334314346313 
Car -1.0 -1 1.8175209519452102 300.4190191841226 180.42368517975544 443.8646347325756 286.1928385225885 1.5 1.4983455210924148 3.407258403301239 -3.9104070398096917 1.646995448600493 12.227368864611414 1.507992430529322 0.9964672327041626 
Pedestrian -1.0 -1 1.582928889986923 668.3600127701214 164.65639783986023 701.6106343590823 249.31000435153044 1.8 0.7050236247479915 0.8198398657143116 1.593282511127268 1.626051225667605 15.786368447798711 1.6835160136183323 0.9909176230430603 
Cyclist -1.0 -1 1.7523001085992835 666.2449575104401 182.49702504727497 715.9484086966295 252.44674011576134 1.4 0.7566926561295986 1.8544987335801124 1.742621045690073 1.6236768884170176 15.710153966951882 1.8627717375715793 0.6183508038520813 
