Car -1.0 -1 2.1430320782517236 113.98103180237405 183.44708898105455 233.75962928687846 232.93009842473919 1.5 1.607125674188137 3.9874794453382494 -14.84445097812144 1.8934248316787492 24.752181806468727 1.6028163313826145 0.9999984502792358 
Car -1.0 -1 -1.5538699817559345 594.0789862733794 179.5327599127067 630.6326706977662 214.283710030608 1.5 1.6139273092150688 3.5744453340768816 0.09869438423148148 1.8284324389201316 33.63780545384836 -1.5509359585728986 0.9999949932098389 
Car -1.0 -1 -2.166105940080356 878.0284557327121 172.54118036806565 1241.0 374.0 1.5 1.613769170641899 4.103268173336983 3.6800387989800063 1.4987748027916883 5.718825428596024 -1.594316856065069 0.9999948740005493 
Car -1.0 -1 -1.782163051930449 0.0 181.49207427547424 217.373812464334 374.0 1.5 1.564488236606121 3.683675315976143 -4.991630498944075 1.5938544400102508 6.050473369538664 -2.471962110200201 0.9999901056289673 
Car -1.0 -1 -1.6773246263531665 645.6873681569067 179.04222771608357 689.9357579158628 206.12610490282876 1.5 2.0965742439031603 5.557190862298012 3.412437610977873 1.9022543513817909 44.04975022437878 -1.6000112305071694 0.9999842643737793 
Car -1.0 -1 -2.2331909238898335 366.9374691408122 180.78054926394742 498.91060214830935 242.2921934557746 1.5 1.5713319674134254 3.6895672351121904 -4.954763428133691 1.7371762283528767 19.799512670947625 -2.4784017960217337 0.9999616146087646 
Car -1.0 -1 1.92470796517458 226.37537492682688 182.13482937813 335.839202196382 243.7509037655854 1.5 1.5591804429888725 3.744567793607712 -9.048510202446932 1.7831863474928205 20.063674529329532 1.5010313232752936 0.9999219179153442 
Car -1.0 -1 -1.7297058869291995 686.9105859765494 178.11038247480826 756.955767807808 229.94370201082043 1.5 1.598922398686409 3.988502782583237 3.4709592003784913 1.6846130062296218 23.286877491771957 -1.5817430588093144 0.9998843669891357 
Car -1.0 -1 -1.5567530177932087 573.783344459685 179.31970250380735 628.0096126882173 230.27050026298267 1.5 1.6302189350128173 3.538580846786499 -0.3195474398243601 1.7264492656165755 23.45821568124891 -1.5703741593777691 0.9997391104698181 
Car -1.0 -1 -2.3874295715765452 469.9341531467206 180.6680813183139 546.1008214626381 212.85734250974485 1.5 1.5614543601870536 3.714624282717705 -5.170923758148928 1.9104150616306619 36.15501034690088 -2.529487148919378 0.9995418787002563 
Car -1.0 -1 -2.034449306106948 256.27100651909115 181.00120932140536 432.3963389309344 273.45822781901137 1.5 1.596723173558712 3.894667935371399 -5.277141279881373 1.6794083725384612 13.946951043799316 -2.396173314252172 0.9986873269081116 
Car -1.0 -1 2.2716866451654045 0.0 183.82782306184941 71.49472581997846 337.1249158786573 1.5 1.4995443195104599 3.515700486302376 -8.837137473973469 1.6665760686871711 9.12106320946134 1.5020975311610358 0.7216898202896118 
