Car -1.0 -1 -2.1086690462352937 926.3061090708861 175.24496642651948 1079.0343109789885 239.06869385589852 1.5 1.6792145118117332 4.095304247736931 10.189369729823312 1.5709004926664376 19.198375922771117 -1.620731961974178 0.999998927116394 
Car -1.0 -1 -1.8697320604696295 827.6293979650793 174.04496793852374 1157.779101695851 374.0 1.5 1.5082054331898689 3.3878060549497606 2.9461978191858593 1.5139008763388029 6.424238804730852 -1.4397440413620812 0.9999978542327881 
Car -1.0 -1 -1.767511908028409 797.6732652370323 175.7716689130321 957.2321271615496 296.0923032046321 1.5 1.5500993028283119 3.452727434039116 3.78616031610072 1.5517776607575042 10.896936309839887 -1.4331089864161355 0.9999966621398926 
Car -1.0 -1 1.9251488304849758 403.8377449685761 178.98499028418826 588.4317626362313 293.23588649787104 1.5 1.6236179068684577 4.145252195000649 -1.6943124234322433 1.6201984168948587 11.903542627016705 1.7837617278059543 0.9999828338623047 
Car -1.0 -1 -2.198332971711651 1043.8700361624815 174.00646176657003 1218.4227907020647 239.58944123037273 1.5 1.6937323406338691 3.7994424372911455 13.0701878993582 1.5329241531409425 18.476869118006302 -1.5826704111557943 0.9999781847000122 
Car -1.0 -1 1.7514399022472238 556.7257103025449 179.46297627995375 619.5568852247047 225.60879234062094 1.5 1.577598464488983 4.0210364878177645 -0.7551646003898895 1.7593064863635242 26.161414920852962 1.7225823283155979 0.9999611377716064 
Car -1.0 -1 -2.693885002194569 0.0 0.0 1241.0 374.0 1.5 1.5944919109344482 4.124692690372467 2.6186463665485844 1.4632099665614666 1.24350841649369 -1.566428388064031 0.9999513626098633 
Car -1.0 -1 -1.5172524393841047 741.2420797682845 177.94349046016663 783.6786552748091 215.07625222762718 1.5 1.627082985639572 3.808022898435593 6.71799639949181 1.7388307645662306 31.75584609854293 -1.3087747553971154 0.9999469518661499 
Car -1.0 -1 1.7179763012593838 606.8696247480725 179.40144757490552 648.4214789735312 210.89898298472778 1.5 1.5800899386405944 4.008419302105904 0.9293032373544431 1.858416381594859 37.345930783607145 1.7428548216780246 0.9998726844787598 
Car -1.0 -1 2.1474609533680775 871.3523183508291 176.45005345153186 956.4759940267518 215.0799966046609 1.5 1.53530542999506 3.6198275655508043 12.606900159613756 1.6579839812983967 29.97324071985834 2.5456032633741916 0.9995608925819397 
Car -1.0 -1 -2.4191610053539687 1139.6891207575643 172.99860164784366 1241.0 238.59332339600317 1.5 1.6534509629011154 3.4005562335252764 15.601829815724926 1.5043877733360953 18.305571273712353 -1.7133334587004525 0.9988622665405273 
