Car -1.0 -1 -1.4250504608007826 467.2746348570312 180.50473864115756 517.5807980641133 219.11766040164437 1.5 1.5557200208306312 3.5334507495164873 -4.739664360199419 1.3181240711762607 29.698012784863835 -1.5833111359414203 0.9999988079071045 
Car -1.0 -1 -1.1635024942069065 239.02956039270603 181.91956771648108 357.17942743817116 241.09573730215527 1.5 1.5879003822803497 3.9952727526426317 -8.591710379517261 1.4175807326592995 20.219780752717327 -1.565302075413291 0.9999985694885254 
Car -1.0 -1 -1.5690501047258356 576.3119894274657 179.78156001669493 608.3221020363964 207.7469147943206 1.5 1.717364464700222 3.729185697436333 -0.8958591193261165 1.2096559872585437 40.435797917920894 -1.591201580190335 0.9999947547912598 
Car -1.0 -1 -1.347057717837755 390.8683263144314 180.5991398986442 487.11994095261116 245.49126534619003 1.5 1.5720747902989387 3.962266680598259 -4.27913310346462 1.3944181221952676 18.595825046185084 -1.5732330179915321 0.9999866485595703 
Car -1.0 -1 -1.3090675075472633 350.95162602587635 181.38324980011868 417.88367720256366 223.13344281171052 1.5 1.561433871090412 3.679882225394249 -8.555792910839113 1.3634390640342384 27.691490175076854 -1.6087316657092912 0.9999833106994629 
Car -1.0 -1 -0.9848122230530543 0.0 181.37632067772765 346.4402848161692 375.0 1.5 2.0204706609249117 5.870639395713806 -4.2442014411535665 1.4848088158081065 6.015191807365091 -1.599273611852203 0.9999504089355469 
Car -1.0 -1 -1.4143597428630974 326.1251136743185 181.73652328887678 375.7572268591864 214.408504104816 1.5 1.654558677971363 4.202477496862412 -12.538707609827004 1.3413991372028617 35.217363430651254 -1.7564031640675408 0.9993454813957214 
Car -1.0 -1 -1.3335579045818766 492.68852969280573 180.41483995453552 536.5558785354583 208.834477507408 1.5 1.563861083984375 3.8152756661176683 -5.14574391415563 1.2477399377273426 39.91913445117417 -1.4617551649597031 0.9882645606994629 
Car -1.0 -1 -1.4000098107698158 419.73171105569145 181.04211479286903 461.68043643020997 210.56235954335096 1.5 1.5843334168195724 3.6612077176570894 -8.8986418757582 1.2890606144132937 38.395881788928115 -1.627749432870422 0.7694522738456726 
Car -1.0 -1 -1.6464936106788408 521.4771152611493 180.30850855421824 548.9536452731828 203.12039891074508 1.5 1.5668524920940399 4.094276440143585 -5.044296476237021 1.1784580352999783 49.417998387525024 -1.7482153783228738 0.7219957113265991 
