Car -1.0 -1 -0.969217273061546 0.0 183.40411087008147 212.89672547867312 296.41315543798896 1.5 1.5881458789110183 3.5565300405025484 -8.024683496272413 1.4770854905207575 11.327595890743272 -1.5855712146174652 0.9999994039535522 
Car -1.0 -1 -1.5415186356843387 579.1373052495097 179.08258226398596 649.4687699607128 241.73686519912107 1.5 1.687631432712078 3.8371345520019533 0.1835415996405037 1.3542988619505074 19.156181462437335 -1.531937603899513 0.9999982118606567 
Car -1.0 -1 -1.359640288796931 404.94523024957084 180.64892520422782 489.4701762512995 240.11439645785566 1.5 1.5756305798888206 3.5132384419441225 -4.383930223230488 1.385935604095874 19.890307784171807 -1.5765771964241309 0.9999943971633911 
Car -1.0 -1 -1.162225068063311 113.48210315964441 181.03487925697362 406.2929064410616 345.60402527748965 1.5 1.607002180814743 3.9091917246580126 -3.7737393057946056 1.4630242343037725 8.50999140524756 -1.5796170700949175 0.9999830722808838 
Car -1.0 -1 -1.3072672255430382 501.32291213272157 180.30172370241377 549.1634022733858 209.00419250798 1.5 1.6222570583224296 4.063327100872994 -4.522676071167018 1.2443253389793811 39.69396406778269 -1.4207166145232064 0.9999665021896362 
Car -1.0 -1 -1.3870604099094186 470.36464550101647 180.49753876026568 521.1457355394768 216.83700198902903 1.5 1.569378611445427 3.5845945149660112 -4.8787196039751635 1.3063776426466835 31.483783270921837 -1.5407974171128613 0.999941349029541 
Car -1.0 -1 -1.1631637072606376 238.09264245725015 182.23126132735928 327.09594526456146 223.73757436912135 1.5 1.6093725830316543 4.2598436146974565 -12.624970901805199 1.3932763791215612 28.11631290037615 -1.5852078144114954 0.9999275207519531 
Car -1.0 -1 -1.2240629667407765 261.02659770947525 181.81458962234632 365.5489650123209 238.36435742056716 1.5 1.5697554245591163 3.9727071791887285 -8.53309625149405 1.410915732685825 21.07877896431964 -1.608716984340225 0.9998552799224854 
Car -1.0 -1 -1.3207021779869053 397.85454416080483 181.13531278543564 451.2373663437336 214.45003654482883 1.5 1.5907740712165832 3.723876786231995 -8.687932743136958 1.3174112718432478 34.22594354850654 -1.5692922084734333 0.8914366364479065 
Car -1.0 -1 -1.1513517789206813 282.7509183989713 181.57625794463854 396.13661036484615 237.79254815170378 1.5 1.637573030591011 4.006520149111748 -7.815677023355112 1.4040212480595853 21.230592567985266 -1.5040883208301408 0.6220777630805969 
