Pedestrian -1.0 -1 -1.8891700455884008 677.8832030744358 154.79912157476932 734.4718988266158 272.4889428826713 1.8 0.6428518824279308 0.899146918952465 1.5578957883094944 1.408578549133889 11.309145966444037 -1.7522762427714211 0.999962329864502 
Pedestrian -1.0 -1 1.0588785779768681 1092.8318427497409 162.9922410081132 1117.1996721799912 204.68528328616026 1.8 0.68580839112401 0.5491587825119495 21.779410299218195 1.0456181986035293 30.828649675265453 1.6739313483198703 0.9999043941497803 
Cyclist -1.0 -1 1.8209184758217505 237.87818039930283 184.88635410873763 290.6248619426976 254.24749257592296 1.4 0.6173406288027763 1.7509377121925354 -7.382997686317277 1.502269653653423 15.301612805288332 1.371370240053858 0.999902606010437 
Car -1.0 -1 2.0867580307481175 0.0 183.58776706597 84.59211871541194 339.93929374935743 1.5 1.5883928656578064 3.858325493335724 -8.444829048373416 1.5496567968782275 8.92285256740625 1.3288766582820075 0.9998192191123962 
Cyclist -1.0 -1 -1.533776271234224 445.0265570707466 180.4555638613758 458.9156791219756 209.06364326330774 1.4 0.6192995727062225 1.7830554887652397 -7.695671844687876 1.3992622506487797 35.528066335037146 -1.7470891038563592 0.9997735619544983 
Pedestrian -1.0 -1 -1.9367425935394984 627.9844229267172 154.80595748530914 688.5582344928433 275.9547115778345 1.8 0.6193840436637401 1.0149255886673927 0.7718933003230682 1.4199058914859872 11.075977500389076 -1.8671643296864373 0.9997010231018066 
Cyclist -1.0 -1 -0.8948008952055424 0.0 200.8786228363764 195.47455403907028 369.0 1.4 0.5556319400668144 1.7739473402500152 -2.3578126752741486 1.5046011961575219 2.664952000587239 -1.619125650325094 0.9996089339256287 
Pedestrian -1.0 -1 0.9596177410013702 1092.6484606962695 163.1153942259599 1113.5883886836255 204.46779377361895 1.8 0.6507952257990837 0.37703770473599435 21.79252163703229 1.0447500876463094 30.960894972350403 1.5729379534681858 0.9990856647491455 
Pedestrian -1.0 -1 1.1057661470394453 712.4919816456633 155.73881617952495 773.2097379431884 265.2184622119428 1.8 0.70014079362154 0.8803857050836086 2.3089291947211605 1.3945427010905271 12.139070212933904 1.2937273224208015 0.9989836812019348 
Pedestrian -1.0 -1 -2.068074465774946 640.8889903218256 154.66887678674547 709.7358497870143 275.2216652107268 1.8 0.6743480943143367 1.0153052888810634 1.047196975924135 1.4159713720131095 11.151414977477675 -1.9744419614460809 0.9970705509185791 
Pedestrian -1.0 -1 -2.341579903786504 1105.5784242213367 162.52133663789087 1134.8477134621435 205.4770839565848 1.8 0.5854152634739875 0.840671782195568 21.8934730762849 1.0481127752329555 30.08036610757606 -1.7124174843218667 0.9737170934677124 
Pedestrian -1.0 -1 1.1665029792234471 1088.70801096464 163.10010222706927 1108.702341231957 204.6982311436129 1.8 0.5860992267727851 0.44819154106080533 21.533731947482977 1.048560211182059 30.868888268618758 1.7756075739821018 0.9707372188568115 
Pedestrian -1.0 -1 1.2925006464201174 1108.3546057806725 162.78843575479917 1130.4828765726622 204.41491359899558 1.8 0.6413274936378002 0.6043999947607517 22.504518293739192 1.035596173216447 30.962913005382664 1.9210018992384494 0.9261013269424438 
