Car -1.0 -1 -1.6645563663436134 640.9635489104904 179.16363161314376 678.8599467656376 209.13629517008027 1.5 1.6158532842993736 4.0437939137220384 2.675264187550741 1.1982518663154857 38.01212330110256 -1.5942929881301267 0.9999997615814209 
Car -1.0 -1 -0.9582826420390773 0.0 183.2719258190558 226.964602201898 296.5283478687406 1.5 1.5802499398589134 3.6695780724287035 -7.841919580050093 1.4753873156226547 11.358194475034692 -1.5625497969475133 0.9999984502792358 
Car -1.0 -1 -1.249719676586447 254.6138105045209 180.7688973892302 447.0614800272608 303.0513386544554 1.5 1.5890853971242904 3.5581717759370806 -3.602021764893326 1.4465836873936226 10.598443041502303 -1.5773356380548818 0.9999945163726807 
Car -1.0 -1 -1.774870218917691 698.7422841492383 177.70733678270568 809.5249620077731 255.76890894660357 1.5 1.6180664792656898 3.6446014910936357 2.9990090257794986 1.356853510228983 15.643436688113638 -1.5854580151524884 0.9999769926071167 
Car -1.0 -1 -1.343457169856961 425.8273257468332 180.99110975459678 470.05064190531857 210.06374966274612 1.5 1.5599744886159896 3.627673399448395 -8.624459680078735 1.2831639578780338 38.906457707028295 -1.5616014162686211 0.9999560117721558 
Car -1.0 -1 -1.136633150457517 280.218998989658 181.66421029293443 387.3159589568128 236.93967203104532 1.5 1.5516859039664268 3.7257621556520464 -8.074060750790064 1.404755113088505 21.41861690535482 -1.4971251125123841 0.999916672706604 
Car -1.0 -1 -1.3606406887351525 406.16382441062876 180.44773494750038 502.6413602207396 246.63756796218556 1.5 1.5997197970747947 3.927583855390549 -3.8090913129238757 1.3930791691804758 18.254324174006932 -1.5663566967148823 0.9998384714126587 
Car -1.0 -1 -1.5653174331552748 585.6870330469932 179.77008220826443 611.5586344627318 203.3990491118591 1.5 1.6424868747591972 4.023698952794075 -0.6190490343383421 1.1554358330409717 47.6481719237979 -1.578308785860662 0.9996552467346191 
Car -1.0 -1 -1.3025360465363078 373.55924251183933 181.24822094819223 435.10720847199866 219.3060615950008 1.5 1.5374264240264892 3.799595919251442 -8.511297073377909 1.3447582587782314 30.23348413595771 -1.5769526651736838 0.9984251260757446 
Car -1.0 -1 -1.3951199930859886 471.6957250568672 180.45544383438298 524.180611709865 219.26984956845237 1.5 1.5438989296555519 3.5058288395404817 -4.488121517188025 1.3171690337669018 29.548349346805338 -1.545858589061771 0.9983415603637695 
Car -1.0 -1 -1.48429312438587 512.7351319525716 180.30893155675645 546.1305554911204 207.14423114935383 1.5 1.6129013642668724 3.9653631418943407 -4.576305371636403 1.226859978180781 42.177392025590244 -1.5923717106368882 0.9974808096885681 
