Car -1.0 -1 -1.7975193641743628 700.2376587974355 176.66846226194565 886.1025454881486 282.4130876090922 1.5 1.9712228819727897 5.439661306142807 2.9391643816613695 1.5843349275104686 13.155644529612877 -1.577714344081704 0.9999985694885254 
Car -1.0 -1 2.053836461555048 107.52893351953949 182.71608076988326 263.23821356702285 260.2704327637167 1.5 1.5314290791749954 3.5434293121099474 -9.398609308632217 1.7466427796258535 16.213648559030506 1.5284976204249519 0.9999969005584717 
Car -1.0 -1 -1.408743482729155 504.2081301340255 179.95830421680907 567.6554481257054 228.17545387012572 1.5 1.5841441720724105 3.8410025209188463 -2.5278490797430777 1.765772222751797 24.98828964538185 -1.5095618526127679 0.9999926090240479 
Car -1.0 -1 2.0249550160496383 213.37068912062867 181.98760611110313 352.2484463818238 242.5700437056128 1.5 1.794072289764881 4.638629642128945 -9.314825327006778 1.794952721613997 20.920204959364895 1.6060540556868137 0.999994158744812 
Car -1.0 -1 2.069432205462663 85.7150140673717 183.73708538519938 198.57752579075733 236.60009094523625 1.5 1.4991553992033004 3.5649562746286394 -14.855636459875326 1.8758403076324168 23.058542643441886 1.497104569277491 0.99998939037323 
Car -1.0 -1 -2.2343479106510498 269.3172000040314 181.25677805972677 441.6404226555854 256.66900628440175 1.5 1.6246185198426246 3.9282607406377794 -5.904096850655036 1.7124160937451367 16.47115683502054 -2.578531221547399 0.9999881982803345 
Car -1.0 -1 -1.7391012165020245 669.9130601429223 178.11623284560173 748.885804080087 236.67988683903974 1.5 1.5918262794613838 3.9562514543533327 2.718561758173321 1.667051205003027 20.846244969195833 -1.609422908225332 0.9999803304672241 
Car -1.0 -1 -1.9724706461448607 0.0 183.04431314112114 124.49941514155589 374.0 1.5 1.6657447934150695 4.127515715360642 -5.875161019093648 1.5944054328513095 5.210174226203529 -2.8177849809315543 0.9999736547470093 
Car -1.0 -1 -2.152605952086036 344.6119488994792 180.96394629788 474.6840098502667 243.79602788837292 1.5 1.5866285681724548 3.735349562764168 -5.523495372133324 1.740208830132897 19.514809453087704 -2.4284325400975093 0.9999560117721558 
Cyclist -1.0 -1 2.2645030392298553 12.074564178262827 188.35111069820866 70.89937637969648 236.33289377500535 1.4 0.5435952477157115 1.588698898255825 -17.640997735213467 1.898056298238316 22.368718376972662 1.5967237830122532 0.9999268054962158 
Car -1.0 -1 -1.4657512996079824 587.2182899349835 179.54016221521815 630.2622857356268 215.23292479428855 1.5 1.6008498638868331 3.5077842444181444 -0.047555293426644864 1.8215544394988383 32.83195920645645 -1.4671997437861306 0.9999188184738159 
Car -1.0 -1 -1.4869299033835466 574.5830850539035 179.2060996917266 635.8230673825611 231.662913197492 1.5 1.6466061145067215 3.676951539516449 -0.12360562890368462 1.719448324626692 22.986471638648023 -1.4923071722176415 0.9998996257781982 
Car -1.0 -1 -1.5313772251477067 633.1714715317881 179.4386666940579 658.3740098893061 202.68709849632847 1.5 1.586729896068573 3.6493389427661898 2.455596827133995 1.9694215916605533 49.50861453417698 -1.4818184534695489 0.9971677660942078 
Car -1.0 -1 1.0476622489866063 405.5178733887821 180.99192457386462 490.08943582483204 224.8852132429495 1.5 1.550537210702896 3.5088738918304445 -6.189591162409437 1.8269616645568496 27.141317813436842 0.8234461983058112 0.9962247610092163 
Car -1.0 -1 -1.565026210066226 655.5028255200835 178.8197515462839 695.9260435466839 216.7792763275529 1.5 1.6284931942820549 3.6785079658031465 2.7895793148823738 1.7726181559073781 31.017748297250314 -1.4753325740483147 0.7238432765007019 
