Pedestrian -1.0 -1 -1.8612794769342949 732.6496436684241 146.70554880097197 835.8316629159906 321.61860393568344 1.8 0.8621389538049697 0.9170188128948211 1.9236946424944819 1.4433002606395247 7.869425396200429 -1.6215294944730145 0.9999994039535522 
Car -1.0 -1 1.6127799708526844 521.1056743130584 179.68612745152254 555.5598937076692 209.59150799209493 1.5 1.649327252805233 4.228234526515007 -3.306491038588411 1.40989669961902 38.176422292776415 1.5263847549769538 0.9999876022338867 
Pedestrian -1.0 -1 -1.8808169278590445 617.7431879976336 165.2244044178038 662.9270305853671 243.59451263166872 1.8 0.831315529346466 0.9052280828356742 0.8775341635456803 1.4273922758872386 17.03991114415122 -1.82936363021401 0.99998939037323 
Car -1.0 -1 1.677208590977454 447.7240693890083 180.29036810912604 502.71339761732554 219.10024670321945 1.5 1.7663077011704444 4.905407366156578 -5.2381950920639495 1.454265543409204 30.265863065690645 1.5058335502955573 0.9999896287918091 
Pedestrian -1.0 -1 -1.9912372688702746 715.2686646332531 146.66926689865963 811.4194539976144 323.1105535657011 1.8 0.7452297516167163 0.8189181357622146 1.6892546083767574 1.4460325506157135 7.802985921556378 -1.778039068975721 0.9999721050262451 
Pedestrian -1.0 -1 -3.1452060761669225 1105.44914211371 146.8861683035904 1200.769583798895 295.90471289130784 1.8 0.8833766475319862 0.9424142099916935 7.082320497251046 1.3832404772622884 9.310605189718082 -2.4949095408108573 0.9999532699584961 
Pedestrian -1.0 -1 -3.5807007758197287 1029.104343347837 145.63157785768718 1159.6037576863675 306.43807842278324 1.8 0.82931989133358 1.0181998394429683 5.76090729800514 1.3998569633668214 8.526445802438017 -2.986503557362829 0.9999464750289917 
Pedestrian -1.0 -1 -2.1518279282240247 786.6590545873287 155.70632633868965 860.9053696834674 276.5355107537705 1.8 0.7036416351795196 0.9475812807679176 3.4219801916110937 1.4170577245120521 11.252226581196124 -1.8565994362023217 0.9999420642852783 
Car -1.0 -1 1.729477455762526 401.73664783315365 180.50456170068992 486.8526632864825 231.64951872099093 1.5 1.9625396028161048 4.903009396791458 -5.032742788117041 1.4719369307482806 23.563974049170298 1.519061013064112 0.99994957447052 
Pedestrian -1.0 -1 -2.367949786395882 263.9695498058654 162.6398678732895 345.588209302668 277.40695298078595 1.8 0.7386970825493335 1.010205738991499 -4.9054206643774805 1.5054969384553205 11.793888864231716 -2.7621122161534175 0.9999133348464966 
Pedestrian -1.0 -1 1.8851795089670065 1004.5231761402134 150.10961203997985 1081.2337185051372 288.63219839283437 1.8 0.7124469175934791 0.7072925128042697 5.996289051881507 1.3934357374699624 9.83224469626878 2.4328172087629856 0.9998587369918823 
Pedestrian -1.0 -1 -3.6950918498954337 1046.9447118426242 143.91690415718236 1182.9966916891424 313.5234433997555 1.8 0.7540724731981754 0.9862245552241802 5.653770380721375 1.4024981924903266 8.02692200830635 -3.081451729932104 0.999893307685852 
Pedestrian -1.0 -1 1.9144179933322218 368.91060191924583 165.45417798636655 420.45575544667304 258.18510017844847 1.8 0.7092442855238914 0.9836712412536144 -4.182759646563586 1.4897871470433786 14.453826700629282 1.6327254652937473 0.9997031092643738 
Pedestrian -1.0 -1 1.9499591554379996 350.8230652244501 165.84677911990255 401.9592345710979 257.5016387458209 1.8 0.6869100525975227 0.9638789601624012 -4.6004391471511346 1.4938378950627582 14.610740440773872 1.6449193835218967 0.9989317059516907 
Pedestrian -1.0 -1 2.007489817360698 390.7290914931448 165.12558696272743 445.0245748486243 258.24799315486877 1.8 0.6964318014681339 1.0145946897566318 -3.714164547466429 1.4847460688113487 14.44506748336671 1.7558181166609348 0.9960035681724548 
Pedestrian -1.0 -1 -1.9334074994157215 796.053072590116 146.9769795548652 900.8546496369461 316.1681759981845 1.8 0.8453989893198013 0.9108105234801769 2.7103973258829823 1.434074407070798 8.111644059647663 -1.6109341616418702 0.992073655128479 
