Cyclist -1.0 -1 1.9971680803781184 229.5473600579625 187.5616754016227 313.2887528939644 281.5962406092213 1.4 0.567191981524229 1.7815001800656318 -5.5924149637168465 1.6614852510620306 11.913565900457685 1.5582858761164802 0.9999986886978149 
Car -1.0 -1 -2.6671954440372154 372.4958586657742 181.7502251199604 456.8459128877847 211.89138954373612 1.5 1.613234032690525 3.969308224320412 -10.25296136996562 1.9814735726058077 37.816685475432266 -2.9319533864643916 0.9999986886978149 
Pedestrian -1.0 -1 2.490663880196999 964.7309265877617 162.8419369531721 999.4840369959342 239.33782038959933 1.8 0.4617283146828413 0.5766068145632743 8.845784046160604 1.5647672037532248 17.25359023155256 2.9644137501677097 0.9999915361404419 
Cyclist -1.0 -1 2.238225269131696 137.50748231280875 189.17994391299186 268.61554404940864 313.2807670971036 1.4 0.5301429450511932 1.690828476846218 -5.196985079319825 1.6294021392368345 9.243808038941431 1.7260541796644748 0.9999878406524658 
Car -1.0 -1 -1.268976299784079 450.2322561513936 180.07180902064587 552.3059016084136 229.6214217754852 1.5 2.0416174575686457 5.361123618483544 -3.706221966807947 1.7832083758582131 25.46540824770133 -1.4135010401394708 0.9999533891677856 
Pedestrian -1.0 -1 0.596778310457273 142.6504915233242 170.57634772410293 192.65765436009355 252.9407077041267 1.8 0.6003865532577037 0.7416498407721519 -9.901347435494793 1.7505817724030732 16.082363032029487 0.04492001136275701 0.9999494552612305 
Pedestrian -1.0 -1 -3.4401311106896673 823.6615008604227 167.33350117351938 859.9337349031168 226.97930056292503 1.8 0.4609243504703045 0.9597091495990753 7.018504602580206 1.6337593565761246 22.007265278728845 -3.131410316624914 0.999953031539917 
Pedestrian -1.0 -1 -3.2923054361931405 820.9650048455846 167.17049462186765 862.2948633873629 227.88462511705683 1.8 0.5018026128411293 1.1212059788405895 6.918760986088716 1.6318581622921873 21.724561469711404 -2.9839851419117793 0.9998939037322998 
Pedestrian -1.0 -1 -3.2322108692222065 810.4470008371775 167.94260179415727 852.4859943845893 224.98187761540453 1.8 0.5212590590119361 1.2461135655641555 7.0492736307361366 1.645367814204604 23.148960352057877 -2.9366143504765376 0.9994649291038513 
Pedestrian -1.0 -1 -1.9011693937316891 894.248963513665 165.25133841910124 926.3184581493209 232.74335863729252 1.8 0.5673868142068386 0.8281904764473438 8.130377468082688 1.5975962105391248 19.671297849300434 -1.5092403488841397 0.9994103908538818 
Pedestrian -1.0 -1 -1.9672194063245976 904.1496942405023 165.27415939681637 937.4124689253979 231.9627700470971 1.8 0.575463243573904 0.8005245149135589 8.504717064992247 1.5957694676807161 19.874888381664043 -1.5628842684116704 0.9993795156478882 
Cyclist -1.0 -1 -1.0649949055703467 628.25255861666 181.83120907466258 666.6453316474476 222.44652418983435 1.4 0.6162147529423236 1.7635295659303665 1.3308045509086157 1.7374929244397173 26.18284144990926 -1.0142112533238274 0.9810891151428223 
