Car -1.0 -1 0.3541263650639035 360.84499389954556 181.34975112316468 483.6237077391122 229.82600262727516 1.5 1.5418282270431518 3.5746636360883715 -6.137445984484327 1.7893953441285766 23.6000053270068 0.09970097144576481 0.999997615814209 
Car -1.0 -1 0.30718476512580417 299.83200566194364 181.5979114318284 457.8119474335776 242.61010743565853 1.5 1.5312020227313041 3.611053016781807 -5.964423778233941 1.7366038261474617 18.724253341353112 -0.001193241277013502 0.999997615814209 
Car -1.0 -1 -1.8573877634582194 735.9567426143204 176.02195717898346 930.6165812609015 313.14449099281563 1.5 1.527310025691986 3.3595996469259264 2.7103904714797227 1.550191691081746 9.657888661878163 -1.5837856298920256 0.9999967813491821 
Car -1.0 -1 0.1287744621151887 444.0719096596457 181.09803152134916 528.7564305864109 209.00493622137407 1.5 1.7430436357855796 4.477161777019501 -6.883471400036274 1.9719270426272133 40.309011107541025 -0.040361599126134594 0.9999910593032837 
Car -1.0 -1 0.28900536413915234 341.0686435247254 181.37495137952718 483.65609862763654 235.60212727235216 1.5 1.530916665494442 3.7249280631542208 -5.733216382848417 1.7581293836669756 21.01731953203229 0.022699280581201832 0.9999779462814331 
Car -1.0 -1 0.4999841406129153 47.336258236096604 182.4894857101441 349.19588633454515 290.2597424611548 1.5 1.5519151955842971 3.7035668760538103 -6.152800501065945 1.657629795161563 10.978309490397447 -0.01084716717270442 0.9999866485595703 
Car -1.0 -1 -0.12265437561952 719.6881669410019 177.99297054036984 820.0723863793087 217.69519998981676 1.5 1.5767504021525383 3.695730355381966 6.197847612975454 1.7098693241209204 28.459337038009558 0.09177653392287663 0.9999748468399048 
Car -1.0 -1 0.7192157425267653 0.0 182.9231505109334 286.67725844010454 330.3183807996328 1.5 1.6127227365970611 4.071543973684311 -6.221044881952762 1.6319106318712193 8.448747810846264 0.08452264865371159 0.999971866607666 
Car -1.0 -1 3.5996326064986466 126.85218872463031 182.4690898869595 352.8569490895827 270.0945121564756 1.5 1.5585223704576492 3.3737047135829927 -6.76262410752047 1.6885798248930763 13.322969178011148 3.12993036508165 0.9999465942382812 
Car -1.0 -1 -1.6932500276768274 667.7148665365577 178.40468529401252 728.2032431620503 229.32000355420243 1.5 1.5215352669358253 3.381808710098267 2.7267982099539783 1.6928147181611444 23.319397671156516 -1.5768460292045516 0.9999362230300903 
Car -1.0 -1 3.264179966978554 416.06616710371037 181.18209013315462 507.3013447953435 218.02717411802317 1.5 1.5398482352495193 3.6418775588274004 -6.293839518633621 1.8652241260938573 30.696568605018737 3.0619487643202365 0.9997848868370056 
Car -1.0 -1 3.47804707285647 214.55616948464618 182.13688425178785 382.38563992953 254.9175753740819 1.5 1.5426299095153808 3.072825309634209 -6.842897502386334 1.7170515635506594 15.96576142473264 3.073132622238022 0.9996633529663086 
Car -1.0 -1 0.2988420428891243 366.649392828662 181.31372346529838 500.4553233988973 225.4351806294021 1.5 1.6488733261823654 4.3649888157844545 -6.301027858707351 1.814601531956628 25.846175583539566 0.05971698363753728 0.9990984201431274 
Car -1.0 -1 -2.9585770652581878 0.0 0.0 1241.0 374.0 1.5 1.631731030344963 4.484020781517029 2.889177922988381 1.4552967173588167 0.7598730010949588 -1.6449629972365243 0.7563086748123169 
