Cyclist -1.0 -1 -0.41228138745935916 787.3254322581668 176.24638381056064 835.127601295662 211.9478988071592 1.4 0.5713710121810436 1.7419621840119361 8.17268085551398 1.2346996741858385 28.116961333485 -0.12940855423477718 0.9999969005584717 
Car -1.0 -1 -1.4052497769942458 440.8417961612106 177.57622915631777 521.2602941427299 236.45364052759686 1.5 1.628902231156826 3.721972790360451 -3.4132859073493647 1.4271039110933614 19.872948745815762 -1.57534551440296 0.9999963045120239 
Pedestrian -1.0 -1 0.6612806828051627 521.9790169120016 169.26415142421487 551.6289748306599 217.1184620546415 1.8 0.6345464408397674 0.9402752414345741 -2.640127645925324 1.3788845667405898 27.109592028303197 0.5641996105525153 0.9999287128448486 
Cyclist -1.0 -1 -0.7037838963310952 298.7472183313983 182.92464709462587 358.22114153614126 228.73194398041747 1.4 0.6422301314771175 1.78403542637825 -8.860921057048992 1.4824140342741516 22.6410594693564 -1.0768243233349664 0.9999727010726929 
Car -1.0 -1 -0.6796937786740852 1024.9613453476613 170.1337909446695 1131.5361640831945 200.47293911703156 1.5 1.758929018676281 4.381878164410591 24.05279505086617 0.988917017861233 36.02727637995716 -0.09102638165024349 0.9998503923416138 
Pedestrian -1.0 -1 -2.863514432931428 437.019466616366 170.28082899036121 462.8521974238224 218.90372324746286 1.8 0.5491945452988147 0.8266784742474556 -5.827605261472949 1.4232059694731456 26.46913129761529 -3.0802231589939937 0.9998631477355957 
Cyclist -1.0 -1 -0.4410678168075504 658.700504409053 177.47038997450497 694.899979940953 204.93228257436522 1.4 0.6345966391265392 1.764201422035694 3.7076377365910194 1.246974621510839 36.63365640207944 -0.34020276466873717 0.9997472167015076 
Pedestrian -1.0 -1 -0.01118084752467885 415.11327778626037 169.84323982251394 449.5948974550601 222.25201015846224 1.8 0.618155163526535 1.157769889384508 -6.067036937688146 1.4355225866953492 24.72248179737172 -0.25183077255753106 0.9994710087776184 
Pedestrian -1.0 -1 0.17605073230116083 415.1237475348405 169.7845257399595 446.84366551376917 222.6556881707006 1.8 0.601899766176939 0.9739391066133976 -6.027515542126587 1.436726645931577 24.399006355255075 -0.06613953510788509 0.9989625215530396 
Pedestrian -1.0 -1 3.172909386143081 369.79468980580634 170.89430821095328 396.44618711177253 220.9570346037375 1.8 0.5435027673840522 0.9129046022891998 -8.118134599694137 1.4561509808358488 25.8018458409207 2.8680816769560398 0.9986903071403503 
Cyclist -1.0 -1 -0.13451924073174107 848.4385526558553 175.80784604029472 906.6295607996307 219.03286177242776 1.4 0.5944056928157806 1.7301619544625282 8.96489318622514 1.2495736266981259 23.383217196672827 0.23158673842879704 0.9970952272415161 
Pedestrian -1.0 -1 -2.59240734981537 441.16480500222457 170.211559414205 466.55347358684423 218.91184042824088 1.8 0.5388650603592395 0.762190718948841 -5.691333694454581 1.4212472506784715 26.50858575232277 -2.803894595303808 0.9796807169914246 
Cyclist -1.0 -1 -0.4001259047566843 790.1466008103521 176.231529767513 837.7509994615394 212.10783528217019 1.4 0.5083291351795196 1.7437261089682579 8.228330844101205 1.2349339493984637 27.937623794811977 -0.11369951168564388 0.7102780342102051 
Cyclist -1.0 -1 -0.8786985159149721 783.6761442365402 176.33871180951203 819.0639041779151 212.43742854942653 1.4 0.5410866372287273 1.4693912610411644 7.774956579616644 1.2401185902458627 28.058096616634966 -0.6083790818837029 0.5232566595077515 
