Car -1.0 -1 -1.0561129931397015 0.0 183.1166163159046 235.16496999445437 289.61633342940553 1.5 1.6258730113506317 4.237012428045273 -8.203233413524357 1.4715665731739596 12.293620925758947 -1.6445370549943787 0.9999991655349731 
Car -1.0 -1 -1.4073426148949775 394.17233345873393 180.60641510900206 483.3442164971413 245.80940997798908 1.5 1.6220845773816108 3.8270848363637926 -4.272676649287287 1.395094266657531 18.49476932307312 -1.6343803117659432 0.9999972581863403 
Car -1.0 -1 -1.2979385716233318 271.5132062124415 181.8527996809794 359.1587267254508 232.00988388525835 1.5 1.6118698313832283 4.1135410338640215 -9.524191591972416 1.400560191333599 23.627357191515532 -1.6811146448042733 0.9999771118164062 
Car -1.0 -1 -1.5613579636780257 524.904111388869 179.82854280205697 580.7797338589558 229.4346388621955 1.5 1.689259012043476 3.719308462738991 -1.8316322948173713 1.3382331995003156 23.645798687963026 -1.6386648053911073 0.9999585151672363 
Car -1.0 -1 -1.3237574519021018 342.4281054056142 181.54715134227325 401.0269462794996 216.65085702115474 1.5 1.6139355048537254 3.9673792690038683 -10.704995890277132 1.3443722271443785 32.74786092604765 -1.639699154594217 0.9999428987503052 
Car -1.0 -1 -1.142180055911571 122.35649658923617 182.97236271999026 247.52872837742981 232.64788650975296 1.5 1.8363286301493644 4.6539685249328615 -14.013780041224367 1.4333915220226954 24.108370902908685 -1.6687231669810159 0.9999542236328125 
Car -1.0 -1 -1.000545148847421 0.0 184.26478707026942 123.14711956005704 269.3596085727012 1.5 1.6276253879070282 3.9759962379932405 -11.962297719960896 1.4843690993867886 14.73409660417547 -1.6824872876193864 0.9996196031570435 
Car -1.0 -1 -1.1923805447355118 255.28847352712782 182.28013019431037 322.6398303392272 214.65417565694045 1.5 1.6174613058567047 4.1338207691907884 -15.634146982308012 1.3651163008387825 35.39903297279751 -1.6082728291538102 0.9978598952293396 
Car -1.0 -1 -1.3904175047447043 398.5051845222673 181.1726315831862 443.52607960755176 204.8009243496242 1.5 1.8963054314255714 6.043946605920792 -12.580903419619553 1.2444643141544456 48.71412443005403 -1.6431549275901658 0.997719943523407 
Car -1.0 -1 -1.498103738412618 394.69282262276835 181.28156554058398 428.57030509945866 204.81976935419098 1.5 1.8269429475069046 5.33720352947712 -13.216617884449722 1.2504239059528515 48.60037091229346 -1.7636273364212853 0.6711525321006775 
