Car -1.0 -1 -1.1916809219109277 143.77188393881505 180.49696932254142 442.7639182404662 355.5912400689431 1.5 1.6058216363191604 4.107170414924622 -3.2217220779723594 1.460706714251923 8.212306656801493 -1.5655354010548932 0.9999996423721313 
Car -1.0 -1 -1.5502929359913904 565.596990259006 179.67649234723274 609.471682505891 218.1806175407908 1.5 1.709311132133007 3.7298644453287126 -0.8399370512985496 1.2853410906424931 29.871976603698293 -1.5784034226697428 0.9999978542327881 
Car -1.0 -1 -1.084716193585112 72.72236333939901 182.75451721859238 268.45234487725816 274.66781731372913 1.5 1.5901916220784187 3.722634029388428 -8.079661515795914 1.4609653825428965 13.625886845405198 -1.6199461641397817 0.9999955892562866 
Car -1.0 -1 -0.8678128287039486 0.0 184.83036961873827 78.85631493296545 274.7602694302866 1.5 1.597175796329975 4.033247244358063 -12.609024826254846 1.494704036103658 14.025630198264327 -1.6000745101508242 0.9999420642852783 
Car -1.0 -1 -1.446464410239931 399.8595767378293 181.12422064224504 446.0550266378287 216.22590481443171 1.5 1.5903767690062522 3.654434394836426 -8.361680417514185 1.3262901050384028 32.628052387294716 -1.697338060536657 0.9999241828918457 
Car -1.0 -1 -1.2764167324290312 341.19836986857047 181.37784000145288 418.26884752612176 225.89055927848423 1.5 1.610688728094101 3.8933469474315645 -8.238726111215026 1.3718021434232694 26.1754623749891 -1.5813500844549877 0.9998084902763367 
Car -1.0 -1 -1.4503717297598584 503.25927848995076 180.23986904393567 547.7806329366558 213.89515344844244 1.5 1.614951018989086 4.121879351139069 -3.871249828071658 1.2793608478915481 34.102140636931736 -1.563407100797866 0.9993889331817627 
Car -1.0 -1 -1.0314775031660057 127.16103241426912 182.88727149574717 259.1212462409194 238.81590689809684 1.5 1.5751943483948707 3.9333997786045076 -12.12781337144967 1.4386830303919815 21.2585767175232 -1.5499160746720178 0.9992820620536804 
Car -1.0 -1 -1.3696782676383692 436.8447147221166 180.44081908225326 514.3489548924043 233.85934944440524 1.5 1.6164782017469406 3.767176952958107 -4.002566437166604 1.3670518937034009 22.082567348998605 -1.548986145355974 0.9979852437973022 
Car -1.0 -1 -1.240463503556317 313.87143661681705 181.81657852869535 375.60521158874224 214.673366250791 1.5 1.666046169400215 3.771217030286789 -12.65419997819507 1.345952304320799 34.71517999548802 -1.5900102118637902 0.5395446419715881 
