Car -1.0 -1 -1.6753277500471335 585.1754567892183 179.1675289546917 646.282587041069 228.29823232089103 1.5 1.6457334652543067 4.175203156471253 0.06733706619452683 1.7357812418820786 24.742054520217444 -1.6726061935212952 0.9999985694885254 
Car -1.0 -1 -1.9447095912846142 710.1851750725157 175.99693266129916 945.0515584939823 322.60435956954194 1.5 1.5947875127196312 3.6832387119531633 2.493479811745092 1.549603764503491 9.382402253200777 -1.6849526102331025 0.9999985694885254 
Car -1.0 -1 1.9783662684057537 0.0 181.70663435156757 258.1292445299244 334.6190258312454 1.5 1.5693884834647178 3.6828628301620485 -5.981135105125857 1.6377154743586009 9.246589118073114 1.4042102535578864 0.9999983310699463 
Car -1.0 -1 -1.6460696917279654 574.5207426153798 179.55443921886402 620.0256966103032 218.7786699054552 1.5 1.5985362723469734 4.1221900403499605 -0.6405824572973146 1.8028765102215114 30.44562607962971 -1.6671068007734162 0.9999940395355225 
Car -1.0 -1 -2.901708496903759 792.4876198231487 176.88750324581542 918.8891782914767 224.6777696045299 1.5 1.5766343593597412 3.8189957410097124 8.307380621347338 1.6474301513806673 24.617876824553097 -2.576254681744848 0.9999921321868896 
Car -1.0 -1 -2.8385002553352487 727.9898684022739 177.84732814290703 827.5219154716668 215.3740711736759 1.5 1.560571838915348 3.8665349155664446 7.129317702506142 1.725826543962508 30.927451840453756 -2.6119404594090327 0.9999868869781494 
Car -1.0 -1 1.7755816687220358 402.3906906158234 181.49388191282614 447.5333888310712 211.65719778929548 1.5 1.611582052707672 3.855141115188599 -9.968003018337292 1.9904691532485956 38.96532080727099 1.5251354416224616 0.9997922778129578 
Car -1.0 -1 -2.9387045953719158 764.1376640694566 177.32722919199028 878.3955404783487 219.4176744632089 1.5 1.6467666745185852 3.9632907629013063 8.057505322493364 1.6824520527203755 27.71590919304304 -2.6557852784779414 0.9997026324272156 
Car -1.0 -1 2.2534562309588324 0.0 181.31260036676872 108.88355033960597 374.0 1.5 1.614796233177185 4.189901289343834 -5.109166206902682 1.5782946708264185 4.44305339428876 1.398436947664942 0.9677520990371704 
Car -1.0 -1 1.5590355138940937 1124.8928287545389 173.1390628067241 1241.0 268.7405795682451 1.5 1.528906498849392 3.80451777279377 10.46382081431891 1.5063952702298669 13.30447653416621 2.2254834055861057 0.6617302894592285 
Car -1.0 -1 -2.7872863905641223 0.0 0.0 1241.0 374.0 1.5 1.8645549684762954 4.640980300307274 3.669218709821693 1.4585148133830914 1.8561651639263894 -1.6848264346506936 0.5824053883552551 
