Car -1.0 -1 1.7302737503466983 465.6268550554669 179.7356499538806 546.6176857732967 232.91782017326594 1.5 1.7679431036114692 4.928590592741966 -2.9082879177720082 1.4513818723966658 22.749562268413563 1.6031241297682346 0.9999998807907104 
Car -1.0 -1 1.8171950600643254 374.07410664445126 180.18185097730915 512.7417929092873 258.2031399386379 1.5 1.9296912968158721 4.6872986972332 -3.3759350173297884 1.475912771382472 16.1888129958534 1.6116063475569309 0.9999988079071045 
Pedestrian -1.0 -1 -2.7891639348319845 889.7012854047348 137.08885029406997 1036.3435508136397 353.89519916726493 1.8 0.7709847323596477 0.9997817248106002 3.258021057918473 1.432671753876921 6.589212158938969 -2.32996799150971 0.9999854564666748 
Pedestrian -1.0 -1 1.7336138099478582 525.9636186057046 167.29870420209173 564.7423772918397 239.82153556784988 1.8 0.8424897238612175 0.9784503400325775 -1.453594537992753 1.4487136885976748 18.34904887863385 1.6545598387678684 0.9999939203262329 
Pedestrian -1.0 -1 -2.7250042599150013 987.8458723947588 126.46204666164184 1181.2197546863915 373.0 1.8 0.7497929528355598 0.9984882108867168 3.574252569623515 1.4326855679605377 5.432533900011397 -2.1430712501194815 0.9999629259109497 
Pedestrian -1.0 -1 1.5087378538634757 795.2571635541915 157.22297311426178 837.4339550792431 270.30630873719053 1.8 0.6242147207260131 0.6005763567984104 3.475981480211387 1.414866538006232 11.793704443287986 1.7953545927961887 0.9999583959579468 
Pedestrian -1.0 -1 2.7902240202372885 607.2326335783035 167.23989614729012 646.1137148799987 234.97055112319876 1.8 0.8483775451779365 0.8175137944519519 0.6507331665061602 1.42219071011553 19.618532099347217 2.8233811736067356 0.9998012185096741 
Pedestrian -1.0 -1 3.6237127991324583 0.0 160.02383681708488 61.73157442665766 309.3519900931871 1.8 0.7285306721925735 0.8917206458747386 -7.586787054006062 1.542468970703248 9.10629368759607 2.9290906071623386 0.9997063279151917 
Pedestrian -1.0 -1 -3.141236467556917 816.0414411573092 144.19713171605693 917.5861584961203 327.79238279036116 1.8 0.7141610167920589 0.9549790553748607 2.7224602214569025 1.4356460263560973 7.538225957981769 -2.794659690060888 0.9990915060043335 
Pedestrian -1.0 -1 2.797959454222571 595.9678773179826 168.31748125308607 631.0881804324224 230.72548704569928 1.8 0.8404249817132949 0.8005762033164501 0.322262019758805 1.4209212972158434 21.242806086503816 2.81312869786821 0.9991642236709595 
Pedestrian -1.0 -1 2.184965488961647 67.65205591933764 146.20835842790416 220.82958595590924 365.97422433442324 1.8 0.7841004550457 0.8678195558488369 -4.038399483559431 1.5123321558714988 6.332588330436825 1.617273557182175 0.9975825548171997 
Pedestrian -1.0 -1 -2.337583830025009 702.7027697440138 170.563560483135 719.7809821410376 214.0961575421377 1.8 0.49956045374274255 0.49910531640052797 4.57680178990025 1.3487813578369008 30.047315169981484 -2.186425880589758 0.8376166820526123 
