Car -1.0 -1 -1.9172445321645015 763.8359414379212 174.84057706983813 1089.9807142645996 374.0 1.5 1.560448531806469 4.126120594143868 2.7336618697949286 1.5264661859022075 7.411560776997476 -1.5638874788444979 0.9999994039535522 
Car -1.0 -1 2.773064304924282 769.5900123874625 176.5405954415502 973.6288283358315 245.1768425329666 1.5 1.621858824789524 4.141255331039429 5.911012968811048 1.5902982852467273 16.729911502436874 3.112693774696213 0.9999992847442627 
Car -1.0 -1 -0.38934038245626446 866.7151845574982 174.9709599005148 1126.0984968072728 270.3985232301616 1.5 1.5664197996258735 3.5757748901844026 6.3775033621958555 1.539259753668083 12.318487878788677 0.08838097651931218 0.9999996423721313 
Car -1.0 -1 -0.07184603262905045 688.264277774368 178.52467317621145 775.1974004358178 209.64306370048595 1.5 1.612771351635456 4.183991861343384 5.9993794278318635 1.7922190665452664 36.13724260863784 0.09267000754805974 0.9999994039535522 
Car -1.0 -1 0.48304194178679905 0.0 182.40776417654664 347.1769473577233 324.9354358492385 1.5 1.648854885995388 4.413278263807297 -5.740188031451787 1.6301201454782615 8.763467532813651 -0.09684951702622004 0.9999980926513672 
Car -1.0 -1 -0.2395630875982864 733.8945399903363 177.77866339319965 843.8024426493766 220.19711678258807 1.5 1.5417444080114364 3.6480894804000856 6.457629441675713 1.686253900057489 26.462589614938082 -0.00021238724258967401 0.9999935626983643 
Car -1.0 -1 0.3291667950217785 396.0321464260401 181.09930322171826 513.3143262422961 224.84220149374303 1.5 1.5589356914162635 3.8539836674928667 -5.621867162451409 1.810244391752292 26.115772505087982 0.11713533004256657 0.9999654293060303 
Car -1.0 -1 3.442400497639005 288.4024464727807 181.70321113105734 446.3854165955725 242.13269949149526 1.5 1.5633848056197166 3.637535360455513 -6.337270953830301 1.743098232013607 18.968732464609285 3.1199687600096286 0.9998273849487305 
Car -1.0 -1 0.12370029267306545 476.25957060815307 180.90868212868793 548.5104285394265 206.06818658442367 1.5 1.6188875332474708 4.237509009242058 -5.995454417775044 2.005091859048927 44.37947892912958 -0.010581926503453933 0.9995469450950623 
Car -1.0 -1 -0.2897999807454641 749.92869719055 177.52087883609528 864.0003866940217 224.11873140662786 1.5 1.5096379935741424 3.3965597420930864 6.501631745409367 1.6619811590502336 24.184860394330645 -0.02717836300400325 0.9989644289016724 
Car -1.0 -1 0.4760445516174727 0.0 182.40197689398406 406.02868437737504 288.8848150627757 1.5 1.8364802494645118 5.772643399238587 -6.407137644998037 1.6644096492740303 11.36987979053675 -0.03711827198532649 0.9988973140716553 
Car -1.0 -1 3.3537347662596715 342.08421989079403 181.39284789594882 477.27964190226623 234.9755714717368 1.5 1.5251122906804084 3.612409767508507 -5.89007476169955 1.76311954933301 21.336193068143626 3.0843831181486667 0.9589962959289551 
