Car -1.0 -1 -1.6835706358793276 631.9389740132343 179.19242121443352 672.1030942568534 209.55337752185523 1.5 1.6677327945828437 4.303732377290726 2.1627070348938404 1.860145469644734 38.75799656238023 -1.6278281631555898 0.9999995231628418 
Car -1.0 -1 -0.5247799530270063 907.6841379203016 173.83933961618266 1241.0 295.0884341160097 1.5 1.569615539908409 3.7495265275239946 6.184912419217791 1.5149056538332235 9.793842388814177 0.03848723968001775 0.999997615814209 
Car -1.0 -1 0.278414149608019 297.6037472937259 181.71475215042588 458.6446349272154 234.5793671834539 1.5 1.6412025809288024 4.317007821798325 -6.90718323245076 1.7771778102156233 21.65313969809187 -0.030374364056859695 0.9999945163726807 
Car -1.0 -1 3.3112663090950623 414.5159269366555 181.26362050898192 505.33900204125985 215.49664376061335 1.5 1.5936924636363983 3.841659662127495 -6.829036475589876 1.8939193208018668 32.90093298397117 3.1066087365110935 0.9999921321868896 
Car -1.0 -1 0.7428890777393307 0.0 183.33024185181677 247.0383718710196 355.9556479978462 1.5 1.6076228141784668 4.084637624025345 -6.144235533551877 1.6186786240188893 7.260458636251705 0.0405703028056281 0.99997878074646 
Car -1.0 -1 -0.3881071101436233 800.0955254176565 176.18391215154045 995.2736650497227 252.02761387422336 1.5 1.5360355868935585 3.479640793800354 5.885357225520122 1.573903418346727 15.135462772686 -0.017253474393163406 0.9999756813049316 
Car -1.0 -1 3.5593073495274625 87.80695290030633 182.34132448149714 359.47509220187135 281.03533766893094 1.5 1.5709758296608924 3.6789192378520967 -6.332281184494205 1.6706586403029506 12.043388540285678 3.0752420306166233 0.9999812841415405 
Car -1.0 -1 -0.3083124198194864 722.308176853749 177.61145203115024 862.2985787402223 226.9636989990117 1.5 1.56880175024271 4.043075677752495 5.707572638605979 1.6581774560173237 23.018373692660514 -0.06525726715591976 0.9999734163284302 
Car -1.0 -1 2.796297520800912 745.9665368978084 177.2078318881615 897.1384446212749 233.52235861325008 1.5 1.5831973895430564 3.760046747326851 5.826588946543207 1.6281939812464457 20.27011047739453 3.0761986851652683 0.9999727010726929 
Car -1.0 -1 -2.511317209539631 0.0 183.2598354489622 258.81171114227226 305.56320286217016 1.5 1.5538106232881546 3.421454367041588 -6.90611894883808 1.6531383218248825 9.787200857529358 -3.1258101026203975 0.9999408721923828 
Car -1.0 -1 3.4103522939567856 270.2907937910865 181.81463239815815 434.41150063452824 242.33231761741925 1.5 1.5578717485070228 3.8073884814977648 -6.753137377563652 1.7484988040175042 19.065082153022004 3.0699274420698703 0.9999381303787231 
Car -1.0 -1 -0.3208249818352116 791.6670977930462 176.69595424343692 933.2414414318167 241.17497144168382 1.5 1.4876302823424339 2.9430171966552736 6.046261696821561 1.5982858946239806 17.63079651479081 0.009544297060694018 0.9999372959136963 
Car -1.0 -1 -2.694721390414314 155.83485386031762 182.27600256293584 389.4402989650258 262.17781080601145 1.5 1.5844209611415863 3.977506470680237 -6.733708334811926 1.701151929496059 14.554984428547902 -3.1280363361027583 0.999935507774353 
Car -1.0 -1 -2.0916750301188562 837.857302784103 172.45554325006523 1241.0 374.0 1.5 1.5036635592579841 3.3178026348352434 2.715124152852112 1.498659064968927 4.732481710463404 -1.5708024818553155 0.9999145269393921 
Cyclist -1.0 -1 1.6959864378647926 535.8225651144729 182.52181001235982 552.2791810989934 213.665958456441 1.4 0.5719153702259063 1.6149499014019966 -3.115661919439569 1.8636205520338307 33.75544116524642 1.6039461970289768 0.9999548196792603 
Car -1.0 -1 -0.30456670268076125 715.8558186604205 177.86618517815234 832.6844106365976 222.26196391310927 1.5 1.600399476289749 3.722631421685219 5.720323103646872 1.6844552812012434 25.545293737340167 -0.08427222172287531 0.9997686743736267 
Car -1.0 -1 3.3051228338597816 435.89832445267956 181.1222020233927 522.1371187951088 212.8121752071165 1.5 1.6219780340790748 3.9564701288938524 -6.420361037381202 1.9160534619954213 35.43159592500523 3.125863540168625 0.9996539354324341 
Car -1.0 -1 -0.4469740440095833 845.4039924422569 175.2726830200521 1087.9121700982012 269.1753046612755 1.5 1.5496546894311904 3.3808237433433534 5.91760040438155 1.5443250202024807 12.338249297575905 0.00023238261672429083 0.9995400905609131 
