Pedestrian -1.0 -1 2.0705375762497784 174.87609094084164 171.30329880089988 213.67802380722125 233.23125106414736 1.8 0.6561577811837196 0.8806675232946872 -12.219848041289275 1.5342564872060964 20.995282581873678 1.543437405428614 0.999998927116394 
Car -1.0 -1 -2.090162989918704 958.8576321859406 170.4822664536204 1066.2296743489005 217.77073102621952 1.5 1.660424892604351 3.471907463669777 13.767854789347385 1.1837859795764707 24.159886222140276 -1.5721969484027964 0.9999903440475464 
Pedestrian -1.0 -1 0.19169302320748183 1015.7621432761863 134.34640273595636 1161.5975251513482 336.96939072303377 1.8 0.7812797583639621 1.0531913980841636 4.679077262616157 1.3916962871224743 6.9247213152996245 0.785927697024073 0.9999878406524658 
Car -1.0 -1 -1.6115544455811788 602.0802312545968 176.11827877449625 635.1224809091581 206.1828599745419 1.5 1.570865374803543 3.938899797201157 0.6591982251752951 1.2828150733951098 37.258587054579706 -1.593863773220454 0.9999841451644897 
Car -1.0 -1 -2.224631078602861 1035.3761702826291 169.35038961245132 1154.349745422195 217.43570255059308 1.5 1.605413530766964 3.2852938890457155 16.282669984797685 1.15374691015529 23.733634182705114 -1.6233229907837254 0.9999798536300659 
Cyclist -1.0 -1 1.9153790222977076 330.93335485289504 183.91501201260118 391.0370462080939 256.8763043652708 1.4 0.615268063545227 1.749393393099308 -5.018219636879982 1.4760248520169472 14.522410561195173 1.5826740145643772 0.9999200105667114 
Car -1.0 -1 0.9436342406382042 1098.8716476801176 168.21611576332634 1223.0 215.5063493598077 1.5 1.6537663087248802 4.022152212262154 19.23906546024778 1.1119177887674123 24.463904524864677 1.6100437521894992 0.9999055862426758 
Pedestrian -1.0 -1 0.3255466037905591 893.6069157895454 137.7995720817884 1024.7043512145003 331.30766637298154 1.8 0.841002494841814 0.9825927697122097 3.5616053336608613 1.4045020366460066 7.216614661771013 0.7840036590907232 0.9997044205665588 
Cyclist -1.0 -1 0.6451062776137946 720.2224515993303 181.3248253732753 864.6105293688113 305.97476840584466 1.4 0.7463461279869079 1.610315454006195 2.24703054938889 1.4129571445376643 8.8091099684588 0.8948606689784186 0.9998698234558105 
Pedestrian -1.0 -1 -1.5740178590338902 182.73929585817945 174.6281093087202 201.90103871411517 217.50742351327722 1.8 0.6992587380111217 0.49657845199108125 -17.57236591365059 1.5549909190159195 30.06708310549847 -2.102916614213262 0.999618411064148 
Cyclist -1.0 -1 0.34257660104204746 884.8591859191797 178.8205941000962 1053.9501371847794 301.1502153753317 1.4 0.7914048179984092 1.7490923896431922 4.545643899264166 1.382464606245224 8.99327731770988 0.8105739792201179 0.9999997615814209 
Pedestrian -1.0 -1 0.2645501755252183 929.3243782375602 140.01434064806566 1055.6167517851945 318.3596049756246 1.8 0.8216741055250167 1.044954501837492 4.215210922619093 1.393080516660978 7.78890643354877 0.7605976303431646 0.9985204339027405 
Pedestrian -1.0 -1 0.08016739942312368 1097.872033375341 126.1037161798379 1223.0 368.7340557634799 1.8 0.691840660572052 0.9420235201716423 4.6328902361988735 1.3981618175954336 5.814881151569381 0.7529112537715095 0.995671272277832 
Pedestrian -1.0 -1 2.131278173484568 149.78631599878386 171.5737270438777 189.64974393373183 233.77250019579063 1.8 0.7020884685218334 0.7662463493645191 -12.85701806071277 1.5432472822361971 20.842490189364376 1.5785496115644992 0.9941447377204895 
Cyclist -1.0 -1 0.32120737265967536 901.8739968970574 178.58788603723994 1066.6131610092586 299.94942558520876 1.4 0.746974305063486 1.7061258226633071 4.753406578855618 1.3796262196764963 9.025474744008589 0.805959149203028 0.8273871541023254 
