Car -1.0 -1 2.0876255898749134 196.5136139200625 182.89325194953128 295.20512786048977 225.87462134883174 1.5 1.6108248874545097 4.143222284317017 -14.174915009270439 1.923172193420856 28.274871483475078 1.6229181170424045 0.9999996423721313 
Car -1.0 -1 -1.5895437923557898 587.4899513922658 179.2424856193177 640.7021551081207 228.89549899955173 1.5 1.6415866583585739 3.4159062922000887 0.052284155161793425 1.7277544428514826 23.95890604538915 -1.5873615528133256 0.9999938011169434 
Car -1.0 -1 -2.2023494440501183 356.91407427610466 180.67315292302834 502.25777245479543 248.26605241432446 1.5 1.5681610003113746 3.882872548699379 -4.681819809116998 1.7183452040191574 18.273797867795068 -2.4531585733082637 0.9999843835830688 
Car -1.0 -1 2.198478539643728 0.0 182.92398874050798 205.8590087495615 297.0555985477917 1.5 1.521654476225376 3.4610363215208055 -8.245453888523933 1.6854200613602757 11.521925832288824 1.5773384451826633 0.9999986886978149 
Car -1.0 -1 -2.1742406602307214 901.9053609871501 172.4883485614174 1241.0 374.0 1.5 1.6239965826272964 4.052452978491783 4.047188398465955 1.4983245099084432 6.046835502262883 -1.584412466795419 0.9999725818634033 
Car -1.0 -1 -1.516331020000236 592.4728758070404 179.62793355618672 627.8782013064714 211.09981897098066 1.5 1.6275253638625145 3.4638388574123384 0.01302177577950608 1.863690667365819 36.92441258905853 -1.515978359678064 0.9999521970748901 
Car -1.0 -1 -2.1963716288995077 396.68192447688483 180.6693874194254 512.1388716071277 237.31844836843933 1.5 1.565759678184986 3.5193274289369585 -4.696717745216366 1.7505824977372326 21.34292264802304 -2.4129789034512386 0.9999403953552246 
Car -1.0 -1 -2.234435244616016 441.3963214020226 180.65966480108986 531.82530744316 221.79932709463122 1.5 1.5617169931530952 3.778809916973114 -5.019743120246313 1.83248475396301 28.852122604692532 -2.4066927591946468 0.9999016523361206 
Car -1.0 -1 -0.727797204737701 1062.705401493776 173.19991738666963 1241.0 236.9964628347848 1.5 2.2476546958088877 5.907461282610893 15.008444069716893 1.5096834541788942 18.21246128094563 -0.03854747215775081 0.999893307685852 
Car -1.0 -1 -1.963341695124948 201.08598590245273 180.86052467511223 408.4757449152479 306.43957545742876 1.5 1.577889595925808 3.4509489804506304 -4.6313408045321465 1.6376647801865687 10.606020588733934 -2.375056044259344 0.9998242259025574 
Pedestrian -1.0 -1 -1.7717716900129903 728.5808952445237 166.81751250749662 762.707748325268 235.6776983913949 1.8 0.7070403106510639 1.0263501226902008 3.583398609876107 1.6425645030052123 19.377690275901433 -1.5889134789493424 0.9998853206634521 
Car -1.0 -1 -1.85136347086739 27.095538911854337 181.26376203395347 300.9339611411686 368.1255307527263 1.5 1.5210500478744506 3.501301121711731 -4.909575218437805 1.6099322311081503 7.6715919219873205 -2.420654133954321 0.9997093081474304 
Car -1.0 -1 -0.5168656309272752 893.2493032018167 175.41544901206638 1086.0599503965254 239.14647089616335 1.5 1.617927712202072 3.9632587254047396 9.292384986787836 1.5671836638939785 17.936170269253957 -0.0388582507756097 0.9996790885925293 
Car -1.0 -1 -2.2223990886552345 461.24892905649614 180.4568083431534 555.253106253907 218.5080239390239 1.5 1.732891847193241 4.407654193043709 -4.538599625560876 1.854729268909656 31.466590987681542 -2.3656466762211665 0.9995317459106445 
Car -1.0 -1 -2.4391636971184245 499.9991896578888 180.51331262344902 567.2225393634974 208.1081277471109 1.5 1.5683215603232383 3.7518742054700853 -4.485598444426163 1.9628573500382878 41.86491113692742 -2.5459010759976253 0.9847350120544434 
Car -1.0 -1 2.1064170816034298 163.64037166346336 182.3498179535973 307.10747525963006 257.6837371634412 1.5 1.4259890213608741 3.273586791753769 -8.441758505335784 1.7391584571072278 16.464734512660183 1.632647263999802 0.5583705306053162 
