Car -1.0 -1 1.8725041156929592 312.96634331655724 181.96727443359535 384.24749539902706 222.46162932042324 1.5 1.6326839596033096 4.023801398277283 -10.69802869748437 1.9012466401069859 29.691429326466437 1.5266768177363532 0.9999982118606567 
Car -1.0 -1 1.7701438970555292 429.34748573076735 181.32230807797515 469.84324785993306 206.89263399604351 1.5 1.6782811403274536 4.429370772838593 -10.20290170488757 2.0668050546938597 46.03105310978813 1.5520178516719 0.9999867677688599 
Car -1.0 -1 -1.5925692070124453 585.2845487947466 178.7113592360157 663.2767592361303 251.59786543770554 1.5 1.6371474161744117 3.5633305579423906 0.23545415025939298 1.652265147151595 16.921885696044704 -1.5786559256401402 0.9999755620956421 
Car -1.0 -1 -1.2277711267522156 778.60405143149 175.13753385529765 1026.896565610815 309.67816056179225 1.5 1.817331326007843 4.7192084163427355 4.392804567116707 1.5409773464031964 10.47681186745363 -0.8307482759144647 0.9999387264251709 
Car -1.0 -1 1.9892521258667235 224.37789864312376 182.3967403808636 326.7149355398409 235.06620007611653 1.5 1.5333440646529197 3.883074086904526 -10.664354286474827 1.8330819136445478 23.204059670407602 1.5584518154475349 0.9999313354492188 
Car -1.0 -1 2.18756074178517 42.21513201019792 183.06372862894113 229.96260816069022 260.26240715122395 1.5 1.5314041197299957 4.058919709920883 -10.7107224304795 1.7647910618113616 16.62372180070782 1.615200507636887 0.9998617172241211 
Car -1.0 -1 2.1038103253672693 0.0 181.29218724420005 300.8973521133571 327.29095665282637 1.5 2.1586522951722147 6.896476310491562 -7.32394348403798 1.6734093036099214 11.304242307127463 1.5289174755427497 0.9998588562011719 
Car -1.0 -1 1.9695205351006606 132.89511862093394 183.58167451451268 218.70354558044244 231.50022938368045 1.5 1.3890948638319969 3.27871949672699 -15.033272617373825 1.898793882846958 25.07499747978178 1.429444952807154 0.9996199607849121 
Car -1.0 -1 -0.8222069963453902 670.9377845044138 178.57506214464007 749.9067540085141 211.60519175679397 1.5 1.5940571695566177 3.901106354594231 4.902552959899646 1.794593528960994 35.255811880895514 -0.6840364495900018 0.9995447993278503 
Car -1.0 -1 -1.0608889381971844 712.9122170671927 177.07275247292995 862.752669500746 247.12590230479702 1.5 1.6724702462553978 4.378919911384583 4.463694246070611 1.6175691459216885 17.87609660937284 -0.8161909143116814 0.9990365505218506 
Car -1.0 -1 -0.9306363973623708 655.1572510615499 179.06468330137994 705.9375499166429 203.80367241724207 1.5 1.527598176896572 3.392547604441643 4.531921544255627 1.9150313021837786 46.403636439271814 -0.8332820693638665 0.9977189898490906 
Car -1.0 -1 2.457004424696074 1107.1174327431202 173.74871205760556 1241.0 216.73448962373217 1.5 1.542595636844635 4.122995075583458 20.46446497139625 1.5336257521785153 26.017630754629142 3.123497235771042 0.9293102622032166 
Pedestrian -1.0 -1 -0.08498327231355021 559.1118719314751 176.1526833342304 570.9716442151881 202.6141911720247 1.8 0.5792962878942489 0.7651898570358753 -3.116400989142058 2.028270713264207 49.50698308211125 -0.14784903923538753 0.6702719926834106 
