Car -1.0 -1 -1.6243935865868462 502.75741470717713 179.88939721848558 562.6351424254403 231.261914114893 1.5 1.7216986536979675 4.501364615559578 -2.7108639986450442 1.7581474087575768 24.073834867165115 -1.7365274588253838 0.9999994039535522 
Car -1.0 -1 -0.5982091454346337 836.4325988314413 175.6159077424515 1105.1185614386877 235.12234242514347 1.5 2.1147776886820795 6.568037581443787 9.761339944718513 1.5820581074153204 19.833215254212565 -0.1408440629628045 0.9999991655349731 
Car -1.0 -1 -1.1507111189215695 154.16379381768823 182.82327682402186 274.33008210621983 236.88918626870867 1.5 1.6568262621760368 4.569714379310608 -12.588397096931036 1.8535825468011027 23.22068786029741 -1.6474842290070397 0.9999966621398926 
Car -1.0 -1 -1.8498206360205163 680.049389902679 178.15425228217995 761.9714669881586 225.60651326811163 1.5 1.6742140546441078 4.52473261654377 3.78686374744214 1.7063363360985337 25.68447100681914 -1.7034373740342004 0.9999957084655762 
Car -1.0 -1 -1.511541217144762 427.97485538698896 180.97827646025024 472.4646714201021 220.4894152720322 1.5 1.5926799297332763 4.023225095868111 -6.702054088567943 1.8661232373473426 30.369991837009213 -1.7287401715901238 0.9999825954437256 
Car -1.0 -1 -1.8891143227081526 738.0483875184044 177.61211001982576 822.9269798144711 223.50882748952085 1.5 1.677974735200405 4.470554602146149 6.058811289254846 1.689387478841094 26.359284446115154 -1.6631837273624284 0.9999774694442749 
Car -1.0 -1 -0.9729286521328218 0.0 184.57285992691178 107.22568703930386 240.07784247682474 1.5 1.6415441900491714 4.540799793601036 -18.2042529582748 1.9085647127591665 22.80477110961944 -1.6466108346965653 0.9999464750289917 
Car -1.0 -1 -1.576313549313814 556.9161703998312 180.0200236158964 588.2393439680269 208.061344980551 1.5 1.7269298925995826 4.540289056301117 -2.233028902847583 1.9414643365297886 42.09496055212614 -1.6293112906303746 0.9999020099639893 
Car -1.0 -1 -1.2794262361205266 265.1524684484347 181.84023761344653 365.0576112475985 235.77641664875728 1.5 1.6897153601050376 4.7062745809555055 -9.398369069058948 1.8206188592509303 23.29127636492486 -1.6629587272789819 0.9997588992118835 
Car -1.0 -1 0.8048134844486611 1126.3425417799742 173.3884281791781 1241.0 218.14125305325993 1.5 2.127523583173752 5.688246574997902 22.638357508585358 1.5226365452681396 27.163504056444822 1.4995974739405769 0.9996026158332825 
Car -1.0 -1 -1.8964055302126037 983.6896329242511 170.45743378232524 1241.0 374.0 1.5 1.7070616155862808 4.3495072543621065 3.9942961983877283 1.4906354386254441 5.25775245506002 -1.2467274824765069 0.9832391738891602 
