Car -1.0 -1 -2.2139486376149393 1036.8966204912685 169.35978793710726 1153.188138671266 217.36828213770457 1.5 1.560949583351612 3.252202507853508 16.299088832675057 1.153483697322831 23.743531170597347 -1.612364851930414 0.9999936819076538 
Pedestrian -1.0 -1 0.05159240742945015 1107.0171300985573 133.9610271012413 1223.0 333.6637715577816 1.8 0.6368385188281536 0.8824205517768859 5.4275055957843374 1.3822263996255448 6.898036901029433 0.7182442386958259 0.9999936819076538 
Car -1.0 -1 -2.1201309773346906 955.8901486159222 170.48237502472924 1065.5637857749468 217.95448533957875 1.5 1.6269140437245369 3.532819312810898 13.68468625492489 1.1850194924999045 24.128610117598665 -1.6042116443302972 0.9999901056289673 
Pedestrian -1.0 -1 1.543456747584892 263.03542736140395 168.6279164074223 295.8240402186095 239.61014073100714 1.8 0.7514338500797748 1.0028737157583236 -8.58261057126498 1.500534843876341 18.54091340323862 1.109926148256983 0.9999769926071167 
Pedestrian -1.0 -1 0.6496695973860095 695.7109120334395 149.9131692860579 787.5962465143708 292.25070003505533 1.8 0.8040729470551014 0.9201293371617794 1.7934958709880624 1.4148756378165102 9.547248661472006 0.8353602131220953 0.9999825954437256 
Car -1.0 -1 -1.6220688835637145 603.5694540782655 176.09452300660743 637.5757011053989 206.2194914299284 1.5 1.580253292620182 3.858490523695946 0.7604323182820476 1.2820711003056329 37.153499201123076 -1.6016044272717578 0.9999592304229736 
Pedestrian -1.0 -1 1.37000115487524 272.8109705745955 166.50127804148065 320.22832512182737 248.44424445976009 1.8 0.7828711092472076 1.1379703439772129 -7.124928438804913 1.4941121324772306 16.21699243127095 0.9560393532130378 0.9999356269836426 
Car -1.0 -1 0.8647166857117781 1099.830096017955 168.2718177177153 1223.0 215.34878156500872 1.5 1.6378906115889549 3.7493085980415346 19.25301335003846 1.1119265265065497 24.42840192748574 1.5321842869135993 0.999800980091095 
Pedestrian -1.0 -1 1.1534651529698046 409.6388296759428 163.74106199967147 462.3314832786748 250.81787737960556 1.8 0.7730044916272163 0.976422943919897 -3.6889259198908975 1.4551928134951113 15.233336579789599 0.9158775051448004 0.9996048808097839 
Pedestrian -1.0 -1 1.2966286036302797 312.28386319617493 166.1363182302941 357.4998276428287 247.21858203607363 1.8 0.7161713697016239 1.0473217375576496 -6.284258106640304 1.4827444044392175 16.325115781152313 0.9291683872553961 0.9995753169059753 
Pedestrian -1.0 -1 1.287257122665409 273.1595414724288 166.08179567060958 317.7016826916026 250.51377946410545 1.8 0.6346753358840942 1.0467359356582164 -6.910791850967646 1.4942385422229731 15.673397016509966 0.871975584826197 0.9994106292724609 
Pedestrian -1.0 -1 1.2692729661856872 356.7972771147472 163.63534267473432 404.9328359992817 255.5807800933876 1.8 0.6984242729842662 0.8948744766414165 -4.614926823860315 1.4714743244906687 14.403641861165834 0.9592072208735603 0.9990381002426147 
Pedestrian -1.0 -1 1.458410706796405 313.3383897377174 168.28671829134544 348.7796810378573 237.2842555622554 1.8 0.789546550065279 0.9183663435280323 -7.416499587017522 1.4829690778000473 19.030580299791332 1.0868021686885017 0.9989795088768005 
Pedestrian -1.0 -1 1.4492131051619845 279.60393515763616 167.61209360871243 318.88016877799134 242.92835664051955 1.8 0.7831314139068126 0.9269355356693267 -7.609300074292037 1.4935913389268918 17.49097805009527 1.0388681133601325 0.9990922212600708 
Pedestrian -1.0 -1 1.3259323858214465 238.4649249746362 166.2679124269565 282.50956223177036 252.3068986753783 1.8 0.6452981874346733 0.9575485743582248 -7.532562836440282 1.5038760123623829 15.361014917026527 0.8700193603846686 0.9976578950881958 
Pedestrian -1.0 -1 1.1454633148842308 365.68093880251246 163.54949847582776 428.3413689499722 254.69060739325303 1.8 0.8917107738554477 1.0454440049827098 -4.355774370266172 1.4668641340244042 14.64597458680112 0.8563896854731696 0.9972469806671143 
Pedestrian -1.0 -1 1.4166241218788256 339.9468387475274 167.43855195098158 377.2906710208089 239.20728779590132 1.8 0.7548016056418418 1.098616749793291 -6.4548515532440405 1.4740060383282263 18.39062585344466 1.0790712078425544 0.9956936836242676 
Pedestrian -1.0 -1 0.25723171511424325 1129.670743814382 135.59915477287026 1223.0 324.1044169929088 1.8 0.560807579010725 0.9027290649712085 5.994066437499277 1.3729476557202553 7.276616372492763 0.9462837417933601 0.991568386554718 
Pedestrian -1.0 -1 1.270478275614694 311.328155724112 165.71478071158515 360.6176211829869 249.13800661220256 1.8 0.7531136766076088 1.0628707267343998 -6.098476637416818 1.4826009943116925 15.90133150006854 0.9042591293666022 0.9895802140235901 
Pedestrian -1.0 -1 1.3681002658368546 251.61164137235832 165.84360314013452 301.0293432236113 253.14099722541812 1.8 0.7529381223022937 1.123385553061962 -7.1395560132684635 1.4994211604066987 15.24912815549209 0.9302193363520759 0.9301056265830994 
Pedestrian -1.0 -1 1.3463397421988181 333.70277004987713 168.07810170920038 365.3054605610363 236.87465701238003 1.8 0.6216939099133014 0.862737887352705 -6.916770728624037 1.4765794976022877 19.02533005112689 0.9976398189875739 0.8466371893882751 
Pedestrian -1.0 -1 0.7998309421439813 342.4343131902224 167.86621492112812 386.56286767075983 236.7311707861729 1.8 0.6292379952967166 0.9612927705049514 -6.489585063134126 1.4713641645812388 18.974216985897343 0.47028176387282783 0.6347590684890747 
