Car -1.0 -1 2.2157666369028655 0.0 181.48470606885886 279.9875613527865 360.5279035265723 1.5 1.6251013174653053 4.149742659926415 -5.712885195099692 1.6255628273172393 8.355059021041907 1.6160209059675754 0.9999990463256836 
Car -1.0 -1 -1.9676125759096148 790.5417518616447 174.7343427439509 1113.1997124892605 360.31377131582815 1.5 1.588078823685646 4.048330572247505 3.2385298394848907 1.5262455195973048 7.900735996893595 -1.5785989897002024 0.9999984502792358 
Car -1.0 -1 1.3383224788870385 704.5146669906617 177.5410421918855 803.3473031255759 246.90250235911523 1.5 1.5495144322514534 3.6431784301996233 3.361274382737373 1.6274405728140835 17.706256515139714 1.5259255607936042 0.9999977350234985 
Car -1.0 -1 1.942700366009282 231.86748486585554 181.22750306741955 387.43609676439854 272.2050493129483 1.5 1.5387731164693832 3.7173739194869997 -5.722930583795238 1.685786667243895 14.106596660080937 1.557296915850367 0.9999973773956299 
Car -1.0 -1 -1.740835122865055 656.658631328864 178.80638044683496 707.2572251860896 215.32927445680502 1.5 1.6360726699233055 3.643315148353577 3.101710868420421 1.7808388006540423 32.11970938089687 -1.6445664102819306 0.9999953508377075 
Car -1.0 -1 1.7247472241175352 482.26860319326335 180.70790678434926 523.3785454137841 211.25176736341356 1.5 1.5935374915599823 3.8264701634645464 -5.677064316218535 1.9385716548208094 38.33721429523425 1.5777332663496555 0.9999946355819702 
Car -1.0 -1 -1.7553171203920892 679.3755797049319 178.18909946190297 749.932993717477 229.53512718177652 1.5 1.5536770716309547 3.945397821068764 3.268753534980007 1.6889712531251353 23.499460568471278 -1.6171048815038545 0.9999891519546509 
Car -1.0 -1 1.8586084735877808 393.39992978951835 180.8112808889103 479.08532933478006 233.33485548325885 1.5 1.6077841192483902 4.008031871914864 -5.5332769362693925 1.779538374361963 23.267630084211387 1.62513517140947 0.9999812841415405 
Car -1.0 -1 -2.5224291003518458 1053.8629124185532 109.48555327529382 1241.0 374.0 1.5 1.5876321613788604 3.7425371378660204 3.259929560187139 1.4670419371918588 2.258283880144594 -1.5574696753781778 0.9972215890884399 
Car -1.0 -1 1.7675421446189796 501.3066174975069 180.62563893073911 537.6965768743062 207.5523179797277 1.5 1.4539991065859794 3.7846627205610277 -5.412296866967442 1.9871408297152529 43.251497772001684 1.643053758140427 0.6406327486038208 
