Car -1.0 -1 -1.7661030762069376 704.9988767681117 177.25655450108997 816.4667456623122 263.2352912861267 1.5 1.5137140199542045 3.429682043194771 2.841518371208208 1.5991782345612826 14.477028435087009 -1.5722891644716752 0.9999990463256836 
Car -1.0 -1 0.38936775226557807 248.03883548112793 181.71336304892583 448.0670396265959 249.89484533730953 1.5 1.636303824186325 4.122861337661743 -6.126598075505107 1.7204461251053862 17.014510781101674 0.04374067386123113 0.9999959468841553 
Car -1.0 -1 -0.24940402414084176 768.9984287385721 176.93217281248977 925.258239421997 235.13441730114945 1.5 1.5752671778202056 3.7599077939987184 6.303656792697732 1.6163672847580453 19.620823630130666 0.061453982195581715 0.9999953508377075 
Car -1.0 -1 0.43425314007822746 212.86147129438106 181.89432256073817 410.22488012150586 261.41480052906724 1.5 1.5463030457496643 3.3657121032476427 -6.015532424487757 1.6945337979625492 14.647703412117306 0.04457311233016423 0.9999935626983643 
Car -1.0 -1 -0.18047596097462718 698.3871090318564 178.44768806968457 781.8198496478934 210.32944634718194 1.5 1.5910817801952362 3.759146344661713 6.233038379614735 1.7781834110501564 35.03060049617219 -0.004387573399816237 0.9999850988388062 
Car -1.0 -1 0.4649000157102152 148.60721356630572 181.95686833067387 399.30161023095377 278.2724005281295 1.5 1.5359607085585594 3.5376767188310625 -5.620970032040284 1.6649675378890376 12.217859134478374 0.03371028502913884 0.9999890327453613 
Car -1.0 -1 0.5552141520481555 8.726272131092955 182.4622577117283 343.746031049272 302.90951231921093 1.5 1.5543362617492675 3.695577245950699 -5.855569997932129 1.643554592927935 9.932137747048777 0.02250806888076238 0.9999818801879883 
Cyclist -1.0 -1 1.5414014783763512 565.3515062562184 181.83025054072553 574.9571209673668 203.72955334321622 1.4 0.5822076022624969 1.70156532227993 -2.671159504933 2.004806642042402 47.71216594356179 1.485474987826075 0.999963641166687 
Car -1.0 -1 3.36705418908825 336.31061607884425 181.47015800098737 471.5530777907923 233.88430343319632 1.5 1.564195242524147 3.674505141377449 -6.193942309873527 1.7712752185014466 21.809327325829766 3.0903361916502536 0.9998800754547119 
Car -1.0 -1 3.877034568460917 0.0 184.11337757175016 153.2950178978234 355.10334742125445 1.5 1.5212823197245597 3.431728345155716 -6.837101967019639 1.6256828286474256 7.23025687317311 3.1195771574934543 0.9998652935028076 
Car -1.0 -1 0.18350891811470313 403.8475150010851 181.23673064720364 512.8457540351606 217.00060299015942 1.5 1.7119678229093551 4.433023047447205 -6.6125054873101305 1.8779403351106394 31.5910582212954 -0.022827819981847484 0.999718964099884 
Car -1.0 -1 -2.920881737967943 398.19053459772795 181.2841975443834 502.1992153641311 220.33355802143922 1.5 1.5855199217796325 3.8075952351093294 -6.377433043142066 1.8468836062704326 28.85741718326066 -3.1383838216450557 0.9993071556091309 
Car -1.0 -1 3.381495554137617 345.24690393694846 181.5150384387215 477.5142494058807 228.06889710996398 1.5 1.6020907580852508 4.0522465974092485 -6.68956079689497 1.8038073149138316 24.420776197683704 3.114125239845139 0.9992061257362366 
Car -1.0 -1 -1.7058446159780645 635.0823905186414 179.3357009274393 668.5074345627801 203.3043339363198 1.5 1.670078982412815 4.328331586718559 2.7353987174651127 1.9567379933856857 48.57796362793954 -1.6495945612576348 0.9991167187690735 
Car -1.0 -1 -2.800228325443266 285.76794520406 181.8437577857788 431.615853182992 240.43250556787734 1.5 1.54907428920269 3.40076522231102 -6.763328635816815 1.753142472076019 19.499047102741454 -3.134098009267126 0.9988977909088135 
Car -1.0 -1 1.6468496045519974 1055.9759726888935 174.93459432840453 1095.8848900693688 205.52048753570148 1.5 1.4635883763432502 3.815310311317444 24.282421902726266 1.6144788701348711 37.61188519379746 2.220129001136643 0.5925008058547974 
