Car -1.0 -1 -2.325787236217353 0.0 183.55610676248233 201.5385808326916 370.00657725580055 1.5 1.5862882629036903 3.852924939990044 -6.276964740017027 1.6157003158675034 6.841366363369151 -3.068188027539526 0.9999985694885254 
Car -1.0 -1 -0.053423788166051776 652.9122680394116 179.02300218482765 728.925742077572 205.99306921500622 1.5 1.6813641905784606 4.259879004955292 4.5722481942902125 1.8636115923087335 41.52500730977452 0.05624274810286931 0.9999957084655762 
Car -1.0 -1 -2.06254552901124 948.4998618481555 175.49529272363753 1052.877020705349 221.20953604902078 1.5 1.6212443381547927 3.902922806143761 13.813565149816393 1.6021441932434954 25.85059360686096 -1.571787973228146 0.9999867677688599 
Car -1.0 -1 -1.962887884326039 874.4300690316521 176.0869882353874 992.1665841870966 224.74440980779968 1.5 1.9646741941571235 4.924071815609932 10.979445454557089 1.6237443559534812 25.052570570708944 -1.5498428708550078 0.9999938011169434 
Car -1.0 -1 3.632525701638333 58.623602022973714 182.54770301255468 340.92207430065275 286.0525801765681 1.5 1.5559956923127174 3.5763254880905153 -6.387204622900251 1.6647013321734054 11.417932422307228 3.122493374343735 0.9999774694442749 
Car -1.0 -1 0.2442378409600676 394.60433197261216 181.21422466103715 508.99106175329507 222.26963991655634 1.5 1.5960801884531974 4.002099347114563 -6.028431438463681 1.8296703137784203 27.56334713393987 0.028916521868433274 0.999955415725708 
Car -1.0 -1 3.4778666278007737 228.2156490165259 181.90356531420707 424.5781650202352 252.1893329606724 1.5 1.5849417567253112 3.8677366942167284 -6.410042266427982 1.7178154767139038 16.476346970204922 3.1068396449049533 0.9999232292175293 
Car -1.0 -1 3.447134455205224 280.3667381925533 181.8127221626722 435.2191587809522 241.64077235579794 1.5 1.5389299511909484 3.5844626396894457 -6.65624639956024 1.748408238338838 19.154348514889058 3.112683403488022 0.9998252987861633 
Car -1.0 -1 -2.8257640590154987 309.0070766557926 181.59059203316593 471.5987054241482 234.7302505918946 1.5 1.6670763984322547 4.340316963195801 -6.516175611049476 1.7718148897253838 21.535266569318754 -3.119587616124426 0.9996945858001709 
Car -1.0 -1 3.178086967353832 410.4127971186438 181.1145355143574 511.05996491498246 219.33335758624384 1.5 1.6279716536402702 3.9835887521505358 -6.182565635910084 1.856142034540653 29.94014160228247 2.9744516491850437 0.976690948009491 
Car -1.0 -1 0.025518928944227443 644.2199646115981 179.19331066040385 708.6425370312556 204.15520774789337 1.5 1.5759811297059059 3.9218826711177828 4.109012919470575 1.9035772994384192 44.88036988594611 0.1168191870066779 0.7384564280509949 
