Car -1.0 -1 -1.5115440438610712 590.1742900050391 179.64435167450955 625.830228850306 210.8341763171471 1.5 1.6363870844244957 3.6162978529930117 -0.09700828129443226 1.869360880958412 37.35567809270419 -1.5141409198429925 0.9999996423721313 
Car -1.0 -1 -1.5659721466976944 587.9619301108153 179.27130202147265 638.6775933775158 227.72180792026506 1.5 1.601613175868988 3.3245640367269518 0.07157525620571009 1.7326426125922183 24.44606156907638 -1.5630442700956506 0.9999995231628418 
Car -1.0 -1 2.26659608136293 0.0 183.10746769695874 169.8695452781134 313.0443030061153 1.5 1.5810296431183815 3.8188646107912065 -8.474612603149511 1.67773173440358 10.554755638360115 1.590077865119797 0.9999865293502808 
Car -1.0 -1 -2.2480972562684687 348.72998741366024 180.6024145939066 513.9017355239071 249.04084686063104 1.5 1.6966449588537216 4.334569585323334 -4.637877681963159 1.717530004269475 18.24022042954513 -2.4970874349263057 0.9999774694442749 
Car -1.0 -1 -1.6570783890826013 647.457332294954 178.98287923894813 691.3977211078299 207.04706009671523 1.5 2.074156378209591 5.979367208480835 3.4064966471572364 1.8899698244789207 42.86846928985765 -1.5777810961615784 0.9999657869338989 
Car -1.0 -1 -2.2915665999421115 282.3530712731937 180.9506349736359 470.5258865956402 262.8509687412113 1.5 1.5956076353788375 3.889814254641533 -5.015947338757552 1.6899209130915764 15.2166963760959 -2.6099844733860835 0.9999330043792725 
Car -1.0 -1 -1.8243804155657086 34.858047989020776 180.47936412263664 371.76175958984084 374.0 1.5 1.7966473966836929 4.708332058787346 -4.502134212637995 1.6035249512665575 7.47041337630408 -2.36675496498612 0.9998685121536255 
Car -1.0 -1 -2.388637198593572 491.1276769004914 180.5419753565218 561.0528739766893 209.99802367154106 1.5 1.5846135586500167 3.70787889957428 -4.638879018074556 1.9385665899367266 39.38605772104693 -2.5058767954495296 0.9997822642326355 
Car -1.0 -1 -2.2650746265231625 425.2887801995392 180.6090733930505 532.7032067059473 227.22574883914803 1.5 1.6114568829536438 3.940754246711731 -4.761806112441632 1.797007762445319 25.718699418081385 -2.448151008286749 0.9997193217277527 
Car -1.0 -1 -1.650991509517577 0.0 181.49641410124244 121.29654179614398 374.0 1.5 1.5394414335489273 3.66423377096653 -4.85301287114335 1.5803111095122495 4.894871222811302 -2.4320956031468257 0.8035235404968262 
