Car -1.0 -1 -1.6482107058623996 652.8705222837395 178.95854082983104 691.7100091033176 213.65930026809198 1.5 1.52566549628973 3.442121532559395 2.808181278130472 1.7985750099188025 33.51987492587589 -1.5646292768095178 0.9999995231628418 
Car -1.0 -1 -1.8328312218984453 743.0534909743699 176.02549012265737 929.8834484316321 309.5809658225231 1.5 1.5327128142118454 3.4551969289779665 2.836527522214038 1.5516364719825335 9.923603537093067 -1.5544186300274474 0.9999985694885254 
Car -1.0 -1 -1.5554059841115282 592.7673994950226 179.24980119159636 642.3041895112061 226.05897852873503 1.5 1.6208114594221115 3.367305409908295 0.24248297030204383 1.7396350489098675 25.28777882645509 -1.5458173389222962 0.9999955892562866 
Car -1.0 -1 0.8994046832172874 417.19261750713696 180.8537280351984 515.0843974607935 221.05093974841333 1.5 1.6041916355490684 4.326448079943657 -6.0221807743707645 1.8522233744684513 29.727344691823475 0.6995290954920904 0.9999866485595703 
Car -1.0 -1 -1.564520425401721 590.1868755190457 179.67577294200171 622.6430555011935 211.2742037956446 1.5 1.574396577477455 3.4649501115083696 -0.21148832423398603 1.8640332495253142 36.73026812282092 -1.5702782376345736 0.9999862909317017 
Car -1.0 -1 1.0194177316563173 310.99635532479124 181.24512385684395 444.75482823371516 244.62336580630824 1.5 1.5850274384021759 3.950723123550415 -6.369738041611996 1.748515147137615 19.454160025126296 0.7029959400508063 0.9999760389328003 
Car -1.0 -1 2.125226447217772 132.43410448414326 183.36037754243634 244.71536216275956 230.56204569206974 1.5 1.5864667043089866 4.030433160066605 -15.001050024877532 1.9067733958156672 25.870975998488166 1.5997617125471653 0.9999755620956421 
Car -1.0 -1 -1.477148897491507 486.8654693841913 179.74138047093686 560.2053484627427 244.95980772687548 1.5 1.5560731783509254 3.7401466190814974 -2.215011767772494 1.6986060661989086 18.87861354971025 -1.5939440662649018 0.9999713897705078 
Car -1.0 -1 1.0136594583668996 137.06637505128714 181.61978967151472 363.9302330450353 294.0828951739903 1.5 1.5797671422362327 3.5393117487430574 -5.803163938151273 1.6589926273151472 11.462082525323403 0.5449907024714605 0.9999701976776123 
Pedestrian -1.0 -1 -2.870806487016271 823.4476515418878 161.67408320049307 864.200534132991 253.46853861176484 1.8 0.7326267220079898 0.6138166904449462 4.6918555711671575 1.5811305546431516 14.62058069813069 -2.560280458131109 0.9999508857727051 
Car -1.0 -1 1.3019443370676018 0.0 181.87276227571513 255.19760098417134 345.4493543655053 1.5 1.5733184784650802 3.7301769971847536 -5.932440196662602 1.630595731535132 8.614651871971319 0.6988796432826179 0.999832272529602 
Car -1.0 -1 -1.4820543107494526 515.6046089859888 179.83208246259565 574.244323422058 230.26124337121377 1.5 1.5984749913215637 3.8512884199619295 -2.1243998183600925 1.7503216407577264 23.917892371609813 -1.570642366775081 0.9995191097259521 
