Pedestrian -1.0 -1 2.0407434093652226 253.7224428572311 172.96625076362022 281.4230781594775 219.77404611896856 1.8 0.6531334042549133 0.8745806783437728 -13.204348834869954 1.5117947581491407 27.62973763379682 1.5949287295301975 0.9999991655349731 
Cyclist -1.0 -1 1.6790081543985906 471.2906772227793 180.5594318448094 491.9291049127599 217.35682736073065 1.4 0.6219108149409294 1.695960995554924 -4.85789200322784 1.4038995882416385 27.764414066330737 1.5057932575556892 0.9999986886978149 
Car -1.0 -1 -2.287612283631101 1034.3981197555186 169.34400624747872 1154.7152463046093 217.407252900603 1.5 1.5700912594795227 3.2453621298074724 16.298251353388327 1.153387916365121 23.763665572940184 -1.6864479045060021 0.9999922513961792 
Pedestrian -1.0 -1 2.0055730199215773 209.90238711190344 170.23711633144555 253.14321556053955 235.5201047848601 1.8 0.6830969385802745 1.109798115491867 -10.616598670592083 1.518607020840242 20.06185811526415 1.5188445289942878 0.9999932050704956 
Pedestrian -1.0 -1 0.9062942862468174 532.8986777325797 157.55963255083697 605.473737828749 269.7310293828526 1.8 0.8257928796112537 0.933723759651184 -0.6552454742624596 1.4335330098529784 11.964193369616046 0.8515817364070074 0.9999821186065674 
Pedestrian -1.0 -1 0.37566026882977077 809.7172450356998 143.47479568232583 924.496504161982 312.22198368432464 1.8 0.8475351639091968 1.0087841682136058 2.986204534276519 1.4067475925493305 8.188707545257806 0.7253469665858405 0.9999768733978271 
Pedestrian -1.0 -1 0.8925229820749017 472.6441192769901 158.60596153423705 548.0446246803086 269.31369168478943 1.8 0.8085469275712966 1.040705156326294 -1.6741822546607412 1.4456769708317447 12.14201690244624 0.7555035789820808 0.9999517202377319 
Car -1.0 -1 -2.1274683665122143 953.7488348564133 170.4686023846523 1066.4894981093553 217.93802733644256 1.5 1.6557040184736251 3.646075960993767 13.69336521853644 1.184566368750609 24.19318333017911 -1.6124233948674542 0.99992835521698 
Car -1.0 -1 0.9158130975055047 1098.7679499473702 168.23972548847928 1223.0 215.40221360164242 1.5 1.6419517368078231 3.9653247714042665 19.2583263583516 1.111612757897593 24.474807201796104 1.5824923396071018 0.9999133348464966 
Car -1.0 -1 -1.6616614727730528 599.5546234721185 176.14709635753667 635.3772510624392 206.34227890021052 1.5 1.54419434517622 3.5838118314743044 0.5955502168923467 1.2851936282228613 36.96353101132872 -1.6455510343101365 0.9998904466629028 
Pedestrian -1.0 -1 0.6198239412584425 630.0691945549393 146.92151098013267 740.9247156638625 310.52823020111555 1.8 0.7923456400632858 1.0466495089232921 0.9053469666685476 1.4322571667888941 8.417793079997635 0.7269636829707282 0.9998931884765625 
Pedestrian -1.0 -1 0.8869476565629735 550.3940854957542 155.7218891835071 627.8566383458513 276.8454017841195 1.8 0.7588295757770538 0.9962352484464645 -0.30305180690707934 1.4334378511366046 11.127411073467142 0.8597196777674811 0.9998406171798706 
Cyclist -1.0 -1 1.21325047872834 728.1733842184342 179.1979440233838 793.3712207318911 256.57562547596734 1.4 0.6434587322175502 1.7789338275790214 2.9415516803152735 1.3780824277850654 13.71457281555122 1.4245330532405036 0.9996534585952759 
Pedestrian -1.0 -1 -1.5138240319374927 186.71513564123023 174.55548558634376 206.3720166302363 217.5293181736091 1.8 0.6945270605385303 0.528481838107109 -17.35127025017053 1.5524917593185494 30.002810416104392 -2.0381509224560603 0.9996614456176758 
Pedestrian -1.0 -1 0.550711853629835 646.457277366946 145.15708636883514 760.5120501330848 317.4977973392506 1.8 0.7064605623483657 1.0652955181896686 1.0585295991436294 1.4325546694439266 7.989796388704579 0.6824299534175056 0.9995335340499878 
Pedestrian -1.0 -1 0.4596556030066994 681.1597597738646 146.69660334613917 788.7260360463558 307.8813357942449 1.8 0.6702751412987709 1.0859789818525314 1.5064799348304012 1.4241933440523036 8.482856059471269 0.6354142864558356 0.9995224475860596 
Pedestrian -1.0 -1 0.527664852786986 714.7874624946185 148.0281793848312 815.8333331182268 299.2771657736474 1.8 0.6402984753251075 1.0810114003717899 1.9861673682427572 1.4152374416348803 9.01126091253237 0.7446057041499274 0.9994435906410217 
Pedestrian -1.0 -1 2.0804155916430283 231.8701091911243 173.20781066829585 261.31139560692145 220.20454875292543 1.8 0.6645042940974235 0.9108922936022281 -13.980147309026092 1.5222123893154806 27.543732598864572 1.6107368349989475 0.9993966817855835 
Pedestrian -1.0 -1 0.7957927779995921 512.2735665229814 158.82022463205908 582.7370989715705 265.46643559067854 1.8 0.7797114111483097 0.9846401892602443 -1.066002311384031 1.43573226550284 12.545449239992713 0.7110251625392097 0.9993728995323181 
Pedestrian -1.0 -1 0.2830931535364998 874.7695236816156 140.92099996196984 996.6739526568331 318.768553675637 1.8 0.77928067445755 1.0432121835649013 3.590366229228755 1.4011131408808937 7.787287585513728 0.7151021202418464 0.9992848038673401 
Pedestrian -1.0 -1 0.33240117912184697 897.5730466302097 142.79499312293837 1010.7237316873252 308.7992646340261 1.8 0.7340956039726734 1.005597461760044 4.032195482089914 1.3928495700513155 8.276728140579454 0.7857343395564215 0.9987185001373291 
Pedestrian -1.0 -1 0.9174142884205845 500.9060271447811 154.08674556067325 587.7022389545208 288.0097005872763 1.8 0.7593377985060215 1.0455287553369998 -0.9259652705551006 1.4466623330946258 10.139884340412765 0.8263477524134772 0.9955587387084961 
Pedestrian -1.0 -1 0.6571248120428315 676.8524441617212 145.37240274040053 785.4854635517096 314.394214688288 1.8 0.6135899133980274 1.0783012516796588 1.3871073977153414 1.427597993894964 8.129118268075624 0.8261315067622321 0.5375286340713501 
Pedestrian -1.0 -1 2.1735502500254844 517.5121012143693 169.90642445098447 542.7187492585914 214.5809959873047 1.8 0.6936759248375892 0.8072508990764617 -3.091683145029067 1.3746642102742488 29.003122268688866 2.0673529982527317 0.5014051795005798 
