Car -1.0 -1 -1.7709021122045698 695.4015692407979 177.38830249162496 808.256368303773 256.57594289116065 1.5 1.6082602113485336 4.180462148785591 2.9353959489259727 1.6142191843841707 16.010900257172466 -1.589578456306134 0.9999986886978149 
Car -1.0 -1 -1.8426997752187302 742.495991313228 176.358567909933 902.3504497309194 290.0236891080577 1.5 1.5216090276837348 3.2456553101539614 3.079249913011563 1.5628920937954105 11.24577058942255 -1.5754364729535324 0.9999972581863403 
Car -1.0 -1 -2.6705082548243584 171.48295465098343 182.73762277586005 387.48237950733727 228.61085745098018 1.5 2.1725599214434625 6.643655759096146 -11.520072717405782 1.864610590996265 25.35554532902437 -3.096966580548559 0.9999938011169434 
Car -1.0 -1 1.7943054785126253 385.8364473834803 180.15415092490983 504.578711698405 256.06732520612496 1.5 1.7443007349967956 4.450344529747963 -3.7305533513206384 1.694084101105631 16.914183766343896 1.5772232890089573 0.9999842643737793 
Car -1.0 -1 -1.5787913613366042 611.7047662435525 179.59566460629233 638.5719492962136 204.17541919272614 1.5 1.6835064187645912 4.274304819107056 0.9417421156074753 1.962898651815368 47.35445394554155 -1.5589068961006147 0.9999490976333618 
Car -1.0 -1 -0.8310067702703987 1119.9831007373778 169.60515124437467 1241.0 331.3460904474228 1.5 1.6702663645148277 4.6390852451324465 8.17881490549192 1.4702277757048214 7.534756100150695 -0.0046441117909295174 0.9999282360076904 
Car -1.0 -1 1.854836605280735 291.46329569425205 180.12840225460175 462.0366357324403 294.6678926641811 1.5 1.5500687554478645 3.8908036917448046 -3.5889364964892145 1.63758116164689 11.651612979000465 1.5560378273341315 0.9998812675476074 
Car -1.0 -1 -1.4890713953817813 695.2271142790534 177.99134512870617 756.8749269435823 231.4702937569998 1.5 1.6086867570877075 3.707004946470261 3.6596441481972724 1.6755480842935855 22.610335034776696 -1.3286058763649804 0.9996414184570312 
Car -1.0 -1 -0.3485518493221884 768.3155983654959 177.55243487703183 893.8339360277099 204.5396614643588 1.5 2.1259870871901514 6.619877231121063 12.688320255577608 1.7804503196463293 41.77204398095022 -0.053656891980443676 0.9974884986877441 
Car -1.0 -1 -1.4873244383919781 496.51126657076 180.67448756077505 529.2816131383245 205.6446021216897 1.5 1.7383570343255996 4.753158849477768 -6.338284461140505 2.0389494180253793 47.27216477863412 -1.6206102008607728 0.9876169562339783 
