Car -1.0 -1 -1.6716725524343043 659.4408531368098 178.49419734561903 718.5265517324239 227.21572846675053 1.5 1.5993234261870384 3.8853521019220354 2.5694565188141616 1.7079351000628527 24.606953291901004 -1.5676296665940923 0.9999998807907104 
Car -1.0 -1 -1.6576499311689625 640.1743917484946 179.22478059689473 673.6068511253995 208.35326644000406 1.5 1.5314538523554801 3.4604775279760362 2.502693956453456 1.8660462976303671 39.666172181622755 -1.5946395425733668 0.9999995231628418 
Car -1.0 -1 -1.80390556204194 699.5841071464414 177.11310519469146 830.9754146655683 269.8351826707262 1.5 1.588509839773178 3.648125243186951 2.7322516130859835 1.592122005683973 13.691510602312407 -1.606934958198343 0.9999988079071045 
Car -1.0 -1 3.489033475844961 240.2518365003319 181.86418001465896 434.0731852027407 249.3470953577996 1.5 1.6100794568657875 3.9832482606172563 -6.399094087670834 1.7240419958063407 17.08311160138053 3.1306258320768894 0.9999865293502808 
Car -1.0 -1 -1.690453172611165 649.5800666597108 178.8512479548194 696.5989987235472 217.31515903500858 1.5 1.537145909667015 3.7614336729049684 2.5775953482545093 1.7708791731807134 30.637118463371152 -1.6065177554872376 0.9999630451202393 
Car -1.0 -1 -2.3276520444789135 0.0 184.12815823991795 145.18328439754933 361.3295441513232 1.5 1.5548006191849708 3.524897110462189 -6.855178522276638 1.6241724241611344 7.067483999663648 -3.097802476086889 0.9999086856842041 
Car -1.0 -1 0.5895039886974602 78.97164306498613 182.3279440952756 367.9747550099907 280.84113968986213 1.5 1.5897049129009246 4.115085166692734 -6.459814839841898 1.673387949259462 12.175602520462053 0.1017129858348029 0.9997345805168152 
Car -1.0 -1 3.3777271635633492 349.67522455066216 181.4618441170459 484.5282562970827 227.51563641876098 1.5 1.6393377006053924 4.1918429106473925 -6.565597828194101 1.8053358777880546 24.6923091839954 3.1178439736326755 0.9384051561355591 
Car -1.0 -1 -1.4221970451535835 0.0 0.0 1241.0 374.0 1.5 1.711835016310215 4.482168939709664 2.9168813932018303 1.4622691844877265 1.4549385467952656 -0.31408734718826836 0.7977595329284668 
Car -1.0 -1 -2.8549567838634964 334.61571206993347 181.5462042972115 469.1892120845347 232.825082125654 1.5 1.5378501757979393 3.6859365671873094 -6.364813810259186 1.776640834134116 22.149957112209385 -3.1347690383580074 0.7298847436904907 
Car -1.0 -1 0.30844997912507943 295.8516060394527 181.64350467612644 456.43179788642686 240.0756256969755 1.5 1.6730474799871444 3.8260603815317156 -6.312530667775075 1.749593197889728 19.61511987467078 -0.0029027024891717054 0.7241090536117554 
