Pedestrian -1.0 -1 -1.0658902520341795 599.318293904387 153.04332119020452 694.2300494760298 300.3161630033358 1.8 0.9240211479365825 0.89553804397583 0.5562284009606396 1.4535367822889351 9.402424744487346 -1.006801144280706 0.9999897480010986 
Pedestrian -1.0 -1 -2.150223175148939 950.1802796805564 132.24973835986768 1125.5766202629957 372.5832251538539 1.8 0.8281973682343959 0.9653112411499023 3.465767625604885 1.4325337203887047 5.878899065679638 -1.6175402673569066 0.9999885559082031 
Pedestrian -1.0 -1 1.64427954103022 492.6982071279045 170.3999856351292 515.7624015714962 227.82142961484993 1.8 0.6743946604430675 0.8068013496696949 -3.123963659641834 1.453152822388703 22.938637097623392 1.50892440875503 0.9999675750732422 
Pedestrian -1.0 -1 1.810342348833183 284.8978542862657 147.19166192368002 385.450962941134 348.62932692984435 1.8 0.7294589214026928 0.826747578382492 -2.565325873869774 1.4948091731782185 6.869647873311318 1.4529496868464606 0.9999508857727051 
Pedestrian -1.0 -1 -1.5358662734208421 573.1675573943007 168.65360795154945 600.2434627421603 230.84820641613248 1.8 0.7718164034187793 0.897424903512001 -0.4560777101296064 1.4293434434133045 21.240887675671253 -1.5573346624758584 0.9997543692588806 
Pedestrian -1.0 -1 1.659239937241684 497.8529668326717 170.48978255272152 520.2768269504359 227.09909230726225 1.8 0.6554160758852958 0.7755029506981372 -3.0082740028045545 1.4510107412355695 23.238842182873544 1.5305055816981452 0.9997212290763855 
Cyclist -1.0 -1 1.6953512934216304 408.06701721108067 188.10791419908242 485.76619297081555 331.0127400961544 1.4 0.6457473643124103 1.64394513964653 -1.715169597190268 1.4823796881460551 7.959999158968064 1.4831225117060798 0.9998587369918823 
Pedestrian -1.0 -1 -2.7797321303697275 363.85013842579707 157.90914183403382 424.34360779090264 294.01891406539835 1.8 0.5288226090371608 0.6483369998633861 -2.860768631059946 1.4893479955534823 9.78579158767718 -3.0641457597401485 0.9989827275276184 
Pedestrian -1.0 -1 1.6890889942291962 469.76571190893225 170.92268341772063 492.1472661833822 226.81273410495547 1.8 0.6294508956372737 0.8590209789574146 -3.973175482062606 1.46044241076562 23.576459052467026 1.5221347053858894 0.9989732503890991 
Pedestrian -1.0 -1 -3.0145559492528724 508.69403467718627 170.29366685401146 535.5367594445762 227.21501257474137 1.8 0.7164001025259494 0.7742586106061935 -2.5681196386711744 1.4467303389104094 23.077422778227064 -3.125382737317358 0.9964486360549927 
Pedestrian -1.0 -1 1.9503889103016046 394.90632072357954 151.77667835972238 487.5303940886023 319.82501402873737 1.8 0.6649418294429779 1.167924565076828 -1.8702853419819119 1.4829862481128004 8.32073434673417 1.729289519782883 0.9999922513961792 
Pedestrian -1.0 -1 -1.5236053355393053 545.2272661100936 169.0529040512368 571.6856157784841 230.72850979709386 1.8 0.7459322482347488 0.9789261527359485 -1.3033274909919053 1.4378653192479223 21.45640846410767 -1.5842738329109294 0.9910366535186768 
Pedestrian -1.0 -1 0.9286242109438014 891.5985054040053 130.85554042249237 1056.8126016574593 373.0 1.8 0.7599271394312381 0.8962227523326873 2.827783048289547 1.440174518871595 5.628903378526599 1.3941647251460212 0.9897633790969849 
Pedestrian -1.0 -1 1.6840238140604284 484.10017197670396 170.69695237543664 506.488990769762 226.9741338269124 1.8 0.6293820708990097 0.87427883669734 -3.479685891964157 1.455568569802254 23.420668087614132 1.5365294655177253 0.9850061535835266 
Pedestrian -1.0 -1 3.2328468825382752 372.4442597982833 159.4651723509321 426.73183331120555 286.2793280709517 1.8 0.5292527869343757 0.7226301848888397 -2.988928230243995 1.4885539725427315 10.52017782490322 2.956027495857102 0.9359427690505981 
