Car -1.0 -1 -1.6021483642319887 520.9219211653797 179.79627135914464 575.2102341989605 228.83490334067892 1.5 1.7127836614847183 4.464138534665108 -2.2730850424508646 1.763664413801884 25.044131283040116 -1.6926635364678246 0.9999998807907104 
Car -1.0 -1 -1.825816919239235 709.914911267698 177.9343317906277 788.5425745131569 222.69284342414727 1.5 1.7838076248764991 4.519256067276001 5.051741607227701 1.7069412177125283 27.020794404490047 -1.6409930447724206 0.9999997615814209 
Car -1.0 -1 -1.1326691730413943 185.68503885529802 182.62103005781867 301.2048960086918 233.80514937756314 1.5 1.6575972110033035 4.631081458926201 -12.240669003697956 1.8619423793253982 24.371943806627318 -1.5981105818089587 0.9999992847442627 
Car -1.0 -1 -0.958791296170727 0.0 184.2826662515666 143.414227306831 236.52356719187864 1.5 1.6647441804409027 4.581701990962029 -17.856299756871017 1.9177895589833345 24.03901153356695 -1.5976717277106387 0.9999709129333496 
Car -1.0 -1 -0.6112493206643688 833.1782838419787 175.73715581581214 1087.8346288963705 232.92604411871184 1.5 2.109881167113781 6.542893362045288 9.899717578096746 1.5892093539550465 20.657246864819705 -0.16434963146713802 0.9999524354934692 
Car -1.0 -1 -1.3109567763152226 293.44472813925734 181.71240869535683 382.39746623662876 232.68495966821718 1.5 1.6783800467848777 4.611860823631287 -9.112655442824519 1.82953246512252 24.43283244770695 -1.6679444471981866 0.9999436140060425 
Car -1.0 -1 0.896949842611706 1132.5958145204206 173.4433012648648 1241.0 216.73552452411982 1.5 2.0064408451318743 5.386967074871063 23.00144491289964 1.5252642983658011 27.781888883319823 1.588490474220139 0.9999375343322754 
Car -1.0 -1 -1.4678035028451792 439.5846894758155 180.87038431699676 487.5713942308262 219.01494088137406 1.5 1.628095519542694 4.159758847951889 -6.3463774726113895 1.8733683328212856 31.422633314602237 -1.6670909906413895 0.9999053478240967 
Car -1.0 -1 -1.8462710666300821 687.5464812596875 178.13571878642873 766.2164486459617 223.62986464077932 1.5 1.6863581284880638 4.492001843452454 4.159459402590594 1.7125940053132196 26.65974479559905 -1.691498630740915 0.9997451901435852 
Car -1.0 -1 -1.855749368817703 944.734503210245 172.6702893702485 1241.0 374.0 1.5 1.6786074757575988 4.310753431916237 4.035712337078401 1.499382098160228 6.136417074025156 -1.2740039686348779 0.9994072914123535 
Car -1.0 -1 -1.5862730913327447 566.5527369861421 179.94980019735334 597.615476773172 207.3196643903713 1.5 1.7543839782476425 4.468086597323418 -1.7360954869723142 1.9456998680805637 43.002446135933305 -1.6266231956568105 0.9985710382461548 
Car -1.0 -1 -1.8859073406001334 740.0740205672881 177.62429937228168 822.9384309232784 221.8609972709998 1.5 1.6845422357320785 4.609394308924675 6.329483492918837 1.6968220851721678 27.344139914545703 -1.658438556888376 0.9965141415596008 
Car -1.0 -1 -3.1158701654057976 0.0 0.0 1241.0 374.0 1.5 1.571488057076931 4.296426710486412 2.8926493069357275 1.4480120673410768 0.06644997338370985 -1.568041810593803 0.8840826749801636 
