Car -1.0 -1 -1.7901985880797895 719.3854023130144 176.4013056238085 892.9876264924734 298.0302176568959 1.5 1.6103439524769783 4.211100053787232 2.7216933639508287 1.565572487140811 11.1408130553776 -1.5505923992630584 1.0 
Car -1.0 -1 0.4253973478535429 121.51939065360435 182.01601714561292 415.4591566850848 276.0427114671595 1.5 1.6492208957672119 4.317071896791458 -5.8056402369139954 1.6700364152283265 12.516152789503613 -0.008915857472692213 0.9999971389770508 
Car -1.0 -1 -0.06300167681587879 677.8793049417186 178.7561095505011 752.2579033691229 206.7848423987031 1.5 1.5740452826023101 3.9805574834346773 5.733953846928599 1.8348877884415002 39.95113877864064 0.0795489986750739 0.9999949932098389 
Car -1.0 -1 -0.2886845428355498 806.1024233716172 176.1853859428792 999.1900439951452 247.84348132136552 1.5 1.5893124535679817 3.699009728431702 6.37076323919715 1.5792994909213856 16.142327658172853 0.08721165259810858 0.9999939203262329 
Car -1.0 -1 -0.26024860787891524 717.8662566171323 178.10230727029528 810.9590360557668 215.11880544904554 1.5 1.5298698589205741 3.5511235266923906 6.407765733002086 1.7272557156321362 30.334886217832565 -0.052074627080236156 0.9999901056289673 
Car -1.0 -1 0.7588816655226058 0.0 183.5736420136573 223.7895739006049 341.7082670956715 1.5 1.5982881680130958 4.021926832199097 -6.689649619856264 1.6308328979763849 7.872005443409003 0.054502292475427906 0.9999775886535645 
Car -1.0 -1 3.396706446475009 341.2551056377104 181.50156230276866 473.41288737583636 231.6113173974799 1.5 1.5623193725943565 3.7284186601638796 -6.345599539339426 1.7820895018909162 22.690658534410804 3.1240159153898777 0.9992528557777405 
Car -1.0 -1 3.7078022478297985 0.0 183.2028190135196 241.92661358039203 300.13913644063297 1.5 1.4435749992728233 2.6116138815879824 -6.903646809228333 1.6569010790269616 10.149687265071648 3.1105003237684787 0.9992175102233887 
Car -1.0 -1 0.40467991929076197 130.7900243612636 182.0003832822371 459.64870576096456 259.3425701242071 1.5 1.8713381633162498 6.095591795444489 -6.452225106150026 1.7044631277527358 15.15627529576786 0.002205415568079271 0.998601496219635 
Car -1.0 -1 0.16204253713444758 481.8029464334892 180.93327960245304 544.7129903882751 204.146956284673 1.5 1.6323360174894332 3.946130958199501 -6.447017225269752 2.0487616134645417 48.101010134492164 0.028805776438440598 0.998427152633667 
Car -1.0 -1 3.290096407797458 438.1503568422513 181.1107349609355 519.0312680366328 213.54071630915726 1.5 1.5894672393798828 3.6277005940675737 -6.303092857548252 1.9067043513582096 34.655681502217504 3.1101853728254856 0.8540855646133423 
Car -1.0 -1 3.2597444005690814 388.58463249168926 181.19735434221948 496.28173703500613 226.62908842252168 1.5 1.520077933371067 3.496912729740143 -5.806744445561236 1.8017184425835182 25.113222633673004 3.032515156265122 0.8086892366409302 
Car -1.0 -1 0.31664863154889566 420.6979869719291 181.02243479975508 525.1947796637529 219.12278278377318 1.5 1.5408834934234619 3.9669087648391725 -5.6769746621185915 1.8499586525413245 29.859587043303524 0.12876860698195866 0.6708741188049316 
