Car -1.0 -1 2.1459312507780903 86.94592509655328 182.95721685807985 252.86345658519897 250.98534218957775 1.5 1.6489550963044166 4.1523369520902635 -11.181291264986175 1.7907882890979958 18.63528999492603 1.6055071234663547 0.9999994039535522 
Car -1.0 -1 -1.8685376321077738 755.9930219084621 175.8339492942787 979.7414256779875 303.68765241413536 1.5 1.806652781367302 4.441828143596649 3.4608749285102394 1.5541847345613986 10.798447473132628 -1.5583835058521969 0.9999982118606567 
Car -1.0 -1 -1.5616851230990578 591.4029890564648 179.52403152041362 629.8344555041549 216.0867329159348 1.5 1.6110189750790596 3.4759054452180864 0.00020898206601559758 1.8121511960381798 31.980615948448456 -1.5616785884511215 0.9999957084655762 
Car -1.0 -1 -2.1564752921789583 321.370695558312 180.81157988403587 475.9678063181294 257.6214504591146 1.5 1.6051268696784973 3.5901600986719133 -4.85801887366278 1.6987278796549063 16.21889348089074 -2.4474993507054195 0.9999847412109375 
Car -1.0 -1 -2.088094563949751 251.6598870797184 180.86674619453478 445.48775477162974 279.8249049669391 1.5 1.5937177956104278 3.828091409802437 -4.871819450105723 1.6659764460214994 13.071573755981124 -2.4448502222683772 0.999984622001648 
Car -1.0 -1 -2.240522289635652 371.29767888327115 180.63756052236712 512.3641917655183 244.01327967159068 1.5 1.5915822729468345 3.910684821009636 -4.618095261707302 1.7290290266202468 19.3603411660502 -2.4746804396298274 0.9999809265136719 
Car -1.0 -1 -1.7316525225539925 702.5109777174821 177.8805732941136 776.361926949166 233.75214416783908 1.5 1.5590891733765602 3.8532181203365328 3.738851089217578 1.6646845719057217 21.651066138896372 -1.56065229798225 0.9999682903289795 
Car -1.0 -1 -1.5958826932875576 587.0673973475638 178.9447763400599 652.7925842735916 241.76012006974068 1.5 1.6016945734620094 3.4164300680160524 0.16516769147892055 1.6776790568984377 19.282225712494586 -1.5873171026494843 0.9999499320983887 
Pedestrian -1.0 -1 0.49118959399398077 51.76819470796364 129.7767626956857 223.87964332212326 374.0 1.8 0.6157833643257618 0.6776427410542964 -2.924954243262419 1.5551989072776704 4.441107312279598 -0.0912140170719964 0.999946117401123 
Car -1.0 -1 -2.343884104544757 502.22956152753324 180.48897475409885 565.0712137954764 209.37159887189262 1.5 1.523815330862999 3.398607161641121 -4.2922909175448165 1.9415601158535765 40.02276010718767 -2.4507219950344905 0.9999195337295532 
Car -1.0 -1 2.3733591231164293 0.0 184.31552803547922 71.19645737784148 298.6740691298169 1.5 1.6244834780693054 3.980317947268486 -11.288351344646262 1.7214176961782042 11.890308598132773 1.6139254450758518 0.9998772144317627 
Car -1.0 -1 2.0392494919641444 236.98040023505902 182.6656453099447 324.65477036517467 220.46055155978826 1.5 1.7541716367006301 4.358187553286553 -14.509775097449756 1.9656251332262626 31.99794377053701 1.613522279258591 0.9996774196624756 
Car -1.0 -1 -2.193585298246415 448.77032448052694 180.48908991188603 542.8890136529394 225.12222986399664 1.5 1.6089290872216224 3.6547290652990343 -4.3235011668312024 1.8031165709309784 26.746146051569077 -2.353848473229681 0.9996553659439087 
Car -1.0 -1 -1.6794851101941553 681.3290390651317 178.476210271265 731.4651638320377 219.1521367815465 1.5 1.5826153129339218 3.800017622113228 3.772861044134061 1.7416695759473886 29.050693705520878 -1.5503363414343936 0.9999991655349731 
Pedestrian -1.0 -1 -1.2275833559809757 662.6420078362918 171.75855630218012 686.4623931002104 216.89387553429702 1.8 0.7453781113028526 0.778238058835268 2.5812077726830918 1.756671392503862 29.281493334120018 -1.1396591226246697 0.9827632904052734 
