Car -1.0 -1 -2.038566268713592 806.0509573060606 173.52780418207738 1241.0 374.0 1.5 1.5751794472336769 3.661262106895447 2.772546712194991 1.507324644362672 5.6195675051437615 -1.5802337518569571 0.999997615814209 
Car -1.0 -1 -1.4174769268293408 435.1339484699698 179.63080246635695 542.4289157298354 267.8620924483914 1.5 1.5483966588973999 3.6975527673959734 -2.3333758096491697 1.6530772602136603 14.403180741038156 -1.5780857513335091 0.9999923706054688 
Car -1.0 -1 -1.5505588740466256 580.1542105012003 179.41600998166814 627.3084190956113 224.55597904473257 1.5 1.6003018736839294 3.408145022392273 -0.23896403178752243 1.7540973272961096 26.18478896650138 -1.5596846836295468 0.9999920129776001 
Car -1.0 -1 -1.6076371361294004 654.503211491263 178.796934295066 696.9266751127523 218.96995433461828 1.5 1.5715254962444305 3.642469507455826 2.576502742222208 1.7574064159680503 29.347058428588596 -1.5200674245741708 0.9999823570251465 
Car -1.0 -1 0.9315947754814888 373.51231953092616 181.05186434748575 486.3030786871638 228.65003704312505 1.5 1.634882253408432 4.23915111720562 -6.436567716488251 1.8112349084495762 25.38709187241513 0.6832899292323249 0.9999414682388306 
Car -1.0 -1 2.2144438746699664 13.363160398245943 184.02551653651932 165.53164335243463 243.34408247318356 1.5 1.5747255206108093 3.8492663323879244 -14.93879134662912 1.854336374169504 20.917186788207843 1.5942594885786594 0.9999330043792725 
Car -1.0 -1 1.3257625373469193 0.0 182.14104868610227 190.66160344457845 374.0 1.5 1.526249063014984 3.592151266336441 -5.8054220840720525 1.6132785994656953 7.086281350540795 0.6393946846339362 0.9999275207519531 
Car -1.0 -1 1.1234961892543098 222.17105930708533 181.4850904766135 389.3935645229159 267.0964089427541 1.5 1.6001325592398643 3.989020597934723 -6.432422960742657 1.701981092964345 14.938830571085644 0.7169052799555915 0.9999105930328369 
Car -1.0 -1 -1.575507725131055 575.673680621209 179.8023652625652 607.9429372260066 210.95966944014785 1.5 1.59340990036726 3.883705896139145 -0.9966919091229743 1.8811755313588376 37.576660820236526 -1.602025735252772 0.9998977184295654 
Car -1.0 -1 1.949442794941916 267.5003801752683 182.57792856836275 337.43666523650734 216.33191354889897 1.5 1.6899224862456321 4.304007676243782 -15.05762569802357 2.0078409864542044 35.483057176705344 1.548113509020533 0.9988883137702942 
Car -1.0 -1 -1.4440157673292717 488.97897048988483 179.7538011055569 565.1538066531751 242.6552028045983 1.5 1.5784508109092712 3.740180891752243 -2.19127910785924 1.7048301378564261 19.498065726824887 -1.5559306080129487 0.9972035884857178 
Pedestrian -1.0 -1 -2.2467154188768514 901.1011913116267 153.3092781158483 970.2670239754102 286.3584259351783 1.8 0.7099940933287143 0.5260245434939861 4.500113996243074 1.5359405520706086 10.103396556527406 -1.8276883820679528 0.9961018562316895 
