Car -1.0 -1 2.1180418886819705 70.6911157916508 182.89495880080068 246.59908645674065 258.65682679869974 1.5 1.5718605861067771 4.082776096463204 -10.354204358957244 1.763584361682172 16.868619803021073 1.5675265034052985 0.9999998807907104 
Car -1.0 -1 2.1612219203713336 245.14210225418282 182.77421774443656 321.6196807084026 220.02118934947697 1.5 1.4568616196513176 3.334713962674141 -14.337744096095738 1.9613199931266672 31.75994296377342 1.737170207496506 0.9999991655349731 
Car -1.0 -1 -1.6390459082511282 583.5178954316624 177.11970956870752 754.4572021445907 343.3485689705941 1.5 1.5708642572164535 3.855363142490387 0.4587181590644815 1.5623649004005034 8.546675791941027 -1.5854252428424103 0.9999990463256836 
Car -1.0 -1 1.9027311067047092 356.6528294962564 181.57755888684756 427.48945255452514 217.99887540521334 1.5 1.7040545612573623 4.608494651317597 -9.947540677013253 1.9296768199416348 33.16992344465318 1.611369359489304 0.9999977350234985 
Car -1.0 -1 -1.557986583376551 1065.7527248875951 167.52662367297154 1241.0 374.0 1.5 1.6239354878664016 4.1210880994796755 4.300052876883431 1.481122813667146 4.656705928868341 -0.8123868266728265 0.9999793767929077 
Car -1.0 -1 1.846891086311581 404.447933406639 181.45292955322702 453.2007818204311 211.3726023077975 1.5 1.5562231212854385 3.9620457708835604 -9.845297341964768 1.9929528390267912 39.326960821699124 1.6015879988630832 0.9999091625213623 
Car -1.0 -1 -1.0026502065050429 713.7521642691719 177.5084078158425 833.1321119890225 231.97432417935212 1.5 1.6619164988398551 4.061597076058388 5.059289117809132 1.6568007023158762 22.23141647349996 -0.7788872877743584 0.9998818635940552 
Car -1.0 -1 -0.9638530434186245 667.0112877682858 178.7885057026815 727.6452290767728 207.89585571730473 1.5 1.550038208067417 3.5904912769794466 4.815734754983152 1.842942446891163 39.79366392388872 -0.8434210578587396 0.9998539686203003 
Car -1.0 -1 2.3746446127908087 227.1708386498048 183.063419650914 308.0458847788729 210.9671598824593 1.5 1.7188391208648681 4.369896140694618 -20.271178090783714 2.1399235998082675 42.850058958478456 1.9327702403029026 0.9997212290763855 
Car -1.0 -1 -0.9644303404779881 685.0817215809226 178.43261901892492 756.7953612362178 213.4808445724651 1.5 1.5201353028416633 3.5440097123384477 5.112976727450047 1.7715337899303627 33.26233973285199 -0.8119074861195428 0.9995705485343933 
Car -1.0 -1 1.6366286757619726 464.6243765011816 181.13350403135334 491.97190593051704 204.5179084744951 1.5 1.6092483446002006 3.7381457656621935 -9.048278434519352 2.09200853280971 49.60931737305914 1.4562210281703132 0.8026041984558105 
Car -1.0 -1 2.3687206067894406 0.0 184.48325175417594 16.863788209860356 331.69271171832054 1.5 1.647600208222866 4.1935647398233415 -10.620606408861844 1.6925434236985337 9.802782219516702 1.5433003147456306 0.5973454117774963 
