Car -1.0 -1 2.0469108268153917 101.50144367051153 181.7122005416069 319.0624513351404 292.16256348970205 1.5 1.5689371645450592 3.78751554787159 -6.418476203687029 1.6711892601368519 12.007033472325425 1.555999203524317 0.9999970197677612 
Car -1.0 -1 -1.5401287417189746 589.3323383930968 179.3750418706336 634.2598608850969 221.58699528421027 1.5 1.6335407763719558 3.543241184949875 0.07997087065471022 1.7696029656662822 27.990590961119175 -1.5372716868903977 0.9999759197235107 
Car -1.0 -1 1.7213975904735783 467.322107780365 180.94626702722638 505.6509219845133 207.77060217089056 1.5 1.696292546391487 4.049080473184586 -7.445695001354215 2.0124309875784046 43.61581682224122 1.5523165901515144 0.9999485015869141 
Car -1.0 -1 -0.9358391469268093 693.2414118844459 177.65362290935315 819.9207719222893 233.56934149699458 1.5 1.611453902721405 4.0946564197540285 4.4224612861891694 1.6575723819186245 21.66158122397543 -0.7344453493740899 0.9999048709869385 
Car -1.0 -1 -1.1443409834768556 800.282710388276 175.28457976386616 1019.854890217988 295.4449683832049 1.5 1.6005581736564636 3.9198196053504946 4.635251342858528 1.5438795231700968 10.999515706569968 -0.7455192367222649 0.9998972415924072 
Car -1.0 -1 -1.3623711979725008 929.0940416251412 173.2633797748105 1189.3667815440065 368.2139357585032 1.5 1.5399640917778015 3.481472519040108 4.644432087984052 1.505536401050477 7.3404600572393575 -0.7982419888165337 0.9998970031738281 
Car -1.0 -1 -0.941206947861607 663.5668225925417 178.34419996433414 760.3457226726116 220.2108285231659 1.5 1.6388170912861824 4.1686209410429 4.04097219790004 1.732627974080868 28.456660984877388 -0.8001456419613702 0.9991245865821838 
Car -1.0 -1 -1.6156023673231106 1191.8731124072863 160.2210305114182 1241.0 374.0 1.5 1.6561901688575744 4.06704270541668 4.347109465154976 1.4705365112121997 3.6914626396550707 -0.748821751275335 0.9980900883674622 
Car -1.0 -1 1.807059813285884 421.2171280659632 181.4026304178292 464.67224084125036 205.4755038425112 1.5 1.8029075607657432 4.814564299583435 -11.323552850440498 2.1106010165727676 49.08838917690001 1.5803487181623996 0.9937989115715027 
Car -1.0 -1 -0.9427362791764473 641.216645520216 178.95423373492386 714.402892564216 206.26993714362288 1.5 1.873602394759655 4.833924260735512 4.081449615144353 1.885662687428493 43.1385971871037 -0.84840460220841 0.9903714060783386 
Car -1.0 -1 1.1486193598455838 232.0289418478051 182.81620522867794 315.08149076196327 220.80222288324805 1.5 1.6902974367141723 4.25954447388649 -14.811738244787339 1.9644799907684047 31.58318247119703 0.7100979526850837 0.5183297395706177 
