Pedestrian -1.0 -1 -2.4245731725146995 94.35068115399822 143.86731263442587 266.36533117377144 373.0 1.8 0.7499077849090099 1.0076355680823326 -3.5699811727670268 1.5080847457549658 6.0570890348657676 -2.957153872647558 0.9999903440475464 
Pedestrian -1.0 -1 -3.2037942510837745 752.496772460526 151.5194672283923 831.0272249317405 298.4842641787981 1.8 0.7946836322546005 0.9259542942047119 2.3852387804238555 1.434143551690132 9.272894795814782 -2.952025369801794 0.9999755620956421 
Pedestrian -1.0 -1 -2.2393135048432304 582.7415100792284 169.29214967996282 618.2332199781723 226.92039766257193 1.8 0.7738678276538848 0.8537637561559677 -0.0589343550195956 1.419799955440277 23.009272240009405 -2.241874829926763 0.9999750852584839 
Car -1.0 -1 1.8199242398190327 364.2394207527855 180.57453289277524 483.14452311550883 247.19008013188855 1.5 1.8717896685004234 4.585256290435791 -4.41711761944868 1.4803757027985327 18.478271424271654 1.5852835059126438 0.9999945163726807 
Car -1.0 -1 1.7204844010555718 435.04112268569554 180.2528113648408 505.4218383868344 227.42708164492558 1.5 1.7437447354197502 4.664740946888924 -4.50978519160702 1.4614445640985 25.193694168852634 1.5433558662745612 0.9999845027923584 
Pedestrian -1.0 -1 -2.8555404504661865 997.9902293068233 138.17674987494405 1133.5107406268526 342.1355095025868 1.8 0.7529032908380031 0.9266692705452442 4.424090479327723 1.4190405646610234 6.933548998514343 -2.287597552933965 0.9999428987503052 
Pedestrian -1.0 -1 2.909848890928903 234.5188541610403 163.5257421070545 310.8422212090981 275.4094238740664 1.8 0.8690146289765834 1.0048194348812103 -5.631077017034335 1.5121208490464975 12.205865603039088 2.4776031851728977 0.9999573230743408 
Pedestrian -1.0 -1 -1.3735683811265793 334.3071066077007 170.11379055748486 370.17643933690454 238.7949858624717 1.8 0.7848520323634147 0.7111401788890361 -6.693365571274125 1.5027593252679616 19.22962492306188 -1.7085278938200814 0.9998834133148193 
Pedestrian -1.0 -1 1.8260845517476547 500.82392178686365 170.5883950679621 532.7266178517707 226.10279505752945 1.8 0.8400598101317882 0.9479497119784355 -2.8230573883395023 1.4472956663251653 23.815698410162117 1.7080974459608615 0.9999037981033325 
Car -1.0 -1 2.869179444229819 0.0 0.0 1237.0 373.0 1.5 1.6682923331856727 4.167344656586647 -2.479447995681249 1.512567458618585 0.5740901440693842 1.525913163027491 0.9986283779144287 
Pedestrian -1.0 -1 2.964032316916573 611.432320574143 169.0191996603069 642.0261585204089 226.6410695653412 1.8 0.7476800613105297 0.8530622839927673 0.7722804376796524 1.411231256053966 22.867941252455214 2.9977908015211643 0.9972319006919861 
Pedestrian -1.0 -1 2.983046205184336 223.12773270400814 164.71826751619332 288.18261551432084 270.7626239854609 1.8 0.6886284358799457 0.9416109442710876 -6.176724676438315 1.5164287416351527 12.742333351207437 2.531680572028977 0.9980165958404541 
Pedestrian -1.0 -1 1.8714226408135544 242.412662177589 162.27540756262607 312.30829881818903 280.8510157197767 1.8 0.7729723609983921 0.9337413616478443 -5.1684466504380016 1.5094713322872975 11.413126770409335 1.4462002952906745 0.9790244102478027 
