Car -1.0 -1 -1.5220338237842228 451.5191570773049 179.9596632786302 525.1500433446851 246.09761147662596 1.5 1.7011646673083305 4.385993492603302 -3.157637736175919 1.7111578838051378 19.126718760587753 -1.6856484497573716 0.9999997615814209 
Car -1.0 -1 -1.5001807800379214 527.304884766062 180.2111652034962 564.7245390214464 212.085661773969 1.5 1.6225263968110084 4.18615774512291 -3.2668014930471854 1.8994649366287737 37.031956987163284 -1.5881687505778415 0.9999986886978149 
Car -1.0 -1 -1.2012263713055458 134.8883305080006 182.43606199605463 281.454270871934 252.96307187502566 1.5 1.6951719790697097 4.576277968287468 -10.038173788099654 1.7759251521545172 18.36870129791367 -1.701364995041166 0.9999910593032837 
Car -1.0 -1 -1.9063548505086627 744.0311778200398 177.27433167739088 850.742066019352 233.8623884007113 1.5 1.7019177347421646 4.4900915145874025 5.455364584555552 1.6480783392469878 21.79726346720919 -1.6611150289562089 0.9999836683273315 
Car -1.0 -1 -1.8679648358460352 671.546090293607 177.94808818512948 773.2444653135902 237.03037460000488 1.5 1.6795771688222885 4.3880077570676805 3.0818502383136375 1.6648972289871677 21.007358965214294 -1.7223005304720742 0.9999786615371704 
Car -1.0 -1 0.7703329159803235 1197.1174647032778 172.32214275004654 1241.0 225.9148097097852 1.5 2.0670587688684465 5.562899869680405 22.046373703469467 1.485471716411677 23.00956045031572 1.5343567570063728 0.9999709129333496 
Car -1.0 -1 -1.4512501133975746 366.9803767671872 181.2692168920548 429.0824486343596 229.43481342057652 1.5 1.6155949354171752 4.077977550029755 -7.403182123529648 1.8211700035431173 25.36060603187987 -1.735274554291044 0.9999580383300781 
Car -1.0 -1 -2.0618823081235105 816.3550491864634 176.50156680433497 943.4683049884825 232.23935386858415 1.5 1.6979061558842659 4.47774441242218 8.021290675323392 1.6236908456156256 22.057546945653982 -1.7130967090514047 0.9999563694000244 
Car -1.0 -1 -0.7276077210970997 879.0379104409354 174.52602607377275 1233.1625591462468 253.91916525700182 1.5 2.167383071780205 6.691741806268692 9.340473727660319 1.5398504925372676 15.369776107304808 -0.18153329292801448 0.9995959401130676 
Car -1.0 -1 -1.0902041223107373 0.0 183.66472167191182 160.76160582173108 255.91126648727254 1.5 1.6683435559272766 4.569887605309487 -13.266374742840988 1.806980476697413 18.07695466231331 -1.7233104864743096 0.998357355594635 
Car -1.0 -1 1.4855172492796835 571.1634913756354 179.8221307514294 609.5636738602896 204.87174228539686 1.5 2.0259062319993975 6.185911458730698 -1.4200123012671158 1.996335919824918 48.166336832685815 1.456044360003199 0.995040237903595 
