Car -1.0 -1 -1.1632269623162315 264.027079380929 182.15002037754078 338.09005995040746 220.32441272382158 1.5 1.5783830106258392 3.5151398301124575 -12.749090569991985 1.3806704132401009 30.004587499657273 -1.5650168960590405 0.9999970197677612 
Car -1.0 -1 -0.7993492318780795 0.0 185.24546442441977 42.11395930361728 280.23433611704877 1.5 1.5452590331435203 3.9208973318338396 -12.846560482558429 1.5017638854593731 13.31255580072053 -1.5669354007721437 0.9999758005142212 
Car -1.0 -1 -1.1348052431792077 126.03761852200302 182.59410470431277 282.1932107237714 260.2264593759231 1.5 1.556016181409359 3.699222069978714 -8.706345999708784 1.450477172824572 15.784088838694274 -1.6388683850553376 0.9999752044677734 
Car -1.0 -1 -1.3195897270427392 381.21141477912283 181.2266973855745 438.9344988588942 217.57366403840956 1.5 1.5775749951601028 3.6646778255701067 -8.626652673680285 1.3365094351246711 31.507386584386772 -1.5868379055198771 0.9999362230300903 
Car -1.0 -1 -0.8758780071967889 0.0 184.36956201565164 143.3957889337722 337.6226209944135 1.5 1.6012913107872009 3.9501699179410936 -7.923624619348509 1.492849430535281 9.027030290308108 -1.5962727172907931 0.9999327659606934 
Car -1.0 -1 -1.288674185769093 301.56729238416614 181.24387066621588 416.49517652365967 233.09698602563049 1.5 1.892511223256588 6.359556180238724 -8.092258316729714 1.3862346879005232 24.008685901659398 -1.6137708919730527 0.9998914003372192 
Car -1.0 -1 -1.5478937218074398 563.8008196179105 179.77414219330723 600.1274462033931 213.28867230769154 1.5 1.6257880747318267 3.9253788560628893 -1.2139979497743518 1.2575850569153604 34.142654922327566 -1.5834353846174223 0.9996680021286011 
Car -1.0 -1 -1.0624921373941552 123.85621689217548 183.00788914685037 244.50770974177374 237.12079892149453 1.5 1.6070792943239212 3.55676883161068 -12.691113060195194 1.4399311199997906 21.7172981336929 -1.5913457340237243 0.9996106028556824 
Car -1.0 -1 -1.1787640671307325 181.15643402934361 181.17174426622367 407.327655920223 319.69476117953326 1.5 1.518452775478363 3.3521103233098986 -3.914828212966068 1.4573411277398203 9.456774745791497 -1.5712558848343348 0.998444139957428 
Car -1.0 -1 -0.5365589022091919 0.0 0.0 1240.0 375.0 1.5 1.61894993185997 3.8830990463495256 -3.2174747313404195 1.5074669286925926 1.7196972074906285 -1.6165004419770581 0.9105443954467773 
