Car -1.0 -1 2.0345591944618944 180.1404374131191 183.1803948060066 269.8349829357523 224.48824074229904 1.5 1.5999645486474037 3.949418154358864 -15.494544834963458 1.9466631370508514 29.188486515119955 1.5465416153285163 0.9999929666519165 
Car -1.0 -1 -1.5641253376545894 562.3402463703347 179.64721068768768 606.7773015292182 223.01589415856233 1.5 1.5707431852817535 3.4037413567304613 -0.9941293907664334 1.772875023513061 27.21800444572519 -1.6006338066097838 0.9999710321426392 
Car -1.0 -1 -1.4018544579374694 415.73378448039574 179.63095446158033 534.1197087657974 274.38809665647915 1.5 1.5589187413454055 3.7386609733104708 -2.437309005250785 1.6454003809189979 13.563675305669994 -1.5796508361261827 0.9999572038650513 
Car -1.0 -1 -1.6658377805465439 631.1233167521996 179.08516923478462 674.7941691780845 215.08861983837238 1.5 1.5956875428557395 3.9873870581388475 1.852726999888612 1.8009530144810126 32.781672596564604 -1.609380682059799 0.9999357461929321 
Car -1.0 -1 -1.2989482490582722 262.19440880064644 179.28772967355087 492.3344743122346 347.04953847060847 1.5 1.5425308167934417 3.7529057383537294 -2.4900010291058874 1.59282332741325 8.480304619248908 -1.5845431220394117 0.9998866319656372 
Car -1.0 -1 -1.4998351149580114 561.9415521188275 179.95649404866649 596.8608717505093 210.5103230089897 1.5 1.594339919090271 3.5410257548093798 -1.6079153211436148 1.8925419962642072 38.046321292558886 -1.54207202518848 0.9998558759689331 
Car -1.0 -1 0.8260912118413639 284.9121546361257 181.42052225254236 443.61582239503434 244.82067686881155 1.5 1.6428689032793045 4.114458200335503 -6.624852352429626 1.7488304623342057 19.22647421276343 0.49426261981460023 0.9996726512908936 
Car -1.0 -1 -1.6707653320146054 646.5357967270185 178.56633686251928 707.7193564306062 229.73470766707732 1.5 1.586928640305996 3.86032150387764 2.061735372104106 1.7019609454100928 23.522227925636848 -1.5833382504668576 0.99960857629776 
Pedestrian -1.0 -1 -2.288159213050856 1183.0158767953815 113.82853509244204 1241.0 374.0 1.8 0.7636278428137302 0.7387497022747993 4.0274093395891875 1.4802089487315544 4.293705535390139 -1.534752597161804 0.9981796741485596 
Car -1.0 -1 1.2615439118441665 0.0 182.23562414260928 233.65739021024203 337.59151125926496 1.5 1.5699172884225845 3.9330853641033174 -6.510523302272704 1.6405059582060495 8.978488189303905 0.6341540058467047 0.9964181184768677 
Car -1.0 -1 0.7458597101600493 384.0159338398064 181.29436817871914 480.51733183854805 220.2929857787591 1.5 1.5630262464284896 3.8680242866277696 -7.464608151808425 1.8709987764578453 30.065702377839305 0.5025037964198249 0.9963957667350769 
Car -1.0 -1 -2.1521871352967605 428.53699619083494 181.01882300521365 500.1927760823306 216.5446556429419 1.5 1.5223945051431655 3.5367658853530886 -6.751895064032097 1.8949362495171995 33.07619319788768 -2.353552178540502 0.9497421383857727 
