Car -1.0 -1 2.1477816415837756 0.0 183.48906111780144 136.8664458577301 293.87404357541726 1.5 1.6548878073692321 4.193577778339386 -10.197862032881222 1.7151943739202349 12.397108870762485 1.4594113071772712 0.9999879598617554 
Pedestrian -1.0 -1 -0.8253600163950465 732.759575482297 169.02871513163748 765.1796815070052 225.10207832173523 1.8 0.6141870774328708 0.8748871766030788 4.513597473278671 1.677563084774491 23.66623135791703 -0.6369043151524407 0.9999829530715942 
Car -1.0 -1 -1.2285758086743908 854.0307584419617 173.59514153144394 1183.1895889408634 371.03454850975226 1.5 1.6268462434411048 4.144632306694985 4.330693382568663 1.5100291080687502 7.45317699585606 -0.70220418373612 0.9999706745147705 
Car -1.0 -1 -1.150875559008151 801.8558000054363 175.364705639336 1009.5028678381512 292.79969835033654 1.5 1.578424733877182 3.7227495133876802 4.617140018132026 1.5455976885314853 11.145589046227235 -0.7581392685559136 0.9999263286590576 
Car -1.0 -1 -1.5218173444567906 559.8760110425947 178.23841865416375 668.4898697270893 281.37971741260077 1.5 1.6178269430994987 3.6175916463136675 0.10979371320081778 1.6077552884684616 12.536562156620885 -1.5130596878614766 0.9999140501022339 
Car -1.0 -1 -1.5738413217101532 1171.3730998723283 163.68260295242646 1241.0 374.0 1.5 1.622818087041378 3.9041156440973284 4.586390503939843 1.4723703948780755 4.108761813926833 -0.7335678497937067 0.9999028444290161 
Pedestrian -1.0 -1 2.6444159753332674 979.7572445512329 167.94603873083688 994.0028925485677 215.46050650088245 1.8 0.49256147146224977 0.28117741718888284 14.361886850494276 1.6144285096392037 27.580056432169577 3.1245132565458835 0.9996867179870605 
Pedestrian -1.0 -1 2.3289986381002192 964.2387621950468 170.6551376612733 971.8225632578334 204.0596445746819 1.8 0.3877517327666283 0.12527518235147 19.35665737381906 1.6818721416459166 39.08085257182922 2.788877356048447 0.9996169805526733 
Pedestrian -1.0 -1 2.6222591001479216 982.5145732371965 167.9281136646614 997.497127218831 215.36524326290373 1.8 0.51154340878129 0.29175044298172 14.511109835485776 1.6134452174217893 27.636808197133224 3.105756747718674 0.7343346476554871 
Pedestrian -1.0 -1 2.3108489123375673 960.1161394059866 170.70106780413872 971.4547795584276 204.0301256187233 1.8 0.5325748145580291 0.2368239711970091 19.32095419565112 1.6840844637532004 39.25642184736776 2.768215405937058 0.6183722615242004 
