Car -1.0 -1 -1.633475347880673 652.687245196959 178.74996686360552 700.1139506088571 221.5784156006884 1.5 1.5699828535318374 3.542299059033394 2.433856042678605 1.740145621678737 27.551518728482126 -1.5453657033529622 0.9999997615814209 
Car -1.0 -1 2.1698960331761867 0.0 181.26442224405548 299.0114440534441 360.3456866548301 1.5 1.6342469051480293 4.197033730149269 -5.419342256718343 1.6224836963376097 8.357168162480505 1.5945997118910373 0.9999885559082031 
Car -1.0 -1 -1.738625609244552 672.6194002560402 177.76521046342495 769.8272281919926 252.04039122144525 1.5 1.575084452331066 3.83612499833107 2.406862509302242 1.627657328494094 16.762338367860693 -1.5960128633913142 0.999984860420227 
Cyclist -1.0 -1 1.918245781516847 261.02846194035664 188.62195120160985 369.9936735594522 330.39136384208086 1.4 0.5894048631191253 1.7383834838867187 -3.335589384556419 1.5988094541363422 8.198340992753922 1.531838341555323 0.9999759197235107 
Car -1.0 -1 -1.705163537402327 657.2653632982112 178.31740794397598 729.3906073161786 233.29608037126687 1.5 1.6329598173499107 4.17220653295517 2.4156539440967175 1.6844904126641773 22.208517116674802 -1.596817974993263 0.9999680519104004 
Pedestrian -1.0 -1 -2.0018342770483093 890.5652598212121 154.92987224895325 951.455468543465 279.5844809729718 1.8 0.6762107394635677 0.5082929067313671 4.54105542347319 1.541535270582484 10.680031189678253 -1.5998016810652358 0.9999986886978149 
Car -1.0 -1 -1.835048208420399 717.4426248889713 176.6482726848649 872.1977086720902 286.65816711814773 1.5 1.5522541970014572 3.3172863095998766 2.752891276801068 1.570399367654375 11.63413956716026 -1.6026998619225366 0.9999513626098633 
Cyclist -1.0 -1 1.8176651762038811 415.4934599680171 185.26988941770736 462.4465212363715 257.723405971406 1.4 0.579660528153181 1.606203106045723 -3.5861722604195427 1.6727857498173297 15.022474305604188 1.5833303809126438 0.9999121427536011 
Car -1.0 -1 1.8179913100099816 405.37243911831797 180.8252181775234 480.9678512329801 231.16541861154178 1.5 1.5597647547721862 3.829926860332489 -5.5049397943814915 1.7873183143294198 24.04058804919416 1.5928869128187717 0.9999089241027832 
Car -1.0 -1 1.7390050192426534 456.4532449573875 180.73719651680378 507.5367453068145 218.73005492815153 1.5 1.556737956404686 3.818669405579567 -5.507369971551398 1.8621062573726501 31.19318877595111 1.5642492016169685 0.9995073080062866 
Pedestrian -1.0 -1 0.659255076452689 619.6639057042581 174.72838885336938 637.5683626257974 205.57549871254042 1.8 0.48240856528282167 0.9643799185752868 1.0652614364582726 1.912442430619925 42.652088560776704 0.6842254837367194 0.9993788003921509 
Pedestrian -1.0 -1 0.6731387444066754 627.6467330859209 174.7327555763616 643.8143743612334 205.11018306052426 1.8 0.5110272698104381 0.831729781627655 1.5089931446718525 1.9142512742489428 43.27363713176293 0.7079955776545661 0.9989468455314636 
Car -1.0 -1 1.9641604584818062 230.29844401670925 180.99646043400384 402.05722587944103 277.9536264667778 1.5 1.5498653545975685 3.9308300733566286 -5.306356222086292 1.6747478315525677 13.471542698337295 1.5889291644056858 0.9983365535736084 
Car -1.0 -1 1.7150565048615656 344.83310662235704 180.8705507772124 435.7467997417403 249.0868509322689 1.5 1.644359578192234 4.122546550631523 -5.555780157149039 1.7302572422897184 18.530097179898558 1.4237605770442145 0.99813312292099 
Pedestrian -1.0 -1 0.5401631889470764 626.7843573918628 174.69666521492806 642.467395387776 205.32430174830904 1.8 0.5040073327720165 0.7839247144758701 1.4298286230326493 1.9109497881555442 42.87776560369724 0.5734974583003181 0.9662445783615112 
Pedestrian -1.0 -1 0.5588066116715182 615.9303920858355 174.70866290831663 638.0972155101781 205.80340188660284 1.8 0.5465641178190708 1.193446622043848 0.9640798005707982 1.9107493053216948 42.38783752101598 0.581546946367945 0.8821956515312195 
