Pedestrian -1.0 -1 -1.5293068338257172 576.2592391649441 169.8656032573036 600.8407214958195 225.02829443486553 1.8 0.7844233445823192 0.8343085207045078 -0.4461248338914521 1.4214521416056114 23.86318256199691 -1.5479997667160375 0.9999964237213135 
Car -1.0 -1 2.127712956439635 0.0 181.7865844707298 398.9650916253524 373.0 1.5 1.7063290372490882 4.389795151352883 -2.641465699378147 1.5038950482606361 4.086022854660843 1.55382768710586 0.9999974966049194 
Pedestrian -1.0 -1 -2.398249758419193 776.5676885040683 153.8507522120628 867.9049046556489 285.10998382273624 1.8 0.8200173757970333 0.9750237248837947 3.16314833827265 1.4221591467909738 10.476493268759647 -2.1050249497082576 0.9999701976776123 
Pedestrian -1.0 -1 -2.575988788813274 364.9407106054909 159.31516007738708 444.02917505553717 286.6805718934499 1.8 0.6985484182834625 0.8927831918001174 -2.943682644963899 1.4877883452011063 10.613286439258527 -2.8465461293843135 0.9999624490737915 
Car -1.0 -1 1.729639605636336 378.5026943221353 180.66875619070424 471.47096521069795 238.29890193093172 1.5 1.9240389138460159 4.630858686566353 -5.05266309777119 1.4795361847967734 21.07638020649855 1.494348927340235 0.9999381303787231 
Car -1.0 -1 1.6650368232856365 451.9992038691726 180.18122153612737 509.68481430064907 222.57103624879238 1.5 1.751917091012001 4.90179383456707 -4.60643175334221 1.4543914959805955 27.921930323046794 1.5015341480586188 0.9999876022338867 
Pedestrian -1.0 -1 1.6679292463058033 472.9820251573702 172.32544834487527 496.1322086688148 219.93818985495452 1.8 0.7959982872009277 0.9141646817326545 -4.5087257809202 1.4541840894251885 27.635864215482535 1.5062064369532722 0.999893069267273 
Pedestrian -1.0 -1 -2.6462132487902816 323.9419079404551 152.7612937987373 436.3003371798714 319.30356911566537 1.8 0.7340126231312751 1.0015063479542732 -2.559750612485837 1.4907477763881969 8.217608215774655 -2.948183015980993 0.9998742341995239 
Pedestrian -1.0 -1 -3.3276446693571473 1047.8087115989151 146.00292424517494 1143.6863419635501 304.56522141169773 1.8 0.6982210583984851 0.8308128014206886 5.8661830995442426 1.3983880029209286 8.637816231709246 -2.731064514317785 0.9993540644645691 
Pedestrian -1.0 -1 2.042194238584863 1140.15667775663 139.63278145602678 1237.0 327.73249303782893 1.8 0.6779396466910839 0.6651931002736091 6.012786652116459 1.4007288929919928 7.315104782792727 2.7301878809889377 0.9989638328552246 
Pedestrian -1.0 -1 -1.645512262826178 596.5793455548048 169.67120982398248 621.9344403717329 224.64546886855916 1.8 0.7801311582326889 0.8898435652256012 0.22899444385962167 1.413784563200296 23.986919429733074 -1.6359659145262582 0.9986716508865356 
Pedestrian -1.0 -1 3.040009742784809 391.88796778030047 166.96235614125865 440.6724454566886 249.71446570875764 1.8 0.7916484519839286 0.985768300294876 -4.21035605842971 1.485005404255652 16.165312848248245 2.78521441220842 0.9980765581130981 
Car -1.0 -1 1.678770202107559 431.2706220257759 180.39361282271815 493.3810616977445 223.03048306779698 1.5 1.8265104413032531 5.007889729738236 -5.299645097798987 1.4621365008432274 27.83802502395335 1.490647002062525 0.9975862503051758 
Pedestrian -1.0 -1 1.8126554502285173 488.2833840650842 172.15162239818534 514.3550150207283 219.7036097274758 1.8 0.8065218597650528 0.8904421262443065 -3.8693987364298703 1.4471604720708122 27.67304308182602 1.6737305998762668 0.9945552349090576 
