Pedestrian -1.0 -1 -2.04877993423567 1033.6506513619786 156.5503010301542 1100.0824425859898 263.4804999340242 1.8 0.6868676774203777 0.7956034995615482 7.88784140703509 1.5259109937488275 12.567943437516934 -1.4883017177369935 0.9999995231628418 
Cyclist -1.0 -1 -1.4377426491510852 680.4264898420485 181.71462001032572 707.6957259470458 231.4516352855428 1.4 0.5774138055741787 1.8257909014821052 2.4859204194783704 1.6774241620128372 21.603500625657325 -1.3231762806561334 0.9999972581863403 
Car -1.0 -1 -1.1752412600666715 313.42124013840646 180.20936619795404 494.55828963967167 262.54182522951083 1.5 1.9914091125130653 5.375310268998146 -4.426012850613215 1.6964540764139027 16.437998533192317 -1.4382585595038277 0.9999722242355347 
Pedestrian -1.0 -1 -3.5226668024800016 906.35643159389 159.53151069480867 973.6671805582936 257.15687050189405 1.8 0.46244785450398923 1.0533356599509716 6.137546746525856 1.5547200331833235 13.555060315117675 -3.097498134770666 0.9999891519546509 
Pedestrian -1.0 -1 0.6577812684169062 159.47740767251318 171.42287981128138 206.38190241048315 248.3949775849694 1.8 0.7349161922931671 0.6544475004076957 -10.265198700029043 1.7668909508615094 17.274926310546547 0.12161867221328192 0.9999620914459229 
Pedestrian -1.0 -1 2.726357680261137 892.4923880792644 160.81613595246944 967.2270311707362 251.80300300225352 1.8 0.46534240506589414 1.2962813049554824 6.368404558676356 1.5622118845448014 14.505150774345593 3.1400636315306247 0.9999635219573975 
Pedestrian -1.0 -1 0.7847829756116431 183.37431448833394 171.72618452804335 222.19733918803135 245.50610697049868 1.8 0.5191719651222229 0.6697015397250652 -10.170771200725385 1.772842651805626 17.939774034238688 0.26902727683516914 0.9997351765632629 
Pedestrian -1.0 -1 2.6566823157567865 918.446572999743 158.8459589649255 990.7329512247468 259.45556491814625 1.8 0.48251175582408906 1.0919910416007041 6.228698699662765 1.5497408945550244 13.17083010642929 3.098429071899277 0.9996486902236938 
Pedestrian -1.0 -1 0.7208446589007684 158.4204211015274 171.19049000764338 205.76045838217613 249.56395625920473 1.8 0.7114200413227081 0.6511915035545826 -10.110421216496139 1.7621520755929578 16.97799081494001 0.18373934825393134 0.9995743632316589 
Car -1.0 -1 -2.63482948189964 253.4024036487231 182.6913784982896 362.7006872168879 222.32333672107097 1.5 1.5234016373753547 3.750099477171898 -12.032249805221012 1.905482808935475 28.748167841148106 -3.03121550480393 0.9994838237762451 
