Pedestrian -1.0 -1 0.709220419915557 885.9418510491234 109.54191337256786 1078.365007279032 369.0 1.8 0.5941601030528545 0.7779909789562225 2.085251041596081 1.440105997200875 4.070822881330641 1.1826144893977302 0.9999862909317017 
Pedestrian -1.0 -1 0.9088978672863461 229.35624478499923 161.59776544399196 293.6834451125486 274.4126712376472 1.8 0.6628817439079284 0.7115583427250385 -5.7395899821688365 1.5000631959820308 11.730100570219575 0.45384327968093324 0.9999804496765137 
Pedestrian -1.0 -1 0.6481618646296035 1007.4825768418594 109.68300039568331 1220.3824545872983 369.0 1.8 0.6325471706688404 0.8110298335552215 2.9315189212238923 1.428531817718864 4.204378823488594 1.2570423324916022 0.9999866485595703 
Pedestrian -1.0 -1 1.159701209818069 750.2513955163834 146.01668530588356 828.7645547420921 307.383416412536 1.8 0.5917145431041717 0.8793280020356178 2.1129144228918433 1.4170348931746273 8.363944105676135 1.407145901522364 0.9999487400054932 
Pedestrian -1.0 -1 0.656214475607056 751.9446378332731 78.62370405412436 1038.8815650328047 369.0 1.8 0.5638447150588035 0.9494600377976894 1.095893851388608 1.4588649934645543 2.926667030567529 1.0145038803431647 0.9999446868896484 
Pedestrian -1.0 -1 1.2127015222957769 712.2861063983667 146.65248921753536 794.4827454130453 307.07219129202076 1.8 0.6674263186752796 0.9418986298143863 1.700229901795155 1.4218977686883434 8.446474935595537 1.4113415916773933 0.9999092817306519 
Pedestrian -1.0 -1 -2.747990815765199 595.8324457420147 164.99731091192706 631.0002449353673 231.62725574392832 1.8 0.4835829630494118 0.8491668410599231 0.19823924918294725 1.382778380322244 19.485035262332637 -2.7378172437336787 0.9999560117721558 
Pedestrian -1.0 -1 0.7859752766315562 812.2793116167624 107.4511965527081 1012.7093201348074 369.0 1.8 0.536154818534851 0.9114201672375202 1.6221612910858723 1.4466626871227892 3.9555683514956907 1.1751543720576423 0.999896764755249 
Pedestrian -1.0 -1 1.2968594580241601 585.9464375160537 147.29271269125206 657.5408503494685 314.4005623318259 1.8 0.6108670987188816 0.8337009258568286 0.12535237349959497 1.443997137496715 8.092060022889374 1.312349005541529 0.9998736381530762 
Pedestrian -1.0 -1 0.7204638414724271 464.9336787270672 122.37507558944894 619.832774616473 369.0 1.8 0.6265495464205741 0.7581361129879951 -0.4498869577198777 1.4703862308542517 4.500819765579934 0.6208380897853034 0.9997522234916687 
Pedestrian -1.0 -1 1.0919397343514152 806.5898079872788 145.82578720718476 892.0783514339095 303.475560778762 1.8 0.598777600377798 0.9667633593082428 2.8952590716584554 1.4057844864806415 8.591449827401593 1.4169804294917243 0.9997323155403137 
Pedestrian -1.0 -1 0.9069444430924618 918.0075271860759 114.91895468953527 1104.171609775146 369.0 1.8 0.5878198452293872 0.8894315481185913 2.4537778116309923 1.4333544385312702 4.4524084390735865 1.410641356310572 0.99960857629776 
Pedestrian -1.0 -1 1.2183671427995786 638.9163432882566 147.30618263810604 722.583621023589 309.5055850841247 1.8 0.6848685935139656 0.9844531796872615 0.8282677279026854 1.433320063550081 8.403983515082128 1.3166064461085456 0.9993409514427185 
Pedestrian -1.0 -1 -2.6285577934036386 636.1614759221997 165.98528298790745 660.969500556399 224.3505215062328 1.8 0.5066519163548946 0.6065913967788219 1.3360266734089818 1.353918536864453 22.17793583778015 -2.5683892528202876 0.9992091059684753 
Pedestrian -1.0 -1 -2.5768049427109547 601.2487538888297 165.01334143333824 636.7356082423523 231.0566936488576 1.8 0.5569850586354732 0.81914724111557 0.3557638867189514 1.3794939213376043 19.723463576132588 -2.5587693015721187 0.9989597797393799 
Pedestrian -1.0 -1 1.5049292335841706 565.0213237503596 147.65449210134554 622.7156991868204 314.9660488831058 1.8 0.5954274468123912 0.8386719532310962 -0.19270453551439845 1.4483248829030875 8.046067085260056 1.4809836586329597 0.9988595247268677 
Pedestrian -1.0 -1 1.378410044294508 681.816974455276 147.3546281678167 746.9302691845678 307.1645950787527 1.8 0.6152710437774658 0.7962208732962608 1.2284230655388955 1.4283569068222073 8.370813118928572 1.5241207321498054 0.9985424280166626 
Pedestrian -1.0 -1 0.575228790870274 722.9472007394571 100.624718301188 941.816447411361 369.0 1.8 0.6643075056374073 0.835152205824852 1.0852922188666532 1.4554733491481353 3.5933914293748095 0.8685418804499763 0.9984207153320312 
Pedestrian -1.0 -1 0.6803724838843643 807.0292496092896 51.71788289824216 1164.5002645200123 369.0 1.8 0.6490282274782657 0.8428715661168098 1.168141231994796 1.4607987984396535 2.3858500344590157 1.1356753547999519 0.9978613257408142 
Pedestrian -1.0 -1 -2.826315376528721 596.6821218732144 164.906915827334 629.4736296119296 232.11565778563514 1.8 0.4863275706768036 0.7831047780811786 0.1874506673229048 1.3839656410436194 19.286835856549303 -2.816596583524023 0.9925353527069092 
Car -1.0 -1 -1.2100795172858738 0.0 181.2008035548879 287.52440216690115 369.0 1.5 1.9834056988358497 5.252647635340691 -3.0580606075462566 1.508147194333974 3.6942727255464107 -1.901533947387014 0.9863138198852539 
Pedestrian -1.0 -1 0.6061504086853723 1097.2092982047582 107.24666637251524 1223.0 369.0 1.8 0.5725989609956741 0.6829631075263023 3.305582964329617 1.4245853799216388 4.042379455695511 1.2916104038569587 0.906602680683136 
Pedestrian -1.0 -1 -0.5146999920511525 314.2422542785701 162.51180661283547 358.7787413560336 264.3367504966832 1.8 0.6135060012340545 0.5245394565165042 -4.94064269890094 1.483658924031604 12.891352597562438 -0.8806860009816034 0.5456306338310242 
Pedestrian -1.0 -1 0.791405798722995 786.6444789852035 99.03775270358102 1020.6511735935006 369.0 1.8 0.6345489554107189 0.9036834843456745 1.4085538744833654 1.451415288800331 3.5757841737563276 1.1666552265498298 0.5406485795974731 
