Car -1.0 -1 -1.6370897471239554 521.978292857129 179.88340994027564 575.3567330556843 227.41082175494623 1.5 1.6040828570723533 3.7836464613676073 -2.264144026935149 1.7667904444024596 25.352239557681486 -1.7261608997967584 0.9999977350234985 
Car -1.0 -1 -1.8444024706259579 601.9078135395607 177.95442876224098 737.6891663703404 271.75779250780954 1.5 1.5640629947185516 3.800453853607178 0.9304727699987002 1.612030241058528 13.775039556768089 -1.776957185068403 0.9999842643737793 
Car -1.0 -1 -1.4715487083264904 737.687845298844 175.80017964041267 895.4477136596308 320.03472450577505 1.5 1.6188130274415016 4.09533106982708 2.923940845444459 1.5493441080952557 9.79264170586445 -1.181390122571264 0.9999698400497437 
Car -1.0 -1 1.8292570645003285 154.40302948434694 181.93772392102878 299.9019584673628 269.12808910086085 1.5 1.6420931115746498 4.198258233070374 -7.8408113301129685 1.718570509259493 15.102456588071938 1.350387736162867 0.9999529123306274 
Car -1.0 -1 -1.722937715415449 545.8907262985744 179.32869279977461 620.9083061068296 238.62681784477678 1.5 1.584952001273632 3.6408266544342043 -0.8920991659839552 1.7027524481703367 20.612414380802488 -1.7661904255535943 0.9998685121536255 
Car -1.0 -1 1.6647239578822022 281.23564691236794 182.16356903562476 339.8986739821583 230.46484394286125 1.5 1.5476534634828567 3.708907824754715 -10.411989417165216 1.8510229860865932 25.175578199640647 1.2725700577113288 0.9998136162757874 
Car -1.0 -1 -1.6089091217181708 418.47786204747575 181.32197331276586 454.19959726243735 212.0109331125484 1.5 1.695701529085636 4.357626152038574 -9.439717892312212 1.983955684991134 38.876124204258296 -1.8471143702652795 0.9990154504776001 
Car -1.0 -1 1.7191325283883123 234.63945962368402 182.03257600675605 323.91888627333634 244.25528891479246 1.5 1.6662700593471527 4.239729282259941 -9.225526817643559 1.7878111127175136 20.32721515186747 1.293080731234278 0.9976761937141418 
Car -1.0 -1 -1.6568687684966341 493.25582057689303 180.43139182226977 536.889358685313 219.00570377924424 1.5 1.5342392519116401 3.4612039595842363 -4.118640088460904 1.8416566406137205 30.64038302625583 -1.790486545362745 0.9973803162574768 
Cyclist -1.0 -1 -1.6622584514516339 555.168209711734 183.99119867682157 610.6066560772831 265.14772009734395 1.4 0.8711515486240387 1.9029664367437362 -0.6011016209094909 1.627642057572945 13.720629208623716 -1.7060405174877984 0.999930739402771 
Cyclist -1.0 -1 -1.5738277179397515 525.5308039650059 184.41796157858468 563.6937454360739 265.90298386576234 1.4 0.6689901955425739 1.844564688205719 -1.29198033786509 1.6338298066637367 13.614325163247168 -1.6684429655459267 0.9842451214790344 
