Pedestrian -1.0 -1 0.05661879517084875 484.00714076311345 169.7720058628624 506.69277036854413 236.7744340468292 1.8 0.6220262989401817 0.5798119612038135 -3.1764068794579448 1.7175609804039262 19.72034051113079 -0.10308213631180355 0.9999977350234985 
Car -1.0 -1 1.9652322997621057 257.15871372061616 182.34382891374537 345.21345199421654 227.01033538958262 1.5 1.6439950585365295 3.9325373739004137 -11.4965462708161 1.8819548739520693 27.038673742049504 1.5632015903803962 0.999997615814209 
Car -1.0 -1 -1.5031342083379589 581.1965721582046 179.4830639503559 626.0988596857641 219.82160282115495 1.5 1.5816154450178146 3.647831317782402 -0.24481043756947704 1.7868173275677983 29.309243571564995 -1.511486684032951 0.9999761581420898 
Car -1.0 -1 -1.6123950362895465 598.7826083206255 178.63502431440895 672.7105761640142 251.23170424138542 1.5 1.557650838792324 3.422599893808365 0.46835651183667937 1.6495961602361837 16.901942414941967 -1.5846919073399646 0.9999873638153076 
Car -1.0 -1 1.8336829519003355 375.61079453591014 181.74462662745407 425.5805827605515 211.44318538589118 1.5 1.6645430147647857 3.956764426827431 -11.468131840268729 2.013240781966744 39.62768180696253 1.5519818504664558 0.9999628067016602 
Cyclist -1.0 -1 -3.400416570746425 830.2862475251528 180.5604490674175 921.0087534828775 239.32919914210942 1.4 0.7770055465400219 1.9639645263552665 6.470309297904976 1.5954258675205204 17.785772951075586 -3.051508740582739 0.9999411106109619 
Car -1.0 -1 -2.3674551514451876 469.15472218393063 180.60385466233242 550.19227659234 214.42917553583248 1.5 1.580800724029541 3.8292771697044374 -4.874795633394251 1.8907903337634273 34.57679426571233 -2.50751663843659 0.999834418296814 
Car -1.0 -1 -1.6533220973547607 673.9903709917938 178.33697055246688 735.0983076481333 224.7205196213209 1.5 1.8058322861790657 4.514000800251961 3.288034951884993 1.716645573409989 26.16658611119572 -1.5283195013788087 0.9998151659965515 
Car -1.0 -1 -2.278759422322618 438.7528993836401 180.6956193719877 529.4307308277005 222.24038893077918 1.5 1.56748169362545 3.5773011416196825 -5.040165327446886 1.828463265515867 28.446740329042502 -2.454118565717016 0.9997833371162415 
Car -1.0 -1 -2.3181376894353507 502.453245753028 180.50786289856822 564.4320415012639 207.99918223606574 1.5 1.5666887655854225 3.5994003087282183 -4.529469316457166 1.9660479870517527 42.12582167886338 -2.4252485791828975 0.9995490908622742 
Car -1.0 -1 1.8902341912226792 359.4528691881822 182.01124153973504 406.92778255384786 206.88333088712523 1.5 1.6644895568490028 4.439254713058472 -14.855338929419226 2.130143552687119 47.38835606969467 1.5864560484846653 0.9978064894676208 
