Car -1.0 -1 -2.344388845683019 735.9608608104704 177.54377443166 841.2054717804817 225.06951657169552 1.5 1.4976457253098487 3.530467537045479 6.072153020170226 1.67551416929931 25.045492322591546 -2.1065333644535884 0.9999994039535522 
Car -1.0 -1 0.7683664701467021 0.0 183.19060828757583 247.10449973348824 374.0 1.5 1.5793052062392234 4.000251230597496 -5.750456997558626 1.60742463336094 6.581780037065766 0.05027703841659001 0.9999977350234985 
Car -1.0 -1 3.5246822071002244 219.73754167875094 182.19813445908656 385.2068758781752 252.48511352053842 1.5 1.4738565802574157 3.1291986376047136 -6.937781718253636 1.7222148088479259 16.363833030451065 3.1236839175184787 0.9999972581863403 
Car -1.0 -1 -1.7296040229917433 625.8468262363338 179.27651778168965 666.641845066286 210.48657423363275 1.5 1.555332776904106 3.542715546488762 1.7884709765599562 1.848670160235322 37.28188653560365 -1.6816691915181023 0.9999934434890747 
Car -1.0 -1 3.434200834846787 303.3884830725152 181.5955626553012 467.72917990157214 237.2818052167024 1.5 1.6784457981586456 4.163820159435272 -6.344578314349694 1.7597484831695853 20.554297236742944 3.1348053097685398 0.9999396800994873 
Car -1.0 -1 -2.9087632333244606 407.03348716207046 181.3647122571669 495.3022426657793 215.69913201854334 1.5 1.568726685643196 3.6488699287176134 -7.200781473675205 1.8961367630489356 32.73734360194629 -3.125271753468786 0.9999089241027832 
Car -1.0 -1 3.759231840996096 0.0 183.16604638580043 258.30049068779834 317.2425392929745 1.5 1.4954295501112937 3.2454411059618 -6.399834999794479 1.6389260040358034 8.93920828186246 3.1378953337629856 0.9995063543319702 
Car -1.0 -1 3.4363941612274687 255.18318326511428 181.90610750578298 419.74469401951575 245.81373415622517 1.5 1.5683401867747306 3.5562219589948656 -6.7777181885459985 1.738488259309417 18.082516061754003 3.07777987718187 0.9947585463523865 
Car -1.0 -1 3.502981773287538 215.56544150206523 182.19149110942652 381.9409315729934 253.79257918636577 1.5 1.4743367701768875 3.093884003162384 -6.91502497321831 1.7194965172655003 16.126771630747857 3.097903954978806 0.989113450050354 
Car -1.0 -1 -1.7037509004063403 605.6979272249233 179.64605820221962 637.7640962491838 204.37040099297099 1.5 1.5779383972287178 3.8606251150369646 0.6906019022654181 1.9606592604672144 46.88637288169981 -1.6890226985004289 0.795218288898468 
