Car -1.0 -1 -1.762152282553073 688.0134001752526 177.6113437418102 789.556848816504 249.7766376157959 1.5 1.6030148163437843 4.151379179954529 2.906394875494532 1.6286961545807237 17.366617946153433 -1.5963336965676886 0.9999980926513672 
Car -1.0 -1 -1.8052363390812116 728.5260297405852 176.76673934620683 862.5061309476495 276.46242316212204 1.5 1.5118273466825485 3.238818284869194 3.038081260238121 1.5774989186418422 12.60161346459795 -1.5686641077653063 0.9999969005584717 
Car -1.0 -1 -0.7564057994878971 1063.9516113967475 171.28438176492512 1241.0 306.86499250047444 1.5 1.6549580290913581 4.453931984305382 8.240505623207076 1.4829923672854126 8.818313536709672 -0.004866198697362623 0.9999908208847046 
Car -1.0 -1 1.7728705628318324 403.2414295170678 180.16742935365667 511.0334053051973 249.70639586953922 1.5 1.778784443438053 4.53584888279438 -3.7582092301728114 1.708931284122582 18.306679815879637 1.5703920563075202 0.9999723434448242 
Car -1.0 -1 -2.688093828346349 192.82102378878105 182.60114590289538 401.1571203157654 226.22558479841595 1.5 2.2274896994233133 6.771813941001892 -11.46707590282546 1.8775529042441421 26.6473184084688 -3.0944683114674434 0.9999691247940063 
Car -1.0 -1 -0.3387229352579748 763.9046965868798 177.6635412870554 880.0012084422796 203.75150849647923 1.5 2.071799573302269 6.330745530128479 12.5702133173215 1.7959832190669716 43.13872152761239 -0.05518336693314143 0.9999544620513916 
Car -1.0 -1 1.8467443050011667 326.13822764976936 180.16223857905786 475.5310789893003 280.86219897951 1.5 1.540285025537014 3.925960373878479 -3.6175064134639885 1.6519448115530648 12.996924956645397 1.5752797007521213 0.999786913394928 
Car -1.0 -1 -1.543304789423081 609.2754195218721 179.60695986867196 636.4117573268741 203.49287041446058 1.5 1.7171349868178367 4.555875298380852 0.8831504586999278 1.9800090660108451 48.932208373695644 -1.525258299955402 0.9992328882217407 
Car -1.0 -1 -1.5512991726708754 688.9426831784582 178.16578085990966 742.6427437349317 228.37861478947278 1.5 1.6280159845948219 3.74692217707634 3.496752939825587 1.691295852693039 23.952304434913476 -1.4063350717213494 0.9991806149482727 
Car -1.0 -1 -1.2983763320701016 497.29401003743084 180.6289414197093 540.6766749008825 204.87088639115143 1.5 1.7087771117687225 4.666365918517113 -6.100044331393636 2.0507059605587 48.637725180570214 -1.4231428364899499 0.8888823986053467 
Car -1.0 -1 -1.013424077775552 365.05011409925277 181.92096125204475 423.2339056795354 205.76118213614225 1.5 1.8562283858656883 4.24159677028656 -14.745172608651819 2.150305991686353 49.4286707987473 -1.3033316592362267 0.6550499200820923 
