Car -1.0 -1 -1.9313921025258536 800.7299076415686 175.3155408111947 1027.8414543683168 313.2629051948657 1.5 1.578497563302517 3.5447078317403795 3.7519151530546164 1.53948122563299 9.685908116639599 -1.561831177273069 0.9999986886978149 
Car -1.0 -1 -1.8346077154190776 730.5361045669049 176.90039959754964 863.3315812103799 262.1896227940177 1.5 1.6105684012174606 4.023660209774971 3.6298953960965417 1.5953873584771272 14.911189091918443 -1.595817984142576 0.9999982118606567 
Car -1.0 -1 -1.739913974570356 707.6392258080173 177.7095651528761 790.2427583905318 238.59288435395496 1.5 1.5993472680449485 3.8246265172958376 3.694778026662293 1.6479307826526846 20.003663864554113 -1.5572673986342294 0.9999971389770508 
Car -1.0 -1 1.8352335479658235 389.43791457041493 180.51565929784078 491.0131924063074 242.89049707717672 1.5 1.6771363586187362 4.257452350854874 -4.615712934163254 1.736091215303983 20.038397575437305 1.608839023109299 0.9999982118606567 
Car -1.0 -1 1.922443664079239 296.5008148057739 180.69020200373453 444.52100490189196 268.44513755630123 1.5 1.5906433135271072 3.8741669178009035 -4.718845823500257 1.6808508969845886 14.649246739989577 1.6108169436415256 0.9999978542327881 
Car -1.0 -1 1.7465440345215402 507.84919715419153 180.44122435476504 549.5637701774158 212.81059440966422 1.5 1.5089883029460907 3.3184437572956087 -4.040549765263407 1.8961850655410162 35.93611477723079 1.6345772623976291 0.9999961853027344 
Car -1.0 -1 2.0389738764688543 56.10609109177395 180.83418347406322 356.29688764083903 337.8096618586786 1.5 1.6119296222925186 3.9309846729040148 -4.719599046168079 1.6225169155260424 9.06759973666887 1.5590686043116706 0.9999942779541016 
Car -1.0 -1 -2.267924799306514 970.0614549232309 166.94233864679208 1241.0 374.0 1.5 1.6108051434159278 3.834846478700638 3.7412154091498304 1.482023787757538 4.178067869405374 -1.5376339154925687 0.9999806880950928 
Car -1.0 -1 -1.707491606239907 698.6377021472565 178.1893154179175 756.4156299363758 224.49090390886545 1.5 1.5468491733074188 3.430576112866402 4.04073890646242 1.7017470847457932 25.50201149664888 -1.5503501156952721 0.9999479055404663 
Car -1.0 -1 -1.6812372107886522 688.0490707110399 178.4856417545637 734.5627875989424 216.4649886911724 1.5 1.5631333485245704 3.6877388626337053 4.239286143547668 1.7561824145348717 30.910586478540562 -1.5449407706644875 0.9999465942382812 
