Car -1.0 -1 -1.6524678416756058 637.1419966970008 179.20773388552553 672.1333496793284 208.6140136805795 1.5 1.5893280997872352 4.008949410915375 2.3722727809468793 1.86775203970522 39.69754171372003 -1.5927801421519858 0.9999978542327881 
Car -1.0 -1 0.31253117939937236 312.8862420567575 181.64197933774824 468.15410966079304 232.24047366057744 1.5 1.6630402326583862 4.345363613963127 -6.824985134022989 1.7858145686470057 22.56250960623074 0.018789454302515305 0.9999971389770508 
Car -1.0 -1 0.6641988535130754 0.0 183.0844196673806 281.3077507380264 334.2635375584873 1.5 1.6013071432709693 4.005500537157059 -6.113506185922602 1.6271942672926478 8.106220146861075 0.01803128322097234 0.9999955892562866 
Cyclist -1.0 -1 1.653420594461808 542.0025876163892 182.42057516708348 556.2117906003365 212.36240749116757 1.4 0.5592263795435428 1.611362074315548 -2.9892193054759852 1.8758794160591876 35.05606187665248 1.5683566768977302 0.9999873638153076 
Car -1.0 -1 2.8154412502511836 742.7479948245713 177.3324458073034 884.8068704129086 230.8444832115916 1.5 1.5786482512950897 3.717337039113045 5.8919054108155215 1.6378909709985114 21.26385123304326 3.0857453227003635 0.9999797344207764 
Car -1.0 -1 -0.27077147803187307 783.1519091843709 176.87278533681933 915.1392797144932 238.0544411730916 1.5 1.476248775422573 2.936541897058487 6.041815028365532 1.608397495993445 18.593691797366912 0.04340521892043523 0.9999767541885376 
Car -1.0 -1 -0.2953525074791381 788.711796025845 176.409960291427 973.3931476344274 247.72623801803462 1.5 1.5470022827386856 3.565107893943787 5.8993618492145306 1.5841613178733753 16.131003911951183 0.055253787836756024 0.9999756813049316 
Car -1.0 -1 -0.4829228972559809 882.9096649480185 174.42242140084247 1191.917641174484 283.19957775179654 1.5 1.5692344427108764 3.686022248864174 6.176651567017656 1.5257342766780828 10.821480900894782 0.03573183616134099 0.9999755620956421 
Car -1.0 -1 -2.0357926291238355 811.5978702584139 173.5845183086911 1241.0 374.0 1.5 1.5122965469956398 3.346301478147507 2.7642914495778728 1.5077884844521336 5.655599807299743 -1.5811687522244198 0.9999653100967407 
Car -1.0 -1 -0.27668484092408785 716.8672496584886 177.7344389302238 851.8087832674187 224.8364254911398 1.5 1.5884764984250068 4.090032216906548 5.698626815474159 1.6689667561757635 24.041557831032204 -0.04394777218369075 0.9999605417251587 
Car -1.0 -1 -0.2344359038345725 718.6685155328669 177.9016686556088 832.2969212105523 220.60625655528074 1.5 1.6355397671461105 3.769510102272034 5.945072005759795 1.6908276566334655 26.382108044161598 -0.012793258824620925 0.999957799911499 
Car -1.0 -1 3.408384634522971 291.8994901446922 181.7488085749883 441.57803293297457 238.84839353225692 1.5 1.572975192964077 3.6702244102954866 -6.738809449154277 1.759348857470039 20.117602181111394 3.085161077972275 0.9999399185180664 
Car -1.0 -1 3.6352293661044883 0.0 182.8910590964574 291.3155958966251 295.857790962171 1.5 1.5511896952986717 3.4267167121171953 -6.802289823197604 1.6609593138190408 10.640388549979486 3.0664203047712864 0.9999343156814575 
Car -1.0 -1 -0.4038286465110881 833.2666184628109 175.60626750714056 1049.585225877456 262.54509513703096 1.5 1.5287613987922668 3.2820629447698595 5.934249341490862 1.5540686031305935 13.287257812595286 0.016204281649317063 0.9999587535858154 
Car -1.0 -1 -2.708304708345661 188.51059737187487 182.10426995378907 408.49004661851166 256.55456001428604 1.5 1.6090885296463966 4.073342916369438 -6.678147023647677 1.7116194380428191 15.612581836896466 -3.112495021024023 0.9999231100082397 
Car -1.0 -1 3.52685337195557 126.38911294447377 182.20364910547517 376.02702052558664 273.4846933585283 1.5 1.5985958769917488 3.6887461811304094 -6.3422884012324605 1.680442309737378 12.96928993154074 3.0720254063566745 0.9999170303344727 
Car -1.0 -1 3.3173231598222834 418.27849198231587 181.22464065686302 513.1386827366359 214.35101532439054 1.5 1.6462617114186286 4.157032680511475 -6.7767674077710645 1.9045867517269477 33.97432964029173 3.1204398751219333 0.9997490048408508 
Car -1.0 -1 0.853433200581154 0.0 183.80857311173853 151.81128059270665 374.0 1.5 1.5143907189369201 3.496975314617157 -5.999095685308465 1.6027600923370433 5.884210214282124 0.05836753447982244 0.9983417987823486 
Car -1.0 -1 -2.9136008425573627 446.1305617074679 181.06535753563676 525.0621667217257 211.74766588645676 1.5 1.5920186907052993 3.688144174218178 -6.31991105761663 1.927768645899729 36.65393046307329 -3.0843431512501582 0.996192216873169 
Car -1.0 -1 -2.944967042501302 469.15195484750325 181.0172990618651 538.162484028052 204.62377946914864 1.5 1.6345834851264953 4.24932264983654 -6.984357943015588 2.047182111935345 47.40678931052029 -3.0912429849293575 0.9453732371330261 
