Car -1.0 -1 1.713507276882521 460.2218035027417 180.55344528902023 517.2165999079722 221.3770932596741 1.5 1.7040391013026237 4.261286047101021 -4.91075438465571 1.837780198577623 29.46890297624086 1.5483826835963386 0.9999990463256836 
Car -1.0 -1 2.7639783194396896 736.1959898554624 177.1384691980358 912.3133816332428 235.2206719992294 1.5 1.640772496163845 4.334622111916542 5.758858714975498 1.6240321090524055 19.803481736840094 3.046973812576157 0.9999980926513672 
Car -1.0 -1 -0.2326533384569283 765.7855584426331 177.72911561178384 858.7376466195869 207.06872233312134 1.5 1.7806947723031044 4.443235185742378 10.605420754519363 1.7649594222085425 38.18475529633609 0.03825811942550114 0.9999974966049194 
Car -1.0 -1 -0.7514888274175738 1230.5230665982008 172.20385944271302 1241.0 219.28422066792055 1.5 1.7249338820576667 4.402179506421089 23.481963560209795 1.4796440526171288 23.903018326794328 0.025023742518152516 0.9999517202377319 
Car -1.0 -1 -1.9541552194669969 889.5035920124088 176.710845940723 937.8143284962927 200.68570540085358 1.5 1.6693544134497642 3.6967320859432222 19.939830689660656 1.764738571330438 47.598221010662 -1.5574459238585574 0.9999145269393921 
Car -1.0 -1 1.4854875513633297 652.6032866289395 179.16224548066822 684.7917648616171 203.58459468902376 1.5 1.7473107695579528 4.28315908908844 3.791538535848457 1.9350340203387673 47.568992322200515 1.5650254925105231 0.999790608882904 
Car -1.0 -1 -0.6426115259388225 1050.1481087849363 174.65863462608607 1159.2193003308405 207.88734765021096 1.5 1.653650265932083 3.9940385639667513 22.929516157301375 1.5866365246884293 33.580746547495934 -0.04351087013748713 0.9996092915534973 
Car -1.0 -1 -0.6063356280071244 987.6018593907677 175.36600461655698 1094.8752642830634 204.52780242321072 1.5 1.7494626834988594 4.741066929697991 22.819010551100767 1.6374092411885637 38.32654482682589 -0.0693171779301507 0.9993304014205933 
Car -1.0 -1 -0.621595710571671 1011.4044536824684 175.08801712990902 1120.1879558595788 206.085983152483 1.5 1.7292282104492187 4.416029763221741 22.68266942647029 1.6150709673994625 36.05160950058885 -0.060001806416784015 0.9978589415550232 
Car -1.0 -1 1.6582977666058412 547.9405751815337 180.07175274978655 584.9671812000456 208.1718172600334 1.5 1.7618658512830734 4.524119433760643 -2.5101499614457383 1.943119725194766 41.97323831833118 1.5985653281172336 0.9938967823982239 
Car -1.0 -1 -1.9067794261376647 927.4906397821535 176.32261046353662 974.8648665761535 200.249493990244 1.5 1.661437240242958 3.8262686252593996 22.506047974681017 1.7397047573816167 47.796964527470635 -1.4667080501702172 0.9426517486572266 
Car -1.0 -1 -1.1759168323567841 781.6724034557136 177.5793581251349 842.0570976292272 207.84547175393215 1.5 1.6525788724422454 4.112232339382172 10.794853189020795 1.7667428114418735 38.54683998236977 -0.9028663198140008 0.5808445811271667 
