Car -1.0 -1 -2.5786061064853567 182.47375134776425 183.08042212189747 324.4586765903034 229.44480333325217 1.5 1.6328024238348007 4.14963239133358 -12.25305860462245 1.866784052301526 24.822630199781226 -3.0371403257038936 0.9999995231628418 
Cyclist -1.0 -1 -1.5556181092388632 690.5907943936638 181.8243543162597 711.8009349169328 235.60481877332307 1.4 0.5579221554100513 1.7925136283040046 2.49348198718698 1.6607450285620244 20.015429583449286 -1.4316786537554604 0.9999997615814209 
Pedestrian -1.0 -1 -3.624548569502699 959.8286128713166 154.85964390097953 1062.5124686846264 274.4557336796304 1.8 0.4999110035598278 1.3004955396056175 6.112180774208988 1.529530945518522 11.119550256560279 -3.121952013173376 0.9999643564224243 
Pedestrian -1.0 -1 0.7517660003045412 449.82922627613493 168.34987002984101 483.95167258079766 245.29497524088788 1.8 0.5449580520391464 0.5870261721312999 -3.471846567244348 1.6949913680242086 17.26246658483999 0.5532926758143561 0.9999009370803833 
Pedestrian -1.0 -1 2.5770625853475884 1011.4301961919451 151.05753200331688 1117.0082773953043 288.7534652332604 1.8 0.49712532460689546 1.1055204577744007 6.0250965948751745 1.5154283108193314 9.682314538622544 3.1337025046309055 0.9999023675918579 
Car -1.0 -1 -1.1282896097048116 189.49666334036453 180.35323822936206 445.9750438858858 292.4620962374418 1.5 2.003396910429001 5.3555580347776415 -4.767926970601002 1.6617582270549298 12.773018961141492 -1.4855524758484704 0.999886155128479 
Pedestrian -1.0 -1 -3.605003908363852 967.105428938441 154.26719102445415 1064.7320222314388 276.86609784214454 1.8 0.4399283815175295 1.2096996910870075 6.028474507389985 1.527465908323269 10.837380865452698 -3.0973621169712886 0.9999605417251587 
Pedestrian -1.0 -1 0.7082266174001897 23.9337871592305 168.68486675287406 94.03890344138935 269.0255024148868 1.8 0.7898984037339687 0.6822565130889415 -10.233326696539969 1.7255682188057544 13.353742414972695 0.05435816844436101 0.9998458623886108 
Pedestrian -1.0 -1 -2.321298512622922 1149.7533458022854 149.0721676715615 1241.0 289.98122496228683 1.8 0.6018930606544017 0.7888616554439067 7.758402217033198 1.4965640756707053 9.629458270580672 -1.643094905712877 0.9998220801353455 
Pedestrian -1.0 -1 0.6387451438588878 61.912068637286545 169.33157448666805 126.50028598450301 263.0994748836718 1.8 0.5522125892341136 0.8720983311533927 -10.142925632084399 1.7327401930581212 14.131265577586372 0.01619569858046941 0.9992115497589111 
