Car -1.0 -1 1.970875923136234 259.40510929572497 182.16037788964766 355.06363532648794 230.72468042025946 1.5 1.5953220918774604 4.094686967134476 -10.451607143737718 1.8508782852501524 25.121691549966364 1.576619613166672 0.9999995231628418 
Car -1.0 -1 -1.586949583814277 589.7657650144841 178.33547837693467 680.8891383647069 265.90189037388444 1.5 1.5919460475444793 3.820699688792229 0.41339556972673774 1.6252532534601947 14.517474942662089 -1.5584815554928524 0.9999947547912598 
Car -1.0 -1 -1.1424866468366315 755.2131459055173 176.02405021230132 949.7327984218858 276.3407160761503 1.5 1.684444260597229 4.310789567232132 4.4727402961069 1.5671944888837672 13.065832674843973 -0.8126669685032708 0.9999592304229736 
Car -1.0 -1 1.8657767852212626 409.5558763129338 181.34729741527264 463.2662664397413 210.03853723671523 1.5 1.7346337929368019 4.608465221524239 -9.927104909968268 2.016158966889084 41.46443479266858 1.6307873606642307 0.999956488609314 
Car -1.0 -1 2.340460079566775 0.0 183.8329273085452 107.94909727047735 303.1827039495014 1.5 1.7231595262885093 4.504499074816704 -10.715976302650127 1.7140333996691939 11.762361882837038 1.6015791773756565 0.9999542236328125 
Car -1.0 -1 2.1253917110612788 96.32372226121882 182.80815159835714 262.7659337358664 252.73922368705715 1.5 1.6089942798018455 4.217040029168129 -10.671600843045717 1.7809295503627662 18.20725286106503 1.595242011543137 0.999948263168335 
Car -1.0 -1 1.8517966369509378 441.26583173712544 181.2437788115556 482.2113092566689 205.74041015598033 1.5 1.5662426620721817 4.151343789696694 -9.789971937350323 2.0806151062111016 47.769639866525175 1.6496543765028537 0.9999492168426514 
Car -1.0 -1 2.1796334383225435 12.80210594481901 184.26717228656116 143.1028041303393 244.74367582968546 1.5 1.3560323536396026 3.1536909312009813 -14.717522690208035 1.843320443994986 20.086922333228646 1.5473019321772712 0.999993085861206 
Car -1.0 -1 -1.5093857943512337 970.0987897731965 170.49176082066907 1241.0 374.0 1.5 1.856471461057663 4.823824998736382 4.487149091740361 1.489703797772851 5.666763809440549 -0.839642600217138 0.999914288520813 
Car -1.0 -1 -0.9282398495399562 681.7211192611009 178.26811436393706 772.421947453411 216.88832109047075 1.5 1.6913876429200172 4.080476847290993 4.977261139794777 1.7452877055663727 30.61417148315387 -0.7670697132733209 0.9998589754104614 
Car -1.0 -1 -1.004955756338101 656.2420621182094 179.05025298757954 706.6138474690955 203.01927207050542 1.5 1.576976527273655 3.7562845766544344 4.769247075960249 1.9305911518056684 48.132139620601585 -0.906191603341375 0.9994747042655945 
Car -1.0 -1 -0.8922402756306389 668.1062363174867 178.8269394990633 727.2554390411892 206.51326461275312 1.5 1.5398454412817955 3.4883106619119646 5.0507349122061385 1.8595471224612181 41.61977659116659 -0.7714765826847894 0.9948775172233582 
