Car -1.0 -1 -1.621481806569807 600.2724884980422 178.64521326226682 676.2281297304297 248.9736012750606 1.5 1.630447481572628 3.466857460141182 0.5427064841111062 1.6542639412126503 17.42366287721849 -1.590344204628144 0.9999903440475464 
Pedestrian -1.0 -1 -0.009511584321870964 511.7872151547768 172.30052006133886 528.326119365186 223.52849997918875 1.8 0.6375043213367462 0.5772091008722782 -3.2518905016582043 1.7809101386070956 25.70474072520621 -0.13535244862106868 0.9999772310256958 
Car -1.0 -1 -1.5496883246696145 580.2841250622984 179.50245242390665 622.4926737232519 220.26918439617552 1.5 1.589151893556118 3.7022458881139757 -0.35097096317138554 1.7848144208260404 29.010323022358946 -1.561785874949072 0.9999654293060303 
Car -1.0 -1 1.9054075849762313 324.6788035418855 182.0114084802996 390.82243858622473 218.0069073700646 1.5 1.6549591466784477 3.9403705418109896 -11.500448146852207 1.9447056291338802 33.038174005755465 1.5704302032801765 0.9999542236328125 
Car -1.0 -1 -1.6260049333719668 661.5117144069412 178.71318721134497 708.3815624346794 215.6430895126046 1.5 1.8245427429676055 4.507436093688011 3.2432434163726036 1.7814788303177702 32.32399342350805 -1.5260041328754765 0.9997066855430603 
Car -1.0 -1 -2.303345125946397 468.21044136304494 180.64913442448048 543.0895206259796 214.5629708649788 1.5 1.5558327108621597 3.5547348231077196 -5.048013957285817 1.8912046685756958 34.441356749688126 -2.448877290883337 0.9996053576469421 
Car -1.0 -1 -2.357624677153276 492.55514401209837 180.53939690372263 561.7977952776175 209.0328863632905 1.5 1.5860446289181709 3.908001494407654 -4.747193458757119 1.954526771135171 40.8035114541774 -2.4734467426922664 0.9993341565132141 
Cyclist -1.0 -1 -3.3402125545803156 782.8371812188559 180.43634616197224 849.9967886452847 224.14300784791038 1.4 0.8104949750006198 2.0041900247335436 6.729697273777177 1.6551095472202004 23.75795793245304 -3.064182714619909 0.9992882609367371 
Car -1.0 -1 1.8157120226145875 423.41497831723774 181.44793829385083 462.92255687716187 205.09992948040278 1.5 1.6421881064772605 4.32646596133709 -11.420658895596162 2.1161109401964593 49.51738226018992 1.5890364527662815 0.9912859797477722 
Car -1.0 -1 2.325270872191206 1188.521207451085 172.40211009157844 1241.0 230.19089071005536 1.5 1.6691741093993187 4.224188488721848 18.46520512706783 1.4886283022150932 19.69195026477246 3.078530299659592 0.9465032815933228 
Pedestrian -1.0 -1 0.693262532213996 1217.3117646817702 146.8665840473874 1241.0 295.446982716767 1.8 0.6757217951118946 0.7984464548528194 8.358811385408172 1.4855293483797916 9.1806052435532 1.4318408211085456 0.7196381688117981 
