Car -1.0 -1 -0.6590096740669621 910.1310145884778 172.9503727578945 1241.0 329.4941102869279 1.5 1.5765345215797424 3.9189527302980425 5.470913147833254 1.5015163032915306 7.791203786895498 -0.04681475559738704 0.9999997615814209 
Cyclist -1.0 -1 1.8554192994598593 378.38535469406725 186.3215242946433 440.8161603604413 280.511206842774 1.4 0.5448334410786628 1.6484996795654296 -3.2913632278437377 1.6358431887124079 11.786105992045089 1.5830988764723362 0.9999998807907104 
Car -1.0 -1 -1.7306434448354056 632.1192984938335 178.6208051849867 702.0624524011228 230.86547852879056 1.5 1.595947940647602 4.07808521091938 1.7013090304365752 1.7032127714373106 23.277696957953868 -1.657685653367315 0.9999983310699463 
Car -1.0 -1 3.3895496549964506 279.32503775971657 181.77619676728642 441.5583983733421 239.2442284441039 1.5 1.5889682367444038 4.0002892285585405 -6.887412393710429 1.7605660846595501 20.083857965685134 3.0591846585234226 0.999997615814209 
Car -1.0 -1 0.362316478478133 337.74694283694663 181.69058442797007 455.3918283414851 226.8129117885815 1.5 1.5281903117895126 3.641120579838753 -7.458259776137504 1.8204217928192212 25.233354973721305 0.07492749293776922 0.9999974966049194 
Car -1.0 -1 3.4709460515812856 211.51456034183525 182.11377405130574 408.6365084346513 248.69422627209715 1.5 1.579669725894928 4.105533149838448 -7.166760329356781 1.735676898113072 17.420331911233962 3.0806491255720676 0.9999932050704956 
Car -1.0 -1 -1.6053570744962213 618.9410818262108 179.43041202834334 650.0997711494526 209.6349239153019 1.5 1.52650126516819 3.459618848562241 1.2284419529997577 1.8653923489350825 38.31567971931477 -1.5733069761798275 0.9999901056289673 
Car -1.0 -1 0.27941789893389357 412.66176084622884 181.31168840354445 501.39441775002894 213.96153442710587 1.5 1.6121959805488586 3.865719822049141 -7.32815342917401 1.9166766473067545 34.57368125572195 0.07055155833693913 0.9999912977218628 
Car -1.0 -1 -0.5431588554336666 862.959273572767 174.39225958276552 1195.7666954017734 292.0665236772451 1.5 1.6013429060578346 3.740605574846268 5.63617659868385 1.523691873902267 10.07980583985697 -0.033313826718602856 0.9999021291732788 
Car -1.0 -1 0.7779352568437139 0.0 184.70451208432544 107.92874426587935 374.0 1.5 1.6842412322759628 4.339110341668129 -7.293829898911621 1.6216162592848637 6.3795731189378095 -0.07422740856674738 0.9998466968536377 
Car -1.0 -1 2.208692028891252 1105.106698288273 166.89697338316108 1241.0 374.0 1.5 1.5826924264431 3.9489081621170046 5.751578422105939 1.4678246101658636 4.851554558364066 3.0787700295408786 0.998984158039093 
