Pedestrian -1.0 -1 1.189692390089471 572.9546074558123 153.1077061178066 637.2181641943451 288.2314875505762 1.8 0.6515699930489063 0.7849644429981708 -0.0573147907157179 1.4367761373991428 9.900102347518832 1.1839031418177741 0.9999947547912598 
Pedestrian -1.0 -1 0.8808003630421559 234.55672913930718 161.48048063831945 297.0253194085933 274.63831353729273 1.8 0.6130634367465972 0.7180245153605938 -5.64092563117531 1.4991118470572202 11.670441850278927 0.430560036501612 0.9999947547912598 
Pedestrian -1.0 -1 0.759822244886349 907.1048449329633 127.73412650840685 1051.563658957224 369.0 1.8 0.6248831309378147 0.7889075696468353 2.8626789037844995 1.42227094926092 5.554707648209214 1.2356828888270515 0.9999861717224121 
Pedestrian -1.0 -1 0.795231687302689 824.5436259484345 127.46114979966339 958.6135317378954 369.0 1.8 0.5844489231705665 0.7502016171813011 2.1031257825181333 1.4330033322356504 5.369789836845202 1.168526812395777 0.9999823570251465 
Pedestrian -1.0 -1 0.8962793654515635 735.3044793631033 128.51691943687692 873.8771803536949 369.0 1.8 0.6041797369718551 0.8759224347770214 1.4512286748601577 1.4410966532877008 5.422355393685357 1.1577884395930427 0.9999755620956421 
Pedestrian -1.0 -1 0.9091568783438189 793.4149577383806 131.66815535454666 914.6056607291705 369.0 1.8 0.5550150319933891 0.8129520833492279 1.9730966921112927 1.4322965834865065 5.818937709627048 1.2360722263667243 0.9999455213546753 
Pedestrian -1.0 -1 1.0845219207802648 635.7161712305649 111.40350885977448 806.3002763667329 369.0 1.8 0.5894218131899833 0.9086030095815658 0.565752695095372 1.459885743304607 4.020394564211003 1.224324627718653 0.9999369382858276 
Pedestrian -1.0 -1 1.2295123839413484 635.5058805654884 152.21740341733803 700.9657263865614 287.5383564371107 1.8 0.6579580277204513 0.8632285080850124 0.8229648457390535 1.4254653954397574 9.901324829873916 1.312438412508692 0.9999022483825684 
Pedestrian -1.0 -1 1.4132147562010264 552.8592666086381 153.20810929742973 605.9669215872227 289.78813962971896 1.8 0.605666034668684 0.8353634297847747 -0.4150630955533564 1.4419909064035554 9.782799007042744 1.3708123405787604 0.999864935874939 
Pedestrian -1.0 -1 -2.7708876371528075 637.4758728423825 165.9818246778335 661.533842806364 224.33749314371454 1.8 0.45952685438096524 0.6288841858506202 1.36381325550628 1.3537384202406977 22.14453903726191 -2.7093784371998653 0.9998444318771362 
Pedestrian -1.0 -1 0.8798783656552288 307.7776206097734 136.46808144576767 439.2915738396085 369.0 1.8 0.6012025780975818 0.8203829199075698 -1.8793116679937052 1.483009430264352 5.584316446140571 0.5552500923487799 0.99957674741745 
Pedestrian -1.0 -1 -2.950390528669785 677.8490764414611 163.4040047278287 716.1820110966806 232.8668899791098 1.8 0.5221580646932125 0.9246054597198963 2.4021795326973643 1.3585783964244915 18.709728174422416 -2.822697118916784 0.9994874000549316 
Pedestrian -1.0 -1 0.9158575011106398 695.1739806652114 126.06983112813941 840.1411023654327 369.0 1.8 0.5575133047997951 0.9544087134301662 1.1010206272199194 1.447017701401094 5.153270737111129 1.1263474663111823 0.9991422891616821 
Pedestrian -1.0 -1 0.9385478208525357 678.992627013961 112.67556713333857 860.8810862582798 369.0 1.8 0.5898542262613773 0.9444060295820236 0.8767396641009876 1.4551551334963986 4.1596843424987435 1.1462780674311774 0.9985197186470032 
Pedestrian -1.0 -1 1.1197808097616504 738.1897360317444 151.78513610908084 804.2118113614595 281.6286188671179 1.8 0.597297728806734 0.9073376215994358 2.3590896768976086 1.403598879747472 10.305784283646524 1.3448130329463142 0.9981998205184937 
Pedestrian -1.0 -1 1.1760995308133892 685.991022091783 151.86553312374235 753.9304891204777 285.16693927343124 1.8 0.6519240818917751 0.9055941857397556 1.5716416281905796 1.4150130567242936 10.059713092412537 1.3310779770228522 0.9981720447540283 
Pedestrian -1.0 -1 1.0473122180098553 332.2822156777135 137.61177470163506 449.77706847998246 369.0 1.8 0.5442329242825508 0.887836192548275 -1.812316932493575 1.4811071928903188 5.781229750231369 0.7435321052882331 0.9975948929786682 
Pedestrian -1.0 -1 0.4909448312748811 1030.675330112755 90.39643495722477 1223.0 369.0 1.8 0.7336603038012981 0.9567442841827869 2.73221271775902 1.4350427521098061 3.4575746642197287 1.159688158831324 0.9965588450431824 
Car -1.0 -1 -1.160862168914685 0.0 181.30431804682524 290.4710619430446 369.0 1.5 1.976156097650528 5.386155706644058 -3.141597488691878 1.509174458851055 3.7028699393040787 -1.8644395927574975 0.9964152574539185 
Pedestrian -1.0 -1 0.6553085918860622 1174.873645372372 91.16451572974084 1223.0 369.0 1.8 0.6754680097103118 0.8783753521740436 3.435316302514884 1.4260640425415645 3.448063634601163 1.4388548572871345 0.9771462678909302 
Pedestrian -1.0 -1 -2.8350878427691795 689.8200112924586 163.45635738675855 721.6149197941018 231.9531220543903 1.8 0.5556863293051719 0.7114473290741443 2.6706737249278976 1.3537032429418996 18.9794646530363 -2.695291833081518 0.975265622138977 
Pedestrian -1.0 -1 0.9928501982774276 655.9460716495631 122.94453440183582 801.3108165116525 369.0 1.8 0.5513547480106353 0.9235152535140514 0.7559749007636067 1.4532659132379468 4.809825831164254 1.1487478454920905 0.9497228264808655 
Pedestrian -1.0 -1 1.3323878667882083 287.1048994246105 162.15960472628993 335.1343009443687 267.96776722280083 1.8 0.6297870099544525 0.7212833993136882 -5.245518392246746 1.489642426293144 12.500443929859943 0.9350773533198493 0.6803853511810303 
