Car -1.0 -1 1.911036516934808 362.2928616709209 181.70374472889645 422.990448669007 215.05018434034656 1.5 1.579321038722992 4.147059705853462 -10.702662544475826 1.963922553106322 35.68302951693785 1.619637477393967 0.9999996423721313 
Car -1.0 -1 -1.6021084289937653 593.2906819603269 178.87733855399503 658.8268676391593 240.72019958201153 1.5 1.6245663657784462 3.721633788943291 0.32157267369953524 1.6807675326142633 19.735787739842802 -1.5858159848165256 0.9999994039535522 
Car -1.0 -1 1.9402407051746333 295.68146246248574 181.97220288913616 380.364897370914 224.17661725649333 1.5 1.656440508365631 4.48263795375824 -10.792696774401453 1.8936087350363868 28.86501716420187 1.5824327349623264 0.9999990463256836 
Car -1.0 -1 2.0522244977638153 189.9074758310143 182.37386205065206 322.19930100938006 238.3343756327761 1.5 1.7562218502163887 4.583071780204773 -10.849877899261772 1.8270988562289998 22.444138198687252 1.6019310831984104 0.9999992847442627 
Car -1.0 -1 1.9899774220312 226.10140225291676 183.05397528880425 290.52304735839033 221.53313323997466 1.5 1.3190333291888237 3.053501483798027 -14.836239989872217 1.9533451109380517 30.49312973296803 1.5371526916834968 0.9999998807907104 
Car -1.0 -1 -0.8481978093460688 660.8252629438732 178.84370463214563 727.0016910370313 206.78981685772447 1.5 1.6198736175894737 3.872495007514954 4.816440655244346 1.8600989902662879 41.4357655781416 -0.7324783960965021 0.9999921321868896 
Car -1.0 -1 -1.1134183426143651 719.5590705634195 176.76101340429318 887.7955374061603 254.9927268107876 1.5 1.7920369774103164 4.698870193958283 4.4943018614338985 1.6020265992808527 16.420057660592363 -0.8462536493924006 0.9999879598617554 
Car -1.0 -1 -1.2930942440549504 864.9486653370651 174.45101495702525 1086.2023974151145 317.5101072570597 1.5 1.6237970933318138 3.7481559932231905 4.899702690956209 1.5257097038476752 9.528475804888874 -0.8181379596379145 0.9998753070831299 
Car -1.0 -1 -0.9626283557704447 684.325059555481 177.8851618787841 798.2878205675817 228.84524101571165 1.5 1.626131173968315 4.0958820402622225 4.328072127743779 1.6793967454558991 23.654143429640595 -0.7816571156170709 0.9998457431793213 
Car -1.0 -1 -1.446359853718223 996.1076651639369 170.68821399633313 1241.0 374.0 1.5 1.6035646691918373 3.967334192991257 4.517474348496525 1.4892555159291383 5.654526852479563 -0.7722821394589289 0.9998100399971008 
Car -1.0 -1 1.8272467685818081 395.5898107425102 180.76168720499342 486.7216120563957 221.16737821279705 1.5 2.198733624815941 6.81706355214119 -7.216330877331805 1.8841212468576076 31.572087696205042 1.6025400042494358 0.9988394379615784 
