Car -1.0 -1 -1.6276685906312234 649.2971380956534 178.88032863327604 690.7817670844697 216.19790618233904 1.5 1.5726728856563568 4.112329196929932 2.5415295595935725 1.7828228340734382 31.743330711268378 -1.5477740252998216 0.9999983310699463 
Car -1.0 -1 0.24071337379453436 317.25075436142384 182.29168101229735 410.21131560492773 213.36311235793505 1.5 1.6042948260903358 4.17843037545681 -12.401895632005282 1.9894561793743109 36.40839308864203 -0.08759231964615413 0.9999978542327881 
Car -1.0 -1 0.4314220953959176 203.94928587736803 183.45972717299398 303.53122602448065 214.41470210999773 1.5 1.5988246098160743 4.22488549053669 -17.954006825540024 2.04805752082389 36.40315625919361 -0.026770071187291824 0.9999949932098389 
Car -1.0 -1 -1.7507980130791114 681.2813687243948 177.65508371017222 781.2724215464049 253.3791298004449 1.5 1.560285922884941 3.752454233169556 2.582657777255307 1.6222708065148483 16.424685058541456 -1.5948326169189555 0.9999947547912598 
Car -1.0 -1 -1.6888229637552632 667.0364771397157 178.27407916180903 734.5538708045095 234.19342533448412 1.5 1.5612006679177284 3.598047283291817 2.5749943357686558 1.6754105967208932 21.50089022419927 -1.5696284493340669 0.9999756813049316 
Car -1.0 -1 -2.3477737717733627 924.8497261905845 151.6077185263103 1241.0 374.0 1.5 1.5612263724207878 3.8425902396440508 2.726077360229291 1.4773814578859834 2.707896928499792 -1.5590299238127214 0.9998313188552856 
Car -1.0 -1 1.9142884442810302 147.15380961617888 179.44825292227725 451.2702395743853 374.0 1.5 1.5805576488375663 3.8406385600566866 -2.87532895881053 1.5865700225841295 7.492579448545596 1.547862692675318 0.9998044371604919 
Car -1.0 -1 -1.9915683679099963 786.0047301276534 174.61878668610834 1073.2317851962582 374.0 1.5 1.3891131177544593 2.7404988676309587 2.6777734460066407 1.5203448181493524 6.76943352517923 -1.6148882331934316 0.9999924898147583 
Car -1.0 -1 -1.572351114312088 594.3142770050798 179.84037217646474 618.3718374653754 203.22105656364545 1.5 1.5816575407981872 3.807458516955376 -0.2851694148522916 1.996598711079348 49.338501393720186 -1.5781309055772168 0.9996821880340576 
Pedestrian -1.0 -1 -2.0142382176766396 902.8613539043814 150.35433413307143 982.2645258873112 299.59672831316226 1.8 0.6955939836800098 0.6330031462013721 4.088345875984109 1.5289912969477875 9.022364972801096 -1.5887806034323317 0.9980798959732056 
