Pedestrian -1.0 -1 1.033289634289084 329.70101016265824 166.48896265946402 380.6502945116267 243.9698151832606 1.8 0.7737870819866657 0.959898766875267 -6.055877166798244 1.4761086104024272 17.02495367669447 0.6915406425807136 0.9999972581863403 
Pedestrian -1.0 -1 0.9974081454130141 346.0886549707464 162.3798752671672 414.3228268351903 261.5531975041498 1.8 0.7391391813755035 1.1369286596775054 -4.331989105613647 1.4727592130135927 13.474124062407176 0.6863412102076667 0.9999964237213135 
Car -1.0 -1 -2.3010120979424755 1033.78226684119 169.3429991877991 1154.514507465558 217.51027690825762 1.5 1.5506767228245735 3.2496786236763002 16.25807367308369 1.1541089649433434 23.724903363234155 -1.7002374688771111 0.999993085861206 
Pedestrian -1.0 -1 1.106456033410552 312.8892624745632 162.42052917740668 376.2470663713543 264.13549645677426 1.8 0.701084130257368 1.0603138737380504 -4.884434905602586 1.4816996934165454 13.125216861792119 0.750193997225489 0.9999885559082031 
Car -1.0 -1 -2.159886298020594 956.7275137324972 170.4704891065836 1067.5631548967758 217.87661234744044 1.5 1.633092065155506 3.4355810403823854 13.744091677303388 1.1842025164507175 24.13883655316432 -1.6422883282091958 0.9999823570251465 
Pedestrian -1.0 -1 0.17788833124177983 967.1539313312254 136.93978026637936 1087.5062844442552 330.37459350438314 1.8 0.7233829729259014 0.9357194907963275 4.222226289605875 1.3963507802344932 7.153825843750973 0.7110747536036628 0.9999575614929199 
Car -1.0 -1 -1.5994956451383475 604.4720733964475 176.10716980794496 636.5122776160273 206.2444693351606 1.5 1.5631534650921821 3.6630189538002016 0.7576451163724733 1.282790448455657 37.02431246171315 -1.579035052159105 0.9999299049377441 
Pedestrian -1.0 -1 1.0573225903687407 451.80509940942983 159.5695140123102 521.2795982100635 266.62462070686877 1.8 0.8220227926969528 1.011756670475006 -2.1516108534793092 1.4497286845172763 12.53498352690429 0.887330694994654 0.9998732805252075 
Pedestrian -1.0 -1 0.8017903444041747 471.07381774089157 160.5113424129503 545.9860484553755 260.4068161595032 1.8 0.878273931145668 1.1190195128321647 -1.87540773897215 1.441468800267658 13.425698469280013 0.6630005081507819 0.9998681545257568 
Car -1.0 -1 0.8988820383961078 1098.5422188170987 168.25183631054074 1223.0 215.3483966031863 1.5 1.6310319796204567 3.935765710473061 19.26607944110252 1.1114523356724195 24.486309190441666 1.5655285557124274 0.999833345413208 
Pedestrian -1.0 -1 1.295901239304292 282.9896723198463 166.45136423163476 334.887784162745 247.7137747737276 1.8 0.8468498967587947 1.064914048463106 -6.8875548349195554 1.4904300298835769 16.336780555541658 0.896915598711695 0.9997492432594299 
Pedestrian -1.0 -1 0.958446229075511 348.0448652374425 165.18454561116548 406.1544648979202 248.47511968883748 1.8 0.7882971808314323 1.0410208746790885 -5.167211399568541 1.4706337310611257 15.902890440433234 0.644284172854151 0.999677300453186 
Pedestrian -1.0 -1 2.107418929805493 280.37120127767486 174.17158866847814 300.706850096874 212.3123913012802 1.8 0.6040271863341331 0.7217741131782531 -15.027664288232021 1.5027881353120893 33.75706737691713 1.688588130470139 0.9996676445007324 
Pedestrian -1.0 -1 2.103019848200443 272.92774976758744 174.25039734024318 294.3847596549309 212.4523720772653 1.8 0.6424149058759212 0.746776957809925 -15.33670528717081 1.506980179265574 33.71483953865561 1.6761028647383274 0.9995392560958862 
Pedestrian -1.0 -1 -1.4272240791116595 189.34757426241293 174.6362978428876 210.3077676222787 216.89691637463585 1.8 0.711985819786787 0.5673440665006637 -17.498684520846076 1.5517269889868752 30.50511738132995 -1.9480289975788934 0.9995336532592773 
Pedestrian -1.0 -1 0.8965002217211113 495.10000230505955 159.75556054764021 566.0795558187099 262.3121187460629 1.8 0.8075025424361228 1.0783409260213375 -1.4245542062353773 1.4375525064550385 13.071635660814582 0.7879480560633796 0.9988154172897339 
Pedestrian -1.0 -1 1.4065913246842245 305.63655269025236 164.9572293122106 352.6325949358452 253.2760399358467 1.8 0.7706544853746891 1.0303921557962894 -5.921043282649673 1.484852816201849 15.045127647666984 1.0316557129237311 0.9972575306892395 
Pedestrian -1.0 -1 0.9681225843107979 387.7830814445689 162.66201189843932 451.20335612208 257.185465544728 1.8 0.7124268941581249 1.1192554168403148 -3.745428611764492 1.4619474492928475 14.093893653812136 0.7083777626368659 0.994594395160675 
Pedestrian -1.0 -1 2.1420341125781057 296.37711246050986 174.04121337799643 317.35617456773025 211.71250808024934 1.8 0.7317933745682239 0.5886617608368396 -14.406728600879019 1.49283240472741 34.13162548213681 1.742628085609299 0.9107644557952881 
Pedestrian -1.0 -1 2.1627734005337445 288.3007408982834 174.09324236225217 310.7439008266574 212.0137202679543 1.8 0.6524810127913951 0.8077240109443664 -14.708562450928216 1.4973321312472165 34.013756428617356 1.7546265006025852 0.8388276100158691 
Pedestrian -1.0 -1 1.0508755610933171 323.79459294629874 165.66837632736426 380.35699243556 248.10173488300293 1.8 0.8090624146163463 1.0219885528087616 -5.791970028113759 1.4777552238926273 16.07325947823478 0.7050117691371101 0.6603567600250244 
Car -1.0 -1 0.5886190229256905 257.56124347020557 180.61854431500285 321.2477986844865 202.84972160246176 1.5 1.572066780924797 3.7793348103761675 -21.76335407594883 1.5096606912300528 48.80558377693392 0.16916374762984684 0.5540136098861694 
