Pedestrian -1.0 -1 -2.3500859709624367 547.8266967405557 163.92274783629483 604.8293870976 253.7715003080163 1.8 0.6925959631800651 0.9883066199719905 -0.5649854329589881 1.44910819014762 14.978959494510404 -2.387786702313696 0.9999992847442627 
Car -1.0 -1 1.8553109086581638 304.7437498235203 180.0851953095904 512.2493435980856 300.82680498054344 1.5 1.8564418449997901 4.518049818277359 -2.737844627208594 1.4837614753157815 11.220062031090151 1.6159746527632297 0.999995231628418 
Car -1.0 -1 1.7117109480810797 433.2011822693659 180.37815988139812 495.80414800870693 222.5705262111248 1.5 1.7340483635663986 4.773656514286995 -5.243503785431148 1.4611725349705496 27.958260330544995 1.526317044100489 0.9999991655349731 
Pedestrian -1.0 -1 -1.7504307775747239 567.0948861507302 165.56048986373435 610.0265110741664 245.35173910776322 1.8 0.8615642346441745 0.8237607337534427 -0.34416186024406104 1.4416369307129469 16.691546278672728 -1.7710467884924752 0.9999775886535645 
Pedestrian -1.0 -1 -2.0209953742264615 616.0460404408362 163.19759558152234 672.4203363652972 252.83067110383902 1.8 0.8400230228900909 0.9623758986592292 0.8465539839730063 1.4336978676790524 15.028438616589359 -1.964724705615316 0.9999717473983765 
Pedestrian -1.0 -1 2.9868614213772253 650.7093902393246 145.80931162290113 762.2778359226795 331.1597705794134 1.8 0.7753042995929718 1.018531110882759 1.0000803397141251 1.4547668599793409 7.371073006161003 3.1217143416365207 0.9999657869338989 
Car -1.0 -1 1.935385522137954 366.84267436441445 180.67409118479728 482.39469945147647 237.84633509911345 1.5 1.8382300183176994 4.405752432346344 -5.068734736947304 1.4795003282395547 21.147008782714337 1.700133311744553 0.9999343156814575 
Pedestrian -1.0 -1 -1.8627367652206799 600.0918419667133 165.16011161822357 643.1886668794796 245.10690920848242 1.8 0.7822727344930172 0.8668276973068714 0.42466628299005377 1.4333225719086893 16.6918019778209 -1.8373006443169457 0.9997527003288269 
Pedestrian -1.0 -1 -1.2970436642740246 330.05471424081554 169.44635999213105 373.1113501332206 242.00641801628367 1.8 0.8311359703540802 0.875599917769432 -6.378302613713451 1.5021716542413264 18.27984198798309 -1.63276090572146 0.9995651841163635 
Pedestrian -1.0 -1 1.9692467333876549 1136.518867262527 140.74044187502156 1237.0 323.40373745073805 1.8 0.6313049726188182 0.6091845713555812 6.056141481321869 1.3997165771103535 7.498209917348168 2.6486520647963108 0.999496340751648 
Pedestrian -1.0 -1 -2.1639353428773402 527.9038692780956 164.227686296779 580.3039292929964 253.7740565364635 1.8 0.6438593871891498 0.9987305410206317 -1.035441214918083 1.4540479254187377 15.028639240015256 -2.23272450367478 0.999255359172821 
Pedestrian -1.0 -1 -1.6875858083721507 555.970358473443 165.75894455246498 593.346322969349 245.30920083461825 1.8 0.7742218233644962 0.8399534530937671 -0.6682262024272116 1.4450372527380932 16.726548411796866 -1.7275146106865746 0.9987157583236694 
Pedestrian -1.0 -1 -2.4284321828562385 724.3602232811829 149.68429618263042 822.847948912004 307.9178919996904 1.8 0.655899991095066 0.9747406959533691 2.0384176054742658 1.4394283991012033 8.755909309556916 -2.199701563515936 0.9978492259979248 
Pedestrian -1.0 -1 -2.8556596826639318 700.1333526017789 150.31273421054598 795.7347625146075 306.7578503055519 1.8 0.634110302478075 1.0086901046335697 1.7466993206715982 1.44251989480531 8.777118024508523 -2.6592200557377677 0.9982579350471497 
Pedestrian -1.0 -1 1.8738763962716107 1132.166299514893 139.42827143573479 1233.520745846047 329.44057659477517 1.8 0.5931131102144718 0.7820665396749973 5.8322636833145625 1.4028254637507938 7.266418304849523 2.5502204775770725 0.8326388001441956 
