Pedestrian -1.0 -1 -1.9775013542464186 945.0577855465416 133.974830486795 1066.9085119994504 346.9390459885352 1.8 0.658361942321062 0.9002180330455303 3.568086416855541 1.4084678080000441 6.451385192981197 -1.4723019609835488 0.9999935626983643 
Cyclist -1.0 -1 -1.9328888198220324 882.0721953877085 178.2883930962689 952.5836952479306 277.2126641372813 1.4 0.3961552891880274 1.7210091024637222 4.714295474634144 1.370367467148628 10.870228957458991 -1.5236818427827699 0.9999903440475464 
Pedestrian -1.0 -1 2.5699954837374737 700.9369927584484 165.0078432775378 738.5778948197755 223.53540096343409 1.8 0.5525611832737922 1.0319840654730796 3.571116603317101 1.3250996647738746 22.19996325199045 2.7294905066450657 0.9998947381973267 
Pedestrian -1.0 -1 -0.9936291134926114 758.149274204481 165.87261486406283 780.8845938866019 215.84339105198939 1.8 0.6597697295248508 0.47128238044679166 5.9913544106045515 1.2746283479797698 25.864784755894952 -0.7660023728993279 0.9997926354408264 
Pedestrian -1.0 -1 1.431676813381035 724.008413786007 162.09847631775196 757.4980098540686 235.70607595580063 1.8 0.713545598834753 0.827126719802618 3.3546813776914295 1.3516077942421123 17.715416144751472 1.6188259005507053 0.9997847676277161 
Cyclist -1.0 -1 -0.9662134257111439 604.0023822381447 179.1690604028248 654.2134847753734 225.8069376483281 1.4 0.6089858271181583 1.889781330525875 0.7445870342111256 1.3616089934085656 22.159910668268065 -0.9326254288342339 0.9996896982192993 
Pedestrian -1.0 -1 2.5073472619345623 722.3353924963088 164.48284840374157 756.9280661483516 224.54233104180508 1.8 0.5594097569584846 0.879150678217411 4.085316604305999 1.3215234990693399 21.627878336084287 2.694038856025559 0.9995940327644348 
Pedestrian -1.0 -1 2.579577480259263 711.5462023555054 164.38030923972568 748.4579816684598 225.7420429022093 1.8 0.5863378316164016 0.9175478972494602 3.7100580860640755 1.328707425694243 21.1809163993357 2.7529787898024143 0.9974998831748962 
Pedestrian -1.0 -1 -1.3173510345895538 1171.1113825479913 138.44293497601083 1223.0 310.77564210802234 1.8 0.6397776797413826 0.3755358073860407 6.619758651351823 1.3624088000418337 7.749836607392585 -0.6104350248959405 0.9758275747299194 
Pedestrian -1.0 -1 -1.145002291026258 778.3998299183177 165.47111248497256 801.8603868133492 216.17083263390177 1.8 0.6506371803581714 0.5492968045175075 6.655036854499302 1.2679526754468602 25.515691866876963 -0.8898650566723687 0.8988772034645081 
Pedestrian -1.0 -1 -1.254579782595869 1153.0128835590403 139.88449677032833 1223.0 305.84346392439346 1.8 0.6148735553026199 0.34479722641408445 6.606650017467335 1.3611705414556134 8.015672249350404 -0.565246061482702 0.8337875604629517 
Pedestrian -1.0 -1 -1.4973753732180075 1125.9459649620865 140.88663294926016 1192.206044461482 303.4858570023469 1.8 0.5719243109226226 0.4930203340947628 6.377059653729327 1.3631605705160434 8.196783136254837 -0.8361966172840936 0.6033791899681091 
