Car -1.0 -1 -1.6867836345781777 653.3943267952747 178.3076107780524 726.0262560963808 237.68730552777836 1.5 1.5955355510115623 3.776768457889557 2.1199558148615987 1.6694560579158406 20.471289591614127 -1.583593947873686 0.9999791383743286 
Car -1.0 -1 -1.1744667946183232 0.0 178.84500265930748 448.4172276042229 374.0 1.5 1.5924230709671974 3.6090462028980257 -2.44654269455356 1.5610557308890216 5.484983295948227 -1.59402586060134 0.9999730587005615 
Car -1.0 -1 -1.357567204429834 344.2280529230595 179.46132369727465 512.8308571336288 308.2673806669359 1.5 1.5759742379188537 3.70548130273819 -2.466345752427142 1.6132482457526234 10.458291523830178 -1.5891625797983748 0.9999234676361084 
Car -1.0 -1 2.081617923496027 129.1664489787552 183.4579028795331 235.8142594526295 229.8650572186464 1.5 1.60321896225214 3.9485177516937258 -15.433521695800994 1.9149885216806546 26.219814141382322 1.5496076782557624 0.9998636245727539 
Car -1.0 -1 -1.6570591396087058 632.1482978575925 178.97613150327734 679.8188830044671 218.88362361669607 1.5 1.6074523821473121 3.9997788637876512 1.7896159336697497 1.770012241509437 29.757741332408354 -1.5969919777151687 0.999854326248169 
Car -1.0 -1 -2.3237608838017443 476.0980005133631 180.83007992691105 537.6301851610941 205.19242606575204 1.5 1.682894167304039 4.0791845440864565 -6.863964305624185 2.0481200961364285 47.61821324870312 -2.466920570531164 0.9997735619544983 
Car -1.0 -1 -1.5206211022972087 558.1295883240617 179.9944166671792 592.2030457161094 210.41588404822255 1.5 1.624787275493145 3.6838101714849474 -1.8413567567109892 1.897486214779935 38.28339399525289 -1.5686821174484236 0.9996870756149292 
Car -1.0 -1 0.8860268045669026 368.0500063101352 181.2489202850216 473.0601322796082 225.49298154415675 1.5 1.605933953821659 4.029371452331543 -7.168087517731816 1.8356766332962486 26.98609146777811 0.6264003952357429 0.9996235370635986 
Car -1.0 -1 -1.629082219107096 553.0215347390211 179.75333794108974 599.9137343952796 222.53049045582654 1.5 1.587991465628147 3.32173467874527 -1.3764458077417365 1.7808588377620083 27.595406277089296 -1.6789204413678986 0.9995018243789673 
Car -1.0 -1 0.9596045047382891 231.515467097383 181.54703929989432 408.66411576243723 258.5233736428112 1.5 1.6363405182957649 4.097553950548172 -6.63614582919809 1.7179483949532273 16.260533126706772 0.5721232136103767 0.9982269406318665 
Car -1.0 -1 -2.2565699439965226 406.3624022765287 181.07463049192836 494.77914622982195 220.2622299323625 1.5 1.576838319003582 3.7608085691928865 -6.735683557774988 1.8641160020120497 30.14396668744595 -2.4764090339329585 0.9976766705513 
Car -1.0 -1 -2.2351063565964564 443.8541149520191 180.9296756098382 516.4648904024576 212.70674051189525 1.5 1.6169654697179794 3.8557956486940386 -6.711934646582124 1.9344794521361577 36.89973065210224 -2.4150357405331477 0.9932779669761658 
Car -1.0 -1 1.9616275067568014 306.44687202519094 182.4160669319976 364.4904330311749 210.4361539991202 1.5 1.681784775853157 4.252698880434036 -16.021902537502292 2.0886501847611725 42.23954897850163 1.5990831732710422 0.9601694941520691 
Car -1.0 -1 -2.3365915258110084 459.5208022294821 180.87991708102825 527.5258283647304 209.90754800529842 1.5 1.6090615212917327 3.6931371808052065 -6.515344225654664 1.9648379873438777 40.00287046305265 -2.498045758405004 0.941257655620575 
Pedestrian -1.0 -1 -2.090269998641828 186.39026089231376 177.36546061639936 204.5914067634091 219.05007633362138 1.8 0.6312598034739494 0.2880003795027733 -18.178338603410577 1.999952372814433 31.574136482243315 -2.6126565496113643 0.6475260257720947 
