Car -1.0 -1 1.795701529539607 413.3042915320394 181.4212524266626 456.7747901389502 210.26119276949314 1.5 1.5379861488938331 3.9653750628232958 -9.844921111282085 2.0073102293834473 40.70093076277665 1.5583755215022224 0.999996542930603 
Car -1.0 -1 -1.4252571081702574 960.2439402019041 171.4782760536793 1241.0 374.0 1.5 1.6214406609535217 4.158461329340935 4.43235350660989 1.492952784050431 5.922214732730775 -0.7827626029637201 0.9999953508377075 
Car -1.0 -1 -1.6167770007087625 582.4983018518717 177.50406541783792 725.5102038327482 316.74717328151627 1.5 1.5669955432415008 3.861081463098526 0.42116419746718925 1.5761981267778917 9.832161011466123 -1.5739678068228555 0.9999961853027344 
Car -1.0 -1 1.8806022235425852 369.0759065660436 181.53213614288373 434.48570875313834 216.35165291270158 1.5 1.694619332253933 4.560914498567581 -9.903392361949983 1.9434781762839834 34.53493879295712 1.6013319373091282 0.9999921321868896 
Car -1.0 -1 2.0959646134556067 109.4272151340467 182.72437883755728 270.301804877444 253.02940456060244 1.5 1.6005170091986656 4.137651485204697 -10.328564382197806 1.7756290713243665 18.046867556838933 1.576147544380051 0.9999897480010986 
Car -1.0 -1 2.2157788020181837 257.69308930441315 182.6895409322859 333.2974588819644 218.504071553787 1.5 1.492432740330696 3.2828933119773867 -14.332667600966692 1.9738015450616047 32.95919978509582 1.805585610862595 0.9999547004699707 
Car -1.0 -1 2.359040113680379 0.0 184.03068094365233 84.2174464490559 308.5874072789648 1.5 1.6173527136445045 4.249435898661614 -10.631198625584291 1.7074670045949731 11.219834154621525 1.6005740046461643 0.9999161958694458 
Car -1.0 -1 -0.8904894911327492 664.6112910623124 178.82909221733027 726.7115665659554 206.9959154128666 1.5 1.5618950620293617 3.6466489106416704 4.867458233301555 1.8553297750209787 41.03105387320989 -0.7724126736309869 0.999886155128479 
Car -1.0 -1 -0.9428946700109151 681.3824583587249 178.5074370645379 751.4126832321888 212.18395375410495 1.5 1.5215211108326911 3.552113708853722 5.0910369891114655 1.7851432200919988 34.54219589414775 -0.7965621511128289 0.9998142123222351 
Car -1.0 -1 -0.9802818341087802 708.861718090882 177.64135911922193 823.3522257711093 228.75777266906303 1.5 1.650063556432724 4.100794208049774 5.119096187178342 1.6701048872654463 23.5646936240402 -0.7663695971157891 0.9995768666267395 
Car -1.0 -1 2.3402271447377943 239.82059218216776 182.97950877278808 317.00156360076664 209.97552706025047 1.5 1.7116997882723808 4.411414501070976 -20.26322573677774 2.1542363888942457 44.22741927639871 1.910608279701096 0.9989997744560242 
Car -1.0 -1 2.348257784944214 270.34574507198414 182.71555027840876 345.0083904556309 208.2086249673768 1.5 1.7536795258522033 4.5864930868148805 -19.550923931462258 2.1736659553288384 46.80621727835671 1.9525871157606662 0.5332126021385193 
