Car -1.0 -1 -1.7080326574368996 659.2573536249025 178.36199330530562 726.4928902590002 231.97146348000916 1.5 1.5424440175294876 3.9388841509819033 2.457774894601331 1.6879903462365204 22.58593321135371 -1.5996403257038934 0.9999994039535522 
Car -1.0 -1 -0.6262606042372952 923.3022770373458 172.86608528905128 1241.0 324.2423113229296 1.5 1.5913509324193 3.956664589047432 5.721236610304262 1.5005044433187142 7.9474080127842095 -0.0023119012501580335 0.9999978542327881 
Car -1.0 -1 -1.6686462797425947 646.8057375396651 178.91230783095926 690.7244161094462 215.98989120133922 1.5 1.5403349444270134 3.9187977582216265 2.4911307117976764 1.7840197548443166 31.80690186214053 -1.5904853894051654 0.9999974966049194 
Car -1.0 -1 0.21495370260875532 400.4939967375534 181.18997492877375 516.1160001633058 220.2779282042478 1.5 1.6290775060653686 4.279801857471466 -6.049383524975861 1.843590299485238 28.873912788701354 0.008430524668421068 0.9999895095825195 
Car -1.0 -1 0.4050245872521403 219.9616617721799 181.9019313452049 431.1506405564467 253.0485173194202 1.5 1.5786631524562835 4.149785128235817 -6.36465047246857 1.7153205723711438 16.28353529751994 0.03241865237685613 0.9999796152114868 
Car -1.0 -1 3.79018786463466 0.0 183.37499130584735 237.62848570198395 340.23960049068694 1.5 1.5888110294938087 3.7148850530385973 -6.387904081971978 1.6275993651666485 7.86763340352163 3.108219611640793 0.9999558925628662 
Car -1.0 -1 0.24492726975686205 341.3566443137638 181.48102025135395 481.26847357998093 229.8307511328315 1.5 1.6103789702057838 4.1338520616292955 -6.4450452601109545 1.7919878176130268 23.537129846370583 -0.02234585682419368 0.9998956918716431 
Car -1.0 -1 3.6682218466349443 0.0 183.00696260634749 280.575646515954 302.05499112019413 1.5 1.5523991107940673 3.5010608404874803 -6.779234828581745 1.6553299586382806 10.125123469078193 3.078228580947739 0.9985179305076599 
Car -1.0 -1 1.6382694684653676 551.4746505995316 180.20559294827325 579.8315647354191 205.0731124785219 1.5 1.5711097538471221 3.9172238230705263 -2.859988731683281 1.9956423404068206 46.644549725974166 1.5770316004713596 0.7124019265174866 
Car -1.0 -1 3.9720226450682667 0.0 184.53456831665156 99.03410519648988 374.0 1.5 1.6103722646832466 3.7962547063827516 -6.466936037517737 1.604128617320617 5.542277113708286 3.109780299659592 0.6937906742095947 
