Pedestrian -1.0 -1 1.3451701320540648 605.5167733664465 169.8769695123874 622.0239628558467 208.62839582336093 1.8 0.6830067865550518 0.48084953129291536 0.3919047478892301 1.3080145282391995 33.14480119523834 1.3569935997340339 0.9999948740005493 
Pedestrian -1.0 -1 1.5702041180126172 166.87506597005523 141.5262242794759 267.3901205898804 369.0 1.8 0.7048829019069671 0.8879710480570793 -3.357614354796604 1.4996086190390396 6.035007796130656 1.0624939640376228 0.999981164932251 
Pedestrian -1.0 -1 -1.7178661448702632 9.273105638571606 154.6171606127763 91.20916923711212 324.511709167308 1.8 0.6060882031917572 0.8666762642562389 -6.3380793777240605 1.5274664672294214 8.003615972889412 -2.387649730840002 0.9999327659606934 
Pedestrian -1.0 -1 -3.290880410216689 991.5310182196899 164.23951048968038 1014.6351720981032 206.097550233243 1.8 0.7053557343780994 0.7814473964273929 17.354281296757257 1.1022344804222242 30.868305833741832 -2.7787159244206294 0.9999138116836548 
Cyclist -1.0 -1 -0.7232430170513315 875.6920973618542 174.80556057188116 914.7685325618526 205.3755310857867 1.4 0.6058914147317409 1.712481354176998 13.50649307687651 1.1406717502145796 32.94246039807482 -0.33414359489945 0.9998726844787598 
Cyclist -1.0 -1 1.824043847831471 825.1185286900746 179.19505031478943 898.7037867858198 281.3372887265274 1.4 0.6517977014183998 1.6102642312645912 3.807860792767979 1.3837834721025222 10.53460584290886 2.170893180366379 0.9999384880065918 
Pedestrian -1.0 -1 -2.065727246564925 615.8981036914947 169.5923671580789 634.0937889486187 209.0338714009488 1.8 0.5506050333380699 0.7506719350814819 0.9048832603692604 1.303664763325322 32.72188505460577 -2.0380805293705806 0.9997923970222473 
Cyclist -1.0 -1 1.7537325910015928 1009.0518738969198 174.19896514789605 1042.691134546296 225.51153693717504 1.4 0.561506350338459 1.4773877829313278 11.898275457065232 1.2296639618525753 20.026732873765248 2.289817082877976 0.9996310472488403 
Cyclist -1.0 -1 -1.4045351826376153 1126.8158000166416 174.37040164472015 1192.0393028276867 262.4106561588299 1.4 0.6135064668953418 1.6329207018017768 9.396133642839983 1.3041833484894823 12.015792033144365 -0.7408777634289605 0.9994099140167236 
Pedestrian -1.0 -1 -0.0324173422063474 963.7685681863732 164.7542964845066 982.7592840029272 205.8909922465696 1.8 0.7005814954638481 0.7244368575513362 16.334049696850023 1.1124933537203825 31.405538812202014 0.44718138774367744 0.9986571073532104 
Pedestrian -1.0 -1 1.3555529618236324 599.1477373237158 170.00223837779038 615.3954688730818 208.50945275445793 1.8 0.6721158072352409 0.5131519891321659 0.08804643565333112 1.310738832838429 33.3673864368378 1.3581916530940192 0.9974780678749084 
