Car -1.0 -1 -1.6660442462720118 655.7304592262192 178.9643981250454 701.0047081595147 214.290026826613 1.5 1.6739210605621337 3.672825035452843 3.086303487668088 1.2356879221509236 32.356888725717646 -1.570948744544529 0.9999991655349731 
Car -1.0 -1 -1.0677529348327857 124.46615910710022 182.4936590238978 297.7852149553281 263.0134735698922 1.5 1.576428909599781 3.7895890444517137 -8.257913445716117 1.4504224398314276 15.288646641154935 -1.5629897160131974 0.999998927116394 
Car -1.0 -1 -1.2877837546076651 332.4772254006676 180.77331563029256 463.60751714967097 264.58978652443653 1.5 1.5946528434753418 3.6657879620790483 -4.1710294010199025 1.4216292234730514 14.69909618469581 -1.5642765630644304 0.9999916553497314 
Car -1.0 -1 -1.1954304164915592 304.62952898841604 181.63628460245712 391.38776329809644 231.76597245433325 1.5 1.5200686201453208 3.314136576652527 -8.322408499316696 1.3940265800101224 23.185757912000547 -1.5400515953686578 0.9999865293502808 
Car -1.0 -1 -1.5200101450439985 593.5190526625237 179.56642091904664 628.1962379062808 210.2854982734118 1.5 1.596008476614952 3.857073050737381 0.17443288991961434 1.2252792816363658 37.06749404399013 -1.5153043615308148 0.9999854564666748 
Car -1.0 -1 -1.3955888891345265 388.61387449907045 181.07405276033072 449.6096031099155 217.36722031302173 1.5 1.841452021896839 4.695769634842873 -8.362437031686998 1.329956591822278 32.12018666205992 -1.6502831960704667 0.9999904632568359 
Car -1.0 -1 -1.4154180650504575 465.918104051263 180.44308662987004 522.2623317043989 222.46678201602683 1.5 1.585613426566124 3.6109885692596437 -4.310382010683709 1.3307768809378346 27.460917713877674 -1.5711119465730177 0.9999374151229858 
Car -1.0 -1 -1.4113671898851368 446.512987377619 180.78943530473865 489.3891764893439 209.66232425131898 1.5 1.6654473289847374 4.199665275216103 -7.64208642360484 1.2711786370183593 39.467393826765175 -1.6026306795564038 0.999313235282898 
Car -1.0 -1 -1.4009489701494224 514.1698371852093 180.2277091392882 555.8205890417487 209.8749451838646 1.5 1.5865760415792465 3.826734659075737 -3.856313865030228 1.2487641981718114 38.330582910314796 -1.5012182901289803 0.9820089340209961 
Car -1.0 -1 -1.5461510690297953 578.6944072149622 179.80290981800778 606.4692431000478 204.9427643018677 1.5 1.6385738298296928 3.9122490704059603 -0.9338139638464688 1.178170579979824 44.84688383186343 -1.5669703314222885 0.601377010345459 
