Car -1.0 -1 -1.6851169567750917 631.2687730200455 178.97010274835299 681.1857054768449 218.52213687536363 1.5 1.6031409174203872 4.1148754328489305 1.818087728244103 1.7733708011839562 30.10783635736015 -1.624804330119167 1.0 
Car -1.0 -1 -0.6359059979182379 927.0861479776457 173.62463566337763 1241.0 304.58759451608654 1.5 1.5224135041236877 3.2033229738473894 5.896209043109047 1.511031961778391 9.131439389118187 -0.0625565807011468 0.9999992847442627 
Car -1.0 -1 3.674413836273974 0.0 183.04858341824757 290.56607573346554 298.64904142266454 1.5 1.5981991335749626 3.901875999569893 -6.975582745212757 1.6605741241421843 10.428384117308546 3.0848642468412937 0.9999990463256836 
Cyclist -1.0 -1 1.630354073819903 487.58185170111176 183.77110000101328 508.9986434680901 233.81532473126555 1.4 0.5343243040144443 1.6431477412581443 -3.3469058649022734 1.7368532653619502 21.393728857794 1.4751686294886726 0.9999995231628418 
Car -1.0 -1 0.4397353699220339 61.593656913644594 182.63416418873712 347.6009969121096 273.7683147694461 1.5 1.6491704180836677 4.207901519536972 -7.188346057092568 1.6900844771183234 13.036629995926093 -0.06417901913193294 0.9999982118606567 
Car -1.0 -1 -0.6974679712964721 1013.0626344403436 170.96821987854045 1241.0 359.5947299076932 1.5 1.5351174890995025 3.4636861205101015 5.767459047445754 1.4853617527446599 6.545406212415103 0.02483241160842351 0.9999988079071045 
Car -1.0 -1 -0.36077261508724967 765.5644722398378 176.70359164817935 945.8435797987931 244.7106391946398 1.5 1.5810056149959564 3.667220336198807 5.607464191674856 1.594996903595641 16.87262753346765 -0.03991551796463557 0.9999978542327881 
Car -1.0 -1 -0.42473701162517696 772.3945172635945 176.19378952850676 1007.3135195258013 256.0568935591537 1.5 1.5996819853782653 4.129297521710396 5.488106972794547 1.5720624667390344 14.557822724996303 -0.0642256299641473 0.9999947547912598 
Car -1.0 -1 3.3822349147351938 324.4151618366373 181.67351168508296 461.2407507324636 228.88270053461855 1.5 1.6146407023072242 4.124061253666878 -7.235266118672581 1.8069792381149214 24.17267579977806 3.091405856605393 0.9999935626983643 
Car -1.0 -1 2.6268433967244285 823.6842136416076 175.17922136269422 1108.5436079475644 276.06822129794756 1.5 1.5556341528892517 3.8775528341531755 5.584273508802288 1.5409221402712807 11.675787031297563 3.0729629874189914 0.9999841451644897 
Car -1.0 -1 3.3717584891409187 361.831492914241 181.47255414000995 485.96222171672605 223.7103506156804 1.5 1.6263932481408119 4.210122537612915 -6.89030476485255 1.831100850875448 26.829084737921377 3.1203693032225193 0.9999644756317139 
Car -1.0 -1 3.950183076619427 0.0 184.77776793625247 82.96979582685633 374.0 1.5 1.5353721126914024 3.8781950742006304 -6.868017779771392 1.6116539738324998 5.85685098344138 3.0854877114256443 0.99968421459198 
Car -1.0 -1 -1.5715300703152075 619.6855802444544 179.54862480371023 645.6308122619316 204.98742792861592 1.5 1.5623828887939453 3.387141835689545 1.3819776360602996 1.9353327188274216 45.16214681812093 -1.5409392631289107 0.9969447255134583 
Car -1.0 -1 -1.0500262384130021 1241.0 161.1590596367688 1241.0 374.0 1.5 1.6790472462773323 4.019907352328301 6.237411856646117 1.452377312078591 3.8647398505869726 -0.03394122520950862 0.5720393061637878 
