Car -1.0 -1 -1.8457940665128558 712.2483817573191 176.3336342368843 910.5591604788782 301.41705934651566 1.5 1.6879763945937156 4.2834124088287355 2.710357310375814 1.5635747348673497 10.938227849932806 -1.60289873654512 0.9999996423721313 
Car -1.0 -1 -1.6484673849608071 646.2895501795847 179.01742185413062 685.718713998196 213.52238642992188 1.5 1.5577223643660545 3.5701485842466356 2.5349666276079983 1.804281486635242 33.7896737384775 -1.5735857273128373 0.9999974966049194 
Car -1.0 -1 -1.6803644276640202 671.5636535271169 178.21192549362374 739.2807366326086 233.82476655978812 1.5 1.5883274868130683 3.864906591176987 2.7426806755768243 1.6765366911678379 21.77811119533416 -1.5550864721324784 0.9999959468841553 
Car -1.0 -1 -1.797323425575099 688.222481755112 177.57292830649052 794.2382903699522 253.09487148383872 1.5 1.5686005845665931 3.593338516354561 2.8043188989084307 1.6196350274568523 16.396556924593096 -1.6279314356532437 0.999991774559021 
Car -1.0 -1 3.68304606795761 0.0 182.7056188161105 330.31612819928336 296.3315492314823 1.5 1.574694600701332 3.8236847639083864 -6.322394445130581 1.653920675256937 10.452039132429528 3.139034497733933 0.9999802112579346 
Car -1.0 -1 0.7032798456733491 0.0 183.2224559675256 266.1146299635953 337.69316188152925 1.5 1.6209424033761024 4.106676813960076 -6.303887126803955 1.628169321282118 8.00708052198998 0.03633765777083806 0.9999517202377319 
Car -1.0 -1 -2.8135565736260606 337.93232695838304 181.49496138590249 482.636586479564 227.97617907362192 1.5 1.695277963578701 4.451549661159516 -6.78927701487106 1.8069730037787277 24.622855192824776 -3.0826019803669795 0.9999299049377441 
Car -1.0 -1 -2.6498167584776033 138.13418404073207 182.30458605363955 365.1982762597732 272.1512446645769 1.5 1.5332595005631446 3.351009500026703 -6.41803090254463 1.6819873902747837 13.040554303832208 -3.107172207036291 0.9999208450317383 
Car -1.0 -1 0.32235233039355227 235.49878695468516 181.79371537236733 448.7714710954047 248.08398056889158 1.5 1.6915707409381866 4.543211174011231 -6.405133705010568 1.7282620129968085 17.480741537248186 -0.028866962590490063 0.9998867511749268 
Car -1.0 -1 3.5082349595666766 212.21891289506627 182.04851645651485 394.9750152377883 258.499330624129 1.5 1.5022337928414344 3.2073846578598024 -6.38339316101273 1.7036640391150206 15.149396184725237 3.1094490170439304 0.9996825456619263 
Car -1.0 -1 3.4355643913688088 283.46508048353303 181.77485279931395 444.32582163219126 239.749143151869 1.5 1.5664916977286338 3.885737669467926 -6.698519470551018 1.755318369033472 19.77272266595143 3.10892366170488 0.999451220035553 
Car -1.0 -1 -2.2777273897241805 0.0 184.501789185112 101.76875369122631 374.0 1.5 1.550750483572483 3.6548307657241823 -6.435623630889824 1.605427915181619 5.698231059531354 -3.1238224069264278 0.9983956217765808 
Car -1.0 -1 -1.6134985737698848 636.1050858317694 179.3275887307028 665.3097295419643 205.28642461628704 1.5 1.6294042140245437 3.939625483751297 2.4469718546881642 1.9188034616255971 44.657196547463585 -1.5587587450307352 0.9404741525650024 
Car -1.0 -1 3.227255212151974 446.06732454580754 181.05378068089323 524.3217262436558 211.57427847281076 1.5 1.6464589655399322 3.8250213980674745 -6.379208680932801 1.931699660002979 36.97008149211014 3.0563871741255344 0.6622931957244873 
Car -1.0 -1 0.9070056116324078 420.69817273326163 181.00581678751854 503.1527834451724 217.8524203660963 1.5 1.5573148176074028 3.8159003973007204 -6.645567313345766 1.8826242736663223 32.00575986609661 0.7022780617091314 0.6283596754074097 
Car -1.0 -1 2.6743859958653218 406.66793110406337 181.00076399791286 508.9996427134387 218.194467004711 1.5 1.6068524241447448 4.14255992770195 -6.712602451867166 1.8818046397162593 31.859589833797965 2.466729867454392 0.5979949831962585 
