Car -1.0 -1 -1.6940677596938638 630.4453973232729 178.93673981249586 682.6099842265021 220.0106732690956 1.5 1.587211948633194 4.102390122413635 1.7601414757080203 1.7630879282363172 29.065492731419997 -1.6335838521507127 1.0 
Car -1.0 -1 3.6757433342171058 0.0 183.1995526055521 261.5169037954908 313.666448347873 1.5 1.5937736749649047 3.8845642030239107 -6.941965073666101 1.649850662587346 9.43643548908277 3.0414861321409763 0.9999992847442627 
Car -1.0 -1 0.49339458690109717 1.3030522992259088 182.83083034683452 335.4223860133592 282.26369221478075 1.5 1.6572796300053596 4.50027049779892 -7.183636527933048 1.6792014564910136 12.000197740407186 -0.04601438442734309 0.9999992847442627 
Car -1.0 -1 -0.6317509224748544 969.0826739449898 172.8100509724229 1241.0 321.4163413812239 1.5 1.4999844625592231 3.087335315346718 5.861200458887472 1.499914275667964 8.032411988284258 -0.0013730088856560802 0.9999990463256836 
Cyclist -1.0 -1 1.6775378980933546 477.53909068130497 184.00973714050573 502.6562903138163 237.63265778627635 1.4 0.5206834085285663 1.6224828109145164 -3.3579127039406997 1.722443745980023 20.004026961890702 1.5112265785548347 0.9999995231628418 
Car -1.0 -1 2.6009173792741778 846.8666849939094 174.7571658749871 1149.0911011939718 285.486989763442 1.5 1.5562234938144683 3.6759304374456407 5.557914641516108 1.5309104781602312 10.69131689675351 3.080321061607224 0.9999887943267822 
Car -1.0 -1 -0.4503662057810607 781.1588560333514 175.93571577009928 1033.4934237033776 262.2224447791985 1.5 1.591263946890831 4.099548098444939 5.4169925858306245 1.5622186150986317 13.544171356016355 -0.06990285316971369 0.9999873638153076 
Car -1.0 -1 -0.38857350874530305 771.5286765530755 176.54396814215315 958.9453658902992 248.73577108437826 1.5 1.571887408196926 3.5801148533821108 5.509586941642253 1.5865464776032918 15.965236851500835 -0.05627150932816097 0.9999879598617554 
Car -1.0 -1 3.3750310027572903 310.42815192914446 181.75105462439083 449.4404955181356 231.18454533607238 1.5 1.5841022625565528 3.9945634573698046 -7.342683707364558 1.7975834737717384 23.16520066986616 3.0680786251982273 0.9999823570251465 
Car -1.0 -1 -0.755637254353167 1086.514826470456 168.78855378907005 1241.0 374.0 1.5 1.5365299329161644 3.4754576653242113 5.883871449860191 1.473876775801202 5.564285799627164 0.05766956408950261 0.9999364614486694 
Car -1.0 -1 -2.8758584422991147 352.6367890396758 181.523462186158 481.7541175660873 225.1227923272899 1.5 1.6303767010569572 4.211580988764763 -6.914241042963351 1.8224475287937347 25.977017300376236 -3.135994867482458 0.9987781643867493 
Car -1.0 -1 -1.5923603293225241 619.9424730703728 179.53920724657883 646.599633028666 205.58606492251465 1.5 1.5495330587029457 3.327217561006546 1.3578989185594172 1.9242533935416144 44.0778366212251 -1.5615632283177716 0.989402174949646 
