Car -1.0 -1 -1.6294148447017505 636.6492848773141 179.19350770183667 670.5237037496847 209.78487124622572 1.5 1.5472790718078613 4.02320199906826 2.2253921730184105 1.8538867780270152 38.222577557611466 -1.5712585696044867 0.9999997615814209 
Car -1.0 -1 -1.734482098768454 655.3122203059945 178.40666670625043 724.8709166585189 231.12841428892526 1.5 1.5620962277054786 3.8812274605035784 2.408226443416506 1.6920786637899747 22.9269874687601 -1.6298269266870362 0.9999977350234985 
Car -1.0 -1 0.23393016408998266 360.62203892898617 182.07633616122067 433.4060915477444 208.326179377878 1.5 1.5341362476348877 3.8830964386463167 -12.597235190654755 2.057358514772943 42.707259184048866 -0.052902893224034984 0.9999964237213135 
Car -1.0 -1 0.29264803251343463 260.49476698895097 183.03161787476418 341.4862176188508 209.53606297095828 1.5 1.5938586115837097 4.115962100028992 -18.23778309474133 2.116218463656184 42.637377765584496 -0.11154253880051204 0.9999949932098389 
Car -1.0 -1 -2.1468242229353223 847.7576521058782 171.93472855189978 1241.0 374.0 1.5 1.5593037500977516 3.796251726150513 2.967349996988092 1.496681041523537 4.798174656077117 -1.5929611204799754 0.9999799728393555 
Car -1.0 -1 -1.799779150421322 702.8367778973421 177.24559535055627 812.6412405959464 269.4041074029536 1.5 1.380728979408741 2.6437510296702387 2.5564637643838095 1.589016219911488 13.216701600013531 -1.60871192912129 0.9999760389328003 
Car -1.0 -1 -1.8674277753394926 735.0708659792034 175.83912829879839 954.8096802964357 323.37775928369274 1.5 1.552928102016449 3.78661887049675 2.6933131500495535 1.5467876125827857 9.31495556185466 -1.5859651184317214 0.9999737739562988 
Pedestrian -1.0 -1 -1.8882944424380734 798.2401810309638 162.00957806834936 841.5380914143221 253.1089341512428 1.8 0.6770126082003116 0.6254339151084423 4.181850817594716 1.5860867473339095 14.579267353478102 -1.6089585358884675 0.9999710321426392 
Car -1.0 -1 -1.6662350045943342 650.6828272983595 178.7352659624892 701.9509611744232 221.13895679388662 1.5 1.6011436030268669 3.903234985470772 2.463917645468397 1.7447452135476234 28.021951742595807 -1.5785324364576978 0.9999688863754272 
Car -1.0 -1 1.7426169840313395 449.4097907871169 180.06428342601006 533.9149921464077 243.79844490824922 1.5 1.5956134095788002 3.826688838005066 -3.108458982836726 1.7128370445373367 19.337072770766422 1.5832292914351047 0.999972939491272 
