Car -1.0 -1 1.7729041936401813 491.17879213546576 179.83203719852696 570.5004034938939 233.3975131400881 1.5 1.678193037211895 4.28553321659565 -2.4557739652899153 1.7441479313397907 22.99231505530689 1.6664991259535373 0.9999983310699463 
Car -1.0 -1 -1.9026415533966126 793.2604181399892 174.92451057974094 1057.6692138131743 349.9445245889737 1.5 1.5466804176568985 3.367894005775452 3.1017515534733575 1.5280567049490856 7.9357680800498995 -1.530041721710239 0.9999960660934448 
Car -1.0 -1 -1.6152665414902243 706.471337196944 178.227698360258 751.5372682758662 219.14105865309335 1.5 1.599874396622181 3.9451947927474977 4.6841168020677015 1.7319455151340313 29.04141665680782 -1.455352836349283 0.9999815225601196 
Car -1.0 -1 2.0014905658702262 242.61184915797165 179.07738319323786 528.0641739896487 349.24126239679543 1.5 1.6228802993893623 4.063758862018585 -2.3781252203188616 1.5934176533620559 8.650241089093106 1.7331986308058323 0.9999771118164062 
Car -1.0 -1 1.7916650998838333 442.38021198298367 179.93335872047268 539.3808927708527 249.76771025991366 1.5 1.5532350659370422 3.8424944996833803 -2.8720933792513805 1.6948925216896995 17.859200082717493 1.6322116732557834 0.9999427795410156 
Car -1.0 -1 -2.1679479084299813 915.1058960803527 175.05832017405103 1104.2125895577258 250.0442260900458 1.5 1.7047510042786598 4.26274263560772 8.974890644686894 1.5583491986474156 16.77006385638341 -1.6765591661122186 0.9999332427978516 
Car -1.0 -1 1.7381918148048567 554.5550316302028 179.82679082291597 601.754871612031 214.48884249894087 1.5 1.5878735601902008 3.9935002595186235 -1.4842035957687825 1.8503840621613246 34.13805798630748 1.6947426676710666 0.999883770942688 
Car -1.0 -1 -2.1747809033800056 881.474086483579 166.64834707537193 1241.0 374.0 1.5 1.5417438492178916 3.3134619265794756 2.5359040957435313 1.4860741652187615 3.34732485364909 -1.5264390567925317 0.9998464584350586 
Car -1.0 -1 2.103255902480713 844.4642127240256 176.6436931862385 931.2928489792098 218.84811039433905 1.5 1.5194573000073432 3.539215636253357 10.63379498288632 1.6544567233169913 27.641501265894995 2.4705068945845188 0.999756395816803 
Car -1.0 -1 1.6952463631246877 572.3128002245061 179.76019175082476 613.4926613121522 209.5739723585408 1.5 1.7225727930665016 4.470068824291229 -0.9149732230010539 1.9023051362701413 39.680752574904275 1.6721920847853244 0.999702513217926 
Car -1.0 -1 -2.323443920164273 1040.1692353391543 173.7686736899003 1241.0 249.9987821275337 1.5 1.6546348601579666 3.7761183947324755 11.735852036079505 1.5234292084868697 16.21981867281321 -1.6970867226508004 0.9996788501739502 
Car -1.0 -1 2.1360630002757546 818.1474926864853 177.05482561560325 892.3921820186187 215.23391379597984 1.5 1.4809342592954635 3.173024070262909 10.26850172213431 1.685722296364742 30.263504235454096 2.4631767153700412 0.9998660087585449 
Car -1.0 -1 -3.2479591147268607 747.043634800334 178.15070275417276 813.5694757898239 201.49784391259126 1.5 1.6712867215275764 4.144162920117378 11.233566304216383 1.8602057996311672 47.93198388850563 -3.0177492658284053 0.9971163272857666 
Car -1.0 -1 -2.493971584497145 1163.4569373767906 172.2672478981638 1241.0 250.6310786871451 1.5 1.7107408985495567 3.814102199673653 14.60408743928415 1.489126546506736 15.837059424251144 -1.7490547607329232 0.9970117807388306 
Car -1.0 -1 2.3102652260509395 806.1823351673557 177.25665634222347 881.5417668328171 211.37128393800518 1.5 1.3824210062623024 3.4330057471990587 10.84822230121045 1.7139340380713386 33.5484998385282 2.6230125307997287 0.7405354380607605 
