Car -1.0 -1 -2.183635021454209 883.7596329064374 170.5971895966473 1241.0 374.0 1.5 1.6178831949830055 3.8819639503955843 3.2484407642930377 1.4919439350879113 4.6290773727923 -1.5717375930424338 0.9999970197677612 
Car -1.0 -1 -1.921052722397957 942.7945408593125 175.60941182166346 1035.5075569806495 220.38406664797273 1.5 1.7038140937685966 4.087040436267853 13.781528788499918 1.6099825392427254 26.568117867467727 -1.442538113394056 0.9999934434890747 
Car -1.0 -1 -2.0625196842859643 1023.8420294021005 174.7164409962409 1134.388943540316 221.05709841943994 1.5 1.625607956945896 3.8703008115291597 16.388086133973143 1.5713480013483965 25.506435967766105 -1.4914293746140344 0.9999932050704956 
Car -1.0 -1 1.9098538382582726 587.0569403308652 178.70789815229125 686.8387738703475 237.0482341867508 1.5 1.6396284595131874 4.146087032556534 0.858089913658753 1.6906703056847965 21.22547415047664 1.9502591967543186 0.9999804496765137 
Car -1.0 -1 -1.837280844030272 783.8402013992186 175.53159993009297 996.7284337248785 313.47018970476483 1.5 1.616595734655857 4.136425864696503 3.537219118945265 1.5455228237873906 10.046915108748513 -1.4987629661944253 0.9999572038650513 
Car -1.0 -1 -1.5937805378402259 791.650917641629 176.57666410496657 876.5549534616936 258.54036525723177 1.5 1.5254293128848075 3.26360636651516 4.588564733129881 1.5876493624901187 15.139843836169891 -1.299501613774572 0.9998960494995117 
Car -1.0 -1 2.41530382184917 0.0 180.46387636848849 167.02841715364727 374.0 1.5 1.6507929682731628 4.2177269726991655 -4.296024385888102 1.5603318546439646 3.546397232315625 1.5346090038630622 0.9995396137237549 
Car -1.0 -1 2.0639060157045535 255.2380462147758 179.96301041885116 479.55589912243227 311.20321845310514 1.5 1.5336940556764602 3.4797413766384127 -3.2724588819797438 1.620068077562493 10.295988423908842 1.7561652541121067 0.9978664517402649 
Car -1.0 -1 1.8058920207338431 663.3038669709631 178.71374718107393 715.6614986281176 212.46715378977748 1.5 1.5981557339429855 4.190166530013085 3.888199225196056 1.8035000031989936 35.08266487679768 1.9162711977919162 0.9906717538833618 
Car -1.0 -1 1.2937711469979327 698.8663926554904 178.68621366448363 736.2750223808433 203.9217125363009 1.5 1.4506035044789314 3.404696893692017 6.709177441555919 1.8824967646618636 45.49164020295115 1.4401971538874763 0.8866479396820068 
Car -1.0 -1 -1.414585783834553 810.6100838645086 176.5315635505021 900.6648465223908 239.79929031897802 1.5 1.6734451547265052 4.247354206442833 6.730709803736192 1.6120167456576064 19.63623856736041 -1.0843665758755547 0.687655508518219 
