Pedestrian -1.0 -1 0.360515542349402 726.0303778277291 159.082535968696 765.6588567112865 271.3091022024433 1.8 0.5918622508645057 0.467799885943532 2.2003510982674306 1.5794775855368777 11.944193628262584 0.5426923473689216 0.9999998807907104 
Pedestrian -1.0 -1 -2.72594948389775 294.69285237070267 152.56233757988446 370.00711080877903 327.0602824991775 1.8 0.62726806178689 0.5524633012712001 -3.0286518343370106 1.5910431446485103 7.7655602194991085 -3.0978148738530025 0.9999990463256836 
Cyclist -1.0 -1 1.7639626912483342 454.95787305659127 184.23346906997108 487.71067247430324 240.00932192051332 1.4 0.5338857442140579 1.7860321819782257 -3.750122872132279 1.7199215138589872 19.366302125890176 1.5726883292158664 0.9999963045120239 
Pedestrian -1.0 -1 -2.104950749483158 542.6366080196361 173.4212894292602 562.4577245081699 216.36099158427268 1.8 0.6178451262414455 0.6051226079463958 -2.4852000511754597 1.8248157935461657 30.680169424327715 -2.1857777396824702 0.9999802112579346 
Pedestrian -1.0 -1 -2.1148102381922524 544.7908448187943 173.46181790516212 564.0294249869781 216.06150517340635 1.8 0.5631152100861072 0.6568503126502037 -2.4253646615347852 1.8267768596448688 30.928264689462317 -2.1930691162731986 0.9994288086891174 
Pedestrian -1.0 -1 0.7336252777347985 245.62714869706414 153.76541171603026 322.18692358044194 324.8130031584269 1.8 0.612413839250803 0.48502371907234193 -3.6398337310996753 1.5994812842640815 7.955106072980633 0.304513140520777 0.9992578625679016 
Pedestrian -1.0 -1 -2.1053303113243844 531.307289192796 173.5263935360352 553.3176582772954 216.5966949918366 1.8 0.5835813961923122 0.8418868787586689 -2.9220211437212398 1.8294277632790559 30.679892965053558 -2.200286106267248 0.9982491731643677 
Cyclist -1.0 -1 1.6968568190969033 497.2388001105234 183.24719789361166 518.4132445895011 223.08182887592324 1.4 0.5677828125655651 1.7048541948199272 -3.806566442280659 1.7967528088791274 26.65979980668357 1.5550324161860603 0.9897629022598267 
Pedestrian -1.0 -1 -0.34745582648871864 595.9449661945724 175.44458510088833 611.650088418308 203.66041084570594 1.8 0.6620112366974353 0.8378216557204723 -0.4335150960335365 1.9692001179619325 46.56730552519811 -0.35676498810318535 0.8386554718017578 
Pedestrian -1.0 -1 0.03064373043941824 587.2607941170808 175.49640449504508 604.9074646817385 203.82150970339742 1.8 0.6456845931708812 1.112233430892229 -0.9195811724951185 1.9709098115008303 46.23959111299765 0.010759039721216479 0.547626793384552 
