Car -1.0 -1 -1.7542415073254543 707.5129643780042 177.9853422244703 776.2803871088274 226.05522499122972 1.5 1.6220434129238128 3.945205968618393 4.4164586866449635 1.6916322894059868 24.914068574830456 -1.5787964128565533 0.9999983310699463 
Car -1.0 -1 -1.6015849325707368 601.6270821889528 178.9447211500794 660.8754416507657 235.43361823917914 1.5 1.6052619114518165 3.514184293150902 0.5164531137382763 1.6950504617850004 21.299225679893684 -1.5773421764050168 0.9999935626983643 
Car -1.0 -1 -1.5737001504618808 607.5744510499749 179.4489761761591 642.5732430928384 212.6247971089124 1.5 1.617169988155365 3.546237063407898 0.6863530826237724 1.8376866890998556 35.11713721252762 -1.5541579621520383 0.9999943971633911 
Car -1.0 -1 -1.8012335913225501 724.9294822514876 177.48924945367094 816.3650995986881 239.3994917853407 1.5 1.5841728568077087 3.7728915482759477 4.212639985241849 1.6389231347495419 19.665310906288774 -1.5902061472323281 0.9999771118164062 
Pedestrian -1.0 -1 -1.492477012395774 796.1496238680928 151.9676557436065 863.2343046870449 299.50641967129974 1.8 0.773531899601221 0.7455738753080368 2.784151023087715 1.5455406459680816 9.287469513291015 -1.2012266675618035 0.9999713897705078 
Car -1.0 -1 2.1240023461321913 97.47269939647327 183.5122543281688 221.5748588083007 238.02734902240212 1.5 1.5521789461374282 3.7025178343057634 -13.890475820020212 1.8590442320162441 22.42716043999947 1.5694693764063972 0.9999667406082153 
Pedestrian -1.0 -1 -2.2467078047469657 683.4772520635606 173.2493882599045 706.4043813592341 208.73748019023807 1.8 0.6829607792198658 1.0250266201794147 4.341257727407555 1.8210945122176738 37.223874893941804 -2.130606667199407 0.9999426603317261 
Car -1.0 -1 -1.7065442138991833 0.0 180.5908100590185 264.09904977165365 374.0 1.5 1.53817557990551 3.5184791803359987 -4.081406618908383 1.5770089502883842 5.35883726812468 -2.35744179884461 0.9999310970306396 
Car -1.0 -1 1.9924221557746065 297.36137442483624 181.60505091054011 401.4471049747101 237.55420836106896 1.5 1.5630599603056907 3.751145911216736 -7.81821134150413 1.789140328772456 21.876802919053002 1.6491927981337131 0.9999209642410278 
Car -1.0 -1 -0.49090016442588214 853.2726399987911 176.55354897941677 988.699374781745 207.4521935777496 1.5 2.2629287585616114 5.973429095745087 15.718411663464929 1.69586683586298 36.74244817492392 -0.08666046062973567 0.9999134540557861 
Car -1.0 -1 -1.8714822150702501 763.9840859477613 176.54710946369923 903.3526815209674 264.2505400739474 1.5 1.5908750265836715 3.6419259876012804 4.215413567332657 1.583068024330341 14.324385284171258 -1.5852792030808074 0.9998973608016968 
Car -1.0 -1 2.1846391774279796 11.966689669561264 182.6761791250622 239.39889579746858 287.9787603169505 1.5 1.5022671341896057 3.442163255810738 -8.074925539111034 1.6922439324680125 12.347132806746298 1.6054627776106418 0.9998753070831299 
Car -1.0 -1 -2.2554617004173743 388.6780845343827 180.44981928144503 528.6864114931923 246.05550354075422 1.5 1.567174543440342 3.6682075381278993 -4.013703042411368 1.715307418399448 18.658456646689814 -2.4673472205784663 0.9998045563697815 
Car -1.0 -1 2.066943393070076 188.12306063290345 181.99084337684397 337.7082929994286 257.1265904965017 1.5 1.5207140266895294 3.7441446006298067 -7.931935906232432 1.7370400925307665 16.77736234838171 1.625311124320847 0.9997389912605286 
Car -1.0 -1 -1.8925987736821424 149.98230271017516 180.80510004067668 382.86182482850006 332.62175459643106 1.5 1.5643293529748916 3.592811015248299 -4.526458014038349 1.6212718618549258 9.143697865825864 -2.35226716200379 0.9996114373207092 
Car -1.0 -1 -2.253717674312921 473.34406405914535 180.43226985271232 555.9124248823384 220.12207505315567 1.5 1.5474584445357322 3.4232667207717897 -3.997911235820016 1.8301846009483727 29.664863117265426 -2.387679771580969 0.9986889958381653 
Car -1.0 -1 -2.214491005132749 448.66983298183624 180.52592896722288 540.0282351629917 225.00787220163352 1.5 1.5166983500123024 3.5315635174512865 -4.367799606339965 1.8031971938147406 26.709085456500194 -2.376588539281164 0.998505711555481 
Car -1.0 -1 -2.0880570073763884 853.7770086180071 173.8723620824693 1241.0 371.7367445419736 1.5 1.6683536142110824 4.315189880132675 4.140698354585226 1.5142502392965131 7.66498373581775 -1.592761422568236 0.9984366297721863 
Car -1.0 -1 -0.37091542796506904 763.5290807994778 177.78224994188423 844.9080973987932 208.43665902699613 1.5 1.5815023824572563 3.6620578289031984 9.784054278581015 1.7571531066732446 36.607733145121486 -0.1097522536900384 0.764060378074646 
