Car -1.0 -1 -1.6609048870949572 648.162028557622 178.65758150251796 703.8677775456212 226.39932567460752 1.5 1.5777044489979744 3.6445944130420687 2.166834493860263 1.7156277105888569 24.935971750118362 -1.574226684230615 0.9999943971633911 
Car -1.0 -1 2.0381019526750284 201.99434872519626 183.02094835393973 288.8808602438223 222.20208710309478 1.5 1.629875649511814 4.09402274787426 -15.446707085586768 1.96228791307799 30.731679760573265 1.572351443763596 0.9999942779541016 
Car -1.0 -1 -1.6109720742784812 565.0443794178461 179.6010598223667 612.2665335930543 223.56902813392398 1.5 1.6109049811959266 3.4445522844791414 -0.8945454108966907 1.7688650661547445 26.935019559899402 -1.6441711122777802 0.999977707862854 
Car -1.0 -1 -1.4186471320891276 436.09587559370226 179.69278511591511 540.8289057027839 263.86439295285163 1.5 1.5825823441147804 3.80117581486702 -2.4516313945958648 1.6613307786220357 15.073280468499522 -1.5798827391725523 0.9999730587005615 
Car -1.0 -1 -1.3313650854067067 325.3243077596657 179.44837468554044 507.9216749796554 316.0825306573221 1.5 1.5529888242483139 3.6626825600862505 -2.4839088172755432 1.6079259154858778 9.931345897123395 -1.5764453700420005 0.999919056892395 
Pedestrian -1.0 -1 -2.1684097304487517 1067.8688522744753 131.6541242872551 1221.0594308154077 373.51934298359583 1.8 0.7548885911703109 0.6135064668953418 4.122911833534597 1.4937417724407658 5.684935383259599 -1.5409477828678233 0.9998971223831177 
Car -1.0 -1 2.3387793298567066 0.0 185.03056353882974 42.67750505443704 264.7281912465703 1.5 1.6113725051283836 3.9713586241006853 -15.164238658764205 1.8072603098437245 16.18549324013158 1.585945832725388 0.9998871088027954 
Car -1.0 -1 1.2172186694036595 56.860373528241915 182.0020928600213 285.66013932640277 311.2435436018374 1.5 1.5573585897684097 3.846147891879082 -6.481272083813365 1.6552719520058468 10.420734636767238 0.6608089645716803 0.9998087286949158 
Car -1.0 -1 -1.6990122701191326 629.8190532873041 179.15310899494267 672.8766938735928 213.1387849640996 1.5 1.5721386790275573 3.797520560026169 1.8846831510114161 1.8187651124675595 34.518077643870775 -1.6444665426996095 0.9982962012290955 
Car -1.0 -1 -1.6332759574443148 565.1476610115923 179.93056135048164 599.4801881237464 210.67507088273683 1.5 1.5744479864835739 3.549005699157715 -1.530993340289873 1.8901605453133639 37.89623244499421 -1.6736536184933526 0.998275637626648 
Car -1.0 -1 0.7387696039230545 309.7362698331019 181.3644661540438 459.14588207761545 239.35003751110486 1.5 1.623428289592266 4.054552924633026 -6.535896319229396 1.7634605846772329 20.716067284135875 0.43315498431655336 0.9924517273902893 
Car -1.0 -1 -2.267354158082771 433.02877231127565 181.03851242817007 504.33657514096177 214.89300109183478 1.5 1.4496274784207344 3.4640761584043505 -6.806029022645532 1.9095238058232986 34.417088166890174 -2.462586716809545 0.6533545255661011 
