Car -1.0 -1 1.9173858115631723 268.47821842753416 179.71099481855512 481.83543747532053 320.86444000127426 1.5 1.5125893548130989 3.7100023150444033 -2.9569437488560064 1.6109269011813314 9.740342043023139 1.6226506113966526 0.999998927116394 
Car -1.0 -1 1.7548998816693067 408.0786523890888 179.79481392963018 524.3993327321433 268.1787275593481 1.5 1.578133974969387 3.952532497048378 -2.7877335344955663 1.6592481632328515 14.534324548163971 1.5653979023310798 0.9999978542327881 
Car -1.0 -1 -1.5995712262562152 733.5102647114916 176.92002122340799 833.2092419144533 268.2723947587704 1.5 1.6366314634680748 3.4697285413742067 3.203037249719427 1.5890412620266605 13.872610475145603 -1.372658387818609 0.999995231628418 
Car -1.0 -1 1.6926578505784005 492.0431485293376 180.14502338467906 549.852443263196 228.6903563580228 1.5 1.5364720046520233 3.5281898945569994 -3.0089201730941495 1.7666506156537414 24.586092244641574 1.5708804011305393 0.9999839067459106 
Car -1.0 -1 -1.1223023125691793 793.6124124004748 176.9319228167421 885.8777025945097 230.4539648115597 1.5 1.4765352502465248 3.1517861902713777 7.039776795481777 1.6347501565240588 22.123556865622092 -0.8142305175450189 0.9999797344207764 
Car -1.0 -1 -0.7296869555080217 1071.6891979160428 169.79074832681152 1241.0 359.3675107533662 1.5 1.5875515088438987 4.00305078625679 6.720308925504158 1.4761203396384879 6.624345223307449 0.06290225585433416 0.9999551773071289 
Car -1.0 -1 2.299856350962258 939.3778761323441 175.86191297145467 1030.621410013128 207.67360900395593 1.5 1.653483559191227 4.1857248663902284 18.57953498835849 1.6560272877824915 35.82277962746941 2.778313505645615 0.9999449253082275 
Car -1.0 -1 -1.282982015204558 743.2483573800126 177.1437936116888 841.1963233468069 243.66915455684995 1.5 1.5095578998327255 3.403490644693375 4.6601925954244745 1.6204798724299805 18.353176828895492 -1.0343197147038323 0.9998924732208252 
Car -1.0 -1 2.4283199923039693 0.0 179.61164579546136 271.7781311798581 374.0 1.5 1.6003868103027343 3.7885463356971742 -3.4964911315637135 1.5514637250233403 3.506086597103697 1.6442921042402805 0.9998636245727539 
Car -1.0 -1 1.258871629976507 499.8394649780691 180.15187460295815 568.2021803217076 220.72577365704439 1.5 1.644376714527607 3.9354371398687364 -3.2251515335477663 1.821040120718498 29.571052761482157 1.1502365311000007 0.9998598098754883 
Car -1.0 -1 -0.8297751476651787 997.7491345956104 175.00105730365746 1111.5924456209505 218.18918395420175 1.5 1.592230100929737 3.523470324277878 16.225947397304292 1.5827431177323061 26.4327421989689 -0.2792282859471185 0.9993031024932861 
Car -1.0 -1 -3.2474572626191227 734.2315265192965 177.93130199245633 834.1199198766323 211.5871030597906 1.5 1.6730495288968086 4.364101824164391 7.994881825847552 1.7445884775494005 33.59728382463922 -3.0138400355961665 0.998789370059967 
Car -1.0 -1 1.8157820055104277 318.2176967288396 182.56994329553243 355.5199140278878 207.75208444155973 1.5 1.4875606194138526 3.218323972821236 -17.387469364026717 2.141978189088782 45.961283262726354 1.4541153152796882 0.6246044039726257 
