Car -1.0 -1 -2.1825737771890306 882.6391053262022 171.28810065304302 1241.0 374.0 1.5 1.5205486238002777 3.198542681336403 3.0986739972237545 1.4937657156257789 4.651995226253527 -1.5949665653195721 0.9999983310699463 
Car -1.0 -1 -0.3875225073281052 795.751433648558 177.04209150477183 950.1640721668817 209.16629933751034 1.5 2.1526951834559442 6.77206204533577 12.698752445207013 1.711870326405757 35.22145355088688 -0.04148872295883723 0.9999980926513672 
Car -1.0 -1 -2.582839673376914 6.308368194400017 183.47282543443416 327.7645662067338 246.4005771132493 1.5 2.227209743857384 7.025290143489838 -11.329940911193221 1.7936416466506475 18.758029235286934 -3.126198724904333 0.9999973773956299 
Car -1.0 -1 -1.8672421974722517 748.1274538101716 175.64812411130265 986.1154947463691 325.99952843603756 1.5 1.6183263182640075 4.222058740258217 2.9443867390491865 1.5449339665931932 9.391383233661292 -1.5634283205170674 0.999995231628418 
Car -1.0 -1 -1.6307012232378468 609.317845734664 179.45979088508508 645.3419880912061 208.33442922609976 1.5 1.7571846514940261 4.537949201464653 0.8901385832635444 1.8952862692374075 40.833734507564635 -1.6089055771615846 0.9999744892120361 
Car -1.0 -1 1.9093914270714494 210.35959485196372 179.97625296537544 453.36134215811273 317.52405969220183 1.5 1.7608922466635704 4.503156480193138 -3.665790515130843 1.6248117725346873 10.352270510105914 1.5690643032405036 0.9999364614486694 
Car -1.0 -1 2.2059639054775175 0.0 179.82035301197527 341.77893170174895 374.0 1.5 1.5598468974232673 3.796421226859093 -3.5025812558125584 1.5684274207557132 5.122869308509308 1.6062514662703098 0.9999165534973145 
Car -1.0 -1 -1.3825232269565038 752.76777865771 177.18727141122207 838.5475808852954 235.18840203407663 1.5 1.6714342430233955 4.298543792963028 5.529052425483015 1.6421147636901134 21.301199381995026 -1.1285623768952233 0.999824583530426 
Car -1.0 -1 -1.5836106856580618 732.6995291412181 177.14391283550012 817.141239344554 256.26812488113444 1.5 1.603662458062172 3.677058082818985 3.5281921944516346 1.6063009387617275 15.852510337015833 -1.3646164248373849 0.9998219609260559 
Car -1.0 -1 -1.3210232991046038 424.9191286179144 181.21631493971006 474.4573396188223 210.1174501065924 1.5 1.6758349284529686 4.568385568261147 -9.087868623214343 2.0034048639607116 41.09247734144772 -1.5386764491584641 0.9992897510528564 
Car -1.0 -1 -1.4074941246777934 480.54846177311293 180.6779964004611 524.2793041164771 209.71674288399 1.5 1.7118780434131622 4.684379187226296 -6.062221743206464 1.9693598076255157 40.893464501603475 -1.554666535058294 0.9992489218711853 
Car -1.0 -1 -1.719760611163352 721.7036069666672 178.3516739523238 761.3076811574954 206.40836020374007 1.5 1.626744170486927 4.196273025870323 7.476070546015253 1.83293498244576 41.52512594591756 -1.5416315673526866 0.9165021181106567 
