Car -1.0 -1 -1.7966037191632485 698.3803387031022 177.6208488980867 817.3997144102248 260.8566586821627 1.5 1.5989503383636474 3.5300503045320513 2.887139091772435 1.364263724075168 14.740782735138605 -1.6031914661314828 0.9999998807907104 
Car -1.0 -1 -1.7054759382155011 650.1207140239563 178.82503003181944 706.8547052945586 219.6987801387345 1.5 1.6699934870004653 4.212269794940949 2.6868497455233307 1.2666040800820786 28.51545445180026 -1.6115289750185353 0.9999978542327881 
Car -1.0 -1 -0.9842455263929295 0.0 183.32800805149012 220.00497968251005 293.67816075637154 1.5 1.6100124016404151 3.695582461357117 -8.096776716543232 1.475471635648383 11.63238530001359 -1.5923187425967795 0.9999991655349731 
Car -1.0 -1 -1.236722995878516 250.64379841965092 180.76565955192615 446.316417308571 299.71607117289125 1.5 1.5925625830888748 3.8441168636083605 -3.754420594224721 1.4450148770349251 10.987066729403761 -1.5659959572975082 0.9999947547912598 
Car -1.0 -1 -1.308045989524636 380.143119497266 181.21184130470107 440.2924805600475 218.14129557654456 1.5 1.5790511414408683 3.7828872472047808 -8.500569073000118 1.338502586980657 31.089406257304823 -1.574945795410548 0.9999943971633911 
Car -1.0 -1 -1.3369705198077844 435.87726165968206 180.92743541793214 478.4155153832195 208.67311631580043 1.5 1.560704831779003 3.624241662025452 -8.501501317632014 1.2692971119515568 40.69251212528857 -1.5429286165770633 0.9999822378158569 
Car -1.0 -1 -1.4437370507291083 481.49953295878305 180.32791044444863 533.1651638768341 219.32052366805183 1.5 1.6102690741419792 4.063662004470825 -4.1115536461124105 1.3131037342524585 29.689977023607327 -1.5813447312128288 0.9999381303787231 
Car -1.0 -1 -1.377184464841442 437.41388848000196 180.45905402438925 513.0970136378342 235.1544340009097 1.5 1.5741082400083541 3.5089755922555925 -3.9104150523017087 1.3706820267383233 21.475524598202817 -1.5572982226174814 0.9982994198799133 
Car -1.0 -1 -1.351548098267422 498.20241988611843 180.40812525145094 538.9378895126217 208.31298182536727 1.5 1.552024346590042 3.501507130265236 -5.000540135237613 1.2427045042343954 40.45490171502771 -1.4745320464160783 0.945488691329956 
Car -1.0 -1 2.1082697334653244 230.13174129108313 182.52255246783955 302.4562995955741 206.87684641932523 1.5 1.9554922848939895 5.035429310798645 -22.167588668045326 1.3352582326485605 46.87074440203956 1.6664941191633762 0.8973990082740784 
