Car -1.0 -1 -1.7434625622352675 706.938957831624 177.5789436988993 797.2302950702913 244.18636642519215 1.5 1.5783120438456535 3.993772950768471 3.476897992141135 1.634910499103377 18.53777838036131 -1.5580591373753292 0.9999959468841553 
Car -1.0 -1 2.2339068246292673 0.0 184.11151922268408 152.01160538030416 246.66595306951737 1.5 1.5824229016900062 3.9496178299188616 -14.831262797656665 1.843728927044019 20.01104155909663 1.5960912585218967 0.999997615814209 
Car -1.0 -1 -2.199143045387334 293.2975653623072 180.95096560648238 459.7905202598885 263.4012552874984 1.5 1.5560672178864479 3.4780217826366426 -4.979845625800042 1.6882660442862545 15.094862174363211 -2.517803446450506 0.999992847442627 
Car -1.0 -1 -1.5324074114929953 569.3631235562868 179.36789810112467 622.3854215725097 230.09882167248438 1.5 1.5964769318699836 3.442409497499466 -0.44322199411170987 1.728338039733724 23.513915151769165 -1.5512545286354167 0.9999881982803345 
Car -1.0 -1 -1.6703323065199989 649.5699596019305 178.91140415480453 697.3109642470195 209.34542704697773 1.5 2.0403871804475786 5.532156911492348 3.3419007404626857 1.8548978041621762 39.447795596347106 -1.5858170623567445 0.9999945163726807 
Car -1.0 -1 -1.5491892244231036 593.7981947011997 179.51983022119109 630.7581384145585 214.85316991497606 1.5 1.6051654264330864 3.5582224398851396 0.10159416923345432 1.8228377375767446 33.10548421680316 -1.5461204322662694 0.9999639987945557 
Car -1.0 -1 -1.9054730661107278 92.68018549752342 181.28204258895798 336.2125519644915 332.7965138108187 1.5 1.566396702826023 3.592655298113823 -5.152332807069979 1.627557677020566 9.112477527279303 -2.420074240365301 0.9996285438537598 
Car -1.0 -1 -2.6189017254745104 436.8034877993511 180.8703354617786 530.1444825930503 217.86889602507418 1.5 1.5608983606100082 3.689224508404732 -5.506178575100166 1.862198298822436 31.203198681259043 -2.7935655872013907 0.9994833469390869 
Car -1.0 -1 2.1212799481809057 79.39050863492656 182.6766920923059 261.76085834237745 266.07168204056535 1.5 1.5551426008343696 3.7457367897033693 -9.13517716654098 1.7343201433228659 15.300985898264814 1.5830457091291965 0.996678352355957 
Car -1.0 -1 -2.733813976187303 490.24400132869044 180.71148579882748 559.0885295409693 205.7959012743529 1.5 1.596011270582676 3.988149252533913 -5.382277236054754 2.008379725004064 45.313791541510945 -2.8520379821446284 0.5819723606109619 
