Car -1.0 -1 -2.9241449492664713 766.4888314481185 177.2236126133268 885.5402744350589 223.0089021025203 1.5 1.5517769873142242 3.7931180119514467 7.5825945500134875 1.6647149875403529 25.538973840358523 -2.6355319778111324 0.9999996423721313 
Car -1.0 -1 -1.6409753798414983 571.140481202502 179.36659792922603 626.1333330305578 227.09456088494758 1.5 1.628105391561985 4.120724511146546 -0.5194640532420274 1.748643478640916 25.379501788783585 -1.6614403809097154 0.9999995231628418 
Car -1.0 -1 -2.897598847611857 703.6354583293196 178.1392393950586 800.2661191291593 214.49690914559926 1.5 1.5855342641472816 3.90711524784565 6.201010967435236 1.7443306449453428 31.75949244075845 -2.70477564732102 0.9999979734420776 
Car -1.0 -1 1.9172229398716658 0.0 181.86549934661917 244.66407724320058 325.3493484678613 1.5 1.5529878929257392 3.6436891674995424 -6.314063451902654 1.646346590097989 9.735837245889403 1.341875954470362 0.9999939203262329 
Car -1.0 -1 1.7635591626519556 383.7983177633278 181.69178488566314 428.0209519554029 211.52113575900836 1.5 1.6208492711186409 3.8380185633897783 -11.129543860815327 2.007622985978664 39.43244216301336 1.4884714325282233 0.9998237490653992 
Car -1.0 -1 -1.6541449197541205 554.4291478329236 179.74817619820732 601.0952840951421 218.24118562232576 1.5 1.6456544890999794 4.27078330218792 -1.4970581819460225 1.819140293115128 31.135934580451917 -1.702189282574926 0.9991748929023743 
Car -1.0 -1 -1.938275173523688 680.4413464845874 176.4459189216886 895.9418334412143 310.66585855071065 1.5 1.5856093287467956 3.8621223092079164 2.199427513605819 1.5612557706161225 10.19995607876172 -1.725895897546087 0.9974057078361511 
Car -1.0 -1 1.6422734428232233 1059.605555647063 173.72910591040986 1180.1552531983493 262.49699467356504 1.5 1.6651513546705246 4.004476827383042 10.145244036962026 1.5202288502547738 14.305956594903895 2.2591221213301242 0.9579821228981018 
Car -1.0 -1 2.158249344004326 0.0 181.42925610331932 118.34507399792464 374.0 1.5 1.6228171557188034 4.087433454394341 -5.248393307682727 1.585142421833062 4.957464978536594 1.3443528850886481 0.9159466028213501 
Car -1.0 -1 -2.583826175413557 991.0309521897225 0.0 1241.0 374.0 1.5 1.926075530052185 4.8022768020629885 3.5641399572964914 1.4659867619694462 2.4648093766423154 -1.6180675188687188 0.7380436062812805 
Car -1.0 -1 -2.830520691597685 736.2694659798822 177.6336282246972 847.5164667062271 218.5188745411911 1.5 1.6490133970975875 3.965798255801201 7.147521501901529 1.7015576967571948 28.62401974887081 -2.585820988812719 0.5337097644805908 
