Car -1.0 -1 -1.5646144441575716 595.552546863125 179.3752978605155 637.9192010366019 219.41449247679952 1.5 1.623002302646637 3.65653173327446 0.24099531483810388 1.7833385640105894 29.46744570226533 -1.5564362686735136 0.9999984502792358 
Car -1.0 -1 -0.9976213847996225 721.7429414207027 176.81339804064345 887.637274556686 255.9326202770396 1.5 1.6211754202842712 3.9458925396203997 4.2936046160588734 1.5975689418382348 15.79073664226499 -0.732133404412542 0.9999632835388184 
Car -1.0 -1 -0.8442929031856705 662.6590545878868 178.714495720796 736.9899488133809 209.81017493559074 1.5 1.6108876585960388 3.9494270950555803 4.658984172800771 1.8198947536342744 37.43022903170986 -0.7204586426403863 0.9999107122421265 
Car -1.0 -1 -0.965146568013487 686.060061274105 178.06298074320597 785.7090644127884 222.70531058554354 1.5 1.6461309537291526 4.0067816644907 4.675975380305923 1.707691913991022 26.71281519468811 -0.7918561259892327 0.9998838901519775 
Car -1.0 -1 -1.2664719468334078 827.091925001098 174.4069591591098 1087.9126043878641 336.87735978657474 1.5 1.6462943077087402 4.179682072997093 4.343875133407159 1.523728429199351 8.777131582709941 -0.8069060007717951 0.9997269511222839 
Car -1.0 -1 -0.8673978278862404 645.7063576066282 179.02339499284702 710.3821498121638 205.31144347891197 1.5 1.6484266638755798 4.151359435915947 4.170907872500069 1.8954487622592695 44.16526172820004 -0.7732384363797051 0.9996896982192993 
Car -1.0 -1 -1.469876847255928 1046.0234776630084 169.58194794783486 1241.0 374.0 1.5 1.6164305180311203 3.8517827659845354 4.74046163852717 1.48441841848895 5.417136210045356 -0.7509979764607293 0.9995104074478149 
Car -1.0 -1 -1.0822804137332098 746.7086952511668 176.0080953473547 951.3466114673795 282.15999705041054 1.5 1.6151652231812477 3.9729124426841738 4.120900642399811 1.5625015906577269 12.261241275822012 -0.7580494443562371 0.9995005130767822 
Car -1.0 -1 -0.9364374838901841 699.9149806969469 177.4269963546914 838.4323081925717 239.8068635754368 1.5 1.6197171553969383 3.9808845639228823 4.332420192141518 1.6364388058159465 19.548697809294904 -0.7183406511929376 0.9993876218795776 
Car -1.0 -1 1.8964288343172946 486.9962433520788 180.7421894011479 531.4952477300468 206.15748089592537 1.5 1.6227532669901847 3.9779244482517244 -6.399100691954007 2.026234691998241 45.994261915208746 1.7581879973372043 0.9954819679260254 
Cyclist -1.0 -1 0.6318934919954746 23.472707971107404 188.02357542074597 72.28294810269531 221.82963124793443 1.4 0.5690647780895233 1.5983067944645881 -23.766365668032783 2.0473856525636904 30.46413573099525 -0.03062136570480891 0.8207916617393494 
