Pedestrian -1.0 -1 0.6384000938490948 179.54542607905543 170.74870613377456 225.1137184850849 235.23112354364025 1.8 0.5279782719910144 1.0074135407805442 -11.451752454733647 1.5293723963589265 20.054186173216777 0.11954657634231024 0.9999974966049194 
Car -1.0 -1 -1.2914692395342802 303.3004495459998 178.15268682876714 475.783551671616 290.67161884439537 1.5 1.605546337366104 3.848538038134575 -3.26985860108516 1.470379840698513 11.34603877912769 -1.5720598216310633 0.9999948740005493 
Cyclist -1.0 -1 -0.5041479444328496 1054.098746454784 173.52035059928926 1137.2290148529291 225.78102365221534 1.4 0.6080475196242332 1.7971877500414848 13.358394125663903 1.214606831961208 19.32873658512618 0.10059051116439274 0.9999945163726807 
Cyclist -1.0 -1 -0.6269308832988767 824.1658569231413 175.64196444389475 869.1618962964158 209.55786989514166 1.4 0.5857387118041515 1.786661010980606 10.138535723050937 1.2009546834093014 29.723414741782733 -0.29821033875015807 0.9999916553497314 
Pedestrian -1.0 -1 0.4084575949910467 386.8833586445432 164.88624792877945 437.6816474622085 247.28863729304297 1.8 0.5965163491666317 0.9366367504000663 -4.339758354606711 1.4605486198201711 15.800687242365028 0.14041094382735664 0.9999597072601318 
Pedestrian -1.0 -1 0.2293545498183669 569.259406928214 164.47415758817885 612.3742798977086 235.71485385999202 1.8 0.6966020472347736 0.9848836369812488 -0.39661399276567294 1.3966769653493727 18.302006716774166 0.20768742164107734 0.9999523162841797 
Pedestrian -1.0 -1 -2.745981109741038 302.0723439853751 168.16546599781293 340.2123688546541 238.5913577551669 1.8 0.553867270052433 0.7653771460056304 -7.397404981969562 1.4863356315257468 18.347985563909745 -3.12921948830155 0.9999433755874634 
Car -1.0 -1 -0.603736480409975 1048.4347336109292 169.5448052183794 1183.407749649445 209.99416937287032 1.5 1.6426926970481872 3.9573872953653337 19.460611184038633 1.0952592672826476 27.074549070927006 0.019481821856226243 0.999911904335022 
Pedestrian -1.0 -1 3.3542114138691983 164.30169634473035 168.93544173991265 216.0376437840613 244.81223441451456 1.8 0.4977190427482128 1.0021436519920826 -10.095513420604316 1.527261243873168 17.161614264383378 2.8224680304487766 0.9998552799224854 
Pedestrian -1.0 -1 -2.5361983811522393 200.9033727256391 169.6622092661388 247.45145539924448 238.76951372095743 1.8 0.5883388713002204 0.9157279066741466 -10.131770396361802 1.5193020902667125 18.753827455434635 -3.031525806584631 0.9998143315315247 
Cyclist -1.0 -1 0.16260508973611507 359.5278972120385 183.32676801914008 422.1375859875483 247.3076017509022 1.4 0.5675962686538696 1.2711840242147445 -4.830461339039728 1.466514340279984 15.864138088456594 -0.1329652825978143 0.9999990463256836 
Cyclist -1.0 -1 -1.5484694874804734 874.5668496590308 175.31187795282628 897.0220002902356 214.30774260426986 1.4 0.7411834344267845 1.6983939826488494 10.432655405129562 1.21526293277053 26.30544439757065 -1.1709003309395654 0.9996976852416992 
Pedestrian -1.0 -1 3.34977176533693 167.188884255334 168.77606758679732 212.73058850634953 245.6156955069089 1.8 0.6533338248729705 0.8289757676422596 -10.00584306943633 1.5269674339976393 16.999514012327445 2.817779886718613 0.9993078708648682 
Pedestrian -1.0 -1 -2.7148588562455775 300.9201337294522 168.32969043755392 337.85491931099426 237.94740087775943 1.8 0.4694151718169451 0.7733354836702346 -7.516508235685113 1.486920019866732 18.526601770210746 -3.100281671681677 0.9989859461784363 
Pedestrian -1.0 -1 0.6529956364923535 180.16450217152197 170.99016285179377 222.26270222112922 234.16597062258026 1.8 0.5326170966029167 0.9254993431270122 -11.718265823690764 1.5306184051379708 20.465522470779604 0.13297764857741767 0.9984191656112671 
Car -1.0 -1 -0.7522035958127723 1163.891217114555 167.94972065427015 1223.0 208.0742739469812 1.5 1.6651884213089942 4.112345588207245 24.262249804954344 1.0323386228092784 27.312587689269588 -0.025880531468663894 0.9967969059944153 
Cyclist -1.0 -1 -0.1893472472887625 281.1206366621611 183.9567345641996 368.9764965976116 247.42325489016685 1.4 0.5666434325277805 1.82144386023283 -6.518815641660778 1.485362876761834 16.399510986559125 -0.5676971236851556 0.996286153793335 
Pedestrian -1.0 -1 0.8529849838231953 187.13888267963804 170.8479436700266 219.95671462730613 234.6848406136646 1.8 0.49191867262125016 0.6812605567276477 -11.546533344486946 1.529416190580383 20.275940612817454 0.3353168209406989 0.9921553730964661 
Cyclist -1.0 -1 -0.2963879346030377 1163.4705409254161 173.0336997626212 1223.0 247.52966174135656 1.4 0.5202719502151012 1.6153689965605735 11.979108364399165 1.2613220783056398 13.847414733529359 0.4167954166743415 0.9756609797477722 
Pedestrian -1.0 -1 0.8480359472367105 168.7344678898641 170.7612601361851 208.2395275777324 236.2491976704099 1.8 0.5149908855557441 0.8577575467526912 -11.702233467495299 1.5338997734055722 19.80645913853429 0.3143870075556891 0.966016948223114 
Cyclist -1.0 -1 -1.4322614226594181 301.2040910202293 184.07158052979193 331.9084443019655 248.31395860937286 1.4 0.45321737676858903 1.519257065653801 -6.666997987728392 1.4878803793940454 16.2833579298294 -1.820875988402639 0.9454165101051331 
