Car -1.0 -1 0.2888303674144137 320.96411715879293 181.66415050702764 464.107043843772 230.9987477519412 1.5 1.6261902198195457 4.08440851867199 -6.911225022874118 1.791777606228294 23.045835455415943 -0.002525881924901686 0.9999998807907104 
Car -1.0 -1 0.5802186597222836 0.0 182.7961752820639 303.18695233669655 316.109525999837 1.5 1.5291398882865905 3.536554288864136 -5.977901578298256 1.6351675102122942 9.006090401285233 -0.005770401158605299 0.9999988079071045 
Car -1.0 -1 0.7581818040095147 0.0 183.3199852145632 230.03438646926625 372.4434863205909 1.5 1.5584465608000755 3.7745101869106295 -5.853634584617661 1.6093655216340255 6.663182292908488 0.03737048705550603 0.9999979734420776 
Car -1.0 -1 -1.8911177380680182 753.9534409730272 175.72278310135502 965.900705172492 319.95505092935684 1.5 1.5286669626832008 3.2785701125860216 2.900585194529709 1.5435817625138468 9.217744501106816 -1.5862534484502417 0.9999994039535522 
Car -1.0 -1 3.230562584016787 408.21382884663416 181.26157776172818 501.50115736516244 216.07186926186026 1.5 1.6161997362971305 3.9984414845705034 -6.990903562696536 1.8928944319737904 32.63927619213407 3.0195637822111667 0.9999942779541016 
Car -1.0 -1 -1.6355475996360194 635.2637203061588 178.9744914804486 682.5191896650822 212.00828830185492 1.5 2.0028600960969927 5.910719794034958 2.3604752608183737 1.8377192972576333 36.81234716376508 -1.57151342951949 0.9999973773956299 
Car -1.0 -1 2.8423220387005363 707.8128220142539 177.91972172412056 836.6581636730774 219.981637753344 1.5 1.655975592136383 4.406044122576714 5.9649572366482575 1.6968197323265162 26.975476151367335 3.059945333000046 0.999991774559021 
Car -1.0 -1 -0.3028396122082244 774.3245387429746 176.88090070853397 929.4991970910551 236.00031205535603 1.5 1.5408013507723808 3.6193544536828997 6.307519190879035 1.6120250861949286 19.209303861061873 0.014426036677088059 0.9998834133148193 
Car -1.0 -1 2.725949214981048 798.1383167486355 176.28059694563697 993.4513318271609 245.73025728305095 1.5 1.560707625746727 3.860917177796364 6.407289766165646 1.5830201361615996 16.53520504926179 3.095628130431992 0.999804675579071 
Car -1.0 -1 3.509801231777594 172.78095258326414 182.13329464069741 380.7323747826249 266.33841264895904 1.5 1.5274908885359764 3.3103140562772753 -6.349257240214676 1.6902691475352127 13.902392282877102 3.081387507911545 0.9995442032814026 
Car -1.0 -1 3.1965793941654024 444.14847215075804 181.04579248563482 527.0053739782346 210.9855288037531 1.5 1.6525839015841484 4.190561038255692 -6.493799522294399 1.9414736696431054 37.78935261321452 3.0263994812925876 0.9955193996429443 
