Car -1.0 -1 -1.444763787736605 402.5219669183664 180.99572276461586 463.9644831986996 228.1211683848446 1.5 1.656835202872753 3.7438462048769 -6.23104408066177 1.8112048859170264 25.591949069862373 -1.683593542375837 0.9999980926513672 
Car -1.0 -1 2.006608993473031 35.46486724637246 180.985835118947 335.3944630095545 333.02371365537795 1.5 1.6632363691926002 4.3065744012594225 -5.219551879492334 1.6328797457306747 9.553706038936092 1.506581707796778 0.9999901056289673 
Car -1.0 -1 -0.7533683962897688 0.0 181.4175356904708 157.78457141178168 374.0 1.5 1.6022013992071151 3.514588859677315 -4.694200329931645 1.5731437147644964 4.369674566172152 -1.574555579168026 0.9999804496765137 
Car -1.0 -1 -1.974918163155927 742.2420137375109 175.20644595550684 1041.9069528040172 357.261634372745 1.5 1.5879339098930358 3.7421474725008013 2.668003750604667 1.5324746790463555 7.920038088098696 -1.6499902019884927 0.9999780654907227 
Car -1.0 -1 -1.55582346404914 583.693442388797 179.88681367697055 610.0065593946491 205.13547041688628 1.5 1.6022639840841293 3.835319218039513 -0.8401607375334317 1.9660328386741734 45.85327780476274 -1.5741442205060763 0.999969482421875 
Car -1.0 -1 -1.6322682474976962 599.0030869896846 179.3935198472916 641.6780550139001 218.31924793764404 1.5 1.5637826666235923 3.3973804235458376 0.34124311983461797 1.789106663631235 30.120610829592856 -1.6209395090725762 0.9999357461929321 
Car -1.0 -1 -1.434731858594721 436.57305566632505 181.02891068316944 482.2323065396339 215.12680346617546 1.5 1.6237324595451355 4.029552873969078 -7.236109823303804 1.9180171862855173 34.79496380973336 -1.6397735262897355 0.9998878240585327 
Car -1.0 -1 -1.7413354288804141 626.6085796362457 178.5187621738144 706.1555798115719 239.66522062928863 1.5 1.590319399535656 3.4761043757200243 1.4119125683639582 1.670348274723062 19.841006529161415 -1.6702938462283952 0.9998767375946045 
Car -1.0 -1 1.7361981669286872 463.60753290881047 181.0694657237989 498.5648026355847 204.99559947617428 1.5 1.6641848281025886 4.160316523909569 -8.691049573259775 2.0793203653707755 48.75648731244867 1.5597967346522468 0.9998227953910828 
Car -1.0 -1 -3.0777155076054847 0.0 0.0 1241.0 374.0 1.5 1.5641524016857147 4.215685513615608 2.9907154471886517 1.44802066672174 0.16639135684158374 -1.5624978533622367 0.6214526891708374 
