Car -1.0 -1 -1.5517708843577533 558.3281402671597 179.50704970145622 610.9866323314228 229.5416382634936 1.5 1.612180334329605 3.398839992284775 -0.8504591177836555 1.7355942821667578 23.796521091390872 -1.5874944804844004 0.9999998807907104 
Car -1.0 -1 -2.550780489839284 294.32805922549386 181.39533339619226 462.994534599312 243.8313071770521 1.5 1.6319115206599235 4.007331144809723 -6.124955556119472 1.741545634110179 19.034787609809317 -2.8620944778111324 0.9999996423721313 
Car -1.0 -1 -2.030501673481052 822.6733326824523 173.8204589001599 1241.0 374.0 1.5 1.5522635102272033 3.9292799800634386 3.2098179338401205 1.5116693111348802 6.477191653583108 -1.570414744145472 0.9999985694885254 
Car -1.0 -1 -1.5324937376041163 580.5071001028665 179.62926385948504 619.3888437560394 215.3125087203226 1.5 1.634187114238739 3.6110258221626284 -0.4493303485203935 1.8259494615578065 32.846349270624756 -1.546172649660383 0.9999967813491821 
Car -1.0 -1 -1.5058936566453849 534.9975725710758 180.24048066319074 569.5892108650033 210.1219048507753 1.5 1.6308997318148613 3.63110066652298 -3.1074366263312037 1.917809378491666 38.94806822037423 -1.5855091130968673 0.999996542930603 
Car -1.0 -1 -2.3541265323009783 441.0722334999719 180.87462530838053 522.1448256292972 215.9052365354637 1.5 1.543179203569889 3.6742797613143923 -5.997671729789303 1.8898190508184287 33.34894263747388 -2.532070235410009 0.9999748468399048 
Car -1.0 -1 -2.3219154927491523 417.82062473123733 180.97221002608467 507.8252970934386 219.68172670877814 1.5 1.5919132649898529 3.7360558778047563 -6.271922490420111 1.862013487456827 30.41155501126496 -2.525298849740301 0.9999200105667114 
Car -1.0 -1 -1.710675900915857 647.4121654253635 178.49102972725285 721.1741697755106 223.9635712684253 1.5 1.9915728390216827 5.481887099146843 2.627236507905321 1.7351627134937515 27.270253597357662 -1.6146315718677384 0.9999122619628906 
Car -1.0 -1 1.8742791634522264 371.10968104388235 181.39974919233032 444.0448168783767 216.22605430941144 1.5 1.9129710763692855 5.282680180668831 -9.742164616688456 1.9472243048234337 35.056293821773984 1.6032183051069797 0.6070805788040161 
Pedestrian -1.0 -1 -0.31264176821165734 288.27285138208816 178.11846945611288 297.5874762391403 209.6543857190956 1.8 0.5134922944009304 0.3502766162157059 -18.313236421402582 2.1060903860414135 41.59214862968396 -0.727404252686773 0.54855877161026 
