Pedestrian -1.0 -1 2.196918568384085 51.692788824758786 167.00388859677776 112.11550853332108 262.2945086051212 1.8 0.587872464954853 0.8024871841073036 -10.20583186528273 1.546699452581099 13.755684153798631 1.5585986812922614 0.9999954700469971 
Car -1.0 -1 -1.624324462494498 601.4162165376152 176.0901212350842 636.7660492579968 206.0402924372846 1.5 1.6359802827239036 4.376518589258194 0.6843651333367666 1.280568481351205 37.62209596873993 -1.6061359579351289 0.999994158744812 
Car -1.0 -1 -2.2844271362850326 1035.701513647539 169.3232523288227 1156.2605176369436 217.47313864093823 1.5 1.5709717318415641 3.247719493508339 16.316753540047124 1.1533682273187937 23.722482235632054 -1.6819237927582604 0.9999903440475464 
Car -1.0 -1 -2.1495063448802156 958.1221050644982 170.4505981970611 1068.965062197815 217.9464225065611 1.5 1.6392425194382667 3.447095912694931 13.764692795853247 1.18417406965437 24.094214299513762 -1.630467542507921 0.999972939491272 
Pedestrian -1.0 -1 -2.7992776664719745 882.4877998070114 146.63295196196077 972.0980456698337 293.4375598912216 1.8 0.6534480050206184 0.8967194266617298 4.14744314977041 1.3864286550624503 9.210527613452896 -2.3761794726040706 0.9999699592590332 
Car -1.0 -1 0.9311537094453638 1099.8981808306419 168.20677385526835 1223.0 215.44329339247957 1.5 1.6449243322014808 4.008599606156349 19.29256340227006 1.111177834197949 24.473911827770895 1.598714101310593 0.9998981952667236 
Pedestrian -1.0 -1 -1.3723513574097634 316.97660575997844 173.6657008716699 336.6348445460186 212.0011110057547 1.8 0.7269933380186557 0.8090022511780262 -13.254453483813712 1.4805524051599617 33.65590287416671 -1.747521028914724 0.999893307685852 
Pedestrian -1.0 -1 -2.6222124763395502 223.24656211740557 174.3554058357629 236.50792488944757 215.96113970187483 1.8 0.523052879422903 0.290696232393384 -16.38808347264656 1.5356390981573556 30.85019875892419 -3.1105190078404292 0.9998311996459961 
Pedestrian -1.0 -1 -1.202010314342285 291.4937958545874 174.16605629420712 310.22139045690193 211.56537846191685 1.8 0.635062114149332 0.6800793603062629 -14.800594402458813 1.4965944350435632 34.376534880643554 -1.6085669892516476 0.9996850490570068 
Pedestrian -1.0 -1 0.6927890886217207 277.06661035572756 175.0384814588235 294.7994403915309 208.5321672192543 1.8 0.7151025839149951 0.5486163802444934 -17.342694547129852 1.5078950402397007 38.410431268691106 0.2686801393839972 0.9996711015701294 
Pedestrian -1.0 -1 2.298905836176112 0.0 169.42379080866166 41.53084074355863 255.70761155123148 1.8 0.5752796798944473 0.6470094926655292 -12.6083056817634 1.5705572667721341 15.077495332126036 1.602458465095383 0.9992824196815491 
Pedestrian -1.0 -1 -1.2529182072151548 284.8420042991337 171.0167509567552 313.3528182212603 226.68157235505058 1.8 0.6570086374878883 0.7635820217430591 -10.091198365491177 1.4948923683220268 23.268608062157163 -1.6621203357961518 0.999056875705719 
Pedestrian -1.0 -1 -1.1417016161445623 286.64446173838405 174.27208578070054 305.16102002635137 211.43102193790088 1.8 0.6085387922823429 0.6669909253716468 -15.132058093818921 1.4997564067245504 34.58340210863682 -1.5541562205788237 0.9988504648208618 
Pedestrian -1.0 -1 2.1209450934087837 115.02455071014622 166.98689978983992 168.79838949850088 257.78158672892727 1.8 0.6131273254752159 0.7557274334132671 -9.461352357654913 1.5337326615235372 14.399471097500678 1.5396210392329353 0.9988183379173279 
Pedestrian -1.0 -1 2.143933533710636 13.602293369242856 167.09583957609095 77.8038512448797 264.62559023027006 1.8 0.6563508443534374 0.7523103177547454 -10.668253487016466 1.5542522865711899 13.450544589312035 1.473385496935572 0.9984515905380249 
Pedestrian -1.0 -1 2.1390589360174728 58.88701616704151 168.6633454400399 108.1916137954751 254.15679017342703 1.8 0.6245675988495349 0.6099100716412067 -11.248474850971233 1.5524092217294978 15.207054479899394 1.5021902759883063 0.9983550906181335 
Cyclist -1.0 -1 1.7500871947915815 464.814325670126 180.39812525726254 485.2923439275393 213.0136528368249 1.4 0.5985054679214954 1.695544508099556 -5.741475484849698 1.3971036532846766 31.193231402440244 1.568062945208277 0.99806147813797 
Pedestrian -1.0 -1 -1.1093605601959777 394.3953980298706 172.42728505047847 417.96807737363423 211.929647541204 1.8 0.7267013683915138 0.9002241797745227 -9.214580167029768 1.4336105462087492 32.72286322480449 -1.383847282328878 0.9977142810821533 
Pedestrian -1.0 -1 2.1143985374105805 78.92051349627224 168.49502284856513 124.04718076825527 253.6282861390879 1.8 0.528802864998579 0.6652454406023025 -10.925952896081263 1.5477953700898128 15.29628270429782 1.4941474636408942 0.9970338344573975 
Pedestrian -1.0 -1 2.1183042983347162 47.94022602515361 166.46054729633227 115.40132887724357 264.9785471523557 1.8 0.666254249215126 0.8823557317256927 -9.929859018169614 1.545127795172178 13.382934968030202 1.479956312975611 0.996177077293396 
Pedestrian -1.0 -1 -2.473746842877852 694.2057713508976 146.5672319408457 798.0742478040579 307.61850798794876 1.8 0.6180299006402492 1.0716704212129116 1.6343877569893195 1.422434542475179 8.504826342372285 -2.2838896075871333 0.9922635555267334 
Pedestrian -1.0 -1 2.2502769691465434 34.56928944019485 169.0132538083847 83.37185969795854 254.32533360316046 1.8 0.5876226842403411 0.5971107192337513 -11.786427491194624 1.5592618450190598 15.217561483927067 1.5912618517836155 0.983039915561676 
Pedestrian -1.0 -1 -2.6972504863762436 726.0213976979651 145.97389880856383 826.9975157844029 308.211587238671 1.8 0.5926637470722198 1.0081687502563 1.9798744838250042 1.4186255445116038 8.386208452372689 -2.4654086987164363 0.947489321231842 
Pedestrian -1.0 -1 2.4066447245420686 16.981893916332535 169.14156944983577 73.14027711035992 254.90766942354085 1.8 0.5900475688278675 0.7481617413461208 -12.110078753242467 1.5632385594130984 15.25148806022279 1.735557067390305 0.9313368797302246 
Pedestrian -1.0 -1 -2.303194047449786 214.968554948371 174.38709453949608 234.5124615601466 216.21166547158558 1.8 0.5705256506800651 0.48682787716388704 -16.571700581596286 1.5383952966587064 30.77493345225242 -2.7971500913288936 0.5142846703529358 
