Car -1.0 -1 -1.1353213118864753 174.4116947289305 182.22525257534437 322.45036067328437 253.16637400244886 1.5 1.5838772550225257 4.0838270008564 -8.460759331475158 1.4379003204770635 17.253600144445446 -1.5912404908475024 0.9999996423721313 
Car -1.0 -1 -1.5419706400548185 578.4490845813829 179.74669085053472 610.672290812594 207.88691513428938 1.5 1.6953902810811996 3.852847453951836 -0.7243304971536378 1.2096085951270663 40.249958520446235 -1.5599645050850255 0.9999992847442627 
Car -1.0 -1 -1.3781008347185322 454.859970384967 180.50940931590424 515.4096769758527 222.98661584308053 1.5 1.5930347636342048 3.629315879940987 -4.606027083902956 1.3349377384591188 27.215255222946208 -1.5457564360138518 0.9999992847442627 
Car -1.0 -1 -1.2741467692013488 297.84046145225005 181.86614500604688 366.0174910201154 217.13244132379492 1.5 1.7070755854249 4.337991264462471 -12.513322356213068 1.358662869699184 32.7935940204214 -1.638672166564737 0.9999986886978149 
Car -1.0 -1 -1.3201466832079363 356.84251509595424 180.64814292483408 474.5776372814789 257.2860969289242 1.5 1.5752075731754303 4.025952008366585 -4.179622773640482 1.4117324921738954 16.081878865826422 -1.5744177196782572 0.9999969005584717 
Car -1.0 -1 -1.2776086690977753 323.5717530141661 181.49692662925952 403.5206019957701 227.98187965152331 1.5 1.5963860347867012 3.8594672948122026 -8.475735133343004 1.3811319806131177 25.14684295077801 -1.6027001897480828 0.9999920129776001 
Car -1.0 -1 -0.6675696977538375 0.0 185.50886031986425 249.23738196514435 375.0 1.5 2.0396635428071024 5.822563406825066 -4.226398124199927 1.5036986528067389 3.3743102424990887 -1.5646081036564452 0.9999946355819702 
Car -1.0 -1 -1.4529707055222114 489.7148701524029 180.4325269145432 529.3541659447806 210.98036669399966 1.5 1.588316124677658 3.909214448928833 -5.068392300325406 1.266261648676626 37.26253007927696 -1.5881595379349334 0.9999048709869385 
Car -1.0 -1 -1.4705304105528325 516.6052448762548 180.34026470540735 546.6968645612662 204.3919304561513 1.5 1.5788831308484077 3.7486961603164675 -4.929216035210501 1.1970711519083146 46.7063888410388 -1.5756774177451176 0.973224937915802 
Car -1.0 -1 -1.3354659394913804 404.54797715982164 181.0893313768749 456.69121970524736 212.84250163794346 1.5 1.6604450091719627 3.924328324198723 -8.812859207772787 1.3062041834049494 35.921032972734324 -1.5760537498306972 0.9254679679870605 
