Car -1.0 -1 -1.684503715183095 667.4221863937285 178.09645728516142 743.2101157824505 240.0952686250666 1.5 1.587652650475502 3.997386482357979 2.4628410434484698 1.6588174966350433 19.800050360521325 -1.5607537190106255 0.9999992847442627 
Car -1.0 -1 -1.6752564818180904 640.9054080672514 178.9743070491352 686.0819632635909 215.46819480099848 1.5 1.6023112952709198 3.9374666780233385 2.295339681027396 1.7914298808719182 32.31794555265385 -1.6043518568065507 0.9999829530715942 
Car -1.0 -1 -1.1348031881696392 13.471089373264407 179.12206023171817 448.8026839658366 374.0 1.5 1.5955761566758155 4.132504251599312 -2.781132021641001 1.5737689082453095 6.3630886079391775 -1.546854882561837 0.9999791383743286 
Car -1.0 -1 -2.1090340205521168 810.1378696159612 171.11547985033476 1241.0 374.0 1.5 1.5990183249115943 3.8457489132881166 2.42148768348201 1.4951208898110848 4.097191996711023 -1.5752499099497241 0.9999665021896362 
Car -1.0 -1 -1.2710551953046079 284.3828176453509 180.0101385647231 469.1363397159706 300.9262517220925 1.5 1.580633272230625 3.908683967590332 -3.403977460759494 1.6302433645635817 11.136540836692099 -1.5676950810619188 0.9999562501907349 
Car -1.0 -1 -1.503058714761142 523.577037664884 180.17430006012847 564.6628481410912 215.45923539688087 1.5 1.6383374601602554 3.8755381971597673 -3.0370596996962465 1.8594735742559665 33.43814040849121 -1.5936364038523776 0.9998823404312134 
Pedestrian -1.0 -1 -1.1185238651827303 245.0531721621001 160.30985209687367 302.3803637401991 293.7189609895617 1.8 0.604999766498804 0.3933564320206642 -4.67674221681403 1.6311080652439842 9.932842688395596 -1.5585694620993478 0.9998137354850769 
Pedestrian -1.0 -1 -1.1752546569883213 310.1553909506546 164.69799887160684 342.1058444486773 270.17528384704326 1.8 0.3948132999241352 0.3952316965907812 -4.971300379970969 1.6611733712909231 12.511508884842648 -1.5534642721202714 0.9993513226509094 
Car -1.0 -1 -0.5431103947920992 0.0 0.0 1241.0 374.0 1.5 1.5647944554686546 4.021052506566048 -2.711649124506633 1.5222082634027456 1.500445228914988 -1.6085081073131902 0.999164342880249 
Car -1.0 -1 -1.6120525611307353 625.4412028419337 179.49179049951388 652.1434892218977 203.01780080393115 1.5 1.6432093948125839 4.162919384241104 1.897612369809679 1.9727332855182835 49.26147524583787 -1.573550372910921 0.9989809393882751 
Pedestrian -1.0 -1 -1.1710479191420828 318.89861536695054 164.39003823421447 349.21630109787037 271.01626683172105 1.8 0.3818929687142372 0.3443763617426157 -4.775186017435629 1.6574743382785861 12.355836953168263 -1.5398381772127492 0.9986549615859985 
Car -1.0 -1 -1.694281427561703 624.883250549266 179.28592561566262 664.608849734665 209.45153229806994 1.5 1.6420662894845008 4.01441180408001 1.78012916880113 1.8648507736713635 38.82147492399105 -1.6484592864897591 0.994099497795105 
Pedestrian -1.0 -1 -1.3533087586480395 309.2305558223107 164.09534993234018 343.43606140768924 273.2608208081862 1.8 0.4495310623198748 0.45888177379965783 -4.826668661351802 1.6559388445708252 12.156899130805817 -1.731253237524305 0.6847530007362366 
