Pedestrian -1.0 -1 1.469092090187852 526.3798115408869 167.24188360311584 547.085605695415 226.7733292726993 1.8 0.5646808564662933 0.7016648098826408 -2.13912818697488 1.4006863783467671 21.773303731286173 1.371160908541407 0.9999622106552124 
Pedestrian -1.0 -1 0.8789670806813636 433.35716244230883 141.95093463527294 544.8380426546054 349.91900158788167 1.8 0.5704002946615219 0.9252041138708591 -1.1464463548366794 1.4680540734326573 6.6321142963136435 0.707795782885279 0.999950647354126 
Pedestrian -1.0 -1 1.4969045081636585 576.6928541273749 166.3886027334003 595.8549095229062 227.13016532767128 1.8 0.5271633647382259 0.6751159697771072 -0.6014860170855078 1.3833908175168668 21.310205630969953 1.4686867435786384 0.9999399185180664 
Pedestrian -1.0 -1 0.8785096047751251 348.88299330327953 139.37750357856035 463.173192286935 368.7640801365936 1.8 0.5931228891015052 0.7458423756062984 -1.7390810989624024 1.4790194543119177 5.998054330282804 0.5963067253443854 0.9998552799224854 
Pedestrian -1.0 -1 1.101074946398977 522.2054315255883 164.7473256323953 552.8011210445234 238.46351896233398 1.8 0.4513534277677536 0.7934013873338699 -1.7337023868787993 1.416950458538741 17.715558948472673 1.0035223205897468 0.9997486472129822 
Pedestrian -1.0 -1 1.677912583659103 546.2062626827914 166.97549292164717 567.9331643047334 226.56381430872773 1.8 0.6054083377122879 0.5966825902462005 -1.4967429621869877 1.3930222613394883 21.662707077800725 1.6089291453321994 0.9997363686561584 
Pedestrian -1.0 -1 0.8513296441475651 382.94506668563 140.65827917546295 499.4234566282896 359.8583349314365 1.8 0.6031035937368869 0.8419778689742088 -1.5105980407233581 1.4745385755827345 6.290382112435626 0.6156484325739997 0.9996139407157898 
Pedestrian -1.0 -1 0.5920321506318735 835.4707165552863 124.79780558785046 992.1499514224848 369.0 1.8 0.5536639623343944 0.9024624273180961 2.1985973049221315 1.4326272045804265 5.209167687030219 0.9914125641200202 0.9994664788246155 
Pedestrian -1.0 -1 0.5250137652196056 791.9396046572747 118.05787362105578 958.2509461179532 369.0 1.8 0.5776016533374786 0.8260508559644222 1.6742885450772378 1.4427868828613613 4.561553547422099 0.8767906864497321 0.9993559718132019 
Pedestrian -1.0 -1 1.6992439151213998 514.1732447007865 167.40099456770778 539.1414028348848 226.7801093031896 1.8 0.6814195334911346 0.7083800181746482 -2.4407299065207377 1.4044807055782282 21.788186294612476 1.5876881957014621 0.9989985823631287 
Cyclist -1.0 -1 2.8860352615474323 401.66348283269326 181.52235719738013 451.85979019269126 222.76152940100954 1.4 0.5453289046883583 1.61251952201128 -6.2400398340378835 1.4380913905747044 24.656872151663936 2.6381645083387912 0.9988631010055542 
Pedestrian -1.0 -1 0.832502431390646 464.560095380931 141.85023320362558 576.0620793574072 347.8912731050571 1.8 0.5951600641012191 0.9000614777207374 -0.8588090184538202 1.4640533013587804 6.690139468037983 0.7048312862727302 0.9904718399047852 
Pedestrian -1.0 -1 0.6295828190937245 733.1336355945488 114.78616532175526 913.9107006051265 369.0 1.8 0.5825976401567459 0.8786731891334056 1.2573216406787626 1.4494676610184147 4.310908135343893 0.9133712490412849 0.9801055788993835 
Pedestrian -1.0 -1 0.45921244652994586 811.1235181019471 122.560252224428 966.0082434059539 369.0 1.8 0.5889091201126575 0.833117638528347 1.919018768841589 1.437619103832362 4.944268631038918 0.8294443329188483 0.9488645792007446 
Pedestrian -1.0 -1 1.3974599600514612 558.7641791134996 166.6957857082611 580.9386782421207 226.85142852972615 1.8 0.5535700850188732 0.7471980087459087 -1.1100665063215815 1.388507519267814 21.57750275061912 1.3460597236964362 0.8602085709571838 
Car -1.0 -1 -1.6113265383374626 395.7440666982888 178.59827851621395 451.4113549452441 223.07352707748268 1.5 1.8022124215960502 4.394037511944771 -6.824214727524353 1.4373986831600856 26.205568545851797 -1.8660794059422356 0.6023924946784973 
