Car -1.0 -1 -1.8090559173590122 818.4790238509296 174.74039782333887 1065.5997892652438 354.13482180800537 1.5 1.584954422712326 3.351145100593567 3.252119363454726 1.5255238069714312 7.845424216624655 -1.41609159211186 0.9999988079071045 
Car -1.0 -1 -3.10599269730057 758.6050473598871 177.377562703674 879.7964533303642 219.17600128408526 1.5 1.6879763945937156 4.33881678879261 7.957129564949795 1.6831945855121027 27.685495167307508 -2.826124624409948 0.9999984502792358 
Car -1.0 -1 1.7467503303581005 456.470677658081 180.03360194979598 537.5924788705624 245.8418058690617 1.5 1.4845449969172477 3.3727610975503923 -2.854484400064752 1.701595079872164 18.51824026482139 1.5938095927198948 0.9999924898147583 
Car -1.0 -1 -1.456643873322804 819.2542691065237 175.74977493677738 940.8923729150772 280.8817876922027 1.5 1.5500015139579773 3.3967877298593523 4.634778306697511 1.5570541706843686 12.259472763918106 -1.095195875563894 0.999990701675415 
Car -1.0 -1 -1.2245741911212464 870.1073512245866 175.71767810581537 990.0766222275952 251.097055387541 1.5 1.4991624772548675 3.059147906303406 7.143133159314162 1.5707168062271708 16.101871025342927 -0.8070374290135247 0.9999866485595703 
Car -1.0 -1 1.9218274871603174 228.95276568678673 179.37134064552188 489.9556520551941 346.19860050573135 1.5 1.5831128254532814 4.041581463813782 -2.71902065362205 1.597561155260615 8.702100935683012 1.6189830183943332 0.9999619722366333 
Car -1.0 -1 2.2976118898763698 0.0 179.02233560080174 350.4077169744637 374.0 1.5 1.5247773870825767 3.5703691214323046 -2.929930171023521 1.548520148348708 3.7971126749483153 1.6404166102369846 0.9999481439590454 
Car -1.0 -1 -1.0422184210637175 1113.755179154427 173.4954619803045 1241.0 230.4546946308072 1.5 1.5705632537603378 3.6293069392442705 16.238731697182896 1.519747718777278 20.418814314036798 -0.37036044994858336 0.9999319314956665 
Car -1.0 -1 2.232958169558896 1012.1959940390009 174.93328673378946 1121.4842707890239 213.4223916758788 1.5 1.6255969673395156 4.108331960439682 18.78138263459593 1.5902616660352547 29.73491356423453 2.7963089823683323 0.9998020529747009 
Car -1.0 -1 1.275420193585727 478.34826345701356 180.03709122056094 562.7833937706374 232.14078083570507 1.5 1.623116110265255 3.975117814540863 -3.045873182879737 1.7557554758616498 23.506390836413736 1.1465617855403083 0.9997629523277283 
