Pedestrian -1.0 -1 -0.004852364731313473 576.635384006891 169.59313831527012 594.0141623664549 212.03999577801858 1.8 0.7271349921822547 0.7370251722633838 -0.8681888087165187 1.3389639771051802 30.353815797166533 -0.03344686428574153 0.9999979734420776 
Cyclist -1.0 -1 -1.1398501106468149 784.0776424920895 177.74706752736657 842.064665285853 242.23993825649305 1.4 0.6268557652831077 1.6924476742744445 4.743508032456731 1.3418565596647805 16.187671011976402 -0.8547980348255975 0.9999920129776001 
Pedestrian -1.0 -1 1.4839110673440536 116.12238774852726 173.5515000069679 142.39227413135825 227.40970358800212 1.8 0.702595666795969 0.4680332288146019 -16.19942647247131 1.5693128873637576 24.028247322196446 0.8907231529566901 0.9999833106994629 
Pedestrian -1.0 -1 -3.109624397978817 599.7944473559247 169.27737794917212 618.4308467449375 211.73410309888368 1.8 0.7631165467202663 0.777880710363388 0.16049321283085646 1.3256845277576579 30.366939262911067 -3.1043393174794063 0.999933123588562 
Pedestrian -1.0 -1 2.997549068855505 292.5738868465891 171.73279228729737 318.1190933727573 222.82767686969507 1.8 0.7225780308246612 0.7484286583960056 -10.79908916925026 1.4926711667672332 25.406433878325867 2.5956332564314426 0.9997804760932922 
Cyclist -1.0 -1 1.8302738857223004 548.9748668169766 181.86022184374454 603.7115547474413 265.7407082205662 1.4 0.5643154054880142 1.7277980715036392 -0.5297639798931785 1.427871561321254 12.72962229425973 1.788681256767136 0.9997053742408752 
Cyclist -1.0 -1 -0.9997954740119428 573.5239905349254 178.70184553046522 602.8453373922196 207.9387327436924 1.4 0.6528891183435916 1.650613409280777 -0.8302448637909108 1.3153396723440127 34.726536958677286 -1.0236990014698846 0.9993762373924255 
Pedestrian -1.0 -1 -0.14625624036960486 631.2590721252138 169.87904000779884 650.1861487634071 206.5575779781874 1.8 0.7217301547527313 0.8410003527998924 1.7541489344983543 1.2802120929735281 35.09310802814586 -0.09631224075821468 0.9991081357002258 
Pedestrian -1.0 -1 -1.7571725328527186 136.16296600227767 173.1719057704545 160.33120788600422 227.8147206232066 1.8 0.5640999905765056 0.6821104817092418 -15.361718362060314 1.5601462865104054 23.727563960964556 -2.3317324678089957 0.9980109333992004 
Pedestrian -1.0 -1 -0.042927015283054565 570.4098985707842 169.64613635698313 589.7089993995207 212.17308692578035 1.8 0.7280589573085308 0.7951429605484008 -1.0951380340369599 1.3420787844755533 30.315942323214184 -0.07903547684219905 0.9972379207611084 
Pedestrian -1.0 -1 2.924786306217946 276.71117655773696 172.17584698035446 303.91660876236494 221.85077604408522 1.8 0.7028211399912834 0.7853637941181659 -11.65994355542158 1.4998902172710735 26.131364665511676 2.505092847343308 0.9955009818077087 
Cyclist -1.0 -1 -1.093084384260075 783.5316109038965 177.67572814557633 853.6802615756189 243.08113055123414 1.4 0.7091565549373626 1.9579455748200416 4.842138965831086 1.3411653140282807 16.07893589241123 -0.8005747357991082 0.9908137917518616 
Pedestrian -1.0 -1 -1.6811264175760896 143.49679178831116 173.04470551904618 164.50503713494228 227.99618179657108 1.8 0.51071387976408 0.7529222898185253 -15.093913416411503 1.5573368338867097 23.608571790830577 -2.2499715248730525 0.9368841648101807 
Pedestrian -1.0 -1 0.6771535152950146 587.8507991824026 169.37457833696152 611.5647121078326 211.90510132531156 1.8 0.6962710551917553 0.7499106720089912 -0.24801419382380957 1.3306243694562976 30.424786312932536 0.6690019806239265 0.8930517435073853 
Pedestrian -1.0 -1 3.0880941538656526 595.8346384796698 169.38059779475188 617.9344307451195 211.42635417087376 1.8 0.7569208301603794 0.9179705314338207 0.055597307923157716 1.3254501046263827 30.66582355071145 3.0899071574171604 0.6633604168891907 
Cyclist -1.0 -1 -0.512737373228988 553.699928363921 179.20714118039533 588.2677704733638 212.67598772620664 1.4 0.7731029324233532 1.2593188814818859 -1.4757445802357854 1.3474035772044766 30.233321819036167 -0.5615105191853388 0.7996499538421631 
