Car -1.0 -1 -1.7720593304849719 687.3231951923831 177.30590996609712 813.0588027448773 263.3907417756423 1.5 1.6759492948651313 4.278864201903343 2.670447574143142 1.6059553572759164 14.952497451380061 -1.5953272237118823 1.0 
Car -1.0 -1 -1.6936500817695739 659.653082838861 178.54597259186238 717.6649667673643 224.87937331702736 1.5 1.5850423395633697 3.8022419929504396 2.6867324980985097 1.7185682287333388 25.742772829366046 -1.5896581588920695 0.9999969005584717 
Car -1.0 -1 -1.7169831511675473 672.791742911204 178.15268381943966 745.0389717113356 237.12389009887843 1.5 1.5143320456147193 3.458097812533379 2.6643013027555025 1.663006966350694 20.40448472347152 -1.5871434333410603 0.9999970197677612 
Car -1.0 -1 -1.6845108990538935 638.4500587954948 179.1839803183109 675.6660405593154 209.932917708608 1.5 1.5444309011101722 3.509279575943947 2.379551766563566 1.8470528045598331 37.724576849002474 -1.6215173910048348 0.9999788999557495 
Car -1.0 -1 0.5167766198850015 68.91575987648902 182.40663415840785 369.42622058190545 281.7212401024371 1.5 1.6120289012789726 4.112653297185898 -6.355485670260553 1.6696343767744144 11.921942418480915 0.027007623514856614 0.999911904335022 
Car -1.0 -1 3.3762784546979026 372.77711907801034 181.45638700687826 489.94807564236896 221.18892202960487 1.5 1.612437193095684 4.220672932267189 -7.0112331943417745 1.8489470369920156 28.414225571150066 3.134360182281357 0.9999082088470459 
Car -1.0 -1 3.3609940268460097 334.0275829256486 181.5796410785493 467.03519596950247 229.61323785838198 1.5 1.5766140565276145 3.9601123452186586 -6.862587537673239 1.7988184103560116 23.76859758483873 3.079913127418381 0.9999032020568848 
Car -1.0 -1 0.31401623419981917 309.6516556082836 181.56203929893178 475.7977862358232 235.03467728075827 1.5 1.6435400143265724 4.42734235227108 -6.401616052246998 1.769139395135467 21.395087731942482 0.023284717402185715 0.9997162222862244 
Car -1.0 -1 -2.7072522695154335 177.9651427131105 182.1329474690754 396.71404108741103 262.71394261833854 1.5 1.5299713730812072 3.688543525338173 -6.384487911651059 1.6959332903453825 14.40867918364375 -3.1243534843113765 0.9992421865463257 
Car -1.0 -1 3.461982884779376 293.0246593578737 181.73909473944667 440.66436498089837 241.68839187246488 1.5 1.5375525251030921 3.3836013197898867 -6.3912853230450715 1.7445674549102577 19.05470077755578 3.138357508178574 0.9991475343704224 
Car -1.0 -1 -2.4811666532002827 0.0 182.93028403390645 281.7318898340985 308.7582787718904 1.5 1.5154116347432136 3.4253532558679582 -6.477981863978167 1.6467564523679692 9.609371562508937 -3.0743195573475703 0.9986602067947388 
Car -1.0 -1 3.191951207100331 458.446089423909 181.0203324688623 528.4241170113345 208.6038723183749 1.5 1.6625641405582428 3.836517643928528 -6.589904254713276 1.9748340994509548 40.883850864919076 3.0321397662123264 0.8441575765609741 
Car -1.0 -1 -2.728794875694528 248.07996952879182 181.89289519906606 419.51422186828177 250.0705434324369 1.5 1.5146341666579246 3.4405140697956087 -6.453339230821382 1.7230673348071177 16.935037203978574 -3.0928716222432002 0.7743058800697327 
