Pedestrian -1.0 -1 -1.5000254035765805 575.1283399817169 168.69415201265693 605.1488181252431 230.4436148960932 1.8 0.8375747621059417 0.8500897817313671 -0.3565546446004229 1.4278426017228532 21.383955877739467 -1.5166977914657933 0.9999974966049194 
Car -1.0 -1 1.737668811098403 383.67700102943445 180.60436009244194 477.0728482705032 237.98496307867046 1.5 1.9064849734306335 4.707259175181389 -4.917450982967836 1.4777573179323882 21.18309974283432 1.5095686157557624 0.9999991655349731 
Car -1.0 -1 1.8196892206618118 426.915463029089 180.34599167799576 505.0952305888427 222.7892879881906 1.5 1.8036960184574127 4.991756242513657 -5.153891401699764 1.4602740290130696 27.934508046149592 1.6372418284376682 0.9999985694885254 
Pedestrian -1.0 -1 -2.4163608784167154 875.5255789483716 146.4307350145763 995.1671484107155 312.41300521047805 1.8 0.7842345654964447 0.9996674515306949 3.835058880667067 1.4210474235225272 8.403273979566633 -1.9882167140629632 0.9999891519546509 
Car -1.0 -1 2.0208516364506663 0.0 181.18881085984341 442.7892515173908 373.0 1.5 1.8091053262352943 4.507822033762932 -2.712113256923769 1.499951153627369 5.672075144902489 1.5748348116835178 0.9999825954437256 
Pedestrian -1.0 -1 3.0072557849443866 499.5516881912098 166.84553900913744 538.6199795411653 243.71109363927138 1.8 0.7488831438124179 0.8391638778150081 -2.0235616172066115 1.4580326955784095 17.28588417479126 2.8907217860182346 0.9999752044677734 
Pedestrian -1.0 -1 -2.7970782016080378 502.8483625316455 157.47771962075302 577.1572544071707 286.6139259726583 1.8 0.6673155844211578 0.9066526338458061 -0.9275023751330372 1.4664783462384372 10.447653560505582 -2.8856222192433223 0.9999227523803711 
Pedestrian -1.0 -1 -2.6511945969809867 440.6845013550722 149.9589125407253 556.832829871221 324.7134853027025 1.8 0.8179077439010143 1.0083848170936107 -1.1677821492561855 1.4764855899257068 7.951580733227219 -2.7970138351109366 0.9998794794082642 
Pedestrian -1.0 -1 1.6539385121224557 1146.8899968276908 140.50640379172413 1237.0 323.42494891768155 1.8 0.736821212619543 0.6552407078444957 6.200918961880918 1.3979741831047585 7.557795456433638 2.34103511571489 0.9991335272789001 
Pedestrian -1.0 -1 -1.6533982645989853 594.1639258438454 168.49372957002475 625.5025659237889 230.16057696832678 1.8 0.8612131260335445 0.9066888622939586 0.2130734276841185 1.4214918729592316 21.448352645362558 -1.6434643353011948 0.9934357404708862 
Pedestrian -1.0 -1 1.3494586609703658 1133.1854135626786 138.99336705719784 1237.0 330.7128303287036 1.8 0.7460076853632926 0.8088535189628601 5.880755494065916 1.4022921572615699 7.269432879789674 2.029645431037766 0.8064635992050171 
