Pedestrian -1.0 -1 -1.588802322966014 533.5516078638472 171.7233193593362 554.5210049459333 219.07348900555206 1.8 0.7914010927081108 0.7852433741092681 -2.2408408462340175 1.4293684482625717 27.734315905520546 -1.6694238791849954 0.9999936819076538 
Cyclist -1.0 -1 1.55177979338887 483.2573034735456 183.60961161099712 509.5429616539681 237.98908563586122 1.4 0.6659933857619762 1.718982172012329 -2.892236507334896 1.4609626141608194 19.463367716566538 1.4042603214594978 0.9999970197677612 
Pedestrian -1.0 -1 1.5023579762213402 665.1103062906176 167.74521473907035 694.8756232486451 229.28450730552672 1.8 0.8241866275668144 0.8615493334829807 2.308836287013019 1.39881047415391 21.4548221554844 1.6095592856367649 0.9999884366989136 
Car -1.0 -1 1.7991559482278177 321.33660547254357 180.76290945900962 454.2515254347535 272.7453689294017 1.5 1.5453877419233322 3.991300103068352 -3.940108175607309 1.4892704229206641 13.74393542254488 1.5199639042231696 0.9999501705169678 
Pedestrian -1.0 -1 -1.867922221989014 175.05039920290704 129.309647125746 330.750472820762 373.0 1.8 0.6825875982642173 0.8909973807632923 -2.353445592758216 1.4989010991397012 4.719216666867405 -2.3305245796826224 0.9999477863311768 
Pedestrian -1.0 -1 -1.5476235671046172 125.18359850056407 143.31892549665238 222.22185056304573 373.0 1.8 0.6584241546690464 0.8702137999236583 -3.6309688127926525 1.5087843458362094 6.043572736247241 -2.0886299173024043 0.9999282360076904 
Pedestrian -1.0 -1 -2.1156710855158054 344.77789886267453 152.58137541133488 450.2568818522826 319.13660356611774 1.8 0.8384220793843269 0.8957692913711071 -2.424648140041068 1.4888275237913922 8.37235955368452 -2.3975609103825435 0.9999252557754517 
Pedestrian -1.0 -1 -1.293965906594517 62.30311865516541 154.89099733350116 172.1634046335726 326.6341974811899 1.8 0.807605081051588 0.9180946767330169 -5.458645264150347 1.5224789367520135 8.088095724472032 -1.887645975747381 0.9997488856315613 
Pedestrian -1.0 -1 -1.7325016838629328 232.4844666457343 139.206270037292 347.1066186843962 373.0 1.8 0.6927657432854175 0.9031805701553821 -2.547937529134834 1.4980413392012544 5.717396677800945 -2.151729301610265 0.9996613264083862 
Pedestrian -1.0 -1 -1.8157337184484537 274.0746481801413 139.18303408539936 391.6623443998325 373.0 1.8 0.6878990240395069 0.862941288203001 -2.218694110622722 1.4943536969607725 5.76032449771122 -2.1833890835430965 0.9989268183708191 
Pedestrian -1.0 -1 -1.7432643460688233 151.01597299303222 150.44499377052514 246.68714831517104 342.651528393835 1.8 0.7095192119479179 0.8241341009736061 -4.130161499205568 1.5105474033371786 7.268152421632902 -2.260014549889837 0.9983636736869812 
Pedestrian -1.0 -1 -1.9319154415098556 325.6027031070832 153.4464163220995 414.0531174060202 316.92395721652724 1.8 0.7150483809411525 0.9110798619687557 -2.7922555741402935 1.492465929825047 8.485778498694993 -2.249807135262762 0.9950506091117859 
Pedestrian -1.0 -1 1.600123450160445 419.305709287187 172.05438363374063 441.6125639794757 224.6498086606108 1.8 0.7377231054008007 0.6206147864460945 -5.959118344513819 1.477809656991741 24.960237844245338 1.3657659729334968 0.9816555380821228 
Pedestrian -1.0 -1 2.045607082608127 681.326668735942 167.16583503342034 719.514199772014 230.59291788022483 1.8 0.8310643516480922 0.7981311090290546 2.8600914805653295 1.3943532329954473 20.948241315537924 2.181299436088425 0.9486545920372009 
Pedestrian -1.0 -1 -1.4945436563245083 544.7276239081012 171.63614649064135 565.9717918973035 218.77096334673345 1.8 0.7663555935025215 0.7662958957254886 -1.7984500139331903 1.4243392893664681 27.81700266335445 -1.5591067029770953 0.867223858833313 
