Pedestrian -1.0 -1 -1.5842468704061963 531.2894616167174 171.64365526236085 552.6295262004143 219.58141187719355 1.8 0.7990551672875881 0.7829837061464786 -2.293776799381886 1.430938361985201 27.39826175767004 -1.6677718843009812 0.9999997615814209 
Pedestrian -1.0 -1 1.4264823355866854 657.3893691813298 167.03382902291105 691.5125139672219 233.01419023547172 1.8 0.8384672485291957 0.7895081795752048 1.9943847514535398 1.4065071761406944 20.007369114468577 1.5258366306635993 0.9999955892562866 
Car -1.0 -1 1.8219096450335368 281.3255755445214 180.97444903646686 439.7972568746812 284.0282165712045 1.5 1.6073599949479103 4.139748823642731 -4.023071105707196 1.493662219719465 12.56658598056766 1.512079401812281 0.999984860420227 
Pedestrian -1.0 -1 -1.971186554248868 46.95029353592201 123.4653277079957 255.71788896088088 373.0 1.8 0.7149365290999412 0.9832519598305225 -2.7153638189322646 1.504209676113167 4.249234991718752 -2.5398071567204337 0.9999758005142212 
Cyclist -1.0 -1 1.5612982739073544 464.3638338791526 184.36084104076957 494.83765824403594 249.61014444100707 1.4 0.6503209963440895 1.5634995445609092 -2.8122834716416114 1.4694589246122216 16.30972222552357 1.3905474384638923 0.999998927116394 
Pedestrian -1.0 -1 -1.9474826615121583 0.0 122.99707986825197 182.6223591712096 373.0 1.8 0.6065799415111541 0.9630357407033443 -3.023435563940716 1.507942983999691 4.113794635363746 -2.5812823335316524 0.9996728897094727 
Pedestrian -1.0 -1 -1.8333255837497164 280.16854475957547 150.33251793356624 377.9946336122585 334.46115075712646 1.8 0.7639655403792858 0.8674671433866024 -2.9378837948852277 1.496683950135518 7.595262025660538 -2.202405289807592 0.9993249177932739 
Pedestrian -1.0 -1 -1.3543373822194433 0.0 137.42482276235154 101.11630678225478 373.0 1.8 0.7308393277227878 1.0065285980701446 -4.2291082228952455 1.5176505568879348 5.235584628155578 -2.0337935845044 0.9990133047103882 
Pedestrian -1.0 -1 -1.9349720125290317 127.89329586900688 133.06845563399506 287.74226360261804 373.0 1.8 0.6787805378437042 0.9367584742605686 -2.7908831171180783 1.502837365279482 4.9866770062656185 -2.4452074925091605 0.9970883727073669 
Pedestrian -1.0 -1 -1.1883631079355557 213.39479457975114 151.84807568569047 318.4514835137576 331.07812557580456 1.8 0.7637578554451465 0.8217412538826465 -3.588261425623609 1.503573913018242 7.643367939637518 -1.6272822404888017 0.9939783811569214 
Pedestrian -1.0 -1 -1.5885471428326428 522.7366031691371 171.71406727532818 542.1529344604993 219.83969573199593 1.8 0.7186491534113884 0.8284603737294673 -2.6488401448596277 1.43501846994142 27.317174978172524 -1.685211048522268 0.975053071975708 
Pedestrian -1.0 -1 -2.5359184868684066 263.5631532312519 159.20130492354602 319.78528157165965 294.4730074177603 1.8 0.5673375472426414 0.472594241425395 -4.297908223772895 1.5046083724356132 9.880089497609378 -2.9462345401432857 0.7599037885665894 
