Car -1.0 -1 -1.8699896272665124 681.2363025382042 176.82347788451193 853.3582543270377 292.0141273341336 1.5 1.5790053203701973 3.704558548331261 2.234525537780858 1.573966237570621 11.451457234924643 -1.6772808889534814 0.9999995231628418 
Car -1.0 -1 -2.21003194498429 867.9850297484998 170.6519072858521 1241.0 374.0 1.5 1.5063221126794815 3.1676432609558107 2.8507910246866333 1.4922892152579754 4.260193106518219 -1.6202986548331124 0.9999963045120239 
Car -1.0 -1 -1.7151529608814695 600.8411453794763 179.02752843285185 664.2558086694183 230.33384729247058 1.5 1.5571903929114341 3.394586828351021 0.6124794953493009 1.714919004805445 23.297131308329067 -1.6888691047814233 0.9999837875366211 
Car -1.0 -1 -1.6484605785959476 573.106263329353 179.750155647642 611.6716692448821 214.67970405056218 1.5 1.5181944265961647 3.4026047706604006 -0.8991003065510933 1.8370450241297223 33.453278484874424 -1.6753304089095933 0.9999828338623047 
Cyclist -1.0 -1 2.0167948934426683 161.09478479579937 190.3527069648456 336.97436533071374 374.0 1.4 0.636184637248516 1.8647069603204727 -3.125616158319782 1.577388297983689 6.361178761675068 1.5600847442958015 0.9999635219573975 
Car -1.0 -1 1.9280089481047655 187.10945605710612 181.0849483182066 376.03777887107515 286.2043888738219 1.5 1.639386874437332 4.168271136283875 -5.57952293869076 1.6701168319143813 12.752390537681372 1.5155753334376472 0.9998995065689087 
Cyclist -1.0 -1 2.2759246106530644 0.0 195.55037350789098 162.2160055244552 374.0 1.4 0.565069217979908 1.774356935918331 -3.4279490504331482 1.556734990019237 4.079672911475881 1.5771176695784153 0.9997952580451965 
Car -1.0 -1 -1.1501164665090184 0.0 181.19280671210024 270.472121449699 374.0 1.5 1.5963297829031944 3.526582804322243 -4.959786966841783 1.6085777493824533 7.491256280460512 -1.7349347333100182 0.9963753819465637 
Car -1.0 -1 -1.4819986092667912 404.43179454079956 181.214633388593 453.42848343654174 222.50588931519047 1.5 1.5984640017151832 3.3959208548069 -7.194156545350718 1.854286629429709 28.740184484212698 -1.7272755960610253 0.9937331080436707 
Car -1.0 -1 -1.544170935264676 555.6663846035219 180.23493292170622 580.6721029533735 203.64991444420554 1.5 1.6089344888925552 3.5811087608337404 -2.849651832380484 2.02202480136766 49.17904093742511 -1.6020506518569333 0.9555177688598633 
