Pedestrian -1.0 -1 2.2092381144824507 1063.564836019026 146.8593115904607 1136.9561557965042 280.1552239953937 1.8 0.5816798217594623 0.6323702193796634 6.895024613936931 1.3473941531347202 9.919423732969824 2.816670167442185 0.9999755620956421 
Cyclist -1.0 -1 -3.422197909604357 854.2564860346522 176.87698686418537 941.8745170931861 241.62520846409885 1.4 0.5130557835102081 1.7140554755926132 6.419362036737454 1.3232797329738974 15.631285030193355 -3.03252382675675 0.9999489784240723 
Pedestrian -1.0 -1 -2.099722867602013 981.1129035572085 160.2385916567792 1014.9370010378055 225.70168461923126 1.8 0.6927321225404739 0.4437108550220728 10.8944797023384 1.2444625152168969 19.666112093473494 -1.5938350866225106 0.999943733215332 
Pedestrian -1.0 -1 2.512246830755885 0.0 97.51809909839733 219.4744376077676 369.0 1.8 0.603730746358633 0.8449556797742843 -2.301418726023248 1.5018835369426324 3.0417015893639827 1.8645210146864475 0.9999018907546997 
Cyclist -1.0 -1 -0.5259760420716583 1093.225824752506 174.55266235398744 1209.0488838160861 255.50299606075723 1.4 0.3895796395838261 1.652851191163063 9.607521524322033 1.298789338683346 12.522184135444267 0.1284677227351325 0.9999251365661621 
Pedestrian -1.0 -1 -3.2625953679335122 708.8807908303182 158.1280125894211 767.2303528596123 254.73335783618407 1.8 0.6819877333939075 1.0205062597990036 2.49086607231819 1.3847907919360354 13.540548442592963 -3.080673174062048 0.9998350143432617 
Pedestrian -1.0 -1 2.543197789267752 1015.6246209869089 150.85527671270586 1073.9489209890921 266.08041504856936 1.8 0.5703134953975677 0.5714479394257068 6.998478386406545 1.3385592035587623 11.338080546841761 3.096207725997788 0.9997825026512146 
Pedestrian -1.0 -1 2.3984793907076094 1028.7138140571033 150.15384125875082 1092.200374173322 267.99158375114683 1.8 0.5766942657530307 0.6110835380852222 7.11790360128124 1.3381143285609292 11.132316008201101 2.9673604845961155 0.9992179870605469 
Pedestrian -1.0 -1 2.6235676513194206 0.0 107.66933047831628 128.27692974304765 369.0 1.8 0.5881119079887867 0.8506113223731517 -2.9343833807330153 1.5084316431905165 3.340352094169959 1.9027783751448215 0.9991361498832703 
Pedestrian -1.0 -1 -2.022843075731809 975.9085725081053 160.41545844546735 1004.5888320754773 225.34536536523322 1.8 0.5353407494723796 0.5156945928931236 10.786792078448713 1.244789281314048 19.8657114138074 -1.5254012691464764 0.997531533241272 
Pedestrian -1.0 -1 2.3743379440074652 1049.5050000990711 149.26830006474466 1102.2257178911839 271.39852503056784 1.8 0.4204024586826563 0.5146674372255802 7.056058404083655 1.3413585497901541 10.669280347113418 2.958646166320664 0.9938825368881226 
Cyclist -1.0 -1 -3.533700717508059 1136.9179286284827 173.0116297558126 1223.0 239.20514938658548 1.4 0.5642109110951423 1.6993044435977935 12.719828222580684 1.2432405936375666 15.46696367662685 -2.8454575101521358 0.9874201416969299 
Pedestrian -1.0 -1 2.7045816059506507 0.0 111.93766624008016 38.52989249487447 369.0 1.8 0.5629645220935344 0.8244291439652442 -3.4540761558608084 1.5145804581976288 3.4395570980617807 1.9170772910078586 0.8885921835899353 
