Car -1.0 -1 1.79152221847133 418.38416589935986 180.4875525013386 502.87765337294616 235.91561335518068 1.5 1.6565176218748092 4.220270973443985 -4.527329870756952 1.7581213987165198 22.235384718046785 1.5906586527784885 0.9999994039535522 
Car -1.0 -1 1.972348654107669 185.78828877753176 180.7398118264217 401.297407809281 301.41147903028565 1.5 1.6050734117627143 3.9223215103149416 -4.669587096857689 1.6441659578201333 11.189339681328532 1.5769970297773899 0.9999982118606567 
Car -1.0 -1 1.8784212086589858 343.464407751085 180.5788619877091 469.07798816159624 256.3128331510221 1.5 1.6426262006163597 4.034473237395287 -4.608232310902777 1.7016800600251125 16.75379979178505 1.6100029826124729 0.9999969005584717 
Car -1.0 -1 -1.7969982075763116 718.6442805224925 177.28796708352968 826.584953660386 250.70809202341337 1.5 1.5862513825297355 3.9748093605041506 3.6301500664050392 1.6170042304536052 16.979559945025862 -1.5863738079231722 0.9999954700469971 
Car -1.0 -1 -1.8722181420609456 773.9414036358291 176.07549890070823 941.8382482285657 285.91112514601303 1.5 1.5594574183225631 3.4596505135297777 3.7624614176892717 1.5603232190671503 11.690547413248177 -1.5608488927271706 0.9999943971633911 
Car -1.0 -1 -1.7081336363974067 695.0018419135181 178.31613904388988 748.4389564565854 220.8255295401765 1.5 1.5529046326875686 3.4312723696231844 4.171116364873869 1.7225731002531295 27.626239489332686 -1.558281614505921 0.9999935626983643 
Car -1.0 -1 -2.103827133145293 881.7097840106758 173.08629713385864 1241.0 374.0 1.5 1.5923008814454078 3.7177807211875917 3.756811621469965 1.5029551681678597 6.196363078979396 -1.5587932635706407 0.9999904632568359 
Car -1.0 -1 -1.7332677796394178 701.1483366756535 177.92082439946938 774.8848823166002 232.53560396560994 1.5 1.6047865644097328 3.7891394019126894 3.772185397040142 1.6686789650041116 22.0669068526195 -1.5639611585673434 0.9999892711639404 
Car -1.0 -1 1.712808553909779 515.2009755457216 180.43159901296593 553.6401227324621 210.8669108420687 1.5 1.5665924668312072 3.3093275994062425 -3.982346535421636 1.9179719336579446 38.079319888821196 1.6086070418318332 0.9998096823692322 
Car -1.0 -1 -1.7328380259256835 681.9036975680629 178.53118400618956 734.439500888268 214.26837656074645 1.5 1.7189538598060607 4.1771708548069 4.384796608060505 1.7771905521764055 33.06753375231929 -1.601005849489246 0.8424251675605774 
