Car -1.0 -1 -1.9187760646683407 866.4190563601337 176.29259638547205 966.9593169104023 221.94671346639817 1.5 1.8819842979311943 4.67540719807148 11.030794844916247 1.6377236778347481 26.44189047032354 -1.5235551344838483 0.9999951124191284 
Car -1.0 -1 -2.399571611154972 0.0 183.052542909835 255.48620435929453 335.08387651402387 1.5 1.6004231318831443 3.6197612553834917 -6.272568305552802 1.629886793631417 8.203048232836924 -3.0523912469532832 0.9999899864196777 
Car -1.0 -1 -0.08627216930259521 650.6610914016379 179.06453650014373 727.7197056062878 205.07483697706587 1.5 1.7202316343784332 4.424261164665222 4.631870628470348 1.877852153051562 42.94768209847895 0.021161719164575855 0.9999744892120361 
Car -1.0 -1 -2.0952827197119346 929.8390354518958 175.74197559850322 1028.204983900374 219.01784003369076 1.5 1.605633509159088 3.7905702859163286 13.744956741743007 1.617005326067367 27.203032185296806 -1.6274256418135506 0.9999445676803589 
Car -1.0 -1 0.32119539453642476 401.6732514876875 181.1374950064496 515.2406968630943 220.425249293396 1.5 1.6334495067596435 4.171487551927567 -6.096141192472331 1.8457896245944405 29.03706548946324 0.11425737937423161 0.9995238780975342 
Car -1.0 -1 3.467841361053469 257.0865202495961 181.82649051460186 436.05821908453066 246.2746061588297 1.5 1.5900366500020027 3.8558224707841875 -6.466484912965402 1.7328638559074832 17.858995980251148 3.12044070958696 0.9992522597312927 
Car -1.0 -1 -2.6519241584482147 118.64754484879698 182.32170505706657 370.4930606364277 274.1716911351514 1.5 1.579017986357212 3.6748575538396837 -6.401207800248154 1.6791843491750151 12.78938748308339 -3.1159791509297237 0.9987967014312744 
Car -1.0 -1 3.4076915108295056 325.4844121808249 181.5723360212375 472.8345629758928 231.37081472837662 1.5 1.651456256210804 4.201738399267197 -6.648261254577641 1.7873976793305866 22.892588436282644 3.1250549435576023 0.9983474016189575 
Car -1.0 -1 3.4467633751149207 301.55674820680053 181.7748135989694 439.9036445177739 237.31722132482622 1.5 1.5525268882513046 3.4311028689146044 -6.782868858693649 1.7642308711720491 20.54013830641478 3.1278128504713596 0.9974644184112549 
Car -1.0 -1 -2.5073339139127757 497.32802647839594 180.65875289572952 558.2979367802402 204.921532325555 1.5 1.602131736278534 3.7479745715856554 -5.426418820904131 2.029372010838545 47.27753469571106 -2.621611789860998 0.9781373739242554 
