Car -1.0 -1 -1.7351165996466689 680.7790535300987 177.86256426510084 777.6643250434215 234.80521548658498 1.5 2.019011464715004 5.520928141474724 3.4481402810875665 1.674149456315673 22.262752622019434 -1.5814537509020907 0.9999988079071045 
Car -1.0 -1 -1.5932769251692434 586.1093099169672 179.22297305665944 640.8220323315755 229.4035256466884 1.5 1.6723722711205482 3.595511105656624 0.0213980564605759 1.726855706859002 23.841705242964064 -1.5923794201251609 0.9999886751174927 
Car -1.0 -1 -1.526337320231722 590.226376263638 179.63997844862388 624.9620935765413 210.95140754570025 1.5 1.6324773922562599 3.7170978754758837 -0.11748279442051762 1.8687161290246481 37.27329959762735 -1.5294892388072354 0.9999836683273315 
Car -1.0 -1 -2.2680779330149052 426.8888797729357 180.6006808540535 533.7278504772598 227.09111137148102 1.5 1.6154585897922515 3.9090702801942827 -4.722871486317026 1.7971300581309633 25.76975210661027 -2.4493382732060294 0.9999663829803467 
Car -1.0 -1 -2.1890986892040165 301.98975800037846 180.97123776406528 461.99507935743 258.63099489791375 1.5 1.5599223345518112 3.623100978136063 -5.157373425699628 1.6995914198465072 15.998941981062783 -2.500938371815954 0.9999173879623413 
Car -1.0 -1 -1.6824811211791109 0.0 181.27807186717473 166.1025544805647 374.0 1.5 1.6075926393270492 3.9530622333288195 -4.807588156989912 1.5818021538492952 5.083433569086665 -2.4399980465557918 0.9998713731765747 
Car -1.0 -1 -2.4074334570105327 496.9587375084125 180.60146222260343 558.0983118868329 207.47087322760444 1.5 1.5490487709641456 3.459698197245598 -4.948101685648133 1.978091475988638 42.854911989959405 -2.522386149564062 0.9998599290847778 
Car -1.0 -1 -2.2731250721910667 361.7140523085742 180.6784694737716 509.00131412839494 245.6641842371227 1.5 1.6068669527769088 3.882281717658043 -4.666186245182113 1.7244216840160187 18.870943741894514 -2.5155310789730887 0.9998434782028198 
Car -1.0 -1 1.9086230314343637 311.9131283412212 181.6324775295498 406.38471284829683 228.18549919030568 1.5 1.8325286477804184 4.614858937263489 -9.083526693841213 1.8501244472414156 26.43233477340331 1.577614533897263 0.9998175501823425 
Car -1.0 -1 -1.8144637016056215 88.30105552225447 181.01100806772413 334.625197595141 351.872857321851 1.5 1.6193800166249275 3.66304652094841 -4.82194681996854 1.616549183845467 8.393213050520018 -2.3359262506153926 0.9995535016059875 
Car -1.0 -1 -1.5676264497279142 650.9806531953693 179.20301810749837 676.9049698710028 204.14543666914136 1.5 1.5939664587378501 3.9593035846948625 3.444955954534411 1.9271120325094275 46.46078333747499 -1.493614279725824 0.9981209635734558 
