Car -1.0 -1 1.729871086121819 495.15934889665704 180.2204390451377 550.7056737247766 222.3890412956257 1.5 1.5672339618206024 3.891277176141739 -3.387704738098399 1.8097756568487753 28.329069408845594 1.6108522295912326 0.9999998807907104 
Car -1.0 -1 -1.523572843257483 651.967760514414 178.90037576922103 691.7020284347187 214.80451659535805 1.5 1.6269203767180442 3.517359358072281 2.8004846140527975 1.7892081074121897 32.61595225909581 -1.437920496859823 0.9999979734420776 
Car -1.0 -1 1.667640665050838 518.1116966449132 180.18402660475218 561.9114191117768 216.0043445658907 1.5 1.6103448837995529 4.114557665586472 -3.1893311396283024 1.8576766280367165 33.11231854659808 1.5716183066328586 0.9999974966049194 
Car -1.0 -1 1.8011405639613296 449.3471263445409 180.2603977726671 528.9039328742224 235.8915956783782 1.5 1.5583569675683975 3.7585633367300035 -3.613927829212993 1.7448872432604703 21.892461800106922 1.637539613242966 0.9999967813491821 
Car -1.0 -1 1.3248807527158772 743.5793304302125 177.30627307548636 840.2768845962978 235.7106765405054 1.5 1.6793294370174408 4.414945331215859 5.121281249634765 1.644108580413714 21.079802622166092 1.563210650286402 0.9999935626983643 
Car -1.0 -1 1.9921728593353454 146.71859841367453 180.27372613525404 420.0670626700297 325.14933255063426 1.5 1.6754992797970771 4.392496731877327 -4.130429350734916 1.6251263388975525 9.912739734894199 1.597371327873093 0.9999947547912598 
Car -1.0 -1 2.4130491933972396 0.0 180.59266552740132 176.4263130978411 374.0 1.5 1.6193395972251892 4.083031278848648 -4.311918577169961 1.5624230240357262 3.7303972683701025 1.5554689606043952 0.9999879598617554 
Car -1.0 -1 -0.09601217959640132 738.8621170429999 177.61514608904108 856.0531036014743 222.59283820617574 1.5 1.5450083211064338 3.8469171643257143 6.454296775399243 1.6745717725313534 25.341577281790585 0.1533775766703742 0.9999871253967285 
Car -1.0 -1 -0.9127667310229817 693.3917123872895 178.57874412078885 750.8630935693385 206.8180430079157 1.5 1.5440518528223037 3.239751097559929 6.308801750352839 1.8364061549802748 40.67742048568716 -0.7588991681721551 0.99960857629776 
Car -1.0 -1 -0.7270220571321879 1122.8310877579872 171.37994797683697 1241.0 274.96779252178936 1.5 1.7607456564903259 4.934390497207642 11.214834380068531 1.4790129140936978 11.443846016830452 0.04826943477126531 0.999568521976471 
Car -1.0 -1 1.8851828891440905 355.08429814161707 180.30606418929023 487.6782570598225 261.7944832868682 1.5 1.5935101106762886 4.077608373761177 -3.985607887887794 1.6845889347388048 15.747977205536666 1.6373009562452854 0.9995107650756836 
Car -1.0 -1 -1.2912775267646301 666.1905198321325 178.8105681228373 713.4092126469967 210.2984529246526 1.5 1.519608174264431 3.4217587232589723 4.091764580577429 1.8208535914960404 36.94865478373999 -1.180985019603048 0.999104917049408 
Car -1.0 -1 1.805028612314727 546.333334997959 180.22970947892148 582.5531643571707 204.18340512261886 1.5 1.5757835030555725 3.8650451719760897 -3.04660587233325 2.0167423880288076 48.47459786133444 1.74226163625322 0.9351075887680054 
