Car -1.0 -1 -1.6498699664170848 648.7510780058226 178.870605633407 693.7022682338811 215.98014796686957 1.5 1.6410673528909683 4.192582380771637 2.6049127907702174 1.7842189980650023 31.940966998203674 -1.5684960808747006 0.9999998807907104 
Car -1.0 -1 1.9018507493813377 310.2197467327216 181.5656057963515 404.6588475604413 234.37611521078787 1.5 1.6144941121339798 4.101930049061775 -8.04052145041983 1.8055439636826471 23.221463261848672 1.5685171326014655 0.9999998807907104 
Car -1.0 -1 -1.7321270208957134 695.4153089563389 177.2628191491383 807.0289325147776 269.57128727442296 1.5 1.5028095364570617 3.329087656736374 2.473366507747635 1.5934934942751493 13.561058966909577 -1.551722557344709 0.9999985694885254 
Car -1.0 -1 -1.9137510174503873 747.3198715143496 175.3334499911601 1021.9039381403531 348.5234524572129 1.5 1.573239316046238 3.9388636618852617 2.7311194125792526 1.5356930553549955 8.291737288331428 -1.5955640888449294 0.9999984502792358 
Car -1.0 -1 -1.6053156067076595 582.5785282564441 179.7061624973306 616.5615535789806 211.96150764455575 1.5 1.5690655007958412 3.8540756821632387 -0.6075208348383 1.8642529616638317 36.35100519083052 -1.6220266791668279 0.999995231628418 
Car -1.0 -1 2.169093421514873 0.0 182.61338319450826 200.8447454548445 320.83176990232687 1.5 1.5648529425263404 3.837389361858368 -7.556931974030089 1.6628253084915459 10.056169002436398 1.5246507366511481 0.9999948740005493 
Car -1.0 -1 -1.618610111549762 594.3769416927425 179.75118708222286 623.5953251395183 205.56770973758884 1.5 1.6279347732663154 3.9200449854135515 -0.13438650757636736 1.949523097836886 44.987119244888774 -1.621597324558769 0.9999276399612427 
Car -1.0 -1 1.9928217888357624 145.89764013624003 182.01073080646302 314.90588919447566 265.99459789393177 1.5 1.6251849502325058 4.130865496397019 -7.932709814516316 1.723158422844477 15.448503258974384 1.5184375484797614 0.9998339414596558 
Pedestrian -1.0 -1 0.8968734715641905 1141.95084871173 121.90709425793936 1241.0 374.0 1.8 0.6204266592860221 0.8090940795838832 4.143250150231495 1.4850742283305336 4.87625709386248 1.6011807799299778 0.9971567392349243 
Car -1.0 -1 -1.913976756849951 680.0061413375048 177.75634567113622 788.2555791181011 244.50645207408903 1.5 1.5449988216161727 3.7021736174821855 3.001590484653841 1.6391172451596066 18.45983417601794 -1.7527862946179253 0.699439525604248 
