Car -1.0 -1 -1.2727561933230327 274.13415567609763 180.35774517453717 474.79430842400575 305.7080881804451 1.5 1.6218968227505683 4.150366273522377 -3.2287261920310732 1.4429986796009284 10.677102378605422 -1.566410828442548 0.9999988079071045 
Car -1.0 -1 -1.561591472537557 561.924086446183 179.68946089871795 607.6594718883309 219.39421477179692 1.5 1.7283341407775878 3.6962660521268846 -0.9496478235206944 1.2923562859818998 29.02170825595511 -1.5943017835405213 0.9999977350234985 
Car -1.0 -1 -1.1537560627530723 192.47227391214943 182.13479970392325 332.65500417772313 252.65334742280123 1.5 1.6224071875214576 3.760431569814682 -8.115888147851445 1.4355973943157732 17.186259855963304 -1.59494288551179 0.9999945163726807 
Car -1.0 -1 -0.9802007911350852 0.0 183.7665158360762 171.63775701834544 253.22836438112532 1.5 1.6107671454548835 4.110037398338318 -12.721187519741168 1.4698366889018726 17.601723176655813 -1.606015511849199 0.9999860525131226 
Car -1.0 -1 -1.3824700333353859 453.4244509906243 180.41090245162633 521.4524552193176 227.9748744699903 1.5 1.6117554649710655 3.77797247171402 -4.06600570409784 1.3496048650081722 24.574456263883498 -1.5464411071178061 0.9998527765274048 
Car -1.0 -1 -1.0658385208587349 185.88096527391647 182.55985500327827 293.3921981127579 230.22228549588456 1.5 1.567416501045227 3.924188253283501 -12.499467010326818 1.4175482712585228 24.60787189739985 -1.5358226048436505 0.9997773766517639 
Car -1.0 -1 -1.4195295188445498 504.5667374044104 180.27426575858905 547.8516173199965 211.3900630909043 1.5 1.6114529713988304 3.9941112071275713 -4.133139501658663 1.2629194297634732 36.677118837837746 -1.5317459675159795 0.9993491768836975 
Car -1.0 -1 -0.7647289929270233 0.0 185.28120752566505 90.04870913052868 375.0 1.5 1.619468492269516 3.895293039083481 -7.622655938383677 1.5019858981814225 7.421755416389429 -1.5634801933218283 0.9993301630020142 
Car -1.0 -1 -1.4526317189619808 420.0546540657166 181.0144830420622 461.1877203993376 212.3078718028819 1.5 1.6005334004759788 3.733930227160454 -8.438997434948138 1.2997524586205966 36.39680588264269 -1.6804668242719514 0.9982767105102539 
Car -1.0 -1 -1.3830942400707118 307.7017153712721 181.55340688508093 386.01646235565875 233.66233818885138 1.5 1.5978074193000793 4.07886007130146 -8.212159142612741 1.3957090077930678 22.828651965324806 -1.728411094346319 0.7944329380989075 
