Car -1.0 -1 -2.2868010637432854 1034.3634909588864 169.33917568708014 1155.0555949234547 217.41775732284694 1.5 1.573265579342842 3.258384254574776 16.301721561142372 1.1533483237195117 23.76272615521764 -1.6855189363148553 0.9999935626983643 
Car -1.0 -1 -1.5974765565392224 603.6328338924933 176.08419141160326 636.7893150129739 206.0543067975293 1.5 1.6339831545948982 4.226335373520851 0.7457414296293277 1.2804188907464198 37.501408464072746 -1.577593485885535 0.9999934434890747 
Car -1.0 -1 -2.876389185053101 619.7842117920209 174.85991048759016 758.4309775700226 229.35900524864155 1.5 1.5766537308692932 3.7893841534852983 2.455117137691462 1.3463439144415192 20.893471904158503 -2.759419159093176 0.999993085861206 
Car -1.0 -1 -2.145189828595766 956.6218545448553 170.4567557133882 1068.0642494040908 217.9630671155441 1.5 1.6363252446055412 3.5093321025371553 13.734225893533337 1.18443859933276 24.11816276791514 -1.6275322000172479 0.9999641180038452 
Pedestrian -1.0 -1 -1.1868393171175986 210.74774911210028 172.8179010637374 238.3045396529623 223.7139862687653 1.8 0.643255890160799 0.7390348732471466 -13.692210496087709 1.5298400195382957 25.403353132337326 -1.6811920190837724 0.9999512434005737 
Pedestrian -1.0 -1 2.0580058091166595 182.8590402671289 171.7969772782343 214.60310384876732 230.5085937568079 1.8 0.6140709415078163 0.6746147319674491 -12.67947511166895 1.534737475743487 22.019884624147863 1.5355560024592536 0.9999446868896484 
Pedestrian -1.0 -1 2.1128958636468753 233.42141680132207 170.56184770017245 268.89298618803815 232.4618891214257 1.8 0.6258689358830452 0.7872754268348217 -10.521884069202686 1.5125751085943895 20.971972403857418 1.6478798270186008 0.9999463558197021 
Pedestrian -1.0 -1 -2.5406348894130333 116.90446189425211 168.4100536824195 171.16312903285572 250.75658458889274 1.8 0.563464456051588 0.8416675522923469 -10.295337130637822 1.5373434858134674 15.741116663766466 -3.1198457042363033 0.9999370574951172 
Car -1.0 -1 0.9218918438458721 1098.963795946059 168.23076979956332 1223.0 215.4437014452044 1.5 1.642426525056362 3.9790438979864122 19.253076193563075 1.1117450707979721 24.46254312868075 1.5886821627577365 0.9999254941940308 
Pedestrian -1.0 -1 -1.1586711508114498 216.4746870473347 172.80704905375123 245.1772700437902 223.28760526997218 1.8 0.6875928051769733 0.7229474864900112 -13.565833489616955 1.5272147647844756 25.592791600431866 -1.6460801819947106 0.9998987913131714 
Pedestrian -1.0 -1 -1.5927426534322686 261.12720004882834 165.2335592617861 295.2060082463853 255.87563107916512 1.8 0.6152392856776714 0.8874506250023841 -6.7850449556626735 1.4984629690270819 14.569828079898848 -2.028568730750356 0.9996178150177002 
Pedestrian -1.0 -1 2.019795156729077 169.73891236677207 171.88204315111022 202.9111713007096 231.06569170969235 1.8 0.5971440605819225 0.8033307760953903 -13.007700724552238 1.5394543502925113 21.925028526076364 1.4843308170649665 0.9995982050895691 
Pedestrian -1.0 -1 3.497265409519936 222.10483270154307 174.3648189377802 236.93627164977082 215.94686106916097 1.8 0.5317175321280956 0.4140200585126877 -16.425508424093884 1.5358949469183492 30.89267489090803 3.008583772178513 0.9995355606079102 
Pedestrian -1.0 -1 2.2220878369099113 216.6445882741879 170.97370943643332 252.50285457159274 231.75361152549874 1.8 0.6579692967236042 0.7203253477811813 -11.210117060458634 1.5194428980661465 21.344340339327033 1.7384815096815647 0.9993826150894165 
Pedestrian -1.0 -1 -1.1600475432891313 202.92013501260467 173.4056952442995 229.29759390472103 221.5416761354184 1.8 0.6415007196366787 0.7263914242386817 -14.775764294938412 1.5362282048123788 26.82579774938175 -1.6635080362346513 0.9988343119621277 
Pedestrian -1.0 -1 -1.048810598599489 323.76184501417885 170.47832430217622 356.95410829011325 226.1324919827161 1.8 0.7056499391794204 0.8333532631397247 -8.756361135270495 1.4774195122603615 23.331220669077197 -1.4078500429776055 0.996632993221283 
Pedestrian -1.0 -1 2.1354044375071677 203.0838144811096 171.3720227419677 236.65660367495457 230.9579490242613 1.8 0.5960045874118804 0.7564920492470264 -11.874004116050278 1.5258182955738955 21.75067946665927 1.635703551765305 0.9963988065719604 
Car -1.0 -1 -1.4831592040905845 556.8749548501327 176.84156521788694 585.7757905254223 199.30460274689952 1.5 1.657397349178791 4.16678139269352 -2.3039512856544526 1.2570219902650819 49.324780619314325 -1.5298350910332543 0.9954142570495605 
Pedestrian -1.0 -1 -1.16366871771195 194.46231185065395 172.9980002606841 222.43913445247463 224.06514065391994 1.8 0.632152010500431 0.7442899540066719 -14.223138528630946 1.5370989320787227 25.320026046410163 -1.6754766712572915 0.9920772910118103 
Pedestrian -1.0 -1 -0.5793787284620773 218.10531943096188 173.17078884607244 246.45806222078915 221.47152848508082 1.8 0.6110215120017528 0.737535909563303 -14.16009881197397 1.5283798197420286 26.81487457644221 -1.0652284185078484 0.9844659566879272 
Pedestrian -1.0 -1 2.3064718285557397 106.9752761454442 168.539187094464 157.55454366794345 251.13928941428847 1.8 0.5698238991200923 0.7749636217951774 -10.613246133467731 1.5409692519298681 15.827433400459642 1.7157785773237766 0.9821043610572815 
Pedestrian -1.0 -1 1.967434874615355 194.40799199409673 171.7503670597504 221.7870404295691 230.03054504323214 1.8 0.5406816981732845 0.6518709033727645 -12.482479122988227 1.5313211811050376 22.187432722232955 1.4549752910945075 0.9371095299720764 
Pedestrian -1.0 -1 3.532531434379736 210.50869526428968 174.4964886892046 228.988538438363 216.04591119004294 1.8 0.4986639626324177 0.5625667542219162 -16.858134705439536 1.5413904054277887 30.90405067139111 3.0331503033598484 0.9225423336029053 
Pedestrian -1.0 -1 3.5750919081864483 216.8712255400872 174.53083604086297 236.01947543023996 215.37244677185404 1.8 0.4204644847661257 0.6318516589701175 -16.822775857252786 1.5383918080739225 31.384947132579565 3.0830497622450412 0.8472001552581787 
Pedestrian -1.0 -1 3.394600737346355 229.28821725961765 174.36959469410513 246.43909637445995 215.30049967644302 1.8 0.47540013007819654 0.575919871032238 -16.31531623673813 1.5318755303564713 31.38487933657264 2.915202367301804 0.8167261481285095 
Pedestrian -1.0 -1 3.496408988021614 220.49061737337163 174.27343803567453 234.67698234423787 216.52111350193908 1.8 0.46521323062479497 0.4019384764134884 -16.23612381696417 1.5361904217915832 30.377200010553434 3.0055563330610813 0.752482533454895 
Pedestrian -1.0 -1 -0.9401274955373624 211.80811287037096 173.2532040371167 235.4415286898969 221.68607457492442 1.8 0.6001224301755428 0.504383959621191 -14.352808681134096 1.5321885829288213 26.562750646588935 -1.4355208138611657 0.5337691307067871 
