Pedestrian -1.0 -1 -1.7496139776306703 197.89743367887434 156.4728967896324 265.612186466902 301.32918038384554 1.8 0.6248413145542144 0.9746743857860565 -4.999375038897198 1.5031146543617824 9.356912655181821 -2.2403216520932063 0.999998927116394 
Pedestrian -1.0 -1 -1.7520110658603922 231.45225668743012 156.3425418757206 293.63096212280004 299.507241542032 1.8 0.5839211426675319 0.9323583476245403 -4.6283537838308035 1.4979470202372545 9.433094700573255 -2.2081512371685847 0.9999977350234985 
Pedestrian -1.0 -1 -0.1504574692622459 1107.4572064296244 162.33777934022316 1130.2420225131455 206.42413675288282 1.8 0.6896683506667614 0.6673778899013996 21.28419512967965 1.0599458736924539 29.322706950235926 0.4774145325038093 0.999991774559021 
Cyclist -1.0 -1 1.4754487049541045 1165.45369379515 172.1295729404837 1197.0416748349696 223.87746378496232 1.4 0.5403721265494823 1.5585944548249244 16.1883084827421 1.1751258485366913 19.922194059948986 2.1578113913496555 0.9999558925628662 
Pedestrian -1.0 -1 -2.17934874317503 725.7831223527564 168.28068755807556 744.5084109887113 207.03501658607425 1.8 0.5473669178783893 0.7296646505594253 6.10668037076583 1.233909921452519 33.28035779777323 -1.9978754381325585 0.9998903274536133 
Cyclist -1.0 -1 1.9902240983925361 979.6012395375622 176.4609608208346 1063.6921878495834 267.065356725499 1.4 0.5852655068039894 1.6216980785131454 6.824651793338938 1.3392476912669558 11.62983516348421 2.5208980917891086 0.9997479319572449 
Pedestrian -1.0 -1 1.3731783095571206 344.6580292317552 148.72908392386032 428.8193656164788 325.93740858251886 1.8 0.7065960697829723 0.9336730025708675 -2.460404893709412 1.4789788164393345 7.756372112445698 1.0660075386378425 0.9995856881141663 
Pedestrian -1.0 -1 1.4018148428369392 711.4334554222232 168.70659256382683 727.6210544962033 206.37464611587174 1.8 0.6992248378694057 0.4692681159824133 5.492383719964206 1.2378864268710217 34.01971405829255 1.5618807514521735 0.9982914328575134 
Cyclist -1.0 -1 -0.7499369632811204 967.0595122859539 173.6630373126318 1011.9556567979968 205.6538969972761 1.4 0.6609690867364406 1.7847385749220848 17.099563896474827 1.102268441367283 31.480081202643163 -0.25233967701462334 0.9904937148094177 
Pedestrian -1.0 -1 -3.2287925152007 1131.9455964438137 161.7392800891268 1163.309722552 206.76254662534126 1.8 0.8566846631467342 0.943526954203844 22.129028704756408 1.0514550176119717 28.877019718199957 -2.574928359189306 0.9892606735229492 
Pedestrian -1.0 -1 -1.4371041003153724 164.95652873750086 156.29749174258043 226.46540410187532 304.79052227237025 1.8 0.5683390915393829 0.9480955570936203 -5.302648846313678 1.5083025682359605 9.112476276960887 -1.9641165594246728 0.8905706405639648 
Pedestrian -1.0 -1 2.207249867875481 715.1316609488898 168.51995573243693 733.0911862803358 206.74236323991565 1.8 0.6118212386965751 0.5933761157095432 5.664253299802297 1.237275249760718 33.71809796803381 2.373684394355637 0.8128632307052612 
Pedestrian -1.0 -1 -1.5713208400185201 640.4900232201894 169.49082109433007 654.3671100439162 207.80731808988278 1.8 0.6510614909231662 0.9751628644764423 2.005547014134223 1.2842698836417674 33.71607927097964 -1.5119074481215817 0.5311616063117981 
