Car -1.0 -1 -1.4142841557979862 452.75233983772495 177.5278347306181 525.3199518853935 231.3209090024582 1.5 1.6082115963101387 3.830392149090767 -3.4820769105899188 1.4186981972457613 21.628517751958295 -1.5739091467720014 0.9999934434890747 
Cyclist -1.0 -1 -0.056859817425702064 817.4066191609078 176.0728002592715 866.0728286357454 215.82101662095104 1.4 0.546754852682352 1.6262272864580154 8.454068113977362 1.2455939224203523 25.37511203652731 0.264738126597132 0.9999886751174927 
Cyclist -1.0 -1 -0.5108976209925418 637.3217822153042 177.702561656443 670.9307585683213 204.20702603961496 1.4 0.6092451073229312 1.7241076126694679 2.63076339863142 1.2536468676387327 37.98620481183325 -0.44175227085617613 0.9999830722808838 
Cyclist -1.0 -1 -0.3439791300004822 750.9093996116754 176.60488084635378 797.3848855518415 210.26862115876258 1.4 0.6190980345010757 1.8020401269197464 7.10313622130818 1.2394960578907732 29.806244151846872 -0.11003239552048275 0.9999749660491943 
Pedestrian -1.0 -1 0.33710385246855945 518.2482526822032 169.84570193584858 547.9838315526757 214.68684642092967 1.8 0.655996848642826 1.0487132266163826 -2.9492694625861975 1.3738132530685356 28.81831159389416 0.23511879046889714 0.9999508857727051 
Pedestrian -1.0 -1 0.1664398466413177 420.61721490837164 170.3624692895904 452.0519997424114 219.50933773492554 1.8 0.6180793538689613 1.0480243273079395 -6.278175239670655 1.430231954561076 26.234798400767772 -0.06844993034866878 0.9997079968452454 
Pedestrian -1.0 -1 3.112834028393194 403.5532954546669 171.03430295412574 429.59901373188546 217.81014935436434 1.8 0.4733505219221115 0.9676261365413665 -7.374401284429236 1.4372526511190458 27.56845856434843 2.8514592528303684 0.9995064735412598 
Cyclist -1.0 -1 -0.6817126493664707 308.8762939587142 182.69249278177472 364.8964563038539 225.97002703934564 1.4 0.6533642791211605 1.7508384332060813 -9.063788343787726 1.4784547300082833 23.88169185630171 -1.0444477955487115 0.999471127986908 
Pedestrian -1.0 -1 3.1127249278901097 390.6969629864 171.19113150008369 415.3241775835699 218.0722988113532 1.8 0.5564549498260021 0.9061621062457561 -7.897259156607486 1.4440929595911771 27.54465829167137 2.833507287498337 0.9987208247184753 
Car -1.0 -1 -0.5714772769501957 1004.5446608576224 170.51681883518438 1105.882347958149 199.2600583050446 1.5 1.7588001236319541 4.299852114915848 23.98932004758891 0.9804312310497567 37.7850767359483 -0.005798534550939283 0.9981963038444519 
Cyclist -1.0 -1 -0.5916387344705605 746.737772665436 176.62965442237757 791.9527973550388 210.32922549753894 1.4 0.5517849259078502 1.8785924211144447 6.946021937733135 1.24069776615563 29.960443644691825 -0.36382372776535576 0.5465468168258667 
