Pedestrian -1.0 -1 2.0318929570882895 349.26446563508574 151.74717520777196 457.37720034060914 322.55130042304717 1.8 0.8731709353625774 0.883889340609312 -2.251701299506143 1.4878141316613434 8.083726467167594 1.760231721397263 0.9999995231628418 
Pedestrian -1.0 -1 1.7044758624962324 464.7656421898869 163.114565012646 514.8705264951501 263.1866660436831 1.8 0.8207935400307178 0.8119987815618515 -2.0980282922588396 1.470570600486702 13.333186688284941 1.5484017570826667 0.9999991655349731 
Pedestrian -1.0 -1 1.4379503392603077 694.3394286126249 168.95717211309247 718.0679866546724 221.931929197341 1.8 0.7022881440818309 0.8585366912186145 3.5922843310779204 1.3748889665837176 24.838324876309354 1.5815811037977756 0.9999971389770508 
Pedestrian -1.0 -1 -1.3435961930748401 885.6305840001011 155.33727896547688 938.444968054485 272.8009557751238 1.8 0.6513518773019313 0.6197420440614223 4.909967693376799 1.4003879454459136 11.447513720578812 -0.9384173313763482 0.9999911785125732 
Pedestrian -1.0 -1 1.9130315815601602 541.5788620391334 169.7481211917766 570.9838110122394 227.599288049413 1.8 0.7124350897967815 0.7825870558619499 -1.455569672088938 1.4354579721737868 22.822050451352734 1.849338757987839 0.9999369382858276 
Pedestrian -1.0 -1 -1.52406139645841 579.2047730648712 167.52754558172114 615.2335758074677 235.4676053061769 1.8 0.9383293360471725 0.9416995130479335 -0.13457982740778182 1.430980751879666 19.51807435682382 -1.5309564257648332 0.9999216794967651 
Pedestrian -1.0 -1 -1.8616739591399034 775.7207611239958 161.79313133425785 826.7167645176219 249.5589254136926 1.8 0.7928239673376083 0.9703172862529754 4.180320016522561 1.3970684919378544 15.2239166291486 -1.593689893433128 0.9999240636825562 
Pedestrian -1.0 -1 1.6545365272670474 560.4613344520392 170.84194155672643 583.7495609467608 221.45927633513944 1.8 0.7784639045596122 0.7977530851960182 -1.0757072961359864 1.4220448915728452 25.957041956421733 1.613118398185593 0.9997180104255676 
Pedestrian -1.0 -1 0.37322781299122676 308.8433188181279 158.1607343999648 380.1541082964419 295.98890230771104 1.8 0.6135070256888866 0.7350864380598068 -3.4996428510058406 1.496525406019709 9.695150710385706 0.026815219721521653 0.9994366765022278 
Pedestrian -1.0 -1 1.5056838823643488 688.9249020397825 169.09795937846891 710.0858925599538 221.7309942377379 1.8 0.681916394084692 0.7016246698796749 3.3759662028308113 1.3769340353075488 24.937390227551283 1.6402435183485569 0.8372649550437927 
Pedestrian -1.0 -1 -1.400676859022377 889.4795708799376 155.88890391533187 926.5802684797907 270.79841760346113 1.8 0.47935270965099336 0.4655902300029993 4.900335344001326 1.4001133463873403 11.575115652095526 -1.0002038637783868 0.789937436580658 
Car -1.0 -1 -3.0475198008809055 0.0 0.0 1237.0 373.0 1.5 1.6549405202269554 4.709393393993378 2.9974411397920875 1.4550147020882558 0.011235009435285664 -1.4804716567185265 0.5527171492576599 
