Car -1.0 -1 -1.7743189330375688 672.391508488338 177.43404092809868 793.9944643124952 268.11631337024033 1.5 1.5713599070906639 3.6417024701833727 2.1854407336221136 1.6008798115404341 13.976701230925352 -1.6192117604103429 0.9999983310699463 
Car -1.0 -1 -1.8787919247773532 741.5828972694381 175.64392807593177 966.8145998800417 334.56842853168735 1.5 1.514834214746952 3.244338792562485 2.5707239716677446 1.5395388527579537 8.497552642261265 -1.585020029046808 0.9999978542327881 
Car -1.0 -1 -1.6076986352907956 641.8179544827289 178.74824372741259 691.376873976827 225.68411191226974 1.5 1.5866317346692085 3.7876138955354692 1.8870864055749066 1.724072475276184 25.4611424718332 -1.5337175736811501 0.9999957084655762 
Car -1.0 -1 -1.7400615764018488 657.2327340364311 178.32461434499007 730.0049230269001 236.549786842148 1.5 1.5127668648958206 3.2695780068635942 2.2578014403401596 1.6691141486697507 20.57790380461541 -1.6307790065791947 0.9999649524688721 
Car -1.0 -1 1.684423862241037 562.4058731182979 180.05395691116394 593.6940559694073 204.65375498573258 1.5 1.5791545182466507 4.3230588108301164 -2.0886989566651604 1.9964300047267738 47.49947448226531 1.6404790759047092 0.9999574422836304 
Car -1.0 -1 -1.4362702847083169 431.1807014941691 179.9248426215368 524.4949395479853 259.78446288818674 1.5 1.5270259723067283 3.4595741450786592 -2.7984804494216915 1.6707357766593598 15.622496776384509 -1.613521800437246 0.9998704195022583 
Car -1.0 -1 1.7491111570065498 519.54307048347 180.24899397508793 564.5523152259276 212.99163411229463 1.5 1.5740272149443626 3.8516959667205812 -3.36462941717722 1.8890308381053946 35.93483570359277 1.6557519316633762 0.999848484992981 
Car -1.0 -1 1.837138206110625 316.978685283664 179.54789505583526 504.134562072393 310.26656687123193 1.5 1.585206252336502 3.8898202151060106 -2.687383114434529 1.6153216415997287 10.43324619993024 1.5850393652876438 0.9998180270195007 
Car -1.0 -1 1.6387058095188132 543.4609969134323 180.17501784336517 575.3066418034778 208.2629097949544 1.5 1.5593428656458854 4.140831393003464 -2.912872909433565 1.944330364674456 41.68201641198464 1.568936034044947 0.9996457099914551 
Car -1.0 -1 1.7091839531819444 466.6678656296787 180.0492189679169 541.2728090643072 238.4837949889846 1.5 1.6137965515255928 3.909432750940323 -3.026254266816682 1.7289324990371142 20.960032242569348 1.565792723498072 0.9996080994606018 
Car -1.0 -1 -2.3788470417222745 946.6032338972685 138.73829774119662 1241.0 374.0 1.5 1.5456125631928443 3.443003308773041 2.5406781083571253 1.4748771329645247 2.280915884653131 -1.539626150452767 0.9938228130340576 
