Car -1.0 -1 1.8869777676551558 347.95623001955477 181.76953098952666 412.5780225175215 216.75986502033228 1.5 1.6532136619091033 4.326241698861122 -10.834260387674208 1.949873449567137 34.205923770168475 1.5802380919416965 0.9999990463256836 
Car -1.0 -1 -1.5827351366687907 593.7651023313244 179.1998954324554 645.4068601866295 227.56353331941582 1.5 1.6351230934262275 3.5455851376056673 0.25485032689696946 1.732476619605057 24.61542294562363 -1.5723822281605122 0.999997615814209 
Car -1.0 -1 1.8239827654801621 393.84374664736066 181.57324036849536 441.36657485131576 210.4463221751343 1.5 1.5943825736641883 4.222276669740677 -10.865540438787056 2.01993111408074 40.87681325904502 1.5641786297175544 0.9999966621398926 
Car -1.0 -1 -1.0920016610670085 736.517219606154 176.37626512928222 917.8467056863327 269.2643463554981 1.5 1.6040416926145553 4.1124785810709 4.227069413726382 1.5778067858426634 13.832816898700884 -0.7954310337689264 0.9999935626983643 
Car -1.0 -1 2.172544886371443 0.0 182.1987311363898 228.23933642797894 335.6859572463261 1.5 1.6021254032850265 3.9256016284227373 -6.757516107351736 1.6462117152152438 9.274721427293862 1.5428842743250983 0.9999877214431763 
Car -1.0 -1 1.8215453584934271 426.79211589346613 181.40762941994643 466.27147719994184 205.89241251336372 1.5 1.5804207444190979 4.095002126693726 -10.786107453197854 2.090571062915565 47.71531192809496 1.599230515952927 0.9999783039093018 
Car -1.0 -1 -1.0150832938288386 717.3957664557662 177.10327472444095 860.3101665607189 247.6597392328871 1.5 1.5753569573163986 3.82261001765728 4.355769252642441 1.6143788844579867 17.461796928392634 -0.770626441636358 0.9999393224716187 
Car -1.0 -1 -1.2770781622399487 895.5311079393801 173.1522488680235 1223.0460630427426 374.0 1.5 1.5988337367773056 3.9619455605745317 4.480797473560829 1.5040503366139157 7.032895514429587 -0.7098108688977105 0.9999276399612427 
Car -1.0 -1 -0.8772828649987882 656.5130948614111 178.6839361511811 737.3016696298058 211.7039860362009 1.5 1.644676786661148 4.202329230308533 4.289745865280222 1.8039965814958725 35.536029531422905 -0.7571487585690361 0.9999294281005859 
Car -1.0 -1 -0.9383620874877426 709.7292120973206 177.5748365503509 827.3052472365318 233.109589633458 1.5 1.6035417586565017 3.6272438734769823 4.746297749020226 1.6534286309463515 21.59245548627217 -0.7219903628018244 0.9999110698699951 
Car -1.0 -1 -1.0227830626519852 670.6710770020228 178.20996010336387 770.3671386579044 220.57067710934734 1.5 1.7381903275847435 4.606975477933884 4.399180040578336 1.7288196524751949 28.454366481265986 -0.8693927685406548 0.9996747970581055 
Car -1.0 -1 1.9744294308563861 326.0814388263779 182.35206372707722 375.10906481876685 210.11347195786172 1.5 1.468699660897255 3.3852050572633745 -15.043757312731781 2.074787837851443 41.90196425300477 1.6297392725905002 0.9994458556175232 
