Pedestrian -1.0 -1 0.38683845547363505 271.08960355896204 164.60581338018005 302.4053476815464 272.9707029809709 1.8 0.3807463709264994 0.3669357419013977 -5.5058590846216475 1.663350977742358 12.179547199573236 -0.037725404897008624 0.9999971389770508 
Pedestrian -1.0 -1 2.4096000566072164 709.7651512476863 162.76009494126623 735.1206729704363 255.3384842407944 1.8 0.36670970991253854 0.3365007255226374 2.172299366345914 1.6041022321158633 14.271711866436647 2.5606508135756076 0.9999793767929077 
Car -1.0 -1 -1.5854232196235247 597.8531337730627 179.78515168057297 623.717939068891 204.53300591103695 1.5 1.6037418067455291 3.502495822310448 -0.009591183414873559 1.9638199751301377 46.481054290226965 -1.5856295657020552 0.9999758005142212 
Pedestrian -1.0 -1 2.9418021982728177 745.5055545508814 159.81096717504343 771.715923025492 266.6880907100227 1.8 0.40418003015220166 0.3649631541222334 2.488556510193425 1.5806900942235276 12.351494544630228 3.140618669982773 0.9999711513519287 
Car -1.0 -1 -1.0806259794388045 0.0 178.87434264116771 425.46907963371797 374.0 1.5 1.6004004076123237 4.064550858736038 -2.709028095533677 1.5604584665133674 5.162539640095277 -1.563874763963048 0.9999277591705322 
Cyclist -1.0 -1 -2.6524107131605246 736.1006592047768 182.93465988558918 849.2545095164684 282.3616721892974 1.4 0.4557156030088663 1.6530877470970153 2.708766782157079 1.5644907045167944 11.024252224265634 -2.4114739457753047 1.0 
Cyclist -1.0 -1 -2.896535989990518 722.0294634694757 182.5334412987142 810.4546923119203 261.96304793876544 1.4 0.5184221573173999 1.5282050266861915 2.848972529379921 1.5880666968478692 13.421507747982309 -2.6873714486744746 0.9994376301765442 
Cyclist -1.0 -1 2.595455001435514 733.3621249193295 182.93186867311138 761.6986237472745 259.4731169599499 1.4 0.37636310122907163 0.38021551705896856 2.5203810780305296 1.5923802855628326 13.502076053958683 2.7799973368605198 0.9999978542327881 
Pedestrian -1.0 -1 0.39561600322750556 273.9230219298289 164.78822835326832 327.09137406862925 271.6918241224351 1.8 0.5545677177608013 0.6817926213145256 -5.3737570752966795 1.6645496234995965 12.427742994297049 -0.01250584522751399 0.9765057563781738 
Cyclist -1.0 -1 -2.7230430807918826 736.5794310640587 182.95489421611413 859.4122064133527 284.2897874044998 1.4 0.46870997436344625 1.7425120368599891 2.739729349732875 1.5621594722345453 10.832515171200303 -2.4753207127240047 0.9497082829475403 
