Car -1.0 -1 -1.7787546817251993 711.5358685246106 177.0507830890296 834.7380668790892 270.07514125107537 1.5 1.534694854915142 3.394569319486618 2.8524750838347894 1.5886702070858985 13.482786481699105 -1.5702648169270275 0.9999972581863403 
Car -1.0 -1 0.4472735822089877 189.89514980234028 181.967937701164 396.4643966238786 267.7763098801743 1.5 1.5393842503428459 3.22138988673687 -5.928941908755267 1.682816815394202 13.614244767469291 0.03654687007399968 0.9999974966049194 
Car -1.0 -1 0.5168069715586656 99.24170990459012 182.081698880313 382.15682317866987 288.1990105322938 1.5 1.5537437543272972 3.623289850354195 -5.658588058173125 1.654854888152077 11.212347384433084 0.04942659934493474 0.9999924898147583 
Car -1.0 -1 0.4202002816698154 226.56332396695944 181.79285029413003 435.2115402395762 254.65997122930978 1.5 1.6185805693268775 4.00256761610508 -6.135626622730858 1.709842115505941 15.990886337921406 0.05382828315230779 0.9999892711639404 
Car -1.0 -1 -0.2516811717732108 778.5888720479629 176.71644366473615 948.1138943338727 238.32489406839474 1.5 1.6025677815079689 3.847891327738762 6.383603599871861 1.605200334872348 18.633272292545268 0.07837860187026433 0.9999819993972778 
Car -1.0 -1 0.6170606678988702 0.0 182.7274787203952 311.04032602846394 317.54725975387646 1.5 1.5289193511009216 3.7092118084430696 -5.941398507361807 1.6343947548488833 8.969054772563862 0.03199474414321355 0.9999808073043823 
Cyclist -1.0 -1 1.5447506785118381 563.3865496157545 181.886716038662 572.988621394735 204.4602660897064 1.4 0.5696886710822582 1.650811967253685 -2.718401199516645 1.9902387788526474 46.27069133656625 1.4860681732508796 0.9999788999557495 
Car -1.0 -1 0.17933094814353986 394.8301404221109 181.2620461192151 510.05884566278047 218.3681398647199 1.5 1.717313614487648 4.52972152531147 -6.632727920535536 1.8670227957007777 30.526123956739745 -0.03462381760147639 0.9999688863754272 
Car -1.0 -1 3.3810657767778114 320.7721417615279 181.51735104752012 466.2898208486041 236.4327039284389 1.5 1.607861791551113 3.7608763694763185 -6.2234978227119955 1.76193730489324 20.886084606980955 3.091469275947434 0.9999127388000488 
Car -1.0 -1 -1.7074011312542756 636.2767173718702 179.3405689114502 668.8191121513921 203.72005222113518 1.5 1.6113175570964813 3.9187958955764772 2.726627295933387 1.9453726473328636 47.48176104989464 -1.6500393981721742 0.9998874664306641 
Car -1.0 -1 -0.19265080771283974 699.8374317807286 178.39926788436128 786.2585588265409 211.18224391569 1.5 1.6016200676560401 3.7789883583784105 6.205678067497421 1.7689056579467977 34.11533217031044 -0.012715295949254711 0.9998652935028076 
Car -1.0 -1 -2.8566256703410167 333.217355014226 181.56470762589638 474.7705392762558 229.8565490374002 1.5 1.6259566441178321 4.151644793152809 -6.6885402336488555 1.7945711314400863 23.538170373963034 -3.1334851543095454 0.9998471736907959 
Car -1.0 -1 3.3566411791919766 391.2855310865249 181.31304886968428 497.91143085624844 221.6752405133802 1.5 1.5814807757735252 3.7778916329145433 -6.3931012645184 1.8376725424723321 27.96034668772533 3.131856429572922 0.9997339844703674 
Car -1.0 -1 3.475241485213484 270.2737177372825 181.89572092126653 423.5690148204904 243.82595644413965 1.5 1.534730990231037 3.3763384938240053 -6.709294143398126 1.7420880048763894 18.4960666979717 3.1272609114607395 0.999472439289093 
Car -1.0 -1 3.9381363761795862 0.0 184.6644625830837 81.793897708712 374.0 1.5 1.5434327095746994 3.462619569897652 -6.919045950742197 1.615885380171368 6.2100991243021335 3.098792660232407 0.9969436526298523 
Car -1.0 -1 2.809722361575062 709.3572130815817 178.07633423514187 813.9185803679011 216.89781690309667 1.5 1.5538696691393852 3.838252139091492 6.049364300505155 1.7187992419130211 29.16359659165351 3.014250504966599 0.9085614681243896 
Car -1.0 -1 -0.07174897788790771 699.7856340058034 178.25980313483234 799.7032631367331 213.74614347644538 1.5 1.605887946486473 4.221407186985016 6.057756576912405 1.7468548316532335 31.856192652753954 0.11616687377425602 0.8466435670852661 
Car -1.0 -1 1.5293728395979966 1066.7820665813942 174.84787892010897 1104.1102422573983 205.9165410779976 1.5 1.4414988949894905 3.6532586932182314 24.307747665173 1.608017258662768 37.01929224180842 2.110390412803513 0.6595888733863831 
