Car -1.0 -1 -1.9484102310566034 804.2852628969921 175.15861927550102 1052.2463381486511 319.28759128193917 1.5 1.6119121134281158 3.7167864412069322 3.7857900692580744 1.5364262408077527 9.427872349948762 -1.5665658107635123 0.9999988079071045 
Car -1.0 -1 1.782711030042853 449.8210943163527 180.44905463283283 519.5973835211397 228.22044426783413 1.5 1.5975526094436645 4.040313747525215 -4.352048418427283 1.7889037052506886 25.357529592474076 1.6127395510634006 0.9999991655349731 
Car -1.0 -1 1.8924372575007498 294.08737622977566 180.6537470186093 443.1726553778168 270.8225264025808 1.5 1.6144754856824874 3.9438775300979616 -4.639775258925061 1.6765874259328262 14.321274296069348 1.5791301608046115 0.9999973773956299 
Car -1.0 -1 -1.7680595373040724 707.7218700666401 177.68139328554338 795.1306685717342 238.14706975458836 1.5 1.618712817132473 4.018172857165337 3.7986271302606154 1.6492778007987405 20.237498493100258 -1.5825160639968259 0.9999940395355225 
Car -1.0 -1 1.8482577266506648 394.6875518267555 180.52941554426397 492.8398424020099 242.62827162985286 1.5 1.611918818950653 3.9526427656412126 -4.511656675204637 1.7339884515959276 19.942396594799217 1.6257686495741428 0.9999949932098389 
Car -1.0 -1 -1.8174205909206222 743.7122421795457 176.85339374893192 868.3898281320285 260.4522773576772 1.5 1.6015634432435035 3.684491899609566 3.857235387947065 1.5935697309726424 14.967074371306547 -1.5651942976426823 0.999991774559021 
Car -1.0 -1 1.733243336690449 527.5695299069896 180.3520924513442 564.4494141792193 208.4719095846594 1.5 1.5611768260598182 3.460138526558876 -3.6479936474748245 1.9472723714299012 41.22047123295674 1.6449737429579319 0.9999693632125854 
Car -1.0 -1 -1.7016397578949864 691.6305950237816 178.4579919556333 739.3260545971584 216.4886854691187 1.5 1.5558431416749954 3.4865012884140016 4.392839428738048 1.7526112630205475 30.72413125214074 -1.5596253947031242 0.9999650716781616 
Car -1.0 -1 -2.3134842703151333 982.6727275921218 167.59963358311856 1241.0 374.0 1.5 1.547577840089798 3.376145896315575 3.783601118306047 1.481984380820356 4.217138386740833 -1.5822203141313536 0.9999516010284424 
Car -1.0 -1 -1.7019666503627207 698.1123216948334 178.16846879621013 756.8076502954974 225.18059825831313 1.5 1.5571052700281143 3.5488738238811495 3.988393053501987 1.6993369895839028 25.2185269745902 -1.5451125177231175 0.9847115278244019 
