Car -1.0 -1 1.9340713900402828 244.02597367929715 182.32868767282088 335.4017332436275 232.8107573338503 1.5 1.5506553024053573 3.7449712425470354 -10.607227193654452 1.8414656867210968 24.06388606100895 1.518899126848902 0.9999980926513672 
Car -1.0 -1 2.0179503856503977 197.9536453859373 181.45486165072484 370.09857568694065 270.2247449039141 1.5 1.5974216654896736 3.9326562106609346 -6.40200031501206 1.6977745985871784 14.567139107730796 1.6038772940596164 0.9999927282333374 
Car -1.0 -1 2.594072071905312 0.0 184.88551661902972 103.09829170004897 232.20547725031463 1.5 1.6664086401462554 4.298065093159676 -21.285721683037416 1.978124913212616 26.345141679210908 1.9144985556562961 0.9999815225601196 
Car -1.0 -1 -1.573051711883308 592.7193242424057 178.90740266986688 655.9070263789278 238.92746259588392 1.5 1.61294327378273 3.7188346058130266 0.34362584659969114 1.6862035391407324 20.278147217645877 -1.5561077101763827 0.9999802112579346 
Car -1.0 -1 2.052620730040138 88.39163257625255 182.75765139410333 257.2652693164944 255.32697480790742 1.5 1.682327364385128 4.406086590886116 -10.554265178557323 1.775114755148011 17.769539068418965 1.516659661135401 0.9999511241912842 
Car -1.0 -1 2.367872561544278 0.0 185.24888163324127 33.87077251499923 261.84981261742934 1.5 1.4764292657375335 3.059257057309151 -14.989171820326801 1.8055386483191316 16.19772551249303 1.6212069869001926 0.9999470710754395 
Car -1.0 -1 2.0231608101221568 271.950468867239 182.44239401088598 348.1297426446437 218.22963527940416 1.5 1.5584143370389938 4.278784853219986 -13.895122881569065 1.9757918525997462 33.59185584463643 1.6309466242750705 0.9999370574951172 
Car -1.0 -1 1.849419634958196 441.6641738717701 180.74188613091505 506.9146652674693 218.84285202489318 1.5 1.6713157787919044 4.349026319384575 -5.88573950108502 1.8701053718012017 31.57604364363537 1.6651356100996555 0.9999207258224487 
Car -1.0 -1 2.0217637765050513 363.3915346490303 181.52144313783919 438.7687847375489 216.57997335782397 1.5 1.6523316994309425 4.49801706969738 -9.889002690126734 1.9418193313931826 34.39077912079589 1.7417695403059543 0.999914288520813 
Car -1.0 -1 -0.963757980155178 682.5528238161097 178.0561244324684 781.8743980111117 226.2945883058238 1.5 1.5555652350187301 3.6314743131399156 4.186479422008334 1.6915351924591195 24.672331588693307 -0.7956757704403742 0.999830961227417 
Car -1.0 -1 -1.364839176169112 931.2068733599292 173.06588665853272 1217.2651209226672 374.0 1.5 1.6102388992905616 3.8310116648674013 4.716535815435361 1.5030296882241874 7.1735172807998 -0.7832146445896966 0.9997479319572449 
Car -1.0 -1 1.9745990913947276 461.8282961074174 180.8986965322251 515.2168672237606 206.05278830455404 1.5 1.7090386271476745 4.752345991134644 -7.890127946059996 2.0539715018254436 47.14084731748513 1.8087627768477024 0.9949958324432373 
Car -1.0 -1 -1.0667027916342144 732.407240589874 177.12903496954718 855.7646533435114 244.3470025279753 1.5 1.52910468429327 3.4348173558712007 4.631786621258286 1.6181271678873912 18.099379761908942 -0.816170887151037 0.9942989349365234 
Car -1.0 -1 1.6708393794754401 533.7000213207117 180.45831162473834 562.5592918064855 203.6273574005959 1.5 1.6449688494205474 3.4005390971899034 -4.244584992241831 2.040604234683692 49.54665401899644 1.5853795886000217 0.8408703804016113 
Car -1.0 -1 2.4207304726538625 27.297667200992816 184.34442982196978 161.01043737621237 226.8364488983873 1.5 1.7377872511744499 4.28788275718689 -20.59571291118362 1.9984906934537168 28.990976137366275 1.8030466914137424 0.656386137008667 
Car -1.0 -1 1.8422312330302693 478.5132385109736 180.84683534364586 520.7094293736546 204.65410442156886 1.5 1.7001543685793876 4.542492565512657 -7.524557864195473 2.0736999887413257 49.39779027498356 1.691067445274216 0.5394258499145508 
