Car -1.0 -1 -0.20572886615914301 736.8534385279803 177.61588521850445 859.025075208582 223.7303801625821 1.5 1.5728986382484436 3.771350023150444 6.2680486207125865 1.6679158415901238 24.516548831559835 0.0445753773066657 0.9999992847442627 
Car -1.0 -1 -1.722118201773278 681.0658051267078 178.00808915605805 757.6182379127121 240.0812754564397 1.5 1.5212286755442619 3.3762259900569918 2.804367481313905 1.6511173319946713 19.408557873517427 -1.5786200548198563 0.9999984502792358 
Car -1.0 -1 0.3045295707314466 334.05067445400294 181.43392082401084 482.0829344369567 233.8797594690192 1.5 1.593857680261135 4.010412704944611 -6.067359366670434 1.7696141426501972 21.778351640277595 0.03282336791488103 0.9999915361404419 
Car -1.0 -1 0.7408928163515609 0.0 183.39219181980968 233.2352418083221 359.2658720004989 1.5 1.5727822229266166 3.854094681143761 -6.093233721222862 1.6164581054328777 7.099568025411381 0.031626268229212086 0.9999865293502808 
Car -1.0 -1 -2.4923087752090294 0.0 183.2121454045936 259.0033101534682 310.52291775016204 1.5 1.587078396975994 3.457375851273537 -6.778108301871736 1.6485546613504445 9.478060836227309 -3.1131214658406123 0.9999843835830688 
Car -1.0 -1 0.15397850892515239 430.2133763912479 181.14938862392376 522.3412607147321 212.09822573772215 1.5 1.7026622340083122 4.357558351755142 -6.72053697633053 1.9290480835278943 36.371410098884084 -0.028735951581273754 0.9999839067459106 
Car -1.0 -1 0.36403019553161586 280.6718182526708 181.52367695252192 460.67139814081486 249.2144391250745 1.5 1.533648607134819 3.7386278182268144 -5.6225907822301355 1.7155498281256065 17.055492593921777 0.04558519919845036 0.9999864101409912 
Car -1.0 -1 0.33312827638625864 318.35663152822184 181.51879894639103 460.34328450201633 240.2173962803637 1.5 1.5304305151104927 3.355919432640076 -5.945075166820858 1.7445823713345223 19.50712711552036 0.03730635245772771 0.9999825954437256 
Car -1.0 -1 3.6233739721475327 77.30761216590325 182.62946361225514 330.3501022142667 279.76290681105763 1.5 1.5548045307397842 3.3714628338813784 -6.735423321806033 1.675765643255688 12.12451296105702 3.116301763053757 0.999976396560669 
Car -1.0 -1 0.3921073148605083 225.63037858590155 181.80272480519218 425.0123752579094 259.92624096633637 1.5 1.5242884427309036 3.4958487868309023 -5.801831111260056 1.6941688166569457 14.82878012783169 0.01916257937880925 0.9999762773513794 
Car -1.0 -1 -2.0523428199805682 811.3833289030728 173.529626034917 1241.0 374.0 1.5 1.543678206205368 3.440780055522919 2.8041506950597266 1.507273232592191 5.646592059923725 -1.5914113680508477 0.9999654293060303 
Car -1.0 -1 -0.14976724495723695 685.4004281134319 178.67865767012407 762.6496858401779 206.5160102839564 1.5 1.6670866429805755 4.031392422318459 6.252755436043818 1.8306868220903412 40.07359683193765 0.005016489824976243 0.9999517202377319 
Car -1.0 -1 3.3422818578867863 390.95597480903075 181.27649263028567 497.86914388944916 223.5024375844902 1.5 1.548018355667591 3.6317291229963304 -6.1276803994574 1.8224555332136139 26.772785777617653 3.1172801136931003 0.9999399185180664 
