Pedestrian -1.0 -1 1.3464000410143941 499.0579283644574 163.75835675145416 533.3067533243861 244.77417235742686 1.8 0.6362107142806053 0.6901266545057296 -2.072485258324439 1.4296494790521495 16.13776143513569 1.2186745842311042 0.9999998807907104 
Pedestrian -1.0 -1 -1.544712379243 285.3226000260554 160.83721336476293 329.37284655383775 274.48601545253155 1.8 0.6503264911472797 0.5383248932659626 -4.905110890141757 1.4902310663033413 11.563033752545667 -1.945910499491964 0.9999991655349731 
Pedestrian -1.0 -1 -1.4821840702643625 275.93657614610123 161.05303100986131 320.68050253040786 274.14253591362143 1.8 0.6290170855820179 0.5710816502571106 -5.075891850933618 1.4921254455819182 11.619492533417835 -1.8940427760269982 0.9999929666519165 
Pedestrian -1.0 -1 1.0010453419293421 396.67127095151506 168.83876432920954 428.4308537743333 228.48832362143253 1.8 0.5979099802672863 0.8196273379027843 -5.975793972737594 1.4496684264838575 21.827583088697295 0.733820601305689 0.9999943971633911 
Pedestrian -1.0 -1 -1.9142984356228299 723.0297883187555 156.25039080260558 775.0223624460832 262.40478887915725 1.8 0.6230993688106536 0.9181284837424755 2.4847138965971065 1.3904612431502237 12.483808357252915 -1.7178310016777856 0.9999886751174927 
Pedestrian -1.0 -1 1.5219718734645116 510.57865879667037 164.32308293942066 536.081144300848 241.53392010040147 1.8 0.5630849421024322 0.8571012437343597 -2.0033815470202914 1.4244770705207217 16.947593276808213 1.4043075283381599 0.9999840259552002 
Pedestrian -1.0 -1 1.3625424059744051 576.7826657228923 156.81469193780944 621.0985149693931 271.3459800132918 1.8 0.5816935122013092 0.7253665968775749 -0.15337853496850132 1.4294125893347207 11.524900469858077 1.3492347439143317 0.9999825954437256 
Pedestrian -1.0 -1 1.3896847912919048 513.0487345290867 163.478639117749 547.5631848101347 245.02404093980465 1.8 0.6565368294715881 0.7269493795931339 -1.7412887404724766 1.4258917312846506 16.04413968959237 1.2815767963740485 0.9999806880950928 
Pedestrian -1.0 -1 -2.636315065673852 574.3435887097713 167.8670770295174 598.0707123040917 220.09275779191253 1.8 0.6064013138413429 0.615185734629631 -0.6847488245385919 1.366128616982854 24.774704669365903 -2.663947061696325 0.9999758005142212 
Pedestrian -1.0 -1 -2.0549035414203334 649.0920251850129 165.2083252247675 673.9127396977931 227.04780432079647 1.8 0.4983611896634102 0.626431082189083 1.6389647814988648 1.3564636031910775 20.961713689588198 -1.9768738011505944 0.999957799911499 
Pedestrian -1.0 -1 1.0541801150170929 385.05624676145527 168.8633443531281 419.54581541793505 229.13100693196168 1.8 0.6613115340471267 0.8908295564353466 -6.245129243673163 1.4540135942125327 21.660051085839253 0.7734686573359626 0.9999291896820068 
Pedestrian -1.0 -1 1.296583836647062 591.8696153212427 156.74346679490606 640.2842973386371 270.2448193956838 1.8 0.5873771876096725 0.8556664481759071 0.12655436036631879 1.4249042797821436 11.697544802216967 1.3074022968623298 0.9995335340499878 
Pedestrian -1.0 -1 -2.6342954670667362 615.2810284484791 167.28308695109698 643.9127768416141 219.54644855741785 1.8 0.6341227822005748 0.7975459590554237 0.8368796502010641 1.3463295236015203 24.82361969582294 -2.6005951921131953 0.9994412064552307 
Pedestrian -1.0 -1 -2.596374924669627 559.903094225476 168.19077443721633 582.5645751123361 219.7013259231726 1.8 0.5561394177377224 0.6028311818838119 -1.2247084205682377 1.3713920524113563 25.090426688548664 -2.645147995152746 0.9994007349014282 
Pedestrian -1.0 -1 1.364816091035837 458.8025096005273 163.89342048805915 493.9939355089855 247.08882908431255 1.8 0.6077508933842182 0.8632882989943027 -2.922998121424843 1.442320425463709 15.807227537356368 1.181966229281153 0.9991065859794617 
Pedestrian -1.0 -1 1.5313687345497242 527.5862889697052 163.43578001850307 556.9244205378455 244.32208561741305 1.8 0.6337898343801498 0.8181222274899482 -1.4829407300867004 1.421875231335567 16.17622188022596 1.439950152239527 0.9989439845085144 
Car -1.0 -1 -1.2214418202295858 0.0 181.38152270788825 264.6572361552498 369.0 1.5 1.9819144651293754 5.190924045443535 -3.21669604574114 1.5098529299031918 3.756906778342989 -1.9295292953636987 0.9980567097663879 
Pedestrian -1.0 -1 1.3422676383510963 559.3169032931505 156.81716217524712 608.2603165286725 272.3944404044607 1.8 0.6219854138791561 0.8163381859660148 -0.4009735236576588 1.432820857197898 11.481672069064926 1.3073589046809333 0.9979750514030457 
Pedestrian -1.0 -1 1.4109275800592498 476.5587691934217 163.88421542935404 510.8854082648084 245.81537201210946 1.8 0.6350449778139591 0.8778362095355987 -2.5733122424031785 1.4365718001897856 16.04499290716914 1.251900835833277 0.983974039554596 
Pedestrian -1.0 -1 1.3497096994724842 433.49755049218703 163.8540182004885 470.7285248274598 249.1005284402451 1.8 0.6018130600452423 0.9420711107552051 -3.3962920884476566 1.4501368547426718 15.478657459627197 1.1337148388239997 0.9441196918487549 
Pedestrian -1.0 -1 1.7488092132959734 423.7379048384082 168.67732924024293 450.98002608688756 227.35223443799728 1.8 0.672041767090559 0.9760387733578682 -5.284656613252445 1.4388673726000907 22.191522770783006 1.5150250633570808 0.9193047285079956 
Pedestrian -1.0 -1 1.528363994519756 449.89930589352093 168.74748837121362 470.2565035852363 225.33551890678237 1.8 0.6080173447728157 0.9264627031981945 -4.7530375427531935 1.4277161569199213 23.008787817199796 1.324654503664698 0.714996337890625 
