Car -1.0 -1 -1.543398529336036 595.9217625956566 179.34514559384232 638.1486398262601 219.58541276335635 1.5 1.6124750047922134 3.771803018450737 0.2952257264716064 1.782330852287016 29.42584910742075 -1.5333659956839425 0.9999966621398926 
Car -1.0 -1 -1.2969265788212478 855.3422786319979 173.79473709852746 1147.7432547561298 364.06913951884883 1.5 1.6454851746559143 4.227053236961365 4.355575495927063 1.513218042169044 7.783415519101136 -0.7867451469090325 0.9999717473983765 
Car -1.0 -1 -1.0351054771661585 729.7855980334155 176.55737260747117 908.3894472009652 262.81487587880883 1.5 1.6371818751096725 4.078359764814377 4.308898057157836 1.5860526959317123 14.704420431887394 -0.7500515143063409 0.9999314546585083 
Car -1.0 -1 -0.9096402645067581 687.2238659886395 177.9844570115204 794.6929086372555 224.5902399904882 1.5 1.6153540953993797 4.032781955599785 4.6569294648394814 1.6962041885683925 25.594519659157225 -0.7296589175846917 0.9999300241470337 
Car -1.0 -1 -0.9695509416734203 706.9931544417295 177.27274914853504 849.1118267429018 243.72758371104615 1.5 1.6013317301869392 3.919939559698105 4.3211256324532 1.6250773024167136 18.45031264414229 -0.7394940416004998 0.9999022483825684 
Car -1.0 -1 -1.1547991042194163 763.0693533107325 175.67136375287484 973.8691000379782 294.2814200497988 1.5 1.6336307421326637 3.8757240891456606 4.073838581985959 1.5516835385438055 11.17869739354992 -0.8053284446385247 0.9998635053634644 
Car -1.0 -1 -0.8385782246407723 663.1206084955934 178.65425859681605 742.602500789799 210.77917856691988 1.5 1.6324397668242454 4.128171738982201 4.682597810993143 1.8084830825795934 36.36232712606832 -0.7105069915440423 0.9995633959770203 
Car -1.0 -1 -1.5630545587925362 1176.0422356024103 164.6772014506698 1241.0 374.0 1.5 1.6210962578654289 3.876515340805054 4.803554304962034 1.4725503235856314 4.34547040912812 -0.727629021802221 0.9992921352386475 
Car -1.0 -1 1.9303517234737142 481.09838870867804 180.7691239193361 528.0993587835059 207.5365033597272 1.5 1.590277862548828 3.763527286052704 -6.352169218494743 2.0009918575170875 43.626683234562265 1.7857649207075657 0.9978355765342712 
Car -1.0 -1 -0.8836564155295212 646.1516087421497 179.00230847892593 711.2306082989543 205.96098300397742 1.5 1.643027414381504 4.100723800063133 4.109873081840665 1.8850128742609038 43.10515727210788 -0.7885984937336785 0.9915404915809631 
