Pedestrian -1.0 -1 -1.0168819290355242 742.4505806112248 166.3710772445402 765.3805755951405 214.63821123040537 1.8 0.6912735782563686 0.498165425658226 5.615014710065245 1.2746115307167611 26.781331553410922 -0.8102139393475396 0.9999911785125732 
Pedestrian -1.0 -1 1.53181416291368 716.2051743276123 163.62469275337054 744.6657743226871 229.25857500231126 1.8 0.7523957200348377 0.820952982455492 3.477285488035935 1.338776034840732 19.842961542791596 1.7052929282148899 0.9999877214431763 
Cyclist -1.0 -1 -0.9533219364436675 572.5001674650223 179.5912185947985 619.2807757125623 225.67121482200835 1.4 0.5590671233832836 1.772451263666153 -0.3007299865174762 1.3739488792592118 22.36473020375097 -0.9667677442219599 0.999983549118042 
Pedestrian -1.0 -1 -1.1468907728983933 1069.6909330050432 145.05545105960397 1138.0175209706492 288.3628611343044 1.8 0.640622016787529 0.3551354192197323 6.466725199723548 1.356479065713626 9.241919328445432 -0.5363549749043328 0.9999673366546631 
Pedestrian -1.0 -1 -1.7269951102288534 881.0497890491101 139.84318640220854 966.8392451344973 325.53350703511705 1.8 0.6713280014693737 0.9364041991531848 3.2510653291708933 1.407586912905797 7.387270982302706 -1.312412695088659 0.9999651908874512 
Cyclist -1.0 -1 -1.9755666436213066 870.1251336131329 178.3538867561418 944.7838308729413 275.7456062843149 1.4 0.421890851855278 1.7016081631183624 4.621385407966568 1.3708149405135948 11.01115072296423 -1.5781932739217324 0.9999709129333496 
Pedestrian -1.0 -1 2.5707175036155423 721.2501733178644 165.17668002497808 753.5855151382979 221.47856432135413 1.8 0.5537701331079006 0.8742152273654937 4.279749766388243 1.3116545651900664 23.021145113581472 2.75452433824144 0.9999245405197144 
Cyclist -1.0 -1 -1.9469917451723928 885.6726208141633 178.13327634825617 957.2683820797677 275.48269283359195 1.4 0.39361189380288125 1.7508503541350364 4.855341761985367 1.3676288541526682 11.045489220490047 -1.5328394109990937 0.9998369216918945 
Pedestrian -1.0 -1 2.446177798174017 698.1103843760511 165.7543512317367 733.4302780254382 220.24962090197704 1.8 0.5689828217029571 1.0600356876850128 3.711042470536497 1.3144874024606603 23.86600138408016 2.600437390800339 0.9998002648353577 
Pedestrian -1.0 -1 -1.1733307454127841 760.8664938416509 166.10533619869867 778.9425968600315 214.78349768235992 1.8 0.5079237304627895 0.49516181722283364 6.1538858890806525 1.2692361983030678 26.489398761266983 -0.9450647393849236 0.999556839466095 
Pedestrian -1.0 -1 1.412940278540042 708.5026941273701 163.728162285997 738.2255375342107 229.3748784077751 1.8 0.6989471174776554 0.8143184266984462 3.2706462370140152 1.3417036304541414 19.791177761884125 1.576717841621262 0.9969834685325623 
Pedestrian -1.0 -1 2.31496390318651 699.7582684616918 165.90555711241683 728.4375354851762 219.71876427452153 1.8 0.5161146193742752 0.8678270995616912 3.694422147932121 1.3133690915648704 24.117690637148453 2.466965425010544 0.9862651228904724 
Pedestrian -1.0 -1 -1.1885738204384253 748.6718477665778 166.2413524485219 769.7039713375283 214.86554409791856 1.8 0.6008936583995819 0.5776793256402015 5.7718489094070335 1.2736802623016787 26.57670078565795 -0.9747177521374566 0.7430081963539124 
Pedestrian -1.0 -1 -1.0189956670962235 755.2427086774617 166.20041407080532 777.0187857345286 214.55936897442808 1.8 0.6495760314166545 0.4748812437057495 6.0613576118834915 1.269260082530239 26.70944899245427 -0.7958384911206109 0.6854103803634644 
Pedestrian -1.0 -1 2.5329349604938995 711.0610630681123 165.63106357731186 742.8104148395723 220.13295472545533 1.8 0.4546200416982174 0.9650790624320507 4.068348612002591 1.3104748570692675 23.757166910276204 2.702537047859055 0.6530275940895081 
Pedestrian -1.0 -1 -1.0154511010661653 728.7448389908582 166.59765358912745 751.876156519455 214.56601016160766 1.8 0.6717321023344993 0.5609183132648468 5.134735557401684 1.2798303318880264 26.960645931602286 -0.8272519866612298 0.5810888409614563 
