Car -1.0 -1 -1.0814766481512257 0.0 178.5258296388416 403.1991834024595 374.0 1.5 1.648910765349865 4.376339030265808 -2.689064521175599 1.553088451576799 4.477618841449931 -1.6223054724421841 0.9999921321868896 
Car -1.0 -1 -1.6926267277688491 660.6765795048022 178.36379978298515 726.8536237834758 231.3154844988632 1.5 1.5857253715395927 3.9805492877960207 2.51663124359631 1.6901567966364512 22.852688303491743 -1.5829446074229223 0.9999881982803345 
Car -1.0 -1 -1.667298023008571 643.998514644274 179.0208553864112 686.0166707372773 212.154450447271 1.5 1.6629286602139473 4.070301961898804 2.608264969035792 1.8211807766264456 35.48053520177577 -1.593917458378945 0.999987006187439 
Car -1.0 -1 -1.245288052564492 266.95463214092456 179.37710094431097 500.5159914389698 330.97801099612656 1.5 1.5760833889245986 4.172757503390312 -2.6844690893235836 1.604921292586007 9.441176972485366 -1.5223132381823403 0.9999856948852539 
Car -1.0 -1 -1.9092868844308077 748.8217668656904 174.91323069304 1071.035410603699 374.0 1.5 1.5671980127692222 3.8639551520347597 2.4814017412045457 1.5262549136803731 7.136380496852537 -1.5746522490542871 0.9999542236328125 
Pedestrian -1.0 -1 -1.2689592039491624 371.9670156181051 167.29422047059168 398.49490354103096 254.57969027410255 1.8 0.4263938896358013 0.4155146449804306 -4.746908069954032 1.6857041341778867 15.0851986386586 -1.5738227209683997 0.9999390840530396 
Car -1.0 -1 -1.5352931715442513 535.6481480662087 180.15377408868508 570.8265114412598 212.40950781427165 1.5 1.6348492845892906 3.8582446545362474 -2.853676938461884 1.8885119226602518 36.401626864653686 -1.6135273809221131 0.9998879432678223 
Car -1.0 -1 -1.3418282451952719 378.62687132106015 179.99900258270102 506.7758348142022 267.7744274380047 1.5 1.6354758784174919 4.072560605406761 -3.2807753103641764 1.6662339211641248 14.704327312787498 -1.5613490464773518 0.9998261332511902 
Pedestrian -1.0 -1 -1.2196767655800744 336.0153251254511 164.41290051982756 376.4306281297345 269.5809429695299 1.8 0.575137373805046 0.35686372108757497 -4.454502466602474 1.6558845135367695 12.52786181243198 -1.5613029990952951 0.9986054301261902 
Car -1.0 -1 -2.560406747096069 0.0 0.0 1220.4061053255682 374.0 1.5 1.5846822902560234 3.981273111701012 2.4231163803206166 1.470497521510978 1.7430894234237941 -1.6132108765330655 0.9959677457809448 
Pedestrian -1.0 -1 -1.263009186588635 369.8942357742612 167.92265637615483 392.87159293895314 251.82032925650833 1.8 0.3812707521021366 0.37354440689086915 -5.0115031640872285 1.694557310165486 15.66475821442557 -1.572641513021898 0.9860792756080627 
Pedestrian -1.0 -1 -1.2083935478908834 326.59574535395103 164.6819024876907 366.1724896457 269.31679189122445 1.8 0.5001358248293399 0.5269970305263996 -4.676920810948291 1.659775922070934 12.675352254683263 -1.561873863511954 0.888664960861206 
