Car -1.0 -1 -1.548412548474994 727.3607205669584 178.04253550298168 768.9901336268651 216.9250429296162 1.5 1.6193656742572784 4.010842975974083 5.845758176821887 1.735252902126945 30.53194765083219 -1.3592383275416238 0.9999973773956299 
Car -1.0 -1 1.7211566322754999 525.1722154770831 179.67288227564262 590.9230255816632 229.33716071733087 1.5 1.6185394048690795 4.1618580490350725 -1.7187558024344136 1.752291075548546 24.516308419972795 1.651164519782883 0.9999973773956299 
Car -1.0 -1 -1.8544084311987008 791.0367357157841 175.40900767203547 1003.4784586069828 318.5145194229842 1.5 1.5704213201999664 3.5230013102293016 3.436556132795371 1.540181071631008 9.43411954467747 -1.5050788978722436 0.9999964237213135 
Car -1.0 -1 1.7577866481650166 482.9221400590445 179.72060356217392 568.3204464944727 243.75989816172185 1.5 1.5745314329862594 3.8298657655715944 -2.194353289116398 1.7026627329979418 19.2876001900472 1.6445035815199436 0.9998989105224609 
Car -1.0 -1 -2.2636905822249487 1038.8845249149272 173.9231258714156 1231.5618326863607 244.2300862862587 1.5 1.6892659038305282 3.8185788810253145 12.386042528516937 1.5290855354374924 17.418135509774 -1.6455534930017335 0.9998496770858765 
Car -1.0 -1 1.7834406507938703 579.0498826065639 179.616959187071 626.8068374752953 212.65048252269114 1.5 1.5695110455155372 3.9261850088834764 -0.32952756486267787 1.8544533141237867 35.694437462524256 1.774209010597092 0.9998446702957153 
Car -1.0 -1 -2.1099219292374927 924.3914269571528 175.15661339989785 1088.1591201132896 243.82520342394756 1.5 1.6912758842110633 4.0751470744609835 9.597889379317069 1.5643525760819157 17.974099848566002 -1.6194578344610078 0.9998051524162292 
Car -1.0 -1 2.14073774703476 857.2006472093475 176.5740057755571 941.4087032566422 216.68908595090608 1.5 1.4829464748501777 3.49028394818306 11.56838755098525 1.6576829452109947 28.894781403961993 2.521556603904587 0.9996728897094727 
Car -1.0 -1 -1.999653566282845 840.7548193468934 172.83283963892234 1241.0 374.0 1.5 1.5417876213788986 3.4129826843738558 2.7036589552417207 1.50026651784342 4.8746805056720675 -1.4932602653887612 0.9993540644645691 
Car -1.0 -1 -2.5230566394092846 1145.2530282888738 172.72179612042135 1241.0 244.18136047871167 1.5 1.670350183546543 3.6798237383365633 15.077896951482119 1.4975827677904547 17.12497163742091 -1.8011411438372475 0.9990909099578857 
Car -1.0 -1 1.9807985159210895 330.9690430178077 179.00143522194932 566.2410031930876 316.79003138917017 1.5 1.6631819799542427 4.202705112099648 -2.047714984890628 1.6069709311892089 10.280856780307595 1.7841939806898655 0.9957919120788574 
Car -1.0 -1 -3.0853842800209477 0.0 0.0 1241.0 374.0 1.5 1.5609467893838882 4.0487548828125 2.3665786746152024 1.4539850314208913 0.10617412047290356 -1.5594218616050226 0.987525463104248 
