Car -1.0 -1 1.738246126785823 500.2974084530207 180.26738908809813 551.9921275310766 218.68143665407777 1.5 1.565323632955551 3.9585801333189012 -3.5710057490497293 1.839301092603936 30.968536791496692 1.6234423994978489 0.9999991655349731 
Car -1.0 -1 1.8188375851582266 396.689400170689 180.37698954462397 498.10432290448256 247.5031384348621 1.5 1.5949802964925766 4.050494220852852 -4.106744622399412 1.7159829559123374 18.629045992210724 1.60185955762468 0.9999994039535522 
Car -1.0 -1 -0.6055165419166021 1019.8830978771848 173.3849680418201 1241.0 253.67267675045164 1.5 1.802784812450409 4.841422525048256 11.14717843382012 1.5117891045263447 14.511203472317263 0.04951695998641423 0.9999994039535522 
Car -1.0 -1 -1.4498403808657936 641.4197550051817 179.06323705370136 682.9162133728123 211.95249234743468 1.5 1.6327754154801368 3.4255316972732546 2.5679119732439153 1.8211461069534742 35.436432211750486 -1.3775015185263497 0.9999983310699463 
Car -1.0 -1 -0.14048490089066548 716.4824402899784 177.956999742383 829.4928959210635 218.10522206524377 1.5 1.576603439450264 4.1144976884126665 6.240681381082586 1.7060908044933116 28.141134788727655 0.07774703105422429 0.9999984502792358 
Car -1.0 -1 2.1431801555519296 0.0 180.58747053543152 308.31925475304627 374.0 1.5 1.6194865599274635 4.091192272305489 -4.387254319359305 1.5918898697078248 6.473383308020424 1.5475522716853278 0.9999966621398926 
Car -1.0 -1 1.3662923959385134 723.5805643803868 177.7065800378064 803.6505748500786 228.10720902582227 1.5 1.724584449827671 4.43155789077282 4.966719079287235 1.6774687955779455 24.115195485552686 1.56941024859878 0.9999963045120239 
Car -1.0 -1 1.8963394632799184 265.8392727762777 180.35041201658177 449.020174407053 286.22179850239297 1.5 1.6721100106835365 4.429424417018891 -4.236523352032673 1.6559349810315807 12.753008754057475 1.5756111025770725 0.9999955892562866 
Car -1.0 -1 1.7864346154528123 462.8153344167988 180.31911534172588 532.3751667771783 228.87626798968074 1.5 1.5704382702708244 3.894535315036774 -3.831590856987929 1.778540405467473 24.892103167404702 1.6337053656538547 0.9999796152114868 
Car -1.0 -1 -2.3188504662505274 1194.700902370532 172.7950815032718 1241.0 223.21337065190448 1.5 1.6028225913643837 3.5152944296598436 21.022677060369745 1.4986049203336071 23.231346830016722 -1.5833198279750091 0.999971866607666 
Car -1.0 -1 -0.9838760642178719 684.7433857356218 178.75680894329665 733.4769714097612 204.9858842468054 1.5 1.4561135813593864 3.0856555819511415 5.9839065024611475 1.8707713940742015 43.63680402037656 -0.8475962440159661 0.9997949004173279 
