Car -1.0 -1 1.8888123717798087 368.7039697651591 179.98813504024042 511.38603364802594 268.63076624113927 1.5 1.6027968868613243 4.054129731655121 -3.307679881539192 1.6658309050211606 14.638576915263702 1.6665878176649631 0.9999997615814209 
Car -1.0 -1 -1.8809208924309133 746.2043779432457 175.82835709093027 966.5403211341952 314.0963130687644 1.5 1.6190389662981033 3.9852580547332765 3.029934624387342 1.5494975026312814 9.914448549628894 -1.5843271334331972 0.9999984502792358 
Car -1.0 -1 2.167437692625769 879.3777736691072 175.7755880918938 1018.4099456106675 234.68192451778432 1.5 1.6190572202205658 3.900229048728943 9.484336158568592 1.5891321148096171 20.230017650427126 2.6058356642683567 0.999997615814209 
Car -1.0 -1 1.688010909835305 502.8108711147733 180.00631945336357 560.468232528101 227.1918639556375 1.5 1.564771544933319 4.08031330704689 -2.743935195005644 1.7744872205029154 25.603659153383745 1.581248748298508 0.9999969005584717 
Car -1.0 -1 1.7816426379864858 448.8709328536519 179.93780899446492 545.4622845469403 242.09644296213324 1.5 1.7514199510216713 4.538201403617859 -3.067389622149318 1.7220031690667494 20.255517635734954 1.6313497900923313 0.999997615814209 
Car -1.0 -1 -1.7435632301578825 716.5680125966791 177.23742975457972 822.8435921956456 256.54423717473577 1.5 1.5978085368871688 3.8045267134904863 3.302369396931361 1.607985041437424 15.785384046738447 -1.537333299466644 0.999990701675415 
Car -1.0 -1 2.4358000363661976 0.0 179.6676393559116 261.9942754438757 374.0 1.5 1.6235556945204734 4.082554441690445 -3.658939479030765 1.5534898096377696 3.535732789703994 1.633278834815842 0.99998939037323 
Car -1.0 -1 -3.407408744009471 767.8436983976968 177.52273467671546 870.8855072773572 215.9555873628321 1.5 1.585666698217392 3.7128838270902635 8.365813767135327 1.6944418833849018 29.174608913101274 -3.1281519691136226 0.9999892711639404 
Car -1.0 -1 1.6671031722979228 525.1358397169882 180.04695744189488 571.0204903968172 218.29375775283654 1.5 1.585215938091278 4.097499188780785 -2.6475087563885786 1.8311997636742248 31.12688117012096 1.5822520136793674 0.9999686479568481 
Car -1.0 -1 2.2212171751519962 845.7778449453092 176.3740455629434 960.4504815903238 226.41268138647595 1.5 1.536307719349861 3.687766802310944 9.50537227680674 1.6226005424342917 23.45324629603349 2.606275784965378 0.9998177886009216 
Car -1.0 -1 2.1223978798137106 926.0209209473624 175.1545281920334 1073.296752700573 243.83465469324338 1.5 1.5210187554359436 3.4948478013277056 9.36730589634072 1.5607125062451033 17.392791467067326 2.616426455970627 0.9997238516807556 
Car -1.0 -1 1.7879208677305565 1081.014496056849 173.04769799957228 1241.0 283.52955603074287 1.5 1.5035585060715675 3.3394674330949785 8.863543523095826 1.503873217920314 11.44573576952633 2.44685410260759 0.9995587468147278 
Car -1.0 -1 1.990549573199667 984.9674957358862 174.31035585083993 1148.528247731239 257.48004668699343 1.5 1.5072640523314476 3.5222432136535646 9.276543403092708 1.5332084717559116 14.669709109207448 2.5544242739637912 0.9988139867782593 
