Car -1.0 -1 -1.2911105929748492 293.57987972600336 180.63330444708714 459.51037389150866 285.99517945232986 1.5 1.6011348485946655 4.030139607191086 -3.7604505939706114 1.4358932552467032 12.259429697222346 -1.5887388336148602 0.9999983310699463 
Car -1.0 -1 -1.7635629965227178 685.9529686336475 178.05840618326508 780.3738301840924 246.88978693598102 1.5 1.5943533301353454 3.4341415882110597 2.878843281387874 1.3451567165144522 17.401130894850603 -1.5996080591019732 0.9999984502792358 
Car -1.0 -1 -1.3819942000541592 441.66315600281786 180.51682185220764 509.9710593362462 228.52925846810808 1.5 1.6034169614315033 3.6998859167099 -4.416233251075962 1.3543293344865952 24.31182298408027 -1.5616845209759218 0.9999809265136719 
Car -1.0 -1 -1.4460349393146328 498.2173361011065 180.35865212810882 538.6958740852824 211.08994005419726 1.5 1.6015250727534294 3.860028696060181 -4.575288708707949 1.2640578426234996 37.01515513574437 -1.5690169708712516 0.9999703168869019 
Car -1.0 -1 -1.515481938648171 584.8425781760658 179.7206812293532 615.5265867308398 205.60306118261764 1.5 1.6493592903017997 3.962208938598633 -0.4443100842269554 1.182670304994342 43.673451315492166 -1.5256550470974786 0.9999480247497559 
Car -1.0 -1 -1.0853741463199722 151.54974737893886 182.3628126138021 310.6554669264064 260.1851097639359 1.5 1.560331930220127 3.587632489204407 -8.053951853424563 1.4461427237099576 15.653647801166292 -1.560561931752835 0.9999463558197021 
Car -1.0 -1 -0.9293767882707871 0.0 182.20917882361925 302.4438739080373 375.0 1.5 1.5690332770347595 3.439834949374199 -3.523337454832918 1.4889899135426035 4.626436083198656 -1.5802392773937923 0.9999387264251709 
Car -1.0 -1 -1.2328232670316754 326.56742379046693 181.49483225433812 406.2459753715504 227.5630580537713 1.5 1.5257644027471542 3.647544097900391 -8.414588336801165 1.3799782896035075 25.238321874783985 -1.5546385208752496 0.9999440908432007 
Car -1.0 -1 -1.4593400030563901 522.6374297934786 180.28066944718273 553.8533794348875 203.9880136377231 1.5 1.629417811334133 3.8911579668521883 -4.568172977727657 1.1888843507605944 47.43727818806407 -1.5553431921314937 0.9995799660682678 
Car -1.0 -1 -1.6135895433045926 633.3801003136059 179.3240227820656 663.5025414394494 205.22927198503413 1.5 1.6467458128929138 3.9968019843101503 2.401647704409125 1.1599836014262424 43.62866828526081 -1.5585975768652303 0.9995508790016174 
Car -1.0 -1 -1.3273764147383058 395.53441229288785 181.15334712820862 449.0732734760048 214.61231592215213 1.5 1.6125694409012794 3.7044236928224565 -8.75753578122902 1.31901180531565 34.08195244268084 -1.5788903842356545 0.9992730021476746 
Car -1.0 -1 -1.4147377886853927 443.1274762856198 180.82241708862517 485.54762495346694 206.36165305610513 1.5 1.8342787891626358 4.998843607306481 -8.879074228644011 1.243099906525519 44.750847167065984 -1.6106052967396123 0.9929379820823669 
Car -1.0 -1 -1.199758890863027 343.3932514821855 181.3320059676288 425.03314641510786 227.9416116822807 1.5 1.5024642020463943 3.60186682343483 -7.71083828029697 1.376145395447637 24.98068223612883 -1.4991525794055802 0.723580539226532 
