Car -1.0 -1 1.7179783405143685 438.49349610667815 180.63375329661778 501.2948364387562 225.9045827257688 1.5 1.684504796564579 4.212656107544899 -5.15107519626728 1.812221471438712 26.780767123986053 1.5279566486689704 0.9999996423721313 
Car -1.0 -1 2.735543161568011 743.3897775355621 176.7239489295237 960.5361141999061 244.19220539694035 1.5 1.694151435792446 4.6195103347301485 5.627451943899277 1.5983215524584717 17.21090316788719 3.05155597924791 0.9999986886978149 
Car -1.0 -1 -0.2523523174544593 766.9456353925771 177.63340088996844 869.8106228999371 209.1688407575401 1.5 1.766357061266899 4.570016500353813 10.16097994134471 1.7420703159626054 35.54571465550857 0.02607898314925603 0.9999954700469971 
Car -1.0 -1 -2.0036118812495536 896.9249806205476 176.609380696838 947.5552893388782 201.9027276807245 1.5 1.6304277375340461 3.366568920016289 19.382815683957606 1.7434380617182998 44.99738098164835 -1.5968773970988137 0.9999933242797852 
Car -1.0 -1 1.6949420139547058 469.63254768698624 180.60027737760075 518.8211163100534 216.64158919830342 1.5 1.7008057355880737 4.4186683863401415 -5.294858201644286 1.881101473272184 33.2252777044954 1.5369085510584968 0.9999954700469971 
Car -1.0 -1 1.6236380201882283 531.501401456086 180.11287024259974 571.5962946748069 213.06766814084895 1.5 1.7668908953666687 4.366176438331604 -2.8945432847276464 1.884932245350116 36.017849655567325 1.5434462269160407 0.9998001456260681 
Car -1.0 -1 -2.0292828572413795 929.8949008164005 176.23626692252097 986.0702498503763 201.41708676870695 1.5 1.649152909219265 3.840303656458855 21.802829960674725 1.7223513292180095 45.425974582893026 -1.5817921860751254 0.9995817542076111 
Car -1.0 -1 -0.6690835790726504 1031.3480473844975 174.79529055941939 1150.0465223771457 208.16000489651665 1.5 1.712057974934578 4.513493043184281 22.29108521607863 1.5935601983751746 33.59786002793694 -0.0832991162922723 0.9993940591812134 
Car -1.0 -1 1.4716087095699848 648.0890161535126 179.1616879232217 682.6703341286761 205.18260832430835 1.5 1.7193926990032196 4.220690068602562 3.352666541942151 1.9102539179506504 44.75466628024776 1.546381159624781 0.9978563189506531 
Car -1.0 -1 -0.7021767318857515 1004.4934657625189 175.14620163282154 1113.1866392250395 206.1804795360474 1.5 1.7578857511281967 4.590371486544609 22.477335018027297 1.6193772822207757 36.25606184675864 -0.147209362187658 0.9968162178993225 
Car -1.0 -1 -0.6489991976977325 1043.1922156821317 174.63801273159854 1166.9881845680732 209.0196827033181 1.5 1.670222033560276 4.511030998826027 22.214420839291037 1.5831120889880124 32.52078899994138 -0.04971690575150081 0.9962640404701233 
Car -1.0 -1 -0.6395056764031131 1059.4199124056968 174.45571390869517 1183.2110921547835 210.1531069263671 1.5 1.6612859934568405 4.224042829871178 22.0604367149551 1.5717609783270796 31.27917709023743 -0.025247887769017895 0.9942270517349243 
Car -1.0 -1 1.2012429907220423 828.1998294964401 177.15088488226982 886.6242853056943 207.63757345722036 1.5 1.5762964755296707 3.9782709002494814 12.945489542234037 1.739227710850186 38.08815437018264 1.528875990709986 0.6805188059806824 
Car -1.0 -1 0.6938185918388233 829.5100619815727 176.95817920470665 917.7874026753453 208.10104397262486 1.5 1.625268955528736 4.259744149446488 13.612669282107406 1.7269883647466526 37.59154114993249 1.0412501533839362 0.6057763695716858 
