Pedestrian -1.0 -1 0.44535312626179846 227.67255380862787 162.4027236159893 260.88941162020274 285.8090233509864 1.8 0.395841945707798 0.3002896931022406 -5.485385173505071 1.647915915979862 10.723548997065816 -0.027473525204930984 0.9999983310699463 
Cyclist -1.0 -1 -2.712288551186187 756.9274812516237 183.2791695163553 891.263254481696 299.26526350139443 1.4 0.4529305759817362 1.6646111875772476 2.7456562826924342 1.5486786218992192 9.548775735830011 -2.432301656403814 0.9999964237213135 
Car -1.0 -1 -1.572458888351327 598.9307810448989 179.76743878176038 625.1597889742549 204.48438537131992 1.5 1.6279304891824722 3.5556121289730074 0.09511512799592586 1.9635191063719841 46.55809990505663 -1.5704159571349179 0.9999697208404541 
Car -1.0 -1 -0.9504535303189938 0.0 178.50514292036755 384.90751307354617 374.0 1.5 1.591944371163845 4.04003584086895 -2.6854385417494195 1.5461174617741293 3.8143603374746964 -1.5638816049930198 0.9999570846557617 
Pedestrian -1.0 -1 -3.3579904279573047 765.4118930099157 157.1779224177562 795.1317653492517 277.51212885140336 1.8 0.37633674480021 0.3664087064564228 2.5347832093056 1.565869766919007 10.980337953196017 -3.1311173001911983 0.9999213218688965 
Pedestrian -1.0 -1 2.3227629615761547 719.8460222546147 160.98695492104346 745.8392754906911 262.8763090325614 1.8 0.3561522837728262 0.29366184286773206 2.1565759989319244 1.59071199937077 12.97475926050368 2.487470376487595 0.9999141693115234 
Cyclist -1.0 -1 -2.812149863581755 738.5163069338686 182.7317528831557 838.9046606392842 272.9221909680515 1.4 0.45370059348642827 1.5484123051166534 2.8892156024347484 1.572130966444456 11.937591285602391 -2.5746894637730464 0.9999481439590454 
Pedestrian -1.0 -1 -3.318118634537228 779.7110208254775 157.01121838136794 811.0220665549956 277.3483856955298 1.8 0.3372711155563593 0.406915557384491 2.762480740946255 1.563381982132676 10.972469816067733 -3.0714797536518916 0.9999818801879883 
Car -1.0 -1 1.8629277319729132 418.0813638011021 181.42323875661413 462.7449678987993 209.6461421932512 1.5 1.5591882660984993 3.435153749585152 -9.662130991872875 2.010369020211333 41.178321124417614 1.6324558138807834 0.98431396484375 
Pedestrian -1.0 -1 0.5191586427381287 238.39149062212408 162.84921162059524 286.21707076112676 283.14606605828504 1.8 0.553858608752489 0.4473644334822893 -5.387321741473269 1.650656372620159 11.084847878277992 0.06676737864943914 0.9139941334724426 
Pedestrian -1.0 -1 -0.37249350503687073 598.7478080327401 175.22614850470572 616.9009046413831 204.45482868663296 1.8 0.6195126593112945 0.972498071193695 -0.16937544729752826 1.9497606547263202 44.97448214168137 -0.3762595216420037 0.5635143518447876 
