Car -1.0 -1 0.39559816724862285 247.25572589360726 181.7560422216724 428.12586928558153 255.34956216961933 1.5 1.5239902332425117 3.3618057638406755 -5.898669230604282 1.704572213886311 15.726208814067165 0.03675274451705388 1.0 
Car -1.0 -1 -0.24845890461210643 762.7049925132578 177.0856189334915 910.0974137167889 232.3519937647618 1.5 1.5745645880699157 3.7374137461185457 6.325784337955588 1.6263075155271607 20.5941831017653 0.0495570143077033 0.9999994039535522 
Car -1.0 -1 0.4721542316881937 184.3452615951936 181.76503598395047 420.7856394257846 271.24913550608176 1.5 1.561107349395752 3.6689555764198305 -5.565441723542727 1.674496827367562 13.185662582486012 0.07275704940291815 0.9999967813491821 
Car -1.0 -1 -1.7413777430576214 702.5687307547265 177.43046394942039 800.8765065928342 257.399366761664 1.5 1.48595632314682 3.2960406064987184 2.8578090221925523 1.6084310651373768 15.37872392108912 -1.5576447724041087 0.9999943971633911 
Car -1.0 -1 0.528072192274281 72.09124460520606 182.27335640515963 363.77849668168227 291.31872605529253 1.5 1.5178507685661315 3.5979075849056246 -5.8313052018751845 1.6532974409109578 10.888773547794955 0.036403342089380536 0.9999916553497314 
Car -1.0 -1 3.7735290934271095 0.0 183.57935983352655 207.87562676665198 336.08104939090856 1.5 1.5475199118256568 3.4932369858026506 -6.756820178860414 1.6339361273694066 8.101003828761385 3.0783550620039524 0.9999639987945557 
Car -1.0 -1 0.3633753722659898 262.4482284018463 181.66272433447645 459.2617061655841 246.0608979148315 1.5 1.6383978098630905 4.326968875527382 -6.142240997806639 1.730271477106721 17.938703803418292 0.033485694727625165 0.9999527931213379 
Cyclist -1.0 -1 1.672797361875848 568.1664892852358 181.7713721364684 579.3070977770255 203.01762856081706 1.4 0.5955329656600952 1.6301595166325569 -2.489903584638508 2.0170596501036617 49.06762801704578 1.6220965266188205 0.9999122619628906 
Car -1.0 -1 3.312710213241733 411.48283575685116 181.23117362861097 502.31690656949553 218.95740823554817 1.5 1.556430433690548 3.469129514694214 -6.334089860359264 1.8573538235859846 29.90292447916839 3.1039738535841526 0.9998894929885864 
Car -1.0 -1 3.3588589774792164 348.61788378864975 181.4257032678612 477.80875235241587 231.3611125947938 1.5 1.571306262910366 3.694768112897873 -6.198774457103802 1.7821401522045224 22.843905248346264 3.093886005874497 0.9998651742935181 
Car -1.0 -1 -0.2619339351174086 693.5877528571843 178.4878242785581 776.6084828843447 209.66780285753492 1.5 1.5893232569098472 3.800639745593071 6.172970062700525 1.7892049602081228 36.024333005657745 -0.09222658077744074 0.999818742275238 
Car -1.0 -1 0.19062172261313168 406.765707874799 181.2217840261115 517.829733306053 215.93970289244288 1.5 1.7211311057209968 4.657512393593788 -6.621900813782739 1.8873630163689477 32.483041875318314 -0.010479883351598463 0.9997710585594177 
Car -1.0 -1 3.387092813072911 358.3287832220403 181.4675797639293 482.9623306972765 226.06604305726123 1.5 1.6216502085328102 3.97238829433918 -6.64350540603949 1.8137337009576673 25.41699578663927 3.131432163711411 0.9991195797920227 
Car -1.0 -1 3.428100714988135 301.17625954990683 181.75394840167488 442.3268305828452 237.55267397312767 1.5 1.5174488097429275 3.517141801118851 -6.726562990482683 1.762862468734608 20.4661317074831 3.1105548024138034 0.997922956943512 
Car -1.0 -1 -1.743001013353632 634.42816608284 179.37092534811785 667.9372497738677 202.8350853188102 1.5 1.6260939210653305 3.9533725500106813 2.7422865223579675 1.9644652522677284 49.32420197732792 -1.68746101210383 0.9907228350639343 
Car -1.0 -1 -2.683888402733367 0.0 0.0 1241.0 374.0 1.5 1.6544867798686027 3.876377132534981 2.7786499288593896 1.4636800729878523 1.4502049493973928 -1.5941135893252236 0.5839006304740906 
