Car -1.0 -1 -1.6183169137977074 636.0249394208404 179.24471054677514 667.9369199034957 208.17226933936695 1.5 1.5808713182806968 4.024477165937424 2.2663694436637023 1.8754051458742185 40.32268406630841 -1.562170170308326 0.9999998807907104 
Car -1.0 -1 -1.7373435178284504 653.8356928388314 178.53476076405684 718.0653456035371 226.40605915965324 1.5 1.5787059932947158 3.8712149977684023 2.510070510903373 1.7133053712554123 25.060710531597078 -1.6375168571856362 0.9999983310699463 
Car -1.0 -1 -1.9829621544516955 791.0629547579897 174.44320360937203 1137.9846996070075 374.0 1.5 1.5125886097550392 3.6659451693296434 2.936140414801613 1.5197924019209708 6.9777231505946515 -1.5846647248279793 0.9999961853027344 
Car -1.0 -1 0.22453488278921993 369.21273292159583 182.00610376229034 442.08885816488976 207.03019028502513 1.5 1.593477514386177 4.103717443346977 -12.677826722129986 2.0801613406476553 44.80737783246715 -0.051198558011327465 0.9999947547912598 
Car -1.0 -1 -1.6365338673705627 648.7615981823554 178.8890742249257 691.6342139179037 217.92131636096596 1.5 1.539161291718483 3.500162672996521 2.4119193998881703 1.7662974356129857 30.03132371821699 -1.5563924266633136 0.9999903440475464 
Car -1.0 -1 -1.8205156307623909 716.2480212505027 176.54266867794522 881.0748796868585 291.79301358422344 1.5 1.5588149920105934 3.8075300425291063 2.7196565968412467 1.5685838729839154 11.42685751568034 -1.586857237913881 0.9999885559082031 
Car -1.0 -1 1.706424503890809 478.85695986022904 180.10220155960818 545.5560635653444 232.2481690904222 1.5 1.6095582887530326 3.940122810006142 -3.1093824759325432 1.7539889421508694 23.273193395692243 1.573607432838303 0.9999881982803345 
Pedestrian -1.0 -1 -1.8517618534116487 781.6048111832486 163.92510758151587 819.1285468399 245.42003035799428 1.8 0.6643933735787868 0.6412264451384544 4.2335227055822475 1.6031430229929111 16.263289266912675 -1.5971019557353598 0.999994158744812 
Car -1.0 -1 0.33257764529534417 277.9682797032259 182.92796667876408 354.99248942290876 207.98597038553152 1.5 1.59471747726202 4.139857974648476 -18.2200267210721 2.1389008613050065 44.82537835238099 -0.05349107185867854 0.9998989105224609 
Car -1.0 -1 -1.8370496997351873 685.8931491930464 177.63778718261648 784.2994248893398 256.14447635646565 1.5 1.363283072412014 2.7947243794798853 2.533786112749916 1.6123028768726244 15.421644440743538 -1.6742039779808862 0.9997721314430237 
