Car -1.0 -1 -1.743819352588101 679.4633138120859 177.62949217413538 784.6832201008233 252.39243466048794 1.5 1.67067242115736 4.276485976576805 2.6554936442969823 1.6264799205570177 16.900993919900067 -1.5879729102042062 1.0 
Car -1.0 -1 -1.6554799968237677 636.8239566138504 179.24840703244226 670.8405457747253 208.3822857690366 1.5 1.5651003018021583 3.573058781027794 2.337465015168148 1.8686238706350136 39.74576952765521 -1.5967372479524953 0.9999977350234985 
Car -1.0 -1 -1.685937113078029 651.9700176083049 178.72846813749703 704.2012187561463 221.38348909219883 1.5 1.5724560737609863 3.666839984059334 2.5086969144451405 1.741256351312397 27.733427763599234 -1.5957251201060159 0.9999934434890747 
Car -1.0 -1 -1.744479666435265 665.6543631006344 178.33584873123067 734.1824883103786 231.80236353843088 1.5 1.5236473202705383 3.385133531689644 2.658290438826826 1.6831667417655118 22.32712052654744 -1.6259764629092557 0.9999758005142212 
Car -1.0 -1 0.1766981348731573 341.52756775440895 181.38818888049096 486.22510741061905 230.67566238668064 1.5 1.6274266436696052 4.289091986417771 -6.279016533745335 1.7877272831862208 23.297329824139563 -0.08656306664017269 0.9999552965164185 
Car -1.0 -1 -2.7563099479926483 228.73430056081085 181.93778659537747 422.45722347272266 252.60566839412573 1.5 1.5468495458364486 3.7717128664255144 -6.380836911811214 1.7158138187925662 16.314364639712444 -3.129135803380285 0.9998939037322998 
Car -1.0 -1 0.43175274110571715 153.25361126734936 182.12886536271745 404.09563586463435 266.49538863969 1.5 1.5984034657478332 4.073035207390785 -6.260417811675305 1.688432463390757 13.816467319770243 0.006313248476709642 0.9995172023773193 
Car -1.0 -1 3.3456997479315147 391.4504510075794 181.3643609131487 497.9463058939974 218.5799711741787 1.5 1.6025063142180442 4.122084242105484 -6.92324310923839 1.8678146817137498 30.308251446057987 3.1211252093275608 0.9989792108535767 
Car -1.0 -1 -2.587471201371872 60.94628021161949 182.5559307240206 339.1687340122974 284.9301054261609 1.5 1.5557338044047355 3.6106260985136034 -6.501683248077408 1.6676623171051683 11.58550628360717 -3.098865822949682 0.9976784586906433 
Car -1.0 -1 3.340535569318969 361.53439073334835 181.470931559638 477.18089744420774 225.73210818121555 1.5 1.565118183195591 3.7457822382450106 -6.760528731136154 1.8177952264867043 25.68728774532313 3.0831857800444187 0.9956348538398743 
Car -1.0 -1 3.3978117728170227 319.27849179563253 181.63195297085937 451.6179158785254 235.971968281447 1.5 1.5434064462780952 3.404316169023514 -6.516337979646753 1.766578159579998 21.034097869745143 3.097389686103684 0.987244188785553 
Car -1.0 -1 3.1520677148317606 462.1595122484092 181.00330530303336 531.6264982960903 207.31684967708054 1.5 1.6633568823337554 4.0058864772319795 -6.741746778953267 1.9978323158363451 42.93064705103287 2.9963017582853855 0.7387347221374512 
