Car -1.0 -1 -0.5988644347347661 974.8341153117578 174.62247641659746 1199.8624080059642 224.6826924871758 1.5 2.275848810374737 5.667725068330765 14.936901512469987 1.5594223024653424 22.898729315921 -0.02087219158676692 0.9999991655349731 
Car -1.0 -1 2.2019367073535663 0.0 183.02318931193102 201.1968721382928 292.9724678664462 1.5 1.5062416464090347 3.4199202924966814 -8.5148046476497 1.6919585790427032 11.875232417160618 1.579877603050095 0.9999998807907104 
Car -1.0 -1 2.0705588483073765 157.58227387129318 182.2511466468253 310.24063073972025 259.59919217066704 1.5 1.4883434891700744 3.609702226519585 -8.335976300179093 1.735865162435796 16.256578401347145 1.5967430949171604 0.9999982118606567 
Car -1.0 -1 -1.5744838043181986 586.2134037998857 179.21806429234243 639.8260421971515 230.95696322261176 1.5 1.584685643017292 3.3042414605617525 0.03921832865832326 1.7176226986960572 22.97638322301876 -1.5727769085813803 0.9999986886978149 
Car -1.0 -1 -1.5838530878669552 591.8676689643585 179.64504038484722 625.3978118943896 211.6834514844616 1.5 1.605561052262783 3.517318007349968 -0.13332048204983832 1.858728534342123 36.301766126318434 -1.5875256332245213 0.9999850988388062 
Car -1.0 -1 1.9728550018707287 260.6092752827282 182.58823277116198 333.91142761087997 218.86005409573463 1.5 1.6000452011823654 4.087498274445534 -14.232948956598158 1.9729992340136384 32.98323058366724 1.5654741962763923 0.9999358654022217 
Pedestrian -1.0 -1 -1.64112070450469 705.9655857884233 169.31342163027475 731.3279356413153 225.74203449461868 1.8 0.7426539927721023 1.0797388412058353 3.4956285026792826 1.6874179172268915 23.58016094450665 -1.4939480955388886 0.9999431371688843 
Car -1.0 -1 -1.976475533261432 789.2259657783966 175.5199021765551 1021.1784929280209 301.24768118574826 1.5 1.6475651904940605 4.035207864642143 4.02701274883077 1.5476648462319194 10.746895615467546 -1.617955585071121 0.999921441078186 
Car -1.0 -1 -2.01303620242453 242.75891147282007 180.93553682558917 424.5095771512739 285.59644663109555 1.5 1.5272634595632553 3.5183022290468218 -4.872961499808289 1.6586612114550818 12.370561716901017 -2.3882867256787166 0.9998784065246582 
Car -1.0 -1 -2.2073990029445727 920.9332933117382 171.37861489032122 1241.0 374.0 1.5 1.6009076058864593 3.7661584585905077 3.906338100083208 1.493158248395581 5.410210712946453 -1.5820398582753283 0.9998674392700195 
Car -1.0 -1 -2.2357227169440685 408.8667446288991 180.6317419967099 522.3510782641014 233.27146153293106 1.5 1.5776984885334968 3.695742276310921 -4.673298460626246 1.7664739061885681 22.886944409711152 -2.437144414582525 0.9998637437820435 
Car -1.0 -1 -1.778057353160733 0.0 181.0427885697021 193.59370624493056 374.0 1.5 1.5504858016967773 3.4979971617460253 -4.220849555248995 1.5669533691281343 4.255867558773359 -2.5593244592335567 0.9997677206993103 
Car -1.0 -1 -2.1264099142562376 320.2359232897127 180.73723859157488 475.4519028481245 262.82517128185907 1.5 1.5437674269080162 3.445642676949501 -4.589803685066888 1.6855605140502814 15.230248882980652 -2.4191149036076407 0.999652624130249 
Car -1.0 -1 -2.2542782820428666 478.1005987534635 180.43713403187695 564.4113429596342 213.24861757425361 1.5 1.7759060978889465 4.624659058451653 -4.554497045927157 1.9049684439206238 36.25696828045496 -2.379240886369024 0.9995760321617126 
Car -1.0 -1 -2.253959393817606 465.1290324508007 180.63388687727428 541.8790065625085 215.6036099576459 1.5 1.5369970843195915 3.6999619126319887 -5.030326649537621 1.8818910809930351 33.568191203329164 -2.402706519761358 0.9994874000549316 
Car -1.0 -1 -0.5430952281779571 835.3257780414732 176.38918936431514 981.409595999212 226.81531769763606 1.5 1.612158541381359 3.994738918542862 9.300409803100159 1.6170930151238088 22.719171894795775 -0.1545426408436639 0.999434769153595 
Car -1.0 -1 1.9815802913850866 276.77446495798273 181.82378217999798 379.3157644393531 238.23001960165467 1.5 1.5212240189313888 3.66425761282444 -8.375840403172434 1.7925487855423494 21.639280270821825 1.6122729659040989 0.9523460865020752 
Car -1.0 -1 -2.328063625463235 429.1496056025201 180.66944696831868 529.7000528102611 226.2365953602433 1.5 1.5523711711168289 3.540651735663414 -4.777845628781038 1.8000602359321478 25.994521746466173 -2.509836808839117 0.846274733543396 
