Car -1.0 -1 1.7506560150295472 413.68513600457044 179.4774301069537 544.4617328613276 277.16069398316574 1.5 1.652957734465599 4.096117851138115 -2.3009857376693867 1.6423751173542482 13.412030924120478 1.580748784538132 0.999993085861206 
Car -1.0 -1 -1.75393057568527 722.0956948627813 177.77452680154852 793.5286910370494 230.90702709980286 1.5 1.5537424504756927 3.4460338324308397 4.461803710895764 1.6650989225388948 22.42141955422218 -1.5574992607024056 0.9999772310256958 
Car -1.0 -1 1.6894360755268194 482.4647284680599 179.7802874522612 558.9162273836522 244.2741860141588 1.5 1.562434484064579 3.7828447788953783 -2.3096922578467574 1.7016925851059692 19.078208030609566 1.5689579685542243 0.9999731779098511 
Car -1.0 -1 -1.7485380419843153 703.0770780099789 178.29507207686865 754.9808198500672 218.583337982937 1.5 1.4901889979839325 3.258950871229172 4.675462936692651 1.7310528592749668 28.94726839707426 -1.588404434793864 0.9999493360519409 
Car -1.0 -1 -1.67727973565891 690.0320244572972 178.55680270332147 732.2528772240354 213.14885743393378 1.5 1.5669838085770607 3.6200473576784136 4.634541223026145 1.781393436563344 33.722054098429766 -1.5407018019494159 0.9998517036437988 
Car -1.0 -1 1.2675287733569665 789.535783580226 175.69121914469716 989.894068088768 296.147036924516 1.5 1.5858345225453376 4.38624122440815 4.023745977596245 1.5535755931805615 11.30908240976916 1.6093592524488987 0.9998500347137451 
Car -1.0 -1 1.6271322277093565 556.2250114116532 179.94210090021363 592.1634787358254 213.2485929607324 1.5 1.5452459946274757 3.630475190281868 -1.7346994474804838 1.862960234137929 35.088051858945654 1.5777339816053928 0.99982088804245 
Car -1.0 -1 2.4596126005101135 0.0 178.410292253136 277.12618301856446 374.0 1.5 1.5751394003629684 3.62511822283268 -2.834444262778573 1.5331224825487384 2.420509281379409 1.5956063151320041 0.9997970461845398 
Car -1.0 -1 -2.1908422081181067 934.7138715312436 169.8211311435684 1241.0 374.0 1.5 1.5788738176226615 3.5116980344057085 3.5421651388287656 1.4885157269443197 4.597973244465789 -1.5344279083099706 0.9998493194580078 
Car -1.0 -1 -1.7737984577314616 732.0836898455807 177.18065324035567 837.3505464499285 249.29507448282334 1.5 1.6131695851683616 4.152711343765259 4.00021854693958 1.6169832851981618 17.35159645759059 -1.547218273454581 0.999354898929596 
Pedestrian -1.0 -1 1.4338974402813915 947.5687219306719 122.16089351229506 1088.9296853860794 374.0 1.8 0.7011130943894386 0.7685171000659465 2.586246968915547 1.5002299594771167 4.752510768518655 1.9322655081709446 0.9782349467277527 
