Car -1.0 -1 -1.625059753971501 638.0806324773735 179.152266439691 672.8058540177915 210.73892680896762 1.5 1.553598840534687 4.033512112498284 2.25028541214276 1.8417832226447488 37.08977553903065 -1.5644627200115961 0.9999998807907104 
Car -1.0 -1 -1.7416960970822544 662.6512636592134 178.27578821039245 736.2153632294694 233.82327813935692 1.5 1.5619149923324585 3.768208858370781 2.559691793004173 1.6784952320500381 21.78053440007175 -1.6247107135739667 0.9999978542327881 
Car -1.0 -1 -1.6349503973307142 653.5147032807065 178.6809682589566 703.3533939013518 222.83785137216813 1.5 1.5932417035102844 3.857824441790581 2.447662079118645 1.7339362103829565 26.971410720405917 -1.5444480581816775 0.999996542930603 
Car -1.0 -1 1.7590580935455626 431.63753297898245 179.99839126888116 528.6939881636038 251.90102410846984 1.5 1.592324909567833 3.869578477740288 -3.048252650202156 1.6917726717642771 17.382670136471134 1.5854616045912326 0.9999974966049194 
Car -1.0 -1 0.33182992800195077 253.43717979841722 183.10606404265695 334.9028654199915 210.19723338148444 1.5 1.5711710348725318 4.011685264110565 -18.19426285644587 2.1049838302331034 41.60653352854185 -0.08040709892777034 0.9999954700469971 
Car -1.0 -1 0.2299126756546694 351.7330881498967 182.1356751743793 426.4044870352543 209.13497700225187 1.5 1.5530266359448432 3.866427627205849 -12.729107538922944 2.047277306091256 41.60948949943875 -0.0669649402287347 0.9999955892562866 
Pedestrian -1.0 -1 -1.8906260427283919 809.7204163418544 160.68463896939406 857.0814462967445 258.4829843266348 1.8 0.6725165553390979 0.680429071933031 4.15709049112095 1.5763780959321678 13.625402333989257 -1.5944982683893782 0.9999840259552002 
Car -1.0 -1 -1.8240867657330073 711.3407541323746 176.9639120381692 836.5231160742053 278.47020217249286 1.5 1.387222346663475 2.730742518603802 2.596673081277557 1.577614521149145 12.166527553880092 -1.6138139935818059 0.999996542930603 
Car -1.0 -1 -1.8821477259230617 752.5506583939086 175.33219203795124 1013.7614190447458 348.53128492733515 1.5 1.5404364585876464 3.8679542511701586 2.715004694188091 1.535332067637255 8.24091346204268 -1.5638923198592407 0.9999717473983765 
Car -1.0 -1 -2.2240066270641092 893.2225752820949 167.2360427175735 1241.0 374.0 1.5 1.548786510527134 3.768604111671448 2.9042862993480116 1.4860906376145386 3.721236784679221 -1.561292755478297 0.9999419450759888 
Car -1.0 -1 0.5710187244966074 154.9181928192128 184.12526594431696 236.41837464499648 211.2961516684498 1.5 1.6995281472802162 3.747442600131035 -23.85532137902369 2.164245425110144 41.55434733371201 0.04987971385451726 0.673976480960846 
