Car -1.0 -1 -1.3122288895266918 307.6552439831874 179.4766756716727 503.55939020525835 309.9300001468839 1.5 1.6303949549794197 4.546017807722092 -2.805733407681598 1.6204211974325862 10.801506618764103 -1.5663664118063194 0.999997615814209 
Cyclist -1.0 -1 -2.497684505776854 691.5355740654329 182.14012373049047 764.2319379819833 247.27750695407548 1.4 0.4414922118186951 1.7153958350419998 2.6222181571669494 1.6225828230191452 16.494521047366476 -2.340028719105993 0.9999991655349731 
Car -1.0 -1 -1.5771026498713157 589.35495205335 179.87580817738228 614.9042712044447 204.49748746720513 1.5 1.5922807648777961 3.46625657081604 -0.5541292428859914 1.971847228040961 46.69864920949975 -1.5889681587603433 0.9999969005584717 
Pedestrian -1.0 -1 0.29931706257282786 372.5902993417099 169.62172145037275 386.52562138257895 244.00417775080686 1.8 0.3397206336259842 0.2355237051844597 -5.6786601188456105 1.7221391009633635 17.62922552956033 -0.012304381528173172 0.9999951124191284 
Pedestrian -1.0 -1 2.487204982986266 668.47904114431 167.9472272075123 688.0742204607649 234.02679592954664 1.8 0.4042157929390669 0.3684305611997843 1.8366533262219429 1.666697883226482 19.921068401855408 2.5791416048964084 0.9999330043792725 
Car -1.0 -1 2.2004050650221796 0.0 183.84211734123764 164.40639517667182 258.8212218846228 1.5 1.6006408751010894 3.600014236569405 -12.30968266582156 1.7831446237398787 16.763508612951664 1.5670186718318122 0.9999350309371948 
Cyclist -1.0 -1 2.8308193608556307 694.3631405850239 182.3034506116904 717.0369679434621 237.8069972825116 1.4 0.39652716629207135 0.47772014774382116 2.405316405498776 1.646006565883572 18.516270390638944 2.9599988341291965 0.9999982118606567 
Cyclist -1.0 -1 -2.71656591716389 684.8859162421148 181.9374368398562 748.6052231013517 237.70150584427668 1.4 0.48335655853152276 1.5978649750351905 2.745997155397269 1.6469678279870916 18.952572777140357 -2.572679356732641 0.9969044327735901 
Pedestrian -1.0 -1 -3.24442398130513 694.7868964554413 166.57005265362008 717.6765190679575 238.63495275506494 1.8 0.4319662254303694 0.530867700278759 2.381131478083095 1.643400625621415 18.242512293092037 -3.114631251492773 0.9767654538154602 
Pedestrian -1.0 -1 -3.1950141448493508 700.7910486537952 166.4208289947264 713.5078240863418 239.2251312625227 1.8 0.38457345478236676 0.2937746725976467 2.3786312249430184 1.6413053096512986 18.039523679334597 -3.0639137784626826 0.9079653024673462 
Pedestrian -1.0 -1 -3.102271292832353 700.6164675267079 166.15642599035883 719.7065311511712 240.2721674255397 1.8 0.3462883669883013 0.452472085878253 2.4143999424743328 1.6376982813679115 17.730587344856346 -2.96693225304154 0.5015206933021545 
