Car -1.0 -1 -1.5522569150229917 571.1091403882413 179.02038293679269 637.6062782179011 242.80846283360933 1.5 1.5975770100951194 3.6839435368776323 -0.16706553399339816 1.680035124053696 19.171834597264883 -1.5609708075088007 0.9999972581863403 
Pedestrian -1.0 -1 -1.528088489077208 1121.6552824009216 154.58570007183758 1172.4099774977062 267.6293999678769 1.8 0.6451707825064659 0.8328884400427341 8.894921205961976 1.5094708902574967 12.012986608237116 -0.8907325426724297 0.9998766183853149 
Car -1.0 -1 2.0154220356558783 112.69501127488886 181.05996550178136 372.3741851941192 287.300539340733 1.5 1.9222904488444328 5.775975671410561 -6.419113295428838 1.6870122672964656 13.520196626112986 1.5721535563429416 0.9998430013656616 
Pedestrian -1.0 -1 2.2086758691588106 1170.8254938285138 164.8288522563022 1186.7278460484963 218.3363306978248 1.8 0.43070963844656945 0.13038949370384217 19.264051321284644 1.530390562012824 24.494818509728486 2.8751023888548435 0.9991413354873657 
Pedestrian -1.0 -1 1.7203035296880453 1089.321046288055 156.93608162681593 1133.6695044224307 258.92562860382816 1.8 0.5613455109298229 0.7584454052150249 9.127280005851619 1.5194246261166748 13.200125764952457 2.3252708792646946 0.9990457892417908 
Car -1.0 -1 1.818835031073645 408.4864263434654 181.49962065352435 453.99178952872484 207.20990898684522 1.5 1.7585665479302406 4.489508506655693 -11.322881188815387 2.0768142329057007 45.856643772856714 1.57675813436113 0.9970147609710693 
Pedestrian -1.0 -1 1.7070186953458473 1072.7921877698464 157.39035080047 1119.0891793841618 257.7873883818384 1.8 0.6261739440262317 0.6963879361748695 8.977711665940678 1.5231129380435582 13.401817591140967 2.297247874732834 0.9952605366706848 
Pedestrian -1.0 -1 2.1199920488234576 1160.1206244425885 164.96781932958663 1177.7646541939632 218.29117716100708 1.8 0.45721852481365205 0.16334471553564073 19.008776289192987 1.5341494058682539 24.596416987915354 2.7779431223829807 0.9942880272865295 
Pedestrian -1.0 -1 2.237767461759831 1155.7523615171629 164.9970941643189 1173.6865536456683 218.4137569167748 1.8 0.4793980184942484 0.1730571061372757 18.840112042758264 1.5356008868028523 24.56480750729375 2.8920320153196872 0.9694104194641113 
Pedestrian -1.0 -1 2.033806577789427 1165.4540729962036 164.8736383490044 1189.7017611243932 218.23896637196665 1.8 0.5583082817494869 0.3398048717528582 19.352131204243676 1.5311820683049642 24.65956814807462 2.6991927504499973 0.8615505695343018 
Pedestrian -1.0 -1 1.7517127138292485 1150.686873752014 165.09780507256306 1170.7155426451295 218.20964207462595 1.8 0.4840774953365326 0.39210631772875787 18.85563076278506 1.5374945300473974 24.761660028827922 2.402523744102341 0.8000379800796509 
Car -1.0 -1 1.1650652234490708 0.0 186.92004602093704 0.0 236.84873967505385 1.5 1.5109912052750587 3.528544542193413 -24.895180480615014 1.9890558893715635 23.742723383966663 0.3559768637034552 0.6143423914909363 
Pedestrian -1.0 -1 2.221007489066868 1163.8688857298735 165.00416734812643 1179.5934642594705 217.94972948612644 1.8 0.4233799435198307 0.14593391939997674 19.224394232246617 1.5334855919790327 24.750841213589926 2.8813892483671726 0.5177719593048096 
