Car -1.0 -1 -0.1578397767579576 711.5838931585338 177.9699448595756 826.8780729948512 220.07311207699843 1.5 1.5728356808423996 3.9821537703275682 5.80346879737323 1.6968601898096187 26.816125098720903 0.05529050429793767 0.9999998807907104 
Car -1.0 -1 -3.8227956334423823 965.4442961140528 171.68337063387588 1241.0 339.1220856377142 1.5 1.6457435235381126 4.286373642086983 6.101086517678646 1.489870807078693 7.314001381862687 -3.1275665322926387 0.9999994039535522 
Car -1.0 -1 0.3380467605914288 269.9453498265398 181.55440461086627 461.97902853221683 250.65317931107046 1.5 1.5635064363479614 3.9076520621776583 -5.590033588232796 1.7112246698191775 16.67460586061465 0.014579101404871264 0.9999990463256836 
Car -1.0 -1 0.19017064529073388 441.7255460189977 181.04704869274462 530.0069093020314 213.1330260334229 1.5 1.5805744126439094 3.992501136660576 -6.0114911557629265 1.9070411030463 34.982630381978204 0.01999060710402898 0.9999988079071045 
Car -1.0 -1 3.555895536903766 99.58755948358161 182.13534892686388 390.2853263974308 281.11249632874785 1.5 1.5788935616612434 4.013432052731514 -5.936785200145095 1.6657960677398163 11.977920865655575 3.095738756652695 0.9999908208847046 
Car -1.0 -1 -0.40752372650112645 796.2185474396468 176.4256250473415 973.8930882629847 242.97094382813557 1.5 1.5720731139183044 3.639834609627724 6.435160462422122 1.590006078011803 17.231728759426 -0.05011411110428401 0.9999818801879883 
Car -1.0 -1 -1.6400415879944283 639.5121876095667 179.2272216748593 672.5375271059506 207.35211288748542 1.5 1.6106425344944 3.936593842506409 2.558172458604122 1.8830436633831924 41.348405579913894 -1.578251637579177 0.9999494552612305 
Car -1.0 -1 -0.5010067030549075 833.3505420598644 175.71080227714998 1047.0995058786043 253.7345883988448 1.5 1.5391525372862815 3.7222577750682833 6.65565236429436 1.5627927472511463 14.851053437694997 -0.07968373695877619 0.9999371767044067 
Car -1.0 -1 3.699012628757806 0.0 182.95011606029715 298.6007373001841 307.9365519625923 1.5 1.5898544833064079 3.891878437995911 -6.512905228205961 1.6476572896622288 9.66025761282443 3.105815637107712 0.9998107552528381 
Car -1.0 -1 3.3481590202477274 332.4254095660175 181.4631232775591 471.7091952694855 234.43499021986457 1.5 1.564073984324932 3.7742531418800356 -6.196076337868729 1.7695596647871998 21.64304120261126 3.0693318724592746 0.9989676475524902 
Car -1.0 -1 0.40537449863921826 297.8343543853858 181.46474415638832 469.09970849619384 242.6898685737464 1.5 1.6244447350502014 3.979342293739319 -5.9331945429625454 1.7388447315306839 18.970208004288203 0.10224930842849186 0.6526362895965576 
Car -1.0 -1 3.27869954958589 466.1272495838364 180.90665474375177 543.0826717898215 210.41281781490906 1.5 1.6027579575777053 3.8218589991331102 -5.535398905366022 1.9329196042627215 37.93966136346506 3.1338217139204563 0.6227342486381531 
