Car -1.0 -1 1.7780652683198677 392.2729372634923 179.8700501127302 531.886729248968 263.7507430794552 1.5 1.9268658503890037 4.76230965256691 -2.7678130915432093 1.4721236210662467 15.249990365431115 1.5985236048658908 0.9999978542327881 
Pedestrian -1.0 -1 2.962987697774134 603.6901744195432 167.47024456288355 636.7291434608884 234.35847446096886 1.8 0.7670341551303863 0.7830569081008434 0.4784027672145833 1.4236124293682868 19.76735547222758 2.9871846318205417 0.9999974966049194 
Pedestrian -1.0 -1 -2.4471551715519464 821.5218970691811 138.71699325614892 967.4692109780698 351.0882112871017 1.8 0.8075081303715705 0.9686999514698982 2.6625797380510323 1.4387691060177679 6.704214206819022 -2.0691079656269893 0.9999668598175049 
Pedestrian -1.0 -1 2.9449951510368155 610.5170924139901 166.45959417898013 647.2854738284517 238.56919931753762 1.8 0.787481714785099 0.7995504446327686 0.6616077986572979 1.4257462311951221 18.38107298429558 2.980973589416367 0.9999504089355469 
Pedestrian -1.0 -1 -2.3125558248808606 1047.4931050850864 120.10101153228872 1237.0 373.0 1.8 0.7560840368270874 0.9780164368450641 3.646206418410017 1.433720759799393 4.821654991634178 -1.6650891537454469 0.9999403953552246 
Car -1.0 -1 1.6833679439513407 488.80515500580213 179.4546645020443 565.880167366429 235.23883412084518 1.5 1.7792990922927856 4.770126056671143 -2.1404813752189025 1.4461635818940028 21.71048465622478 1.5850934863050998 0.9999262094497681 
Pedestrian -1.0 -1 1.8325444715445263 546.2165643745592 165.66683724861352 592.8416036712655 245.95182035301156 1.8 0.8603591963648796 0.9746622785925865 -0.7636066518147795 1.4462342627014066 16.670748636794734 1.7867712855299533 0.9997900128364563 
Pedestrian -1.0 -1 1.3253779119113396 836.0607963966569 154.22379305623673 891.2732642844527 281.47533021739923 1.8 0.6243583306670188 0.6144053794443607 3.7748495748730266 1.4154891536864977 10.495177518405907 1.6706454634626926 0.9997475743293762 
Pedestrian -1.0 -1 2.8745299947308633 604.7840445841227 167.57413799906007 637.1475501899197 233.83249628833929 1.8 0.6710974991321563 0.7453853756189346 0.5057849310589961 1.4228426262380884 19.92694694136718 2.8999065041502536 0.9981397390365601 
Pedestrian -1.0 -1 3.3177057014257985 0.0 131.3223117868698 120.20378359695115 373.0 1.8 0.9339557521045208 0.9289158999919891 -3.8300694994055653 1.5148260634628938 4.733457781575367 2.6374113440474094 0.8570984601974487 
Pedestrian -1.0 -1 2.187103436698283 890.3632144232323 152.19266354366664 964.3120926952193 286.499265782005 1.8 0.7710790753364563 0.5484460413455963 4.526688705270808 1.4085440362105022 10.096031021850175 2.6085953593214573 0.627353847026825 
