Car -1.0 -1 -0.2219147213706645 748.0840052868845 177.371652628268 882.4364704106154 227.72882964187116 1.5 1.6008098170161247 3.7733650326728823 6.284680596850469 1.6471201973208454 22.543813758976434 0.04995886882277898 0.999998927116394 
Car -1.0 -1 0.36007126717532456 289.3937736864103 181.6306934419723 442.5454449694851 247.03777731506486 1.5 1.525135014951229 3.204445776343346 -5.921749063365724 1.7242203939490628 17.58264747595109 0.03520838817092351 0.9999963045120239 
Car -1.0 -1 -1.7369494954582672 690.7116337126099 177.72176970426867 780.2075103091644 247.60534279017716 1.5 1.5482686951756477 3.5068987429142 2.882896463001388 1.6301783450397385 17.48467036221108 -1.5735383614108456 0.9999971389770508 
Car -1.0 -1 0.32691387892108215 293.126692756678 181.58247819422348 471.06148094214916 239.47552464919502 1.5 1.643829283118248 4.367104780673981 -6.216188962478313 1.7507932564718218 19.82730672197268 0.02310316165419988 0.9999918937683105 
Car -1.0 -1 0.403826347355561 239.75144296657794 181.6326384268418 442.8766036393176 258.6479307532324 1.5 1.5563762307167053 3.673767161369324 -5.584579120080633 1.6948908778706244 15.117444361430852 0.0499629219386237 0.9999934434890747 
Car -1.0 -1 0.44588026070340203 162.32078118111184 182.01669365965338 400.45769252469245 271.7680158421735 1.5 1.5239546567201614 3.6096470922231676 -5.865223902999092 1.6759624337571 13.022879299291318 0.022711678347315113 0.999983549118042 
Car -1.0 -1 3.3618794029061263 372.3693417605168 181.34180719491474 490.20198668713266 227.04159326422882 1.5 1.5605455756187439 3.68077629506588 -6.1222150977089 1.8018278229134024 24.804830635318716 3.119900214668137 0.9999313354492188 
Car -1.0 -1 -0.14585979112799155 686.8338255936908 178.62600824269757 766.398454242901 207.93692417646434 1.5 1.645299282670021 3.947620701789856 6.075381058679242 1.811958652912677 38.10257111767754 0.012257262072290697 0.999846339225769 
Car -1.0 -1 -2.244715307508213 883.5193732358828 167.8515600267352 1241.0 374.0 1.5 1.5791954964399337 3.3739382892847063 2.7966375492849127 1.4867046857575035 3.671179417800137 -1.5937164100494725 0.9997640252113342 
Car -1.0 -1 3.7113187483135346 0.0 183.11091647294825 271.64846436586583 302.08302967231987 1.5 1.5164671957492828 3.3312278360128404 -6.77956383853203 1.654351203977617 10.031152233116497 3.1169847130735935 0.999481737613678 
Car -1.0 -1 -2.333944001451116 0.0 183.74134873910918 179.45754883590996 350.1458151774963 1.5 1.5871739506721496 3.5190662860870363 -6.767624450874645 1.6282772121635036 7.548688029707994 -3.0648386041310176 0.9987339377403259 
Car -1.0 -1 0.16411601778486415 425.73620673218636 181.1419455316146 522.8640025641604 213.74071180607095 1.5 1.6804593175649643 4.353559997677803 -6.474623994880217 1.9072544242962006 34.53493551903916 -0.0212130109455926 0.9982095956802368 
