Car -1.0 -1 -0.19850679591515077 689.1493046021848 176.6645523468119 958.3831478972054 272.5540679070916 1.5 1.6655590876936912 4.155019161105156 3.4222163956440004 1.5707290167335182 12.342186398804083 0.07197599013778141 0.9999995231628418 
Car -1.0 -1 -1.693990137898757 636.6800683824707 179.12916832507779 677.5208754422715 212.59547069635994 1.5 1.5396053463220596 3.4739392369985582 2.184543518169702 1.81839146669859 34.78540920593146 -1.631271933266197 0.9999916553497314 
Car -1.0 -1 -1.687649803958327 648.5506248688289 178.86158996890416 695.5165907097743 218.26421109839706 1.5 1.5204918131232261 3.507349503040314 2.463239691942757 1.763193957165154 29.78628111992119 -1.6051404299822194 0.9999911785125732 
Car -1.0 -1 1.9231771532653228 85.10206313408779 179.01853059877044 482.4533299089928 374.0 1.5 1.902107198536396 5.785672974586487 -2.984874245853057 1.5955081946010743 8.236984635888444 1.575520980354172 0.9999765157699585 
Car -1.0 -1 -0.6461562815939741 898.8680796799588 167.87557898618292 1241.0 374.0 1.5 1.6349541515111923 4.301217433810234 4.0971638148396625 1.478679323542694 4.217867501145107 0.12472657760116032 0.9999662637710571 
Car -1.0 -1 2.1299239576903393 0.0 181.7402079981246 274.6270345506702 340.5270473252395 1.5 1.5475554883480072 3.329015386104584 -5.615307801137756 1.6278976178744877 8.677056060986317 1.5555588444087165 0.9999595880508423 
Car -1.0 -1 1.7768237079465001 440.95985285261827 179.52334508302465 564.0191745847113 249.53284346906855 1.5 1.9752376273274421 6.072036784887314 -2.6484151222576746 1.7059502966297815 19.143190343080107 1.6393487334211887 0.9999593496322632 
Pedestrian -1.0 -1 1.038640973780498 991.0913500138905 162.42498406483605 1022.5217193497928 239.68190651653526 1.8 0.5304496295750141 0.3779538933187723 9.30025439195247 1.557373413672832 17.00556510416163 1.53909699519607 0.9999423027038574 
Pedestrian -1.0 -1 -1.7390067528510644 723.3617197003272 170.22367235118026 743.8804634221792 220.08058099335452 1.8 0.6708325378596782 0.44308053590357305 4.454149761241791 1.7053942214540403 26.268785606009075 -1.571043732345805 0.9998267292976379 
Car -1.0 -1 2.386506986942675 0.0 182.3458438961623 10.765020282048368 374.0 1.5 1.5178554251790046 3.61438826918602 -5.514245380455726 1.5783809850047212 4.041884351465983 1.4482359131190436 0.5115805864334106 
