Cyclist -1.0 -1 -3.276308701982957 832.8443620365176 182.84420879722157 976.5126320530362 298.10160459422895 1.4 0.5807186037302017 1.6528564065694809 3.7079104854336653 1.5361861506161678 9.326187163976895 -2.897889808812414 0.9999997615814209 
Car -1.0 -1 1.6086714279513372 498.37863900456324 180.16514835850396 545.4449785579694 224.61057328658904 1.5 1.60275851637125 3.992796924710274 -3.282721035829311 1.7956187818965685 27.080773775572208 1.4880403717372077 0.9999992847442627 
Car -1.0 -1 0.024826881612388857 611.054131293169 179.52083947093445 680.6985367406086 203.78499025701873 1.5 1.7245354622602462 4.370906066894531 2.2776859799802245 1.93656720029721 46.18557307085003 0.07410292228194645 0.9999988079071045 
Car -1.0 -1 -0.06353207997240798 636.0605524876274 179.00671672021326 726.0012996093465 213.53280621532866 1.5 1.5741920590400695 3.9348504066467287 3.1064333619426594 1.7847284487248485 32.496610104778156 0.031770869097437184 0.9999986886978149 
Car -1.0 -1 2.1613109300742774 0.0 181.79677170370653 251.48019436183466 356.0553473005171 1.5 1.4973270267248153 3.491553154587746 -5.693384406416055 1.6232001704122851 8.14873073813041 1.5514690121028083 0.9999972581863403 
Car -1.0 -1 1.8166764917517646 347.7233859003338 180.00680500415683 492.4340876025037 278.62188125285974 1.5 1.6082661718130111 4.0353699147701265 -3.3465094171604375 1.6520776222161897 13.283536688136236 1.5698830326411384 0.9999899864196777 
Car -1.0 -1 1.7330745483907088 440.2131322210277 180.0908252136832 529.3179653525902 241.78148334555604 1.5 1.7594535395503044 4.443138328194618 -3.43209989930683 1.726214938359474 20.289838265060038 1.5655070980403083 0.9999685287475586 
Cyclist -1.0 -1 -3.173407914578603 857.3141827485599 182.8306119219639 1009.5142159247594 309.1378269480187 1.4 0.6246998466551303 1.6161047413945198 3.7903775982308545 1.5285376998648323 8.67780243900885 -2.761593536534582 0.9999089241027832 
Car -1.0 -1 1.9643096439003747 173.2710469138743 181.345535027123 356.1586062729916 286.89403203742876 1.5 1.513504658639431 3.680012983083725 -5.760839301984538 1.668573227507133 12.421449548684029 1.530054255327906 0.999724805355072 
Cyclist -1.0 -1 -3.3177199688420522 793.3083186459119 182.98213290850842 930.4976643187011 288.94030658508586 1.4 0.5498826995491981 1.725328017771244 3.403590196381048 1.5465458513498413 10.00972630566716 -2.989956096806799 0.9996260404586792 
Pedestrian -1.0 -1 2.159647533148975 112.22796777630599 166.85024541294882 151.2129017854703 271.5297046531798 1.8 0.5115043863654136 0.2501835606992245 -8.356039984395455 1.697121195067635 12.529615075180907 1.5714812159498752 0.9995471835136414 
Car -1.0 -1 -3.8983435358985004 1175.9782160727236 171.09003224683627 1241.0 273.8350968537865 1.5 1.579708468914032 4.095930096507073 11.584646321031874 1.4746052790845383 11.395943086207156 -3.1047341386463985 0.9983530044555664 
Car -1.0 -1 1.7247052180692723 537.1196976390264 180.31530726669507 570.6244078818036 205.87543323405106 1.5 1.5513644114136695 3.709845107793808 -3.5196229998054154 1.9892257860088478 45.363955834416515 1.6472740054091037 0.9975155591964722 
