Car -1.0 -1 -2.349385950150691 722.1941355335016 177.9333641287751 806.5821339454052 217.55697054798523 1.5 1.4719518393278122 3.3150891333818437 6.226308787365897 1.7211133794644213 29.56383666078053 -2.1418138305333 0.9999979734420776 
Car -1.0 -1 -2.2117975894629107 850.5926093784569 170.11338247142425 1241.0 374.0 1.5 1.6065411761403083 3.99779589176178 2.9145911903258845 1.4918113686823653 4.278961844511416 -1.6138387518611295 0.9999896287918091 
Car -1.0 -1 0.5206695630664069 86.67562363565327 182.08175607113998 387.5194550493442 289.66340631588696 1.5 1.5567513674497604 3.84477176964283 -5.639126350813745 1.6532735042816482 11.0807249788978 0.049916907152857105 0.9999837875366211 
Car -1.0 -1 3.3984059932582156 301.0488533244193 181.80871005659924 430.0232873741941 237.47393759966207 1.5 1.4801517620682716 3.2111047327518465 -6.938938749640665 1.7661065686056217 20.561843683010654 3.072939980026108 0.9999589920043945 
Car -1.0 -1 3.368847263582376 357.12940066723314 181.38621165053374 493.026886464721 226.62442389455012 1.5 1.7079322159290313 4.317787152528763 -6.409403265452757 1.8086111193649925 25.163526659326944 3.119440543647629 0.999889612197876 
Car -1.0 -1 3.797140274582348 0.0 183.43161465108778 239.88772380384222 325.46507280829803 1.5 1.5878472968935966 3.610035640001297 -6.65009885622216 1.6374167227106253 8.541863528954236 3.135628449912888 0.9995079040527344 
Car -1.0 -1 3.3746375661468173 335.6964916098209 181.59567140450227 456.9176388448554 231.84509995615068 1.5 1.5522752448916435 3.391147640347481 -6.697995247068006 1.78594756820853 22.703586693200673 3.0877565026243747 0.9994288086891174 
Car -1.0 -1 3.9772427214617854 0.0 184.7888095003826 101.68566550875379 374.0 1.5 1.5607530742883682 3.945950281620026 -6.939034175267303 1.6157901146510998 6.1807821964077165 3.1341143727263034 0.9987176656723022 
Car -1.0 -1 -1.72982898533028 626.0956031420195 179.37410518976327 662.5665069760131 207.00650778537005 1.5 1.570717853307724 3.5031484931707384 1.9157093606830888 1.8951534907371688 41.857609499848536 -1.6840936104443414 0.9965997338294983 
Car -1.0 -1 3.5375283347327424 172.5937139678685 182.1814632092132 372.72070481950306 268.07754193176913 1.5 1.4801817506551742 3.0773846924304964 -6.28595855415954 1.686111300271255 13.568583844371176 3.1036915659864963 0.9959051609039307 
