Pedestrian -1.0 -1 -3.6957653043168 1094.879555137806 156.87934541393324 1134.6379755372186 232.6055468271496 1.8 0.5641169406473636 0.5674469776451587 12.287130852968021 1.2401438377512568 17.102373844846714 -3.0727664987233028 0.9999992847442627 
Cyclist -1.0 -1 -2.060809177506799 834.8414299737478 178.34408893586405 907.4143027763315 266.87406250050014 1.4 0.3940471474081278 1.699337039887905 4.448787049527061 1.3675624189509803 12.044744616059706 -1.706996680298124 0.9999991655349731 
Pedestrian -1.0 -1 -3.7495892613106125 1103.8059474894428 156.7587930222756 1143.4059952181383 232.49791668880528 1.8 0.5984573185443878 0.5237045258283615 12.502173549026518 1.2373746354366282 17.103827538442456 -3.11838705936936 0.9999953508377075 
Pedestrian -1.0 -1 2.3878640738438746 618.9319904647556 160.11796810795542 675.8800946583023 251.77696294096916 1.8 0.6204599075019359 1.011882585287094 0.8283038830212344 1.4013679245518222 14.442602137081447 2.4451527476271213 0.9999878406524658 
Pedestrian -1.0 -1 1.3184646026339704 831.5519729233733 144.40408855688696 910.1703312246727 308.8216766782275 1.8 0.6575340896844863 0.8396766640245914 3.0050796021881028 1.4065193979646473 8.186025162120785 1.6702902197798313 0.9999852180480957 
Pedestrian -1.0 -1 -1.3727855291926851 874.0441397728273 162.8657759276964 899.3581539356545 221.2586032972022 1.8 0.6521203115582466 0.5029665797948837 8.807378644382146 1.2579691279250134 22.178817051123954 -0.9947750131275995 0.9999687671661377 
Pedestrian -1.0 -1 -3.4437770340327267 896.0592375228395 160.45399401558748 938.3794234526442 230.37997025753373 1.8 0.6315656498074531 0.8660999618470668 8.149690628797185 1.2855756859426262 18.55758662572758 -3.029976801076208 0.9999446868896484 
Pedestrian -1.0 -1 2.413739702925358 606.6967615622027 160.66487704232247 661.2190617626375 250.26336381705178 1.8 0.5546010591089725 1.0288225047290325 0.5669793644637362 1.403147247551684 14.740552954848182 2.452184665199143 0.9999563694000244 
Pedestrian -1.0 -1 2.15614192782745 666.9161416562606 158.61767950207175 718.7576036802236 255.39281755176708 1.8 0.5847231976687908 0.9239455245435237 1.66423755576249 1.3946300839297603 13.687208458255906 2.277138698097092 0.9997312426567078 
Pedestrian -1.0 -1 2.3203442633876206 622.1748580023752 159.2961412932991 676.8417374368425 255.52946468889922 1.8 0.5933277800679206 0.9222335673868656 0.8274543192870789 1.4050281679405043 13.752906407803305 2.3804376006086887 0.9990876913070679 
Pedestrian -1.0 -1 -3.692460240209961 1121.9919939606366 155.48332763806175 1172.9091472684668 236.63959725708014 1.8 0.5733501657843589 0.7198972187936306 12.226825215711116 1.246758027351115 15.998703828341801 -3.039908603825842 0.9973794221878052 
Pedestrian -1.0 -1 -3.599099415924679 1115.1080599546658 156.19733860443426 1152.8413982812792 234.44085077366972 1.8 0.4684323471039534 0.5565220981836319 12.332867096095882 1.242522955888879 16.541738083940626 -2.9584456245091304 0.9886525273323059 
Pedestrian -1.0 -1 -1.5450481536175953 884.4262690123104 162.58249429770183 904.8973104619134 221.83976391553315 1.8 0.5697408251464366 0.7616065934300422 8.959959499996907 1.25729695741573 21.93554156433546 -1.1572634438660485 0.9004565477371216 
Pedestrian -1.0 -1 -1.1180647791234812 860.9475741234348 163.09111825444887 885.8781010916862 221.21267941302622 1.8 0.5791725151240825 0.48827934339642526 8.423913681945924 1.2624098905166423 22.270208699675948 -0.7564397017147881 0.5622696876525879 
