Car -1.0 -1 1.8266169998440585 419.9226888831877 180.10383929801003 521.7495052201654 252.06676858166045 1.5 1.5055679276585578 3.6761710911989214 -3.261357990149515 1.6931909379035306 17.30296488112672 1.6403171896894992 0.9999998807907104 
Car -1.0 -1 1.6960533220918177 471.41710613946856 180.0473876819689 542.427136748824 235.26078205819306 1.5 1.646592703461647 4.246581581234932 -3.1259588859866025 1.7438913470394934 22.29038939337247 1.5567239960047858 0.9999995231628418 
Car -1.0 -1 1.9482787759758715 257.1302967696903 180.15055175093158 459.02194014916773 301.97630925676765 1.5 1.5689321354031562 3.8636042296886446 -3.6634562506099986 1.6325208119559311 11.092163367806654 1.6292838931044162 0.999998927116394 
Car -1.0 -1 -1.5316945535314541 677.3306108076057 178.1474362951275 736.6697212741589 233.74351717184936 1.5 1.6293632358312606 3.6443183690309526 2.9469813394603146 1.6742795684442335 21.768662806200723 -1.3971353630211694 0.9999979734420776 
Car -1.0 -1 1.705038108449235 508.2823213336962 180.28946743441477 553.5772665377016 216.78478957282883 1.5 1.5298344686627388 3.7425423532724382 -3.523440959504068 1.852859738981008 32.31378491382493 1.5964288592299045 0.999990701675415 
Car -1.0 -1 -0.9940271905846242 727.6964185006988 177.96345073388443 799.1430444535778 216.8042439477988 1.5 1.5100405111908912 2.9873481512069704 6.33616047729925 1.7231593321826932 29.87060625399778 -0.7850051681187494 0.9997919201850891 
Car -1.0 -1 -1.1462068242148251 688.7781475622447 178.1559550007128 766.3676517732808 223.5296066938766 1.5 1.4978392541408538 3.4169147282838823 4.266522028333247 1.7057929118672142 26.11728730745634 -0.9842770854618891 0.9990659356117249 
Car -1.0 -1 1.1228369811568308 860.5339045417564 174.64146853509317 1146.270882651809 309.77560170798836 1.5 1.7066961646080017 4.429220271110535 5.1182520619400425 1.5313736303793875 10.291245840658515 1.584354627128464 0.9985740184783936 
Car -1.0 -1 -0.3580925081905204 829.2770818153139 175.64919219261932 1063.813330972538 255.65803741734888 1.5 1.5878944218158721 3.9698811739683153 6.569790591089466 1.5601788998434856 14.514200039161157 0.06695942481490544 0.9979543685913086 
Car -1.0 -1 1.3560349495299802 518.2423343716916 180.2805274336616 565.65711762515 211.84991885042754 1.5 1.6436750560998916 3.8910506784915926 -3.6147302531778087 1.9067176047652117 37.37416588087958 1.2596174915644782 0.997869610786438 
Car -1.0 -1 2.2879965497139785 0.0 180.10398668402746 308.79374004035594 374.0 1.5 1.5904920667409896 3.978521612286568 -3.87224187849325 1.5712118137415252 5.01562756656147 1.6305413126905979 0.9946513772010803 
Pedestrian -1.0 -1 1.5263355368163212 274.89326586655693 176.86109036655276 290.7215882847944 216.24889756848955 1.8 0.6412656538188457 0.6191157296299934 -15.223302312966696 1.988635926781799 33.47823005918339 1.0995613773677009 0.531071126461029 
