Car -1.0 -1 -2.036854472384173 949.5792829519987 175.38325749910922 1062.7436276793032 225.28290377561407 1.5 1.6606299698352813 3.965396296977997 12.919433832356823 1.5911672858840713 23.89669111462604 -1.54122820409504 0.9999992847442627 
Car -1.0 -1 -2.1601079921333213 1041.1393116507966 174.38192982000783 1173.4226327489391 226.01711229170974 1.5 1.641552571952343 3.7501851588487627 15.601065314409453 1.552947821874314 22.950599754150634 -1.5630905302849156 0.9999991655349731 
Car -1.0 -1 -1.904884781960596 812.9317640860587 174.299935234205 1163.9083666370661 374.0 1.5 1.6066443666815757 4.093516853451729 3.1712564590035126 1.5188685285718255 7.126974530645515 -1.4862255836513383 0.9999971389770508 
Car -1.0 -1 1.7744078329816577 642.2092927354867 178.84155792190236 696.7948789899305 215.76436399134224 1.5 1.6168484956026077 4.201529037952423 2.6897591668924434 1.7868794266646923 32.281250583030975 1.8575384497603 0.9999939203262329 
Car -1.0 -1 2.132747668111024 22.796206245553364 180.04022716943484 403.97943516173535 374.0 1.5 1.553765919804573 3.6572015404701235 -3.5823351710381015 1.5914964309050443 7.2493007490000245 1.6737806677778782 0.9999797344207764 
Car -1.0 -1 -1.5844077068397995 806.4877885559017 175.99308396470272 917.7032729409998 281.73564884476275 1.5 1.54013731777668 3.404281896352768 4.1525672631738235 1.561523346610202 12.19965792603106 -1.2563251117852074 0.9999281167984009 
Car -1.0 -1 -1.607865356495989 807.198797892427 177.42985795473004 844.2626897965458 209.08016266200144 1.5 1.660153691470623 4.023643818497658 10.962114920510432 1.7485059061967647 36.97114914711777 -1.319618449607168 0.9999105930328369 
Car -1.0 -1 1.904692427054422 554.7091829149285 178.73578051541185 669.3456334141365 248.35842171885847 1.5 1.6289495423436164 4.033219677209854 0.131330496621314 1.6654975887264523 18.082608899726157 1.9119551062544407 0.9992133378982544 
Car -1.0 -1 -2.596191596104852 0.0 0.0 1241.0 374.0 1.5 1.6235963001847267 3.9323894798755648 3.0659294931559726 1.4636180866145228 1.734637528756374 -1.5402718661960704 0.9989420771598816 
Car -1.0 -1 1.7427594898032663 687.1138492222772 178.72453836671215 723.760054929687 205.76385907942074 1.5 1.5247444182634353 3.884798523783684 5.696908564117841 1.8672487598331637 43.00971090717993 1.8744492411573948 0.996645987033844 
