Car -1.0 -1 0.3489407877479842 185.24890360818375 181.78289703503498 440.9869484196986 263.3098939404254 1.5 1.656508494913578 4.413304713368416 -5.806851604283067 1.6894866146037402 14.37575356537612 -0.03495211998489925 0.9999983310699463 
Car -1.0 -1 -0.3056506669453265 788.4691207108102 176.62841410146154 952.454270577455 239.93823760096902 1.5 1.5700592219829559 3.5444001227617266 6.367463776351876 1.5991448563865025 18.037623966339346 0.03370325168105534 0.9999880790710449 
Car -1.0 -1 3.884165763323059 0.0 184.21237121760973 142.02897555320516 349.198296482747 1.5 1.449887503683567 3.2268824547529222 -6.9444423464738065 1.628612389314587 7.402039194856163 3.1306528925856174 0.9999192953109741 
Car -1.0 -1 0.6603652162664073 0.0 183.09507748936542 285.1852903339958 308.3235449178656 1.5 1.5898608162999153 3.9997833341360094 -6.76245095550247 1.6505155469064585 9.681486628842249 0.05065135558577947 0.9998472929000854 
Car -1.0 -1 -0.13973526517995974 674.449366774084 178.8316260483922 748.587425132239 205.4192171680617 1.5 1.6482886418700218 4.071181130409241 5.819794289458313 1.8543962991775196 41.90430440033377 -0.0017350474980218028 0.9998199343681335 
Car -1.0 -1 3.611626064011928 91.57773102785487 182.76045099799043 294.3482909012313 280.6957897630992 1.5 1.4499452456831932 2.5383199125528337 -6.876881450052996 1.6759171969570346 11.996035917389673 3.091098296638352 0.9997492432594299 
Car -1.0 -1 0.8733745444077405 0.0 184.35927127574465 136.4269689140915 374.0 1.5 1.6397223368287086 4.188232731819153 -6.051719848679142 1.5953923299606594 5.12613810957439 0.005359931788172045 0.9997534155845642 
Car -1.0 -1 -1.7724442233197286 700.8379867195089 176.91065226927023 844.5936495014603 278.35529815892596 1.5 1.616852779686451 4.312325876951218 2.6644749307948956 1.5855610100543458 12.995307742715312 -1.5702133668845077 0.9996854066848755 
Car -1.0 -1 0.3638643806441695 183.15132337769273 181.8497551367411 473.8277531541778 250.23637079558117 1.5 1.8975474432110786 6.120307606458664 -6.501386466270005 1.7245199058200151 17.025443588314346 -0.0009095231678826429 0.9962747097015381 
Car -1.0 -1 -2.956848588746053 440.39610869843966 181.03660465500508 523.9963750682005 216.61339023512159 1.5 1.4611103132367134 3.3851584911346437 -5.580763418422547 1.8661811921627038 31.50886176692673 -3.1321478644993648 0.8499845266342163 
Car -1.0 -1 -2.743881323352233 359.23210082144016 181.3563675248264 485.7619536658913 227.70364124167318 1.5 1.5938228487968444 3.8986364871263506 -6.447533151783741 1.8053016843031295 24.808369697476408 -2.998149589696203 0.5446442365646362 
