Pedestrian -1.0 -1 -1.7348424060534244 751.9014126380803 167.16287447698016 782.9635323055093 226.50201049353623 1.8 0.802547999471426 0.8774602346122264 5.104908398370603 1.3662152995072594 22.24999836765592 -1.5093115503576142 0.9999998807907104 
Car -1.0 -1 1.6127771916134552 563.3804934668914 179.27606136353776 593.7219349224031 205.9646603461255 1.5 1.6248221069574356 3.9867518961429598 -1.3061065076312446 1.375809733893055 42.37284999385711 1.5819628119429172 0.9999985694885254 
Pedestrian -1.0 -1 1.9949019654740698 375.1447237554704 143.70520503712285 483.22755178610174 358.9312442455176 1.8 0.6672874584794044 0.8320689693093299 -1.5775439660304225 1.4852982494174307 6.475378596273179 1.7559351801832737 0.99998939037323 
Pedestrian -1.0 -1 -1.7174168363849527 722.2533242633788 165.80746381743285 757.3832377145255 234.6339011043526 1.8 0.8032207868993282 0.8641114018857479 3.662753817932884 1.3907674764311069 19.232189636978962 -1.5292214425888402 0.9999843835830688 
Pedestrian -1.0 -1 -2.4124968961315716 1.3040278426054521 115.89922566597528 250.22940924880533 373.0 1.8 0.582687047123909 0.8821695603430271 -2.41260181136203 1.5028101865990933 3.617763056284164 -3.00064487854508 0.9999321699142456 
Pedestrian -1.0 -1 2.631231652494791 480.81413946324597 170.76736218855476 515.4875649698562 226.4458981657355 1.8 0.7317551903426647 0.8923594400286674 -3.4453905033309495 1.4541255294865338 23.781886172705256 2.487358081336838 0.9998699426651001 
Pedestrian -1.0 -1 2.1206974096623865 465.9851928769636 171.1533768119426 496.3021750336339 225.70086115856492 1.8 0.6914762340486049 0.8016741394996643 -4.0727746613155835 1.4596608840799847 24.202590347356313 1.953980910774094 0.9998592138290405 
Pedestrian -1.0 -1 -1.554882681419405 679.1955299798278 162.82326962192508 712.4720673328256 251.3600142710836 1.8 0.67291124984622 0.9115819379687309 1.9515925028499803 1.4215333350926613 15.100997995078405 -1.4263590584185464 0.9998421669006348 
Pedestrian -1.0 -1 -1.5454087523587707 633.1127730969972 163.38426453416406 670.8516493650288 251.48981120664502 1.8 0.7711070150136947 0.9553673237562179 1.0406755986815897 1.4311349381495824 15.18470022956278 -1.4769812683251244 0.9998123049736023 
Pedestrian -1.0 -1 -1.672104971332286 707.7398565182773 164.83819834389118 739.3455907404153 240.20016024860197 1.8 0.6742326103150844 0.8938675306737422 2.9516299861961106 1.4032353901849046 17.622399749941046 -1.5061523253705842 0.9997569918632507 
Pedestrian -1.0 -1 -2.480392045672534 327.58519781770315 166.88987570905124 380.6493332851519 254.0004483854983 1.8 0.6505609981715679 0.8473420076072216 -5.294580945086274 1.4993425817610933 15.284973118664364 -2.8138483325627193 0.9996880292892456 
Pedestrian -1.0 -1 -1.4563609100910044 620.4563714824549 169.12304503513755 653.1280212433246 225.399913078573 1.8 0.9641914188861846 0.993654553592205 1.142753360606787 1.4052256540456125 23.541583744125 -1.407857076325689 0.9995798468589783 
Pedestrian -1.0 -1 2.6809339649537858 489.8683609647964 170.66166475564967 519.5762732686703 226.55074261335315 1.8 0.6730354882776737 0.7463385842740535 -3.2072864404963304 1.4520299375152301 23.620476259751324 2.54597519635759 0.9984111785888672 
Pedestrian -1.0 -1 1.802784093633158 319.28657902153043 140.14132002542604 420.14393132866536 373.0 1.8 0.617033851146698 0.7795220732688903 -1.8964159767158069 1.4907291048727815 5.807385310062139 1.4871486862513679 0.9792990684509277 
Pedestrian -1.0 -1 2.8292690379189516 505.07857698965904 170.45261508106066 537.8540430319243 226.4762142458453 1.8 0.720822674036026 0.890466433763504 -2.6550411749002487 1.4461524206497023 23.588774710091492 2.717185485359055 0.8941024541854858 
Pedestrian -1.0 -1 -2.4666194659950027 120.27186628534089 127.10686054437672 310.23414673602406 373.0 1.8 0.5922241628170013 0.8222380213439464 -2.359519595345219 1.5000900765799086 4.3407816289418895 -2.9645127813008174 0.576492190361023 
