Car -1.0 -1 -0.9530897630963711 0.0 183.3589487891306 220.18322689747419 305.8514042664721 1.5 1.5793564289808273 3.7318455547094347 -7.596703175094673 1.4783940779567237 10.66593952732821 -1.5719829954348994 0.9999997615814209 
Car -1.0 -1 -1.1667785606277161 105.07180760724125 180.69968816861757 425.0834667998333 361.169275395597 1.5 1.606796358525753 4.144034025073052 -3.428984992247192 1.463595691866763 8.043969764076818 -1.5697330440769461 0.9999990463256836 
Car -1.0 -1 -1.3976871149098757 413.9455608684873 180.65100264420096 487.8044375998399 230.45030405662365 1.5 1.6716540351510047 4.279827189445496 -5.1289106175156824 1.3636384258825605 23.81967039592947 -1.6097714910891396 0.999998927116394 
Car -1.0 -1 -1.0853267452883621 161.89573200830873 182.73865646011626 273.2809566953835 231.95223261799006 1.5 1.591840063035488 3.938814488053322 -12.8526610480369 1.4256324523324864 23.882416028814166 -1.5790375713866693 0.9999990463256836 
Car -1.0 -1 -0.9546122749485353 0.0 183.92679908950745 155.1892971792912 256.9360104168797 1.5 1.5625443801283836 3.8510604321956636 -12.5227277993358 1.4746502981385414 16.711223474590366 -1.5977038639273984 0.9999927282333374 
Car -1.0 -1 -1.2314936597726631 251.0933236526368 181.85063830960698 360.12661514347934 243.8177385305962 1.5 1.5537105992436409 3.6659082889556887 -8.003724836711537 1.4196752216495092 19.269594450800735 -1.625166733809982 0.9999672174453735 
Car -1.0 -1 -1.4301259987857549 484.0425384761322 180.2897355743421 537.8756324144028 210.92408765453374 1.5 2.0238131776452066 5.844634634256363 -5.055300848187792 1.2599332006076625 38.125898459393696 -1.561951955841158 0.9999308586120605 
Car -1.0 -1 -1.2806126261633515 336.15353258460385 181.51630080800751 403.9529876551833 224.49211142089513 1.5 1.4922267317771911 3.3868840456008913 -8.821364402149587 1.372009801727614 26.800234014416894 -1.5985957356777531 0.9998645782470703 
Car -1.0 -1 -1.5921432043846762 571.3970376180188 179.80073138860567 605.4027950288015 208.85952382539722 1.5 1.7559053868055343 3.775717180967331 -1.1240163802803043 1.2216133670259237 39.03268493576611 -1.6209320473161084 0.9992035031318665 
Car -1.0 -1 -1.5188757019915389 516.3075704427533 180.35204766110385 543.5085793541649 203.3565931063219 1.5 1.63644929677248 4.005614158511162 -5.280437385720269 1.1839992569283146 48.91406462913289 -1.6264126049962384 0.9958926439285278 
Car -1.0 -1 -1.5343837189810277 384.02885350199847 181.44433102390724 412.2231254040231 205.8467693051496 1.5 1.6032416865229606 3.9055834084749224 -13.477847498518472 1.269308006478843 46.27329482812689 -1.8178087333824975 0.8561321496963501 
