Car -1.0 -1 2.0348225341051784 188.3974738023706 182.45995748923332 313.5069948767922 239.44376406835323 1.5 1.6490940496325492 4.252803188562393 -10.732828241739501 1.8195659107247568 21.84175772075884 1.578086364265305 0.9999998807907104 
Car -1.0 -1 2.442549136226901 1125.453450230733 173.4453362240467 1241.0 218.19914567102097 1.5 1.565684799849987 4.474701222777367 20.610670641170948 1.5215135717809625 25.006618029231987 3.1318781256636203 0.9999964237213135 
Car -1.0 -1 -1.5629190538205315 588.6970100422765 178.5547014195864 667.8831522946173 254.48692869380892 1.5 1.599215206503868 3.9291667312383654 0.3775115690670782 1.6467473810629771 16.53757614442376 -1.5400955146786315 0.999993085861206 
Car -1.0 -1 -1.2769267096857178 808.495604590051 174.60734362173906 1074.6278109792117 328.6625797347899 1.5 1.8134762093424797 4.752115768194199 4.498464705901888 1.5290669973785262 9.444127904197622 -0.8323986689236504 0.9999858140945435 
Car -1.0 -1 1.997131648633443 298.86323435354836 181.94217599038257 386.24279713179425 224.01282692434515 1.5 1.6401008263230323 4.307309028506279 -10.62365068760327 1.8920379992406988 28.885603320215008 1.6447026610334934 0.9999587535858154 
Car -1.0 -1 1.8324841860240713 426.33613259262677 181.2832124458935 473.0444028741958 207.5759946438925 1.5 1.7085057243704795 4.611257326602936 -9.958247288500885 2.053472036961409 45.002746717005046 1.614712464805466 0.9999557733535767 
Car -1.0 -1 1.9641660501810667 119.22285639451498 183.67340084319412 206.42369767426015 234.00696208469097 1.5 1.354137298464775 3.12719666659832 -14.735369203512256 1.8829608613609305 23.861333080974955 1.4109479626032966 0.9999603033065796 
Car -1.0 -1 -0.8732310964421504 674.1134171325676 178.5145690643184 753.234042097894 212.58665105670866 1.5 1.5996208906173706 3.886252132058144 4.925916365008914 1.7841836389665258 34.2834987159841 -0.7305259267475945 0.9998445510864258 
Car -1.0 -1 2.183745244614273 0.0 183.1999873786899 204.60942841576005 268.4688268073805 1.5 1.6239990040659904 4.314689946174622 -10.7200720136487 1.751838503658223 15.375084269020993 1.5748762965162815 0.9997839331626892 
Car -1.0 -1 -0.9254227179937184 657.876009639363 179.00711048363613 711.0706774699057 204.3967489996039 1.5 1.5477385863661766 3.4687722593545915 4.670578308914763 1.9019695314007763 45.29414527571638 -0.8226692835476739 0.999154806137085 
Car -1.0 -1 2.294697851997501 0.0 181.5476883793313 194.15139876167405 374.0 1.5 2.1512415751814844 6.921422344446182 -7.255994633253526 1.6321110319650904 7.421862624806848 1.5205997665736335 0.9989683628082275 
Car -1.0 -1 -1.0404794606228047 721.5369986999705 176.90793409919073 877.2663366063657 251.9882388429299 1.5 1.6183635711669921 4.100935769081116 4.41516333676492 1.6052553159102436 16.648965152273277 -0.7812548438694817 0.9984972476959229 
