Pedestrian -1.0 -1 0.09784921670744448 516.7951311220697 169.9451540531264 535.421525883419 214.77244209271817 1.8 0.7501280426979064 0.6846654720604419 -3.2282824832255512 1.3776743830998417 28.76574665354581 -0.013909773030553541 0.999990701675415 
Pedestrian -1.0 -1 2.9329835458108424 178.75368110042828 172.08874922963173 213.52401942564723 229.4263011833208 1.8 0.8534082703292369 0.8099211871623992 -13.207445535527734 1.5374980245524603 22.77953532936778 2.4075536608656467 0.9999760389328003 
Cyclist -1.0 -1 1.9363863291952597 442.6666475095722 184.31589656851764 526.6077991223244 297.5410819933387 1.4 0.5838832378387451 1.645597305893898 -1.6486150870694853 1.4584836516769444 9.659602610382382 1.7673439860304416 0.9999730587005615 
Pedestrian -1.0 -1 -3.006231059048913 542.7305695286726 169.6014676911024 564.070588426311 214.34886528771236 1.8 0.7565768927335739 0.774532326310873 -2.1225833892572497 1.3630921752508858 28.83816256854258 -3.079701856770788 0.999854326248169 
Cyclist -1.0 -1 -1.2734161310242866 769.4481342006991 178.00759817338636 817.2405148506475 242.50239639067254 1.4 0.6045627899467945 1.6504392519593238 4.296485886053788 1.347513734785856 16.20342206647756 -1.0142216841366631 0.999650239944458 
Cyclist -1.0 -1 -0.7494035861826731 537.0364495081654 179.1722046296625 572.0221516166947 208.8070155490806 1.4 0.7063189081847667 1.653131891787052 -2.451639239563412 1.3387206718939308 34.24279918085513 -0.8208773891117913 0.9992615580558777 
Pedestrian -1.0 -1 -0.12503696092762698 582.6343871834678 170.29214582371395 601.7458265965854 208.20254692608043 1.8 0.7249675251543521 0.8335271410644054 -0.6361447655900202 1.316773729549211 33.984434454540995 -0.1437534848835809 0.9992374181747437 
Pedestrian -1.0 -1 1.401177367525391 0.0 173.8484361040038 25.461592483302493 235.04452574279492 1.8 0.6528318420052528 0.4837704382836819 -17.88359091118158 1.6059190922733093 21.19738994971802 0.7003699978205817 0.9989126920700073 
Pedestrian -1.0 -1 -1.9192409827670822 17.073642905693582 173.3679538899192 51.52139889739544 235.5115024034259 1.8 0.5778219111263752 0.7306294076144695 -16.914273223619617 1.5949876819949573 20.910828227228702 -2.599370912709509 0.9986805319786072 
Pedestrian -1.0 -1 2.8733987597569777 178.69212843625897 171.9761119716328 211.30192778799787 230.02010869723804 1.8 0.7299274697899818 0.7273820720613002 -13.04455709768631 1.5372213299887931 22.436501673879086 2.3467688441237033 0.9985042810440063 
Pedestrian -1.0 -1 2.8314625695730262 170.02837983562978 172.37694876788998 201.51679034400436 228.79461676973625 1.8 0.69949911236763 0.7027584619820118 -13.698672869718468 1.5423842362390348 23.048277543955095 2.295210111137253 0.9933695793151855 
Pedestrian -1.0 -1 0.12976124877040981 511.5580167530465 169.99126811416068 530.5748536168668 214.9556747372668 1.8 0.6625631384551525 0.6861758910119533 -3.418619344940165 1.3808136517320193 28.634392761532588 0.010935111841882983 0.9913383722305298 
Pedestrian -1.0 -1 2.8778450652793346 163.44853944937563 172.52048169603034 194.02141819483674 228.63568785902154 1.8 0.6428529068827629 0.7143889114260673 -13.99240539073929 1.5455902825716037 23.155242255195084 2.334279525276047 0.9867562055587769 
Pedestrian -1.0 -1 2.2619021289678427 0.0 173.72595706698397 38.75972303361877 234.81708771872638 1.8 0.7679779574275016 0.5432048372924327 -17.536299630192424 1.601973878877193 21.10013610501183 1.5684839924189704 0.7082828283309937 
