Pedestrian -1.0 -1 -2.183505433001283 839.9536033783975 130.89902651226564 993.4682890855256 373.0 1.8 0.6404992684721946 0.9832464650273323 2.3638587694888042 1.4452729364178127 5.601329479907116 -1.7841637442496163 0.9999996423721313 
Car -1.0 -1 1.810447722861224 457.1518199963631 179.64196171227775 554.7365470233523 242.29029530947395 1.5 1.6511032849550247 4.173258182406426 -2.471362895836055 1.456709950315289 19.36284266320024 1.6834998011549533 0.9999949932098389 
Pedestrian -1.0 -1 -2.0856870875597053 794.3310011398046 140.43035458422835 909.1967306361191 346.5853749149122 1.8 0.6805437177419662 0.8589239351451396 2.2765301852725854 1.442791847409711 6.75533609131715 -1.7606425742295129 0.9999881982803345 
Pedestrian -1.0 -1 -2.468978111149559 693.2727024563476 153.8005749101135 774.4360980327036 291.2431336925831 1.8 0.7448339395225048 0.8221295222640037 1.787623061697321 1.4385674917224303 9.959585031684169 -2.2913814345982413 0.9999886751174927 
Pedestrian -1.0 -1 -2.204062547529282 531.465016457061 150.64693181857976 633.4144191666826 315.97879302239403 1.8 0.7315748862922191 1.0235541060566902 -0.2833716155762875 1.4654533305671225 8.446423902961007 -2.237599269547735 0.9999886751174927 
Pedestrian -1.0 -1 -2.573865269973663 560.7423839165137 159.22079767659167 633.1184429118557 274.63399636952977 1.8 0.6856536984443664 0.967220452427864 -0.11459086385896293 1.4538296979050576 11.747522073243662 -2.583619431653295 0.9999822378158569 
Pedestrian -1.0 -1 -2.0223160011498074 828.419391297201 128.53407712225552 988.252832732056 373.0 1.8 0.765231580287218 0.8590194888412952 2.1395097031713877 1.4487936935453238 5.2324969078879375 -1.6341703767564637 0.9997609257698059 
Pedestrian -1.0 -1 -1.6142092711710063 354.1639048783293 164.93695071510362 403.77533582130275 261.7432553535032 1.8 0.877472248673439 0.8814369820058345 -4.359702890770498 1.4932920577891475 13.91763436910378 -1.917777524390493 0.9997249245643616 
Pedestrian -1.0 -1 -2.3321950862701555 618.657696249409 147.40786374535858 717.0352858877122 325.7027130365874 1.8 0.6303921833634376 0.875821479409933 0.6619894567491106 1.4571845057093018 7.7882338474691615 -2.2474002401020865 0.9996708631515503 
Pedestrian -1.0 -1 -2.316041772229545 473.8623647282053 154.546579862652 565.0157472306754 301.74199362916886 1.8 0.7374011471867561 0.9414085678756237 -1.1173267172882384 1.4717365633683754 9.36770376762498 -2.4347552816059927 0.9995579123497009 
Pedestrian -1.0 -1 -2.301544534260381 639.5857313069362 150.6059245939843 734.5944266756409 309.30037054738216 1.8 0.7210640728473663 0.9102656066417694 0.9829345142455347 1.4509334462074062 8.724999050331574 -2.189360276856695 0.9992699027061462 
Pedestrian -1.0 -1 -2.559603558978043 602.0581347724715 160.45724920641638 670.0027363217412 266.2483805009919 1.8 0.7249227285385131 0.9709883973002433 0.5757654071959385 1.4432466380069986 12.797966806710853 -2.514645055928503 0.9990046620368958 
Pedestrian -1.0 -1 -2.231162612458301 654.2351429061022 154.16495642623872 731.4222324872221 292.27245314697166 1.8 0.6731131605803966 0.8505164206027984 1.203908460447057 1.445063934006287 9.897414780711383 -2.110118583836828 0.9965871572494507 
Pedestrian -1.0 -1 0.4906426284491183 550.9445336411254 170.25772549951782 579.3546057577792 224.64871041166973 1.8 0.6460586123168468 0.7402672924101352 -1.2453703413381199 1.4290369054987275 24.21953470941714 0.4392677982661384 0.6164566874504089 
