Car -1.0 -1 1.9176171956963606 307.3809229822621 181.37185672078746 414.05708960983776 241.99045577131312 1.5 1.6008748233318328 3.918161851167679 -6.945522767448715 1.7642718997466067 20.379663912515127 1.5891559004744114 0.9999908208847046 
Car -1.0 -1 1.84429255507841 415.60105277806696 181.45953451370727 458.47354997136944 207.20550160029495 1.5 1.5562478944659233 4.207576674222946 -10.900399540840708 2.0695958355497748 45.593066661130464 1.6096174597700657 0.9999767541885376 
Car -1.0 -1 -1.0687330907539927 769.9043103052517 175.68383874205193 989.6830046228704 285.448296483614 1.5 1.6203696399927139 4.082172226905823 4.5057492453504 1.5546512989393564 11.899173077188685 -0.7067569057133539 0.9999679327011108 
Car -1.0 -1 1.872120130919753 358.00538762291814 182.19715752268928 395.4545957265755 206.80973600938054 1.5 1.446971346437931 3.1260544925928118 -15.100567037869135 2.1259026033517463 46.73475898340408 1.5595967014643806 0.9999655485153198 
Car -1.0 -1 -0.9768394835208767 698.4064386875301 177.35910040644532 839.3632071363907 243.5400293045817 1.5 1.5884390592575073 3.970318150520325 4.1155813768397 1.628368662056825 18.557450846556808 -0.7585966149952752 0.9999030828475952 
Car -1.0 -1 -0.9471904163022098 658.5060691857175 178.50046187805398 750.9701585932884 214.47508352876423 1.5 1.788608406484127 4.724301633238793 4.384037693165218 1.7780391903956652 33.14795698257811 -0.815696911015783 0.9998987913131714 
Car -1.0 -1 -0.9425548186776076 694.1090420810868 177.72602793499345 812.7503626791399 231.9772496354315 1.5 1.6074423238635063 3.87766273021698 4.425943663188921 1.6631152865205632 22.195397662150597 -0.7457283894207818 0.9997454285621643 
Car -1.0 -1 -1.5528012772063218 591.1627555561859 179.25502791750867 641.0364407789448 224.8895444872465 1.5 1.6772643223404884 3.6966750890016558 0.20725597614559832 1.7485805968650063 26.108005619417007 -1.5448630368944747 0.9997350573539734 
Car -1.0 -1 -0.7887583703082455 692.2502624784994 178.01758602650838 797.351950821581 222.998621369653 1.5 1.6006704911589622 3.7068477392196657 4.8734501541991175 1.699866255335031 26.163718787188493 -0.6046013394978387 0.998543381690979 
Car -1.0 -1 -0.8252993501593289 647.367250614909 178.92708749370325 718.5469165622067 207.75049009647398 1.5 1.6188759848475456 4.083773729205132 4.080008377501203 1.8563412052494912 40.33191724049846 -0.7244815389302117 0.9983446598052979 
Car -1.0 -1 1.8956540445381829 377.3041072277367 181.60489169494616 436.32206521035624 212.00557535000885 1.5 1.736004513502121 4.514353957772255 -10.991082994416677 2.003951485844952 39.221132053908015 1.622428643699509 0.9955653548240662 
