Car -1.0 -1 0.9378031683843548 220.62998247365593 183.27309257565216 294.77566401250465 213.66080265608105 1.5 1.5317865207791328 3.8832521557807924 -18.738021666433934 2.0759200233933424 38.27636751932395 0.48255412181350166 0.9999964237213135 
Car -1.0 -1 -1.9922030213698863 816.859166091817 174.42543050011093 1161.6314554923006 364.37707005852997 1.5 1.5786463886499404 4.115016621351242 3.5488675894573376 1.521823898593767 7.791382489703746 -1.5647961046223087 0.9999940395355225 
Car -1.0 -1 2.325773230667044 460.6592264091225 180.51514287810264 546.5741450678127 218.21003105620466 1.5 1.5610777333378791 3.757148098945618 -4.620909081313959 1.8559951620129935 31.504507708866694 2.180137145515305 0.9999881982803345 
Pedestrian -1.0 -1 0.237573539093322 442.2432711361615 172.00575063372435 464.2206473174505 228.95565012195073 1.8 0.7023886337876319 0.5406582288444042 -5.072944679812468 1.773547416431654 23.159740506441945 0.02193765243026189 0.9999861717224121 
Cyclist -1.0 -1 -3.307457645348384 894.5484717466129 179.8914190878317 991.5123003770302 241.1815152586964 1.4 0.8019016616046428 2.0003324866294863 7.881317285742812 1.5751666224186904 17.273697510701 -2.879409150281225 0.9999858140945435 
Car -1.0 -1 2.7854325551902006 699.4864291068461 178.46706987950495 779.9942891114928 206.61763150448618 1.5 1.6453110173344612 4.084493082761765 7.148430793660664 1.8213652682555173 40.08708051184386 2.9619002222975315 0.9999762773513794 
Car -1.0 -1 -3.3967189091506964 896.0760061137474 176.42379281572423 983.1041868852647 204.52011790026233 1.5 1.6550725817680358 4.098917034268379 18.157563495498632 1.7039286243121365 39.979060553121776 -2.970396951833044 0.9999624490737915 
Car -1.0 -1 -0.13726218382437289 453.5706632110586 180.94999711238174 531.8199665698363 209.912269183534 1.5 1.64418765604496 4.042349991202355 -6.471626472459028 1.9593430347292355 39.5213483743924 -0.29957182804611754 0.9825646281242371 
Car -1.0 -1 1.9566316138821407 203.13609571766054 183.62164263973162 253.3945494364512 208.96750806640947 1.5 1.559564147889614 3.733387824892998 -24.449587648797223 2.2199023285629447 46.27846915245844 1.470589800677027 0.945120096206665 
Car -1.0 -1 0.9412915833945938 459.303886400466 180.86167348334675 524.4734434350341 210.37391868108008 1.5 1.5202017992734909 3.9025819420814516 -6.558550332831795 1.9612648096193135 39.61735020430427 0.7772320946070808 0.9169023036956787 
