Car -1.0 -1 2.1036239192048924 199.79761749294653 182.41541626428966 325.9840914803123 235.11944376903028 1.5 1.7222553983330726 4.3837862581014635 -11.221852511012314 1.8432424147682953 23.61264587640283 1.6599736094435276 0.9999990463256836 
Car -1.0 -1 -1.5469311073543865 587.0497933116852 179.51829941101013 626.9198557157515 217.36565188152764 1.5 1.616433498263359 3.5620937615633013 -0.12957416732579166 1.8035149712243177 31.02320131778965 -1.5511077689614636 0.999998927116394 
Car -1.0 -1 2.2522669289448767 0.0 183.4438247893775 192.52502176626425 264.3272227096565 1.5 1.6245319068431854 3.961995479464531 -11.323054438634292 1.7640957882100583 15.938300018595017 1.6345748782118381 0.9999971389770508 
Car -1.0 -1 -1.6127648957695961 587.0705372678042 178.89848009747425 656.5035217199899 244.9564601322972 1.5 1.6054649397730827 3.2076726227998735 0.17459301780786027 1.6674025745364642 18.308588150161988 -1.6032290580358846 0.9999943971633911 
Car -1.0 -1 -1.7755693537259436 717.4930339147442 176.96857375032857 854.0468477565723 263.5821823015348 1.5 1.8104414016008377 4.471210998296738 3.3807907758184585 1.598508844675722 14.958047395879566 -1.5532859964903933 0.9999923706054688 
Car -1.0 -1 -1.740020434107804 681.2041093563079 178.30712037891152 743.6158654372553 224.5833889677036 1.5 1.5600892275571823 3.881519150733948 3.537371728974152 1.7103247287938228 25.81387579435869 -1.6038349168982846 0.9999880790710449 
Pedestrian -1.0 -1 0.20220683506392564 314.82456912185745 155.14348425068826 379.34764297640646 314.2449252309003 1.8 0.6116443805396556 0.6070354513823986 -3.1404116562091886 1.5999893121087823 8.508492037895957 -0.15137370029953548 0.9999657869338989 
Car -1.0 -1 -2.22262919130912 371.53929376003714 180.80139532398366 498.1281000118438 240.26794263723139 1.5 1.5908115103840827 3.642598029971123 -5.0530473156933065 1.7447894150610654 20.428537106459313 -2.46511443058518 0.9999494552612305 
Car -1.0 -1 1.973501020624971 277.5392567208062 182.50774501923016 346.73727300137836 215.92612349857805 1.5 1.6602499902248382 4.1702600687742235 -14.673056253746271 2.005940513008059 35.689933453429084 1.5834402918776096 0.9999245405197144 
Car -1.0 -1 -2.2791053083323076 406.3496225929433 180.64756575384206 525.0466190643887 232.0106423988364 1.5 1.591838014125824 3.948880594968796 -4.787581618798649 1.7737567274864496 23.468191380632355 -2.480346933999334 0.9998904466629028 
Car -1.0 -1 -2.317811662122952 510.40891691700267 180.47001198611056 569.6914814796104 206.58835168634386 1.5 1.5485933542251586 3.652242061495781 -4.351013850133115 1.9865920617088577 44.27167005641031 -2.4157769242909297 0.9996848106384277 
Car -1.0 -1 -2.139758908994635 328.77098180392665 180.83307481157468 477.5662551357024 252.98883186878234 1.5 1.5947554752230644 3.8319023817777635 -5.067619950130156 1.711903632019381 17.267583659563318 -2.4252196113255367 0.9996474981307983 
Cyclist -1.0 -1 2.2928249887836194 1172.394658966427 181.1316464130926 1241.0 349.46183019898746 1.4 0.7637369938194751 1.8534465253353118 6.206444396880837 1.4802950339366745 6.504363738757221 3.054789173599106 0.9996023774147034 
Car -1.0 -1 -2.204438806373746 468.7315368732008 180.49195435820974 550.1479809197704 218.78693715906633 1.5 1.5799306824803352 3.665231776237488 -4.385660945834456 1.8468211558030438 30.864591965154663 -2.345587507882391 0.9985830783843994 
Pedestrian -1.0 -1 -1.659968225298947 666.58464433901 172.58349896842017 708.893254004474 213.87066396269284 1.8 1.6156236201524734 3.5710352033376696 3.490636888588578 1.78856470065388 33.25195630007976 -1.5553759150814754 0.9999945163726807 
Pedestrian -1.0 -1 -1.2884000944830658 653.9898409026836 172.83792548155768 674.0762241869382 212.44267305158192 1.8 0.750795055925846 0.7292618535459041 2.4545481038262773 1.7996271772706132 33.26310843793712 -1.214741692939077 0.9976096153259277 
Car -1.0 -1 -1.6667186706806738 669.3058777305487 178.68298230108158 716.7750004525814 214.23962971279872 1.5 1.761852253973484 4.222440955042839 3.718417989806993 1.7862143891943214 33.25732487630452 -1.5553736165773613 0.9973708391189575 
