Car -1.0 -1 -1.447838463973575 412.20891447352955 180.9181248348198 471.4808966646483 227.88086650689206 1.5 1.6039561972022056 3.7380105376243593 -5.943501064062553 1.8088057764831242 25.65305241354824 -1.6755093271520478 0.9999992847442627 
Car -1.0 -1 -1.8750835803141328 745.1477741611947 175.55777011772744 995.4163594039064 334.7026475004484 1.5 1.5991084769368171 4.1794000685215 2.815945690571516 1.5417707087870862 8.958930775836619 -1.570544077231551 0.9999980926513672 
Car -1.0 -1 -1.7916696389392262 640.6466827185241 178.5986286351325 711.5261243373678 230.12010505592306 1.5 1.551453073322773 3.357136857509613 1.9997617031378827 1.6988911229729233 23.16589531180099 -1.705559582510267 0.9999979734420776 
Car -1.0 -1 -1.7889707034340585 605.4307035713148 179.24233371064886 660.4838561286974 218.6892267395797 1.5 1.5577935174107551 3.4416964769363405 0.8498671939125552 1.7810731882771758 29.86612115634997 -1.7605224857714517 0.9999971389770508 
Car -1.0 -1 1.3280295057348996 698.1965160146243 177.11891033925477 832.325076450232 267.9122362686872 1.5 1.5966173753142356 4.013994199037552 2.811671127358741 1.5960929162893402 14.151684548519674 1.5241564949366706 0.9999954700469971 
Car -1.0 -1 -1.7385957876543499 564.6833161867488 179.9880621586676 601.8777523234294 207.6357375987144 1.5 1.5975017592310905 3.4697684019804003 -1.6279269453450675 1.9337268435705368 41.966301254982795 -1.7773676375534875 0.9997667670249939 
Cyclist -1.0 -1 1.6632258586636441 472.21057785301633 183.35149262368594 490.33134985112343 219.29989066406412 1.4 0.5776219561696052 1.6936462864279747 -5.289650963539197 1.8418235940655594 29.472776509728725 1.4856406887385505 0.9996916055679321 
Car -1.0 -1 -1.2045183499431584 0.0 184.81398320444615 45.802371042525195 259.3715366532138 1.5 1.5036333844065666 3.4162065505981447 -14.893007583722119 1.8126374876374034 16.97407679101027 -1.9247044483807427 0.999622106552124 
Cyclist -1.0 -1 1.6316245377446037 491.76490706658285 183.04318556588046 508.42620115534754 216.7264193183987 1.4 0.613302507251501 1.7916631445288658 -4.822973080107025 1.857703572625764 31.46372078808811 1.4795216759059089 0.9989007711410522 
Car -1.0 -1 -2.639007695124878 0.0 0.0 1241.0 374.0 1.5 2.0356888443231584 5.776401099562645 2.946491503263099 1.4624285473494212 1.500112904146392 -1.539127023020063 0.9969360828399658 
