Pedestrian -1.0 -1 2.5494608449809055 694.2499246391416 161.87357374209586 738.7435649192224 238.4886155965615 1.8 0.6500649757683277 0.8420541442930698 2.652184925399002 1.3639941687472854 17.07943144208775 2.703515756126267 0.9999932050704956 
Cyclist -1.0 -1 -1.9283031359716543 883.6147935238065 178.1946967044759 953.9110560641768 275.5125419052068 1.4 0.4324913050979376 1.6712602719664573 4.800973774097259 1.368501365553533 11.012541287741682 -1.5171901146557671 0.9999858140945435 
Cyclist -1.0 -1 -0.777369695589532 722.6079258766797 177.76052165610434 776.8948777684674 226.74681597636987 1.4 0.5756540715694427 1.640574124455452 4.252447624484911 1.3232786281613211 20.8905491163177 -0.5765549103405816 0.9999595880508423 
Pedestrian -1.0 -1 1.417938265006176 768.4968086344437 154.89163553029715 819.8303208444044 265.50575673848056 1.8 0.7169918648898601 0.8223621666431427 3.136448485245057 1.384933195039766 11.946820547333349 1.6746785521467746 0.9996069073677063 
Pedestrian -1.0 -1 2.697294189403255 656.876623854382 162.87299477407493 703.6352670692762 236.58328207734922 1.8 0.5476248010993003 1.0277477584779262 1.8431490447411818 1.371148598786644 17.690812582684416 2.801106441017014 0.9989840388298035 
Pedestrian -1.0 -1 2.292861001833546 707.8598787975792 161.39562565104623 754.7540307618708 239.471035089947 1.8 0.6211946278810501 0.959688101708889 2.9721161846121293 1.3611634785459799 16.83794355272644 2.4675743460615696 0.9986289739608765 
Pedestrian -1.0 -1 2.505943019210645 670.2146818519394 161.5859996854482 720.5127400024461 241.34217033475267 1.8 0.6527746587991714 0.963298001140356 2.065082456780903 1.3747450117314204 16.472490758508613 2.6306578993757785 0.9979733824729919 
Pedestrian -1.0 -1 -1.169427635272148 821.663222399509 164.06117307329092 845.8739986536909 219.58168845888957 1.8 0.6072983637452125 0.5140522986650466 7.51370876547658 1.2685918203023436 23.310919945632712 -0.8576164404538018 0.997836172580719 
Pedestrian -1.0 -1 -1.1772761851759366 819.0561612736424 164.14264766650865 844.6597160415098 219.30151006883793 1.8 0.652641200274229 0.5410751819610595 7.50694263343222 1.2677548259938625 23.48552663496593 -0.8678987185147149 0.922711968421936 
Pedestrian -1.0 -1 -1.3943572313316255 838.1067892096993 163.73061879516376 861.2990191238786 219.8683650754665 1.8 0.6112944826483726 0.657084447145462 7.9687982214036275 1.263855083523277 23.10163399673737 -1.0621926347401482 0.7930081486701965 
