Car -1.0 -1 -0.9700438685252155 0.0 183.82364679759988 163.86859888688267 252.69842257022378 1.5 1.5523726612329483 3.877733138203621 -12.852094097913508 1.470814177313698 17.6129459829066 -1.6004232010480506 0.9999942779541016 
Car -1.0 -1 -1.0804670733306094 77.42379756639795 182.6666000297304 277.79937768617884 273.16951504937515 1.5 1.5931109458208084 4.039155182242394 -8.117936463188798 1.4588823001049513 13.957844048999398 -1.6072501922633988 0.9999452829360962 
Car -1.0 -1 -1.0305687419817622 0.0 180.97816411935128 368.94773510057666 375.0 1.5 1.6052151590585708 3.961830821633339 -3.1800860876801176 1.4828098933207334 5.09884847061642 -1.588223402449165 0.9999033212661743 
Car -1.0 -1 -1.2897814195650081 302.92187798690026 180.8729290968254 446.5467671361743 278.27906786692654 1.5 1.526869510114193 3.394380819797516 -4.022920407409069 1.4342549725262592 12.781166325771506 -1.5947182337429864 0.9998899698257446 
Car -1.0 -1 -1.1963430844205947 238.74763065140434 182.00952864720577 346.4837902962366 239.59255662011068 1.5 1.5728602677583694 3.707338359951973 -8.936259201193874 1.4176125769781045 20.601865483670146 -1.6056098277356965 0.9998237490653992 
Car -1.0 -1 -1.37295968165911 406.4538880850263 181.11258932703637 452.8828351405804 212.31035705764725 1.5 1.582527582347393 3.7384847670793535 -9.003753064373893 1.3038522194497457 36.46149936384341 -1.6150549958136422 0.9997696280479431 
Car -1.0 -1 -1.265918449437552 313.3435022266419 181.85496367517916 369.7888589164749 214.67883046084086 1.5 1.5624864518642425 3.5355618715286257 -12.794377379204155 1.3475508084206596 34.65063835646011 -1.6196291009571893 0.9997105002403259 
Car -1.0 -1 -1.3570890819248171 352.94592928519273 181.1256140516402 433.6546039267049 223.05934738910744 1.5 1.8471993997693061 5.995444071292877 -8.448864790021549 1.3548259133066942 28.766591708063814 -1.642759823301111 0.9993895292282104 
Car -1.0 -1 -1.088433984090545 207.87151042681015 182.48700339516088 301.19697759867347 226.09844594958614 1.5 1.5754342570900917 3.6597198367118837 -12.980350841962856 1.40727870059312 26.57218418675429 -1.5428344449636084 0.9984545707702637 
Car -1.0 -1 -1.5464367742104543 560.926371139184 179.7809199078561 599.6206307456589 214.9849077894014 1.5 1.6486322999000549 3.729287397861481 -1.2322975765963269 1.2695617532055061 32.501450739652455 -1.5843337774884445 0.997253954410553 
Car -1.0 -1 -1.2905490041207832 437.10092819738753 180.90227832554206 481.7217126285422 207.04021527999163 1.5 1.5778113648295402 4.042882707715035 -8.907020288106771 1.2535932915799701 43.32626917818559 -1.4933042759683473 0.6440900564193726 
