Car -1.0 -1 -1.6914951209652018 650.7358498043454 178.88854271232157 697.8147517519287 215.12803214593322 1.5 1.6576238468289375 3.6977680891752245 2.7838712686505076 1.7867534479759226 32.36432023596686 -1.6056896495309216 0.9999997615814209 
Car -1.0 -1 2.3584827839295435 0.0 182.24775772492944 151.3120910418487 374.0 1.5 1.5720259889960289 3.817894917726517 -5.996068150222789 1.6056374098005022 6.162546839955316 1.5867760062178196 0.9999945163726807 
Car -1.0 -1 1.7650955655789007 453.80258817183676 180.82696731247754 503.56008887142525 215.5014295043289 1.5 1.5671557307243347 4.043732818961144 -6.1907400147544775 1.900537437954696 34.17924381604657 1.5859124541243137 0.9999773502349854 
Car -1.0 -1 -1.037938499385936 145.70763932328737 183.7100242143113 231.38823004139752 217.16187517942612 1.5 1.6768362864851951 4.417813059687615 -20.93771003556679 2.0753903125793802 36.00239211272203 -1.5646921154719335 0.9999654293060303 
Car -1.0 -1 1.774277885405451 425.1106394876845 180.98247079940646 481.84904264436625 222.0960991757115 1.5 1.5362825736403465 3.4929728627204897 -6.2146498450000545 1.844238863770909 28.768921653853543 1.561527415117945 0.999953031539917 
Car -1.0 -1 1.6750761453590601 490.1361224830924 180.7305205920805 524.3839838759573 208.1168098593138 1.5 1.6059142097830772 3.9248062789440157 -6.060315617594602 1.9877310357293094 42.65298968549062 1.5339366634699958 0.9997205138206482 
Car -1.0 -1 -1.0510953989981424 201.52182081635985 183.17981816660884 282.34461030949564 216.50573944093645 1.5 1.640959133207798 4.3756457537412645 -18.32353063465145 2.0485730895426455 36.07899151549814 -1.5210212218251569 0.9978653788566589 
Car -1.0 -1 -0.9202982713830601 101.2113529146205 184.18922863640185 189.64311098316873 217.05885115957386 1.5 1.6164079800248146 4.079535838961601 -23.399981124567912 2.1062832899105843 36.46926399367702 -1.490770989158426 0.9954071044921875 
Car -1.0 -1 -2.532838160510831 0.0 0.0 1241.0 374.0 1.5 1.5531328067183494 3.518602114915848 2.9267126333472997 1.4634921508521772 1.5818780412054698 -1.457559452452932 0.8917779326438904 
Car -1.0 -1 0.6445628435506923 175.66319111591014 183.70737234158432 267.31830836865004 216.73613531618872 1.5 1.5219545483589172 3.6796486496925356 -18.570014256965145 2.0343548446578574 34.469584971085354 0.15040855010482246 0.6841435432434082 
Car -1.0 -1 -1.3499863690938092 906.7451122285537 176.4148602638109 955.0009507266674 204.89557379324168 1.5 1.594598826766014 4.265393179655075 18.121689835978135 1.7121848858000754 40.73268883309777 -0.9313874999668939 0.57478928565979 
