Car -1.0 -1 -1.7198117070488554 654.8250918146009 178.36413226059784 726.3061601066904 232.3407929690304 1.5 1.6022295251488685 4.112816464900971 2.373811119524497 1.6886596618754506 22.565102538001714 -1.6149988854911668 0.9999998807907104 
Car -1.0 -1 -1.6804205113914368 644.4812789406163 178.97423417343666 687.3584824068487 214.20535529375306 1.5 1.5431628122925758 3.9574416846036913 2.4927950012280857 1.8008477662853637 33.41854112666344 -1.6059652278807504 0.9999974966049194 
Car -1.0 -1 0.24391591431433876 378.5549769369185 181.2953854908082 502.1051282277481 224.49337528807604 1.5 1.600021731853485 4.103750970959664 -6.140205150919932 1.8166384305440018 26.203597038977684 0.013742013773645676 0.9999942779541016 
Car -1.0 -1 3.3313049620690727 393.2594271088088 181.37405042162186 487.88362727321095 220.35538802911614 1.5 1.5460890278220176 3.4707027047872545 -6.790875121675568 1.8524603152122172 28.973068480369346 3.1010751604994358 0.9999929666519165 
Car -1.0 -1 -1.8518900253858943 712.0695588231043 176.85616572653842 856.6848139000672 276.5799727855535 1.5 1.534213174879551 3.483818706870079 2.8672711677354474 1.5811532727490138 12.778586766050386 -1.6311649019506318 0.99998939037323 
Car -1.0 -1 -2.4866629668662172 0.0 183.15296290985714 276.11461836479384 322.8834591925673 1.5 1.5793785944581031 3.912440550327301 -6.397678137651755 1.6363510869553826 8.695042723449577 -3.1210039416935786 0.999971866607666 
Car -1.0 -1 3.583027711617316 129.153110980972 182.4165711258906 362.9971396991136 269.20729129607156 1.5 1.5342509865760803 3.5821689784526827 -6.706265160287239 1.6893085480598466 13.44965088353572 3.1204846978148044 0.9999736547470093 
Car -1.0 -1 0.5983057125750066 48.64364168901169 182.51301492219636 334.82555113614393 290.38050748879635 1.5 1.5431579694151878 3.564385560154915 -6.364696074230706 1.6611517638618547 11.101090867598757 0.07772008975478581 0.9999163150787354 
Car -1.0 -1 3.33715316450785 409.7042655736482 181.32938282586292 492.1770957701658 217.47053050237486 1.5 1.5790358677506446 3.233374145627022 -6.862072414133381 1.8760076165543242 31.153907103226405 3.1203514218290866 0.9996023774147034 
Car -1.0 -1 -2.7323518990876066 213.27833535191996 182.01386415445054 409.5339598943021 255.85833528305838 1.5 1.556621541082859 3.6191175252199175 -6.434802406523475 1.7096408208901748 15.669241433860003 -3.1220179359104976 0.9988960027694702 
Car -1.0 -1 0.3751711177313737 298.04131485633616 181.7197670331402 448.8743435143273 237.39108924009423 1.5 1.5387043848633766 3.793095660209656 -6.73262304751067 1.7643153730555134 20.599007800505543 0.05927400191756658 0.9534808397293091 
Car -1.0 -1 -0.336909002601423 707.987697138922 178.3722579745761 796.2667891816666 203.69408326060392 1.5 2.0946505039930345 4.9555959671735765 8.73879636081342 1.8531782219046982 44.73810070415762 -0.1440056125309808 0.6481550335884094 
