Car -1.0 -1 -1.866103779533187 746.0467528657224 175.6452422060625 983.0933041260774 328.5207467605379 1.5 1.5906902521848678 4.128665712475777 2.860299964487563 1.54404251899133 9.221108049811258 -1.5653243358854694 0.9999995231628418 
Car -1.0 -1 1.7599165060288988 426.1864488624166 181.11309451746632 475.94398662929643 215.186892638315 1.5 1.6066458567976951 4.075883936882019 -7.637564065554664 1.9224954441778677 34.81764140730921 1.543977661928858 0.9999992847442627 
Pedestrian -1.0 -1 1.454154552823019 721.6468383956471 170.38538384495237 739.9210879023095 219.72847788532934 1.8 0.582225576788187 0.749822848290205 4.422657925818373 1.7103044719131018 26.706725637587226 1.6182660937269748 0.9999982118606567 
Car -1.0 -1 -1.5640524899075166 595.6109913042752 179.74368127379955 623.15862214009 206.14666895119015 1.5 1.6022179767489433 3.705281999707222 -0.06013023724455076 1.9364880538492608 43.815093372160746 -1.565424852599625 0.9999958276748657 
Car -1.0 -1 -1.6864183635082544 664.2460515390042 178.5733778033388 717.8982860024664 221.69017220626623 1.5 1.5776634708046913 3.9416501790285112 2.985471754847464 1.7348294959305295 27.60045438579559 -1.5786698014151794 0.9999980926513672 
Car -1.0 -1 1.7824589606763441 398.15582165295706 181.21013743777706 457.64257605114506 221.8559120003418 1.5 1.583861981332302 3.782736372947693 -7.366083870736763 1.8622775386285029 29.330912265444045 1.5364102562281745 0.9999934434890747 
Car -1.0 -1 -1.7707598811272496 715.466169440715 177.0557190168123 836.6307427983265 266.4695698937096 1.5 1.569325153529644 3.643578898906708 3.041687032454548 1.5931773878103586 14.105236888188745 -1.5583697921272857 0.9999861717224121 
Car -1.0 -1 1.7522553279749995 462.74949944656413 180.98473168920032 502.16354719505944 208.34944674566054 1.5 1.6156927242875099 3.922005605697632 -7.525877976863311 2.0035342422567397 42.6836103908205 1.5777313590010227 0.99996018409729 
Car -1.0 -1 0.6753036005738833 0.0 185.024967588287 122.70916430160199 268.7405740851218 1.5 1.536908608675003 3.8310619562864305 -11.954170071320057 1.7504526625390797 13.995155646192256 -0.03160341183212825 0.9999420642852783 
Car -1.0 -1 -1.5507464317209045 653.4963070429214 178.9066085376888 690.9861730892591 214.40791263418453 1.5 1.6155800342559814 3.564245489239693 2.837143150445586 1.7925688166422769 32.97452754366968 -1.4649173627283913 0.5122604966163635 
