Cyclist -1.0 -1 1.7482272661752405 602.6019175263906 180.8565923748401 645.6031561463625 255.87769115719257 1.4 0.5673520758748054 1.7160894840955734 0.36263090900698497 1.4091841770398883 14.095569483186244 1.773948180671555 0.999990701675415 
Cyclist -1.0 -1 -1.100969266265658 807.5004440199215 177.4563101151341 871.9166225074899 243.24078593451227 1.4 0.6512633085250854 1.7590148866176605 5.255249526428495 1.3368449125526487 15.892847689258272 -0.7816198031094415 0.9999887943267822 
Pedestrian -1.0 -1 -0.06574134446053106 610.8153860565044 169.3153028960085 628.5652536691854 210.80554494189872 1.8 0.6986715391278266 0.7333853773772716 0.6206143515197298 1.316240038309595 31.035170256049394 -0.04574687878159114 0.9997541308403015 
Pedestrian -1.0 -1 1.2700761218701706 175.33677352667624 173.35271922973834 202.19889527279457 223.8800874869664 1.8 0.7209404863417148 0.5077149279415607 -15.11086865484124 1.5469082176899573 25.620649345290346 0.73719589313003 0.9996960163116455 
Pedestrian -1.0 -1 2.5665375227275486 341.08658871654757 171.74541059334763 367.8481699088209 219.0601073568399 1.8 0.713121660798788 0.7024101473391056 -9.730393049269159 1.4684566713648262 27.38908284120024 2.2251796603163303 0.9996308088302612 
Pedestrian -1.0 -1 3.269099369292208 351.40279805013023 171.41991623834443 376.6987389504922 219.88263028913343 1.8 0.7042838752269744 0.8223562061786651 -9.113100375251046 1.464262691048437 26.683556364345527 2.939994561668259 0.9990440011024475 
Pedestrian -1.0 -1 -3.1427411629098305 636.3387578368437 168.98407086822874 653.2977506307893 210.48350121201554 1.8 0.7251647792756557 0.7348452255129814 1.7270977712052749 1.3019806486851635 31.04467248933101 -3.0871657888081416 0.9987239241600037 
Pedestrian -1.0 -1 -1.7844746442870711 204.84629010014402 172.92176905852483 228.33650629329733 223.85415048537575 1.8 0.6009907953441143 0.7226833634078502 -14.013469546492468 1.5337045956477324 25.45266712751453 -2.2877552072193965 0.9981733560562134 
Pedestrian -1.0 -1 1.8019362163471004 181.7309869970874 173.284976110535 207.18572083902998 223.7254803180783 1.8 0.711249516159296 0.4545375730842352 -14.858311025502625 1.544051880528772 25.547522902043784 1.27515976031753 0.9962688684463501 
Pedestrian -1.0 -1 -0.26109721191314295 661.9592328395918 169.5572322693513 681.9934682634815 205.73760567577895 1.8 0.7133580304682254 0.8478151194751262 3.3539222754041544 1.2570207707995071 35.59347204624563 -0.16714604298142025 0.9959520101547241 
Pedestrian -1.0 -1 -2.218104743094483 206.01895752016284 172.80578993969212 239.04230897730557 223.95237845372424 1.8 0.6532715193927288 0.8634162627160549 -13.742484967748274 1.5307455906381677 25.354222295972516 -2.714800314107214 0.9542415738105774 
Pedestrian -1.0 -1 1.917811047851088 339.543895512827 171.9306630337468 361.81589047910984 218.47408159772056 1.8 0.6359568357467651 0.6564831852912902 -9.972997725508643 1.470097820172354 27.667714849320845 1.571851718421799 0.8444546461105347 
Pedestrian -1.0 -1 2.843802698333575 637.7482858507673 169.00345196711078 658.5565414659104 210.0975453795448 1.8 0.7399685241281986 0.7371182113885879 1.8937374434381804 1.2978999377427438 31.41146424968314 2.9040179133375705 0.7927230596542358 
Pedestrian -1.0 -1 2.4989853655665257 345.8237172443416 171.55120873376288 371.7422984963543 219.66202392960778 1.8 0.6822819381952285 0.6532240219414234 -9.39656934164613 1.4667062480196467 26.90971621987213 2.163033473487717 0.7542837858200073 
Pedestrian -1.0 -1 -1.5055420667281543 201.37711026640068 172.9093463400781 221.14707184683223 224.29976589282415 1.8 0.5690007962286472 0.7710359551012516 -14.07406157527639 1.535658632554408 25.23042488034066 -2.0143700698998317 0.5141918063163757 
