Car -1.0 -1 -1.8033967660765908 641.924899878581 178.3838129417977 725.1978369974589 237.3895150566252 1.5 1.5695563077926635 3.501923617720604 1.951863407095186 1.6718153166827887 20.527106339091358 -1.7085946808245522 0.9999990463256836 
Car -1.0 -1 -2.0219721365759558 786.3357326542063 173.91106520221268 1241.0 374.0 1.5 1.6314011558890342 4.2972276479005815 2.8415541088974514 1.5126099275924616 6.194965271397072 -1.5919170836594445 0.9999986886978149 
Car -1.0 -1 1.3048336238618803 718.0414387208058 176.4763736057451 891.7463686187598 292.6295250281382 1.5 1.5909495323896408 3.9694278061389925 2.8028672212090773 1.567892059104097 11.444774519739855 1.5450100143763679 0.9999973773956299 
Car -1.0 -1 -1.845538491562455 600.5163283249059 179.12746856073412 667.0740721680675 222.7986408933986 1.5 1.5590571358799934 3.702661630511284 0.7843867444024383 1.755321278237115 27.33622015013552 -1.8168523172524316 0.9999902248382568 
Car -1.0 -1 -1.5448709766814102 389.6566933441848 181.05872955067673 445.23698265686295 234.15655526754503 1.5 1.573277872800827 3.3675795912742617 -6.069938226504893 1.7799405145240608 22.763682143857334 -1.8054579059269769 0.999992847442627 
Car -1.0 -1 -1.8186508752516253 554.6947638296724 180.0007704815753 598.8595223813332 209.8433161559699 1.5 1.5771441653370857 3.4718173116445543 -1.8784132410473469 1.9059987775880038 39.06034742639559 -1.8667038838055474 0.9977461695671082 
Cyclist -1.0 -1 1.7000375772977048 477.3089119373544 183.3379029148189 500.01829902685336 221.67433633031425 1.4 0.6299812838435173 1.8742617711424827 -4.705738860145614 1.8183190011844916 27.814241563582637 1.5324401100489753 0.9862748384475708 
Cyclist -1.0 -1 1.619605775970733 457.62402936385115 183.70362932471573 475.7141870621482 225.25202762872362 1.4 0.5492156863212585 1.7874351263046264 -5.141743975497231 1.8010069016588317 25.71728643776512 1.4222742756220954 0.9759390354156494 
Car -1.0 -1 -1.5310099330638705 540.0542011634186 180.39596876861367 565.5003185839084 203.83208332147808 1.5 1.5905060365796089 3.5011550903320314 -3.893020095394504 2.0322721147383196 49.10484776994625 -1.6101242090251786 0.9368851184844971 
Car -1.0 -1 -0.9709226740453725 0.0 185.5546831655087 0.0 276.37566431829237 1.5 1.5865328282117843 3.4241727113723757 -14.84964864759102 1.7838753183932092 14.26618802694039 -1.776357443132673 0.9213328957557678 
