Car -1.0 -1 1.995047149260557 0.0 180.353804502367 329.8177146635857 374.0 1.5 1.6152497872710228 4.09719595015049 -4.183844107375156 1.5955721179965514 7.031262037545349 1.4582866867396491 0.9999960660934448 
Car -1.0 -1 1.251021856372116 556.8580435131083 179.56636862536533 626.7998528092809 219.89215514636572 1.5 1.6303010776638984 4.228072103857994 -0.8763309003388599 1.7992021448084288 29.855816202196465 1.2216781814906257 0.9999892711639404 
Car -1.0 -1 -1.7137973034782519 607.2884774651283 178.47469058721998 695.7824348643379 250.28072726624123 1.5 1.581658099591732 3.5936797529459 0.8372676613576037 1.6490756642900641 17.225016529394598 -1.665227876105581 0.9999992847442627 
Car -1.0 -1 -1.8279427376569166 671.01008506514 177.04533516292233 826.3444009185936 286.5587980146671 1.5 1.5382521346211433 3.8800893843173982 2.059966169489233 1.5818899132315403 12.033092406416314 -1.6583945314076287 0.9999802112579346 
Car -1.0 -1 1.7825295135785657 265.48545972895636 180.9747314788052 394.0934157805114 276.1113333377883 1.5 1.520622943341732 3.55173074901104 -5.153204048596345 1.6740866111017747 13.563078835976153 1.4194318493220466 0.9999685287475586 
Car -1.0 -1 -2.0350393413719434 742.3347777202148 174.85179898669338 1108.0640843099668 374.0 1.5 1.5887216225266456 4.066112500429154 2.6748170576513126 1.526604262152246 7.365294321325302 -1.6866847212102754 0.9999308586120605 
Car -1.0 -1 -2.5710479357862943 964.4049053937017 149.62272459987472 1241.0 374.0 1.5 1.554846440255642 3.479396787285805 3.066966980073402 1.4733772167016936 2.6693544545108145 -1.7164455662157876 0.9999001026153564 
Car -1.0 -1 1.7387384376849564 379.606333365074 181.00491812708006 452.96383987720117 230.38623619017216 1.5 1.7105093717575073 4.572230067849159 -6.649996512313308 1.8099315793636113 25.04668123634188 1.4792217453333991 0.9998338222503662 
Car -1.0 -1 1.7079824483250121 446.65149826311927 181.21577467242736 480.55231073759916 206.34984869650307 1.5 1.601019737124443 4.0797828257083895 -9.424313285587607 2.063821479682108 46.53255561477211 1.5081538399073737 0.9997625946998596 
Pedestrian -1.0 -1 1.7374470174753913 586.1331718188528 166.86694874998216 624.1854202172773 243.98960457772446 1.8 0.7833896696567535 0.8646181344985961 -0.1558855970984033 1.6606233813703972 17.325988582437436 1.7284500479658664 0.7733792662620544 
Car -1.0 -1 2.593418756072242 0.0 0.0 1241.0 374.0 1.5 1.6058769568800926 3.9318698018789293 -3.2729215957735343 1.5282298414359878 1.509240679185726 1.4546930034968513 0.6844063401222229 
