Pedestrian -1.0 -1 -1.5935663109352607 535.9759064111423 170.6848481918337 560.9579257069785 223.68086949183063 1.8 0.8403623037040233 0.9313696555793285 -1.8671017728093904 1.4337403330127865 24.899919557711602 -1.6684104959156854 0.9999973773956299 
Pedestrian -1.0 -1 -1.4856173977587983 524.1631944884341 170.92827749953037 547.8386881772302 223.32333935850855 1.8 0.7582278482615947 0.8198537424206733 -2.301946049201247 1.4378851965888393 25.08765697913571 -1.5771173062410695 0.9999852180480957 
Pedestrian -1.0 -1 -1.9684789588601852 875.7550551901295 145.78622046518603 980.1829547733573 316.4718205825607 1.8 0.7399342514574527 0.9802846729755401 3.5855397261338937 1.4247338428718792 8.070324432863416 -1.5503861634668452 0.999983549118042 
Pedestrian -1.0 -1 2.4832408821908194 424.8111326939231 161.52630960474184 492.505292979799 272.71033659318175 1.8 0.8635251343250274 0.7565263219177722 -2.4662986124894477 1.4779303559594548 12.19531042427286 2.2836987853010715 0.9999744892120361 
Pedestrian -1.0 -1 -0.8757049432731038 561.8735144896735 159.07819862880729 638.7158306200503 274.98664523866813 1.8 0.8821783147752285 0.9120549567043781 -0.057529695526312354 1.4531006702494589 11.785256471279263 -0.8805864016201838 0.999931812286377 
Pedestrian -1.0 -1 2.4969081872933065 417.7378359893785 160.61413229888018 494.83317538860877 277.1466153456491 1.8 0.7556249879300594 0.9735211290419101 -2.402851022625798 1.4786908566945243 11.707962134743209 2.294486749168259 0.9989866614341736 
Pedestrian -1.0 -1 1.2968644031597942 755.416725323704 154.91306713397992 824.5352411138264 282.7083251991026 1.8 0.7711194947361946 0.8719503439962863 2.7073959131938676 1.4268398865087175 10.559863742590661 1.547843857607569 0.9983204007148743 
Cyclist -1.0 -1 1.6390277228965184 493.7085201225682 184.4548274372458 533.0867177275693 259.90640327156314 1.4 0.660711296647787 1.8380795165896415 -1.770397361605438 1.4640549011314905 14.334751679408354 1.5161461075160163 0.9999290704727173 
Pedestrian -1.0 -1 -2.5745624749340075 202.42581557627128 159.0937372141944 287.17145986150786 298.02358176863 1.8 0.6948290884494781 0.7731914080679416 -4.8397242039868384 1.5110318424122553 9.68986762958315 -3.0377798835423335 0.9965788722038269 
Pedestrian -1.0 -1 -1.6349756053284543 224.9850573534768 159.64533002145336 273.2460072831075 295.26989432949165 1.8 0.5563034236431121 0.6656159207224845 -4.93582540375589 1.5112738553109009 9.958428825737117 -2.095131532349859 0.9864287972450256 
Pedestrian -1.0 -1 -1.357947746833948 550.026370908966 169.92649090577765 576.5361573950313 226.27362137666893 1.8 0.6672406129539012 1.0223650865256786 -1.2656357295760803 1.4313857267740389 23.50205109234062 -1.4117479185250146 0.9743310213088989 
Pedestrian -1.0 -1 2.6182846540777547 407.06627567372885 162.6763190542458 460.3496393376929 268.89410529699063 1.8 0.5103989996016025 0.7578744113445282 -2.9850459433897107 1.4822906812738035 12.616116467326076 2.3859515070875705 0.8513076901435852 
