Car -1.0 -1 -0.10599874483883423 679.4003795144895 178.69645982672114 759.2741190375309 207.97401707306193 1.5 1.6160404801368713 4.030683127045632 5.705045855253256 1.8170235483767332 38.21282610774138 0.0422032316538947 0.9999992847442627 
Car -1.0 -1 -1.8480067464415193 737.7920875017783 175.7379304143858 966.7953104281086 329.1844369949598 1.5 1.5736226484179496 4.077879574894905 2.7024943332455726 1.5452134619803677 9.173634308676165 -1.5615172647547466 0.9999988079071045 
Car -1.0 -1 0.4797645427833561 16.41429630497336 182.28240029638118 381.2314489786929 295.8631985684311 1.5 1.6733484834432601 4.37253290116787 -5.851221906748971 1.6501499336230305 10.56751708151165 -0.025914029279027664 0.9999964237213135 
Car -1.0 -1 -0.4083973157119687 830.2570766166955 175.66635069364537 1056.2830966890792 256.8112123364817 1.5 1.5999995663762092 3.713565555214882 6.387962386632778 1.559004882706396 14.218100596500769 0.013860865435327805 0.9999964237213135 
Car -1.0 -1 0.3366438892020365 405.55055697151994 181.08442058876403 516.1708128913007 221.99290851840203 1.5 1.5739016726613044 3.88967679142952 -5.771954406500672 1.830571626403051 27.908806613894463 0.1327043016764777 0.9999810457229614 
Car -1.0 -1 0.2848910660943722 483.98063120472705 180.85314917343317 548.3568793217227 205.15650602797473 1.5 1.5706664443016052 3.8100095957517626 -6.032235069859632 2.0256159474142894 46.305868976593196 0.15535120566817692 0.9998816251754761 
Car -1.0 -1 0.446868421987644 74.45488450754083 182.1920708522424 430.2412375546253 271.46120467522445 1.5 1.841491137444973 5.6175949543714525 -6.388885871910262 1.6838016151001343 13.243581324690682 -0.0026114741947991463 0.999605119228363 
Car -1.0 -1 -0.2833563852079293 725.260265567985 177.85849152252297 836.8184582485596 219.01134089064914 1.5 1.6063368439674377 3.82701815366745 6.403924503055294 1.6968519623653182 27.422238278007914 -0.053937629857335766 0.9981933236122131 
Car -1.0 -1 -0.26892885190240845 736.6624629672003 177.74604560094593 843.8588616430173 220.85882400351747 1.5 1.5180908635258674 3.4801321595907213 6.422288055283048 1.6827448657185788 26.09115516661089 -0.027578787007604324 0.9959206581115723 
Car -1.0 -1 -0.26618418169937774 725.2126310804114 177.93290082164745 828.9854644306646 217.44973608803747 1.5 1.5459176644682884 3.708695483207703 6.497696033611847 1.7066422395832936 28.453664433729823 -0.04167337814835139 0.9943601489067078 
Car -1.0 -1 -2.831511463729626 316.68683851787375 181.58694455498585 464.65644558314256 235.81775358062922 1.5 1.5920028582215309 3.827614200115204 -6.367504229534161 1.7651528320714402 21.04816614752472 -3.1252791444447383 0.9927420616149902 
Car -1.0 -1 3.787085309806125 0.0 183.6803556184511 174.80523416301526 331.5190122974847 1.5 1.4690544947981834 2.685045872628689 -6.80670612224931 1.6358058060621914 8.22945698921776 3.0960281968077243 0.9897167086601257 
Car -1.0 -1 2.7937831658502446 756.3425292899499 176.95679860975844 923.5469756903798 238.20447832831601 1.5 1.5810318782925605 3.808301177620888 5.818358940432407 1.6114735471181556 18.66212708471908 3.0960061430891574 0.9860188961029053 
Car -1.0 -1 -2.8715585453859136 432.134313987323 181.09925343836363 517.2441620057995 215.4517481011485 1.5 1.5641890957951545 3.5231033831834795 -6.168513540544434 1.886688556824898 32.876768891506664 -3.057027534642492 0.9658982753753662 
Car -1.0 -1 3.361485919525451 356.51663348929475 181.32959055090078 494.35067441875634 230.00911317336045 1.5 1.5920062109827995 4.079083961248398 -5.945959087196512 1.785107536761446 23.38332747788354 3.112481224532944 0.9309220314025879 
Car -1.0 -1 0.9080835158946086 0.0 184.27407456000375 117.51245908023 374.0 1.5 1.598110844194889 3.8927408427000048 -6.594510692672019 1.6102072022470244 5.994879117039142 0.07509140571090153 0.6519530415534973 
