Car -1.0 -1 1.8168061287088946 398.9921848974456 181.48101625332518 447.46924424591884 212.44783709266665 1.5 1.5467279151082038 4.009279471635819 -9.826026645681322 1.9796857791905484 38.07716197343778 1.5642601688716071 0.9999995231628418 
Car -1.0 -1 -1.634313409320868 600.4947732181554 177.93290777951978 711.4760292289512 284.4271200131128 1.5 1.5829880282282829 3.618019309639931 0.5842587622173161 1.5987550770513659 12.155057974099917 -1.5862832461160166 0.9999986886978149 
Car -1.0 -1 1.9632063648948217 349.48467889224906 181.6446402762157 423.2931487188898 219.0534773324579 1.5 1.6556924700737 4.196689513325691 -9.890577315769043 1.9180368754129609 32.113889988158576 1.6644406199415744 0.9999935626983643 
Car -1.0 -1 1.9250797917062392 299.6375047798966 181.51483737905372 401.1158201229318 244.3613154898963 1.5 1.479014803469181 3.3784134805202486 -6.90583243351718 1.7534525961903473 19.38468379832656 1.5828461527784885 0.9999927282333374 
Car -1.0 -1 2.1613892433662354 14.01964501290695 183.0880414075718 218.09020262662423 267.1024110582451 1.5 1.5664279952645301 4.0835926800966265 -10.319546660110161 1.7480731101143856 15.41966844585235 1.5716032862623752 0.9999653100967407 
Car -1.0 -1 2.165562965388467 224.42011553826993 182.92858974682176 304.66126107231713 222.1202407722881 1.5 1.4744118347764015 3.2254668444395067 -14.41636536656799 1.9457799722056681 30.193744430249275 1.7201077818831028 0.999890923500061 
Car -1.0 -1 -0.9139191913098847 691.4750857040433 178.33204381686147 766.9192093861521 214.93989604382293 1.5 1.51159358471632 3.41309369802475 5.244042090749244 1.7547852184162673 31.792454807244738 -0.750445024171148 0.9998351335525513 
Car -1.0 -1 -0.9053809267942411 669.1919517262218 178.7233253433237 734.7443447256026 208.8599938497079 1.5 1.5531983718276023 3.6361156523227693 4.898142129198016 1.82805802419754 38.45294424262727 -0.7786830822613581 0.999734103679657 
Car -1.0 -1 2.3771374031319796 208.29070353329774 183.18581173020277 293.8546077872118 212.36047055553718 1.5 1.7089183002710342 4.412028056383133 -20.392705558257628 2.1232800312662947 41.13491592703939 1.9168941855391086 0.999716579914093 
Car -1.0 -1 -0.9733582114343958 720.1998495736404 177.32974989014872 850.8973154158931 235.6428132931473 1.5 1.6772693514823913 4.054343563318253 5.09088832575185 1.6419431123813122 20.841910433276787 -0.7337871948864801 0.999568521976471 
Car -1.0 -1 1.8223496261822754 513.5848984405827 180.50062842997562 554.0643068312494 204.74113192925938 1.5 1.6668096676468849 4.355896127223969 -5.078990302980074 2.037001822185183 48.35864580316958 1.7177057146986545 0.9825882911682129 
Car -1.0 -1 -1.7010436508947717 1241.0 155.24395004349134 1241.0 374.0 1.5 1.6419804215431213 3.808739271759987 4.357661701441056 1.4664370733536258 3.3099297330191795 -0.7798423329975945 0.6768258213996887 
