Car -1.0 -1 2.0383064741465304 185.3139888156182 183.14305591362577 274.7122508850597 223.779002817773 1.5 1.6175797700881958 4.003980991244316 -15.541181182901454 1.9521394938231746 29.6652795964599 1.5557343204829353 0.9999996423721313 
Car -1.0 -1 -1.7044609835763544 646.2953286605543 178.42983775241458 716.9511732048514 234.2046921293844 1.5 1.5857214599847793 3.9664032429456713 2.0241889636889248 1.684554992123431 21.819028998120814 -1.6119540418174607 0.9999991655349731 
Car -1.0 -1 -1.7573279834445323 684.0521464652619 177.1073430938119 819.4086019979738 279.87534247962736 1.5 1.5851669505238533 3.7480304509401323 2.241741300086941 1.5855441350868182 12.566422524086454 -1.5807936294612033 0.9999977350234985 
Car -1.0 -1 0.881024172623559 264.56948037371666 181.5985957969416 422.61698415045623 245.43967829777333 1.5 1.6179975613951683 4.220304873585701 -7.171954137296521 1.7541927307089036 19.186515453441842 0.5233043869349616 0.9999942779541016 
Car -1.0 -1 -1.5400675439271583 543.5989638015316 179.8404353480199 588.0438305540142 221.64577897653734 1.5 1.631057684123516 3.5542937487363817 -1.7196878334811356 1.7917362664396832 28.289137627185745 -1.6007825164732081 0.9999933242797852 
Car -1.0 -1 -1.7255477470469796 673.5828313976433 177.90339864615777 758.0132027935313 249.8367309751932 1.5 1.458669689297676 3.1437354654073717 2.330310277644259 1.6293813655064724 16.84990531111554 -1.5881213555720193 0.9999858140945435 
Car -1.0 -1 -0.8067499696319749 0.0 177.72052024919464 393.8258133905358 374.0 1.5 1.56421200633049 3.6445899426937105 -2.3379027652688347 1.531987268712826 2.813772744690686 -1.5000376338746888 0.9998583793640137 
Car -1.0 -1 -2.3471894693077706 436.51857166616526 180.91147981103444 516.0901465737181 217.41182873495472 1.5 1.5381427973508834 3.374678131937981 -5.97950578972897 1.8750093881922134 31.950444418195378 -2.5321986834195003 0.9997814297676086 
Car -1.0 -1 -2.207944548473707 338.35955483227616 181.31055172363918 453.315380405308 235.40475855530775 1.5 1.5394399434328079 3.6168335497379305 -6.683920090279275 1.7809037144824034 22.235261058979646 -2.499951736130987 0.9989125728607178 
Car -1.0 -1 1.2661280232167609 0.0 182.33812324511115 213.78424088622444 350.41898475962705 1.5 1.5895888701081275 4.015805435180664 -6.520722540259763 1.6349769117886594 8.43920862907326 0.6082753380152839 0.993442177772522 
Car -1.0 -1 -2.289524138901821 455.6023424338355 180.863826772867 527.6339661615077 210.23222076345715 1.5 1.6665038213133812 4.0488800525665285 -6.6030461435496415 1.963970330706385 39.83121744667783 -2.453805760541235 0.9907279014587402 
Car -1.0 -1 -2.1966323987946472 405.2805340804934 181.0335078974822 494.06392617501285 222.02825178691833 1.5 1.5956705927848815 3.720020738244057 -6.516265636451238 1.8493997907920787 28.957821071708242 -2.417971686520849 0.9879927635192871 
Car -1.0 -1 -1.536567408478801 569.9985308383453 179.89130827977792 602.5595120333714 210.73795204510202 1.5 1.5806811422109603 3.446668249368668 -1.2340825746920892 1.8838774727072816 37.59522041727245 -1.5693811438421277 0.9871728420257568 
Car -1.0 -1 2.262978593312508 0.0 184.60358745033886 96.24310653623542 253.6436492997519 1.5 1.585351911187172 3.9380049824714662 -15.281406282342287 1.8307699024057331 18.31626049237538 1.5676652630183356 0.8990656733512878 
Car -1.0 -1 2.0076936144251967 246.78340241778537 182.7851606401346 318.4342933135677 217.0425252100416 1.5 1.5521612510085105 4.1219914823770525 -15.756078516178158 2.0087238856415546 34.86157604680209 1.5832099795301975 0.8564862012863159 
Car -1.0 -1 -2.7908130140280125 0.0 0.0 1241.0 374.0 1.5 1.9588944062590599 5.835223433375359 3.005163937632502 1.45408752602737 0.761419014545472 -1.4681647876885278 0.7933251261711121 
