Pedestrian -1.0 -1 1.7270022004498724 369.2151484714685 161.19482849398614 420.93468259843013 283.4262342354883 1.8 0.6475442580878734 0.7896422900259494 -3.33215248877921 1.6286629718726764 11.05793853046396 1.4343203743312019 0.9999634027481079 
Pedestrian -1.0 -1 2.076324846302816 282.85074350933485 150.97162140006265 378.3180789957438 335.54233602851843 1.8 0.6076510556042194 0.811804973334074 -2.9276090758441065 1.5869530617534304 7.476384057834307 1.7030973315199436 0.9999277591705322 
Pedestrian -1.0 -1 -2.0866318169087448 410.2960361461777 165.58170901272695 457.1428806176874 260.63142274875986 1.8 0.6206828661262989 0.710501105338335 -3.5061041629761758 1.6626391451150784 14.13266327272804 -2.3298074762013297 0.9998824596405029 
Pedestrian -1.0 -1 1.0016477292092962 248.2316754383803 153.0030116639963 336.2681976232001 328.51301032226206 1.8 0.6308653883635997 0.6362583048641681 -3.501455626832284 1.5967696056327045 7.83553964909116 0.5814010341975349 0.9997946619987488 
Pedestrian -1.0 -1 2.1343203114383256 14.705440659251586 131.34331222460563 197.7500762248224 374.0 1.8 0.6403144940733909 0.7735600255429744 -3.2074968524431444 1.5596615351917789 4.5824774643933655 1.523629113039698 0.9988893866539001 
Pedestrian -1.0 -1 2.0580035627424573 0.0 129.79837185629222 155.57711289847407 374.0 1.8 0.6474672377109527 0.6472344070672988 -3.337328279590029 1.5592247697977781 4.4094666784700625 1.410129471621241 0.9988651275634766 
Pedestrian -1.0 -1 1.181086502215135 778.4335267117027 159.6988853188623 838.3724974537182 265.0691930968356 1.8 0.7058033280074596 0.9824300676584243 3.465079832102673 1.5756341510046166 12.854790274397441 1.4443840225550788 0.9951948523521423 
Pedestrian -1.0 -1 1.800136608686912 300.8203522202598 150.06800947436236 387.6776270263889 338.7912212766486 1.8 0.6687420912086963 0.7802564211189746 -2.722366653600338 1.5830301825338786 7.308522506585616 1.4435664852473395 0.994882345199585 
Pedestrian -1.0 -1 0.3707771108940645 258.4392327784856 155.0501707817357 320.85289823736684 317.8567274856838 1.8 0.5597809821367263 0.48579382970929147 -3.7136721813692377 1.603517577024159 8.266632352578954 -0.05144162575272151 0.9921861886978149 
Pedestrian -1.0 -1 1.211967579988199 793.8040123647236 159.65528921525492 850.0825481713657 264.3485781518735 1.8 0.6705954231321811 0.9517245486378669 3.7215392861704175 1.5734313811863658 12.90326049925944 1.4927655895564216 0.9881672263145447 
Pedestrian -1.0 -1 1.113673730270908 808.6841222924855 159.50169556534962 871.0802552874607 263.8795587418075 1.8 0.7702216997742652 0.8401601135730743 4.04797080957666 1.5700968901602195 12.914180595880332 1.4174253185603278 0.9497843980789185 
Pedestrian -1.0 -1 1.2384669227557155 824.4663310303126 159.52839889287765 877.701803490196 263.0242266045134 1.8 0.6474561549723148 0.9027633376419544 4.2769276011607875 1.5685989320814473 13.00228320565774 1.5562552650782722 0.549088716506958 
Car -1.0 -1 -1.727489793233151 472.64604674777945 180.96023235486408 507.65454982660407 205.56424532239518 1.5 1.6592504948377609 4.053773221373558 -7.979923009468739 2.0598413861702887 47.611667747136146 -1.8935506800797326 0.5044180750846863 
