Car -1.0 -1 -1.166831434507089 211.3410461236862 182.12081527280915 333.9687482026689 245.05009921219613 1.5 1.5612483516335487 3.8159190237522127 -8.767048160257684 1.4273606904340423 19.059527714105304 -1.5979556861009938 0.9999970197677612 
Car -1.0 -1 -0.926015044080658 0.0 184.21086932908898 129.24445086771343 260.6813185211044 1.5 1.5488561734557151 3.9500715702772142 -12.808569857049468 1.4814210444356017 16.092449755355588 -1.5982733918961627 0.9999957084655762 
Car -1.0 -1 -1.0929993098890811 183.8436795386751 182.63117729859448 284.865185534636 229.1488305165805 1.5 1.575907927751541 3.7407881140708925 -12.921790451921604 1.4177911816590063 25.04791671642226 -1.569272306226429 0.9999880790710449 
Car -1.0 -1 -0.8934131674808936 0.0 181.75774693596014 320.0517850846046 375.0 1.5 1.6345363602042198 3.9080774903297426 -3.2496828101362127 1.4912846058653646 4.001077755385494 -1.575550112934087 0.9999761581420898 
Car -1.0 -1 -1.0286902386431611 9.439830006100376 183.02802591018806 244.97285212698046 286.45912683770115 1.5 1.5793068826198577 3.8426200419664385 -8.001303805816677 1.469404669688044 12.367061099788605 -1.6029430749502522 0.9999732971191406 
Car -1.0 -1 -1.1789087715727498 293.12891334032355 181.9612915517384 359.7990265215806 216.53875206689003 1.5 1.5806340172886848 3.639945250749588 -12.871373770845034 1.3599522223860012 33.01634983648491 -1.550633321576987 0.9999704360961914 
Car -1.0 -1 -1.2682318461146753 272.48000242945733 180.96595821390508 433.82650345482773 288.3998895593728 1.5 1.5280137330293655 3.346090626716614 -4.015229860554817 1.4417960208820126 11.726240619429749 -1.5981326858189446 0.9999469518661499 
Car -1.0 -1 -1.3206862384600966 395.48251253097885 181.1513035201637 449.29885307303766 213.8879433283003 1.5 1.6193673506379127 3.873298925161362 -8.953204361869851 1.3148997302733483 34.87198529337846 -1.5720028987296415 0.9995731711387634 
Car -1.0 -1 -1.2919291134465427 338.19139672950354 181.19142590604048 431.1215240845062 225.81581320532322 1.5 1.8319221705198288 5.640959975123406 -8.234840903061354 1.3658596702426364 26.995605100711824 -1.5880067637797934 0.9992879033088684 
Car -1.0 -1 -1.5181058623702823 559.4684122961506 179.7805851431036 599.5363683278046 214.3413973711808 1.5 1.6444754347205162 3.9028952389955522 -1.2832986820704708 1.2652377238012151 33.15860864030408 -1.5567883821812016 0.9873093962669373 
