Car -1.0 -1 -1.6403903729208815 754.1614546674872 177.80385937286107 799.6563597016185 214.28208770358466 1.5 1.679312114417553 4.526929047703743 7.444641959582518 1.7407601533574586 32.67487770250118 -1.4163744906571252 0.9999949932098389 
Car -1.0 -1 -1.1871556020870682 332.47299264887516 180.39438421046788 483.3889775953466 259.06767684065795 1.5 1.726955410838127 4.553390529751778 -4.465816094305316 1.6982678546546441 16.57129454262897 -1.450393036999975 0.9999810457229614 
Car -1.0 -1 -1.9485424816277068 955.7249347712666 174.62321519662814 1136.5385998654829 259.1135675076641 1.5 1.680513148009777 4.461919379234314 8.86831642205746 1.5434390679169046 15.235874745971227 -1.421412573256765 0.9999749660491943 
Car -1.0 -1 -1.5006576716718545 577.6147533649255 179.13130759195494 637.7874565259608 232.95405077518822 1.5 1.6097335636615753 3.919089448451996 -0.0387978587361739 1.7143539963054908 22.584808812365765 -1.502375544109617 0.9999619722366333 
Car -1.0 -1 -1.0261257129583072 198.534821681137 181.63458978075516 369.92869635757205 256.3124097516355 1.5 1.6463777542114257 4.491535809636116 -7.642336374381253 1.7402033920148714 17.372706967485644 -1.4405527869847161 0.9999394416809082 
Car -1.0 -1 1.4671066732771632 807.9706280262045 177.34715141164708 856.2421383220554 205.70003775226976 1.5 2.057205003499985 6.255318832397461 12.93145300492969 1.7851943187002886 42.47165062101288 1.762661683555466 0.9999501705169678 
Car -1.0 -1 -0.746332802240185 0.0 183.50514193304855 198.7946637424475 253.88912692943947 1.5 1.6554868340492248 4.634477806091309 -13.10619512169271 1.81024524423578 18.55119790260157 -1.3613997409727914 0.9997629523277283 
Car -1.0 -1 -2.0286094134794923 1054.756420641729 173.60666311330172 1241.0 257.2422071358044 1.5 1.6922086969017982 4.50303205549717 11.306039087780542 1.518836065214683 15.345960785640736 -1.393646494546209 0.9996963739395142 
Car -1.0 -1 -1.5195321759688356 669.2254277422178 177.48951785006193 763.8556461999178 261.7916872611132 1.5 1.7236218348145484 4.3863462775945665 2.33501054654961 1.6143051023299826 15.412290884168268 -1.3691724846747262 0.9988067150115967 
Car -1.0 -1 -2.104006182280415 1189.3794494783788 171.83453332069442 1241.0 260.9791513225424 1.5 1.7202383399009704 4.539658737182617 13.885491157040262 1.4832037128771307 14.544105577467281 -1.341770381727491 0.995795488357544 
Car -1.0 -1 -0.7207807171013545 0.0 185.23482060245692 48.50506423055971 249.9620581123855 1.5 1.7119311287999153 3.5852326571941378 -17.44682699363128 1.8641016201057998 19.316486174714264 -1.4553660015251977 0.727999210357666 
