Car -1.0 -1 -0.933904724241011 0.0 183.64621004309527 194.1472148648058 298.641123725155 1.5 1.5726883456110954 3.8687905788421633 -8.45201507616003 1.480658695196511 11.31118993948219 -1.5756281000238401 0.9999954700469971 
Car -1.0 -1 -1.2593394097165238 273.8927974870566 180.99262294497046 433.2275973477265 277.8139323077374 1.5 1.5988939002156257 3.8415132582187654 -4.457432844526044 1.4357053722050415 13.067348685874236 -1.588074584552322 0.9999872446060181 
Car -1.0 -1 -1.6192026098105827 571.2314673285673 179.7090148602724 611.2347521813347 213.60286705958518 1.5 1.6846582785248756 3.8027147322893144 -0.8607558201908196 1.2574284334041959 33.76813109018414 -1.644687273600374 0.9999855756759644 
Car -1.0 -1 -1.3152461909794297 380.46475642744065 180.84777775791858 468.8205506302952 237.12162479132633 1.5 1.5839199095964431 3.8439957916736605 -5.298173906278057 1.3847026658484305 21.08694158471662 -1.5614045393329603 0.9999788999557495 
Car -1.0 -1 -1.5204340787066852 483.58821725768684 180.3252507109127 530.214048029365 215.3409050893501 1.5 1.8962955594062805 4.745361071825028 -4.618227073703398 1.291634278646959 33.23717093707947 -1.658497759201799 0.9999644756317139 
Car -1.0 -1 -0.7424037185139312 0.0 185.23783496866488 169.31230253331782 375.0 1.5 1.628739994764328 3.9528558522462847 -4.510389643527563 1.501316408939407 4.023411645721749 -1.5848046662893636 0.9999243021011353 
Car -1.0 -1 -1.1830102902792965 243.2855580072735 181.976432102325 351.1800678480168 238.34038157036377 1.5 1.5754428252577781 3.7851160883903505 -8.987256115729549 1.4149253884539608 21.03191173074181 -1.5868403195079905 0.9998794794082642 
Car -1.0 -1 -0.8364967358759696 0.0 185.33156516215635 33.69506483535157 289.88923546027263 1.5 1.580149357020855 3.8688501834869387 -12.133256132103481 1.5034285563004512 12.281427191919986 -1.6158260414984567 0.9889782071113586 
Car -1.0 -1 -1.498428082863633 511.6441408023784 180.37212704986956 540.6599208716966 203.56107475651262 1.5 1.6524456933140754 4.204300653934479 -5.49962273013343 1.1878199964089318 48.62982263702716 -1.6110411780562741 0.9527370929718018 
Car -1.0 -1 -1.292688560416426 366.80738330833344 181.28639959452758 432.7267884457942 218.59156188870807 1.5 1.702316154539585 3.935135763883591 -8.878228220988504 1.3431383610497454 30.869851037968203 -1.572732513016325 0.9451466798782349 
