Pedestrian -1.0 -1 -1.5249121749949905 998.4675544570272 144.68537920702047 1070.0228314164149 314.6672773436119 1.8 0.6612190537154674 0.6462359361350536 4.811757770393225 1.4115169178090836 8.055976984082653 -0.9864874045040948 0.9999991655349731 
Pedestrian -1.0 -1 1.5208240256445882 706.2571826530041 166.4099493856147 733.6418316750946 233.0092328169139 1.8 0.7012449696660041 0.904412430524826 3.2436160999195938 1.3933160436243908 19.900495289970205 1.6823949694593967 0.9999879598617554 
Pedestrian -1.0 -1 0.5820834323871849 129.07160431127005 146.20638950289137 259.0267809708618 362.55337501487355 1.8 0.6608444757759571 0.7590322315692901 -3.6129553911267824 1.5077462881948378 6.3276683651238015 0.06327752669784001 0.9999476671218872 
Pedestrian -1.0 -1 -1.2712249900858512 566.5355173804371 165.69481740786284 615.1235628432877 244.46841258864762 1.8 0.9252780608832836 0.9006601318717002 -0.2754328125340245 1.440057519344197 16.973266260422484 -1.287451014914785 0.9999245405197144 
Pedestrian -1.0 -1 1.669149383619153 545.6484794558933 168.85922762094543 571.5376592736974 231.66804554833973 1.8 0.6793093428015708 0.8356725357472896 -1.2753213016116516 1.438875461575747 21.014068994163715 1.6085348010023655 0.9990221261978149 
Pedestrian -1.0 -1 -1.8841236598033775 799.4205576658825 158.19419117066832 863.1866322988452 264.5719141699031 1.8 0.8105097830295562 0.9500844895839691 3.9803087558225188 1.4069292396961885 12.630500490926165 -1.5788403154027206 0.9972677230834961 
Pedestrian -1.0 -1 1.6652779602994967 392.82531998813926 156.22547797200733 464.21263856558704 299.67693253941417 1.8 0.839854360371828 0.9414168566465377 -2.316076733046852 1.4841967704392243 9.536921543526809 1.42703644832107 0.9960392713546753 
Pedestrian -1.0 -1 2.7234932894108734 489.64164522182665 167.52415937437266 535.2482497735944 240.8794404739004 1.8 0.7189865715801715 0.9328947894275188 -2.2870609407749507 1.4582493004929442 18.172832864840974 2.59830092191301 0.9845950603485107 
Pedestrian -1.0 -1 2.3192030551022222 0.0 108.75122578688632 144.14292725512863 373.0 1.8 0.7538212954998016 0.640773170441389 -2.705630920893264 1.5070886809342579 3.243851236794117 1.6240243792494358 0.9543059468269348 
Cyclist -1.0 -1 1.7466847782962756 401.69632395360827 187.3388695419867 479.794573210844 303.57279807077816 1.4 0.7917034931480884 1.2319588594138622 -2.1030577151609124 1.4824590878906596 9.346317410883406 1.5253564556452888 0.9999616146087646 
Pedestrian -1.0 -1 2.562950240393252 506.2933513563249 167.4208069163258 548.0209203918456 240.4355725530832 1.8 0.6933200664818286 0.8050435714423656 -1.9188622767074237 1.4541006459305987 18.229161092482748 2.458073127265793 0.756841242313385 
