Car -1.0 -1 -1.5079033505651214 569.2262428972856 179.05746475360644 636.1977670103147 240.7244005856323 1.5 1.6070638343691825 3.621633213758469 -0.16563411496950634 1.6862994313509112 19.772595571998753 -1.5162801081922395 0.9999986886978149 
Pedestrian -1.0 -1 2.10976087525174 1182.029806086677 164.27227348708053 1201.4640098581485 220.12992900208081 1.8 0.44853142723441125 0.20952252931892873 18.89771072543007 1.5238136538149563 23.49532491808339 2.787129151817185 0.999908447265625 
Pedestrian -1.0 -1 1.8455688351763868 1130.7962140103987 154.28946834954118 1191.30423355891 268.0999025698127 1.8 0.6082221426069736 0.7676297359168529 9.024176344642527 1.5067454457356462 11.882882303169104 2.4950756907423557 0.999589741230011 
Pedestrian -1.0 -1 2.145141285798853 1189.6133131779322 164.2007666949209 1206.7929193803736 220.0646021306099 1.8 0.4187178358435631 0.14969972223043443 19.08617268439083 1.5215402115562808 23.468306518979336 2.8279241204222263 0.9991588592529297 
Pedestrian -1.0 -1 2.0694339520982497 231.2547884295844 153.7248782363959 329.6610722222527 325.55561369525253 1.8 0.7011271573603153 0.7839505121111869 -3.6713413968357673 1.599972203873745 7.9702271392689985 1.6377737402876438 0.9983741044998169 
Car -1.0 -1 1.8191829809200544 404.6152702608054 181.54075234623642 449.61119749084713 207.93720051062513 1.5 1.6940951839089393 4.273573917150498 -11.257112476611553 2.062394770070317 44.5435901462467 1.571644771095139 0.9982498288154602 
Pedestrian -1.0 -1 2.231883883310783 1193.914415280556 164.18134818892196 1209.9153639901983 219.92736151869022 1.8 0.3904908921569586 0.15388303697109224 19.23528983302023 1.5203239057226052 23.502658604632934 2.9177622675856174 0.9952517747879028 
Car -1.0 -1 2.1022269349766347 0.0 181.1390868475662 321.7870168111714 331.00069936503854 1.5 1.8981259807944297 5.762493845820427 -6.290929937107318 1.6533662470633277 10.430798498769661 1.5595230301234382 0.9942412376403809 
Pedestrian -1.0 -1 2.336688404554354 1174.0598761253304 152.35420940930834 1241.0 273.57436234876275 1.8 0.5946651592850685 0.8159209534525871 9.222884149669543 1.495956149063478 11.051497167929424 3.032136666770798 0.8376485705375671 
Car -1.0 -1 2.0893469201606587 189.33720453871132 183.04150975051516 288.44026345657664 217.98314366390164 1.5 1.9000135853886604 5.3447774171829225 -17.999063687948325 2.036670408945905 35.26819642993352 1.6174549937208713 0.5935016870498657 
