Car -1.0 -1 -1.7379448007084417 666.7265818345504 178.51596577812842 738.9078770551143 230.8928522776154 1.5 1.6301408901810646 3.6307676255702974 2.8350109504216037 1.3092603174893434 22.430822357112472 -1.6122223334994656 0.9999997615814209 
Car -1.0 -1 -0.8716538011223085 0.0 184.01219375898464 166.42337153186946 318.9692355084978 1.5 1.5484368920326232 3.6720963686704637 -8.012695533176275 1.4877546573059315 9.833832078181755 -1.555359657914613 0.9999996423721313 
Car -1.0 -1 -0.9938585212766873 0.0 181.32190988772132 373.5238223550865 375.0 1.5 1.5851839005947113 3.9576767504215242 -3.6650608671961935 1.4774819081705866 6.382119103544776 -1.5151441703226907 0.9999881982803345 
Car -1.0 -1 -1.2110229648525535 252.43898798723325 181.87841699821595 359.3916841080261 239.81312574619858 1.5 1.563955333828926 3.821479392051697 -8.52774306726869 1.4147249196826897 20.544260233936882 -1.604470984139715 0.9999885559082031 
Car -1.0 -1 -1.5200219203889473 581.7951417479786 179.70403522116317 614.3530127631179 207.55831922346533 1.5 1.6438911229372024 4.06125285923481 -0.5318812719017689 1.204318870368968 40.76800964453182 -1.533067715415035 0.9999707937240601 
Car -1.0 -1 -1.4432301422165708 480.7046522178855 180.45054360145107 526.1209479870572 215.84679798669248 1.5 1.5810836598277092 3.521016848087311 -4.657806868787795 1.2991964872696957 32.232335551308466 -1.5867439481106145 0.9999334812164307 
Car -1.0 -1 -1.2630396679497518 357.13591009276627 181.32344380629178 427.2694666417135 221.37201855904434 1.5 1.601746168732643 3.8575275361537935 -8.600026407160794 1.3553486782623014 28.863627489954133 -1.55261812458304 0.9999082088470459 
Car -1.0 -1 -1.3495041667875523 399.78046919422104 180.65110779971823 487.8010124885007 241.4019668178965 1.5 1.5707407638430595 3.6238981902599336 -4.395489407747549 1.388426842689583 19.557622309037697 -1.5705764469337906 0.9998542070388794 
Car -1.0 -1 -1.4661885268474928 515.7907133190089 180.29080083621278 549.4363104929245 206.3288724442615 1.5 1.6111648201942443 4.026873645186424 -4.518163973056494 1.2174179286063125 43.42222815343346 -1.569867300046843 0.9994723200798035 
Car -1.0 -1 -1.3516561966515175 412.76676852102395 180.972632071028 467.63928185151184 210.44943045554717 1.5 1.8558646112680435 5.022520434856415 -9.046616161718099 1.2852122392627938 39.09582521778065 -1.5790500073370082 0.8490184545516968 
Car -1.0 -1 -1.6992749466057324 560.8925918619666 179.96195798006144 591.8954583557163 203.15076769587952 1.5 1.5906543031334877 3.969733652472496 -2.18104522741989 1.1612857824358012 48.58870201303572 -1.7441327432778222 0.7927035689353943 
Car -1.0 -1 -1.4455157062697328 400.1608346875972 181.09684156898987 447.7685689857781 210.3250293638972 1.5 1.897478711605072 5.2517885833978655 -10.067118958231008 1.289750136420409 39.61097007110755 -1.6943962062385423 0.605998158454895 
