Car -1.0 -1 -1.8362045837601315 690.397561294835 176.68903669548055 860.9363942533989 297.96645853771093 1.5 1.5621956929564476 3.5128431886434557 2.2341458272307344 1.5675468081085049 10.83691852302451 -1.6328924308207375 0.9999990463256836 
Car -1.0 -1 -1.6904128953410016 643.4085837207352 178.53459166447587 709.1132241820998 232.0993289733696 1.5 1.5789853900671005 3.797431153059006 1.9384641879185118 1.692947462011082 22.535302346745574 -1.6046051169422013 0.9999985694885254 
Car -1.0 -1 1.703433263258854 514.5355723448049 180.25117215450695 558.9167969325081 215.9470052031531 1.5 1.540451918542385 3.7211021900177004 -3.333006727146097 1.857838684430802 32.982605049874515 1.6027216792067112 0.9999954700469971 
Car -1.0 -1 -2.023611467639435 793.999752457367 173.63289687687822 1241.0 374.0 1.5 1.5538381904363632 3.3924738436937334 2.5795749681880604 1.508144274399814 5.50293966457639 -1.5852641808476788 0.9999873638153076 
Car -1.0 -1 -1.8026541422464082 666.1080497421482 177.94441167055024 760.4135099841156 247.5526513759013 1.5 1.52188693434 3.3046411842107775 2.355433697862454 1.636080000686516 17.516165267054294 -1.6689840043571336 0.9999868869781494 
Car -1.0 -1 1.6546639212291658 539.2809579775512 180.15422355722077 575.0366246680618 210.6755048358304 1.5 1.5749553710222244 3.916356948018074 -2.797989246821323 1.9084518475587078 38.365590048279444 1.5818631529768528 0.999963641166687 
Car -1.0 -1 1.9147025373082154 170.08755262423867 179.25301265476662 472.9911911739386 374.0 1.5 1.5785128369927406 3.8423805058002474 -2.6298038359994496 1.5834668344852683 7.443853831209289 1.5751039862593235 0.9999507665634155 
Car -1.0 -1 -1.385605768424452 385.7197138283634 179.81384111827526 509.8347846731235 280.40100692624156 1.5 1.5039172515273094 3.5005039095878603 -2.772135128333638 1.6406753184787226 12.773202850010115 -1.5993189523604256 0.9998984336853027 
Car -1.0 -1 1.6977038745318902 445.1409400645063 179.97002096422082 530.8108378906716 249.1873449361757 1.5 1.6166186451911926 3.922964867949486 -2.980801194140731 1.6978549942061119 18.03274901067378 1.5338858803126472 0.9997465014457703 
Car -1.0 -1 1.6037928008659068 562.1561191917942 180.06170457957506 589.9168513030389 206.33765253353587 1.5 1.5736075609922409 3.9750280350446703 -2.078881145291672 1.9626938560875202 44.281817709338455 1.5568806370112556 0.7630627751350403 
