Pedestrian -1.0 -1 -1.9618259531861888 378.2484749429939 152.8232362484417 472.77191742543306 316.17926292779134 1.8 0.7643568821251392 0.9989699840545654 -2.1512621827732823 1.4853693144132214 8.541479700166414 -2.2085549990322932 0.9999992847442627 
Pedestrian -1.0 -1 -1.9421574344388544 596.108758912018 138.9860005510409 712.6481063148007 366.3913785236004 1.8 0.7275186039507389 0.8829625815153122 0.38240993045428456 1.4648784729800597 6.214664171457841 -1.8807014385846001 0.9999977350234985 
Pedestrian -1.0 -1 -1.532197263941601 343.14115852921157 157.47440669387277 396.51172849268977 297.6411567204668 1.8 0.6587885811924934 0.8492365039885044 -3.1620424917442196 1.4927997995437359 9.72042440465513 -1.8466994027283532 0.9999740123748779 
Pedestrian -1.0 -1 -2.0152053714512856 419.2497649315905 150.3695261569868 517.3221038989673 324.9482884776112 1.8 0.7357838124036788 0.9442409060895443 -1.5429065498935315 1.480391938032646 8.002115037837326 -2.205680267014776 0.9999186992645264 
Pedestrian -1.0 -1 -2.026435176803569 451.8167611441231 162.61541577899138 515.6171839126334 265.9306518556215 1.8 0.8093205772340297 0.9608782388269901 -2.2010668930815456 1.4722619895172864 13.138730745928259 -2.192418948807989 0.9999164342880249 
Pedestrian -1.0 -1 -2.1186950843106427 555.127094604092 156.54350061771066 628.9804872255369 287.6171358991467 1.8 0.7591715574264526 0.8066083796322345 -0.18758309815012245 1.4586008368951253 10.406050502729585 -2.1367194811489925 0.999699592590332 
Pedestrian -1.0 -1 -2.1373399610691375 578.1428840103772 146.8288750250665 683.3059817138436 330.8492192192333 1.8 0.7407865978777408 0.9008354999125003 0.24671659640338914 1.462233605827799 7.600038792277365 -2.1048888126995906 0.9993719458580017 
Pedestrian -1.0 -1 -2.0708000794320434 478.53616002612927 162.34259163100205 540.3594372847505 265.55453665456054 1.8 0.7209087282419204 1.0166375458240509 -1.7331615343434152 1.4671744996070537 13.148120175423378 -2.2018626491215567 0.9990755319595337 
Pedestrian -1.0 -1 -2.1325972649928326 462.0035977736002 154.54985632912494 539.7547987302682 303.0181092420346 1.8 0.6190419688820838 0.8710372753441333 -1.3469826065939459 1.4746033052820302 9.238539355435732 -2.277377502122198 0.9988151788711548 
Pedestrian -1.0 -1 -1.944598127349542 435.5408265205973 159.82741818824977 500.33762790449805 280.1824051784241 1.8 0.7099601931869983 0.9317916378378868 -2.1574735140681027 1.4771771173458572 11.324031033078615 -2.132863537469183 0.9946962594985962 
Pedestrian -1.0 -1 -1.8178822213942964 512.4145019131174 156.9562741780675 572.7026073390833 288.97970848760525 1.8 0.6914842434227466 0.7535414330661296 -0.8961869645874906 1.4666953679227452 10.260458344391505 -1.905004874863897 0.9888290762901306 
Pedestrian -1.0 -1 -2.816153092325016 375.89353407718005 164.1299842461681 433.09930738828865 263.8450869939391 1.8 0.6971124120056629 0.8477329768240451 -3.6843569812432135 1.4877156173646182 13.336048281877158 -3.0857001105931148 0.9778708219528198 
Pedestrian -1.0 -1 -1.6438954296882353 422.79374558351464 160.7202919635372 471.1969275709593 277.344703513659 1.8 0.6990934282541275 0.8514786630868911 -2.5460884282228737 1.4805837862725142 11.592051209767412 -1.8601031760361535 0.9769525527954102 
Car -1.0 -1 1.7071081466299727 403.71533877777847 180.27877068730163 493.65324079370873 249.11310664202176 1.5 1.6272452220320701 3.991963204741478 -3.6697577510477877 1.4746111942470488 17.697699610149588 1.5026478012416022 0.9802590608596802 
Pedestrian -1.0 -1 -1.8681277833310934 457.3481524570275 155.6629061129643 530.8251172463497 298.2025356519484 1.8 0.7372810065746307 0.9070275843143463 -1.498995367363061 1.4750628554843923 9.637497535977325 -2.0224292437222346 0.9396693706512451 
Pedestrian -1.0 -1 2.1378167241632005 681.2332369461402 169.40349708534012 706.4264927333204 220.57117498766644 1.8 0.6259773418307304 0.684180811792612 3.288681737422995 1.375523818476605 25.730462886525164 2.2649402499159397 0.8054657578468323 
Pedestrian -1.0 -1 -2.3852938020479515 574.7043979580314 149.88933510414304 674.2352785275376 316.780487056847 1.8 0.757529728859663 0.8693793348968029 0.216615729873655 1.4604219320117997 8.3200423822564 -2.3592642704632625 0.7088294625282288 
Pedestrian -1.0 -1 2.2814339941817083 363.8603747694588 165.20823088116947 414.1669686030055 259.74267652325096 1.8 0.5952261880040168 0.7666598565876483 -4.215247057320792 1.491050790390904 14.14646042665667 1.9918389201124729 0.5503646731376648 
