Pedestrian -1.0 -1 0.5813326053401415 945.6549815108334 118.47402767029912 1109.5698573005209 374.0 1.8 0.684522420912981 0.5972507901489734 2.4982661321155684 1.4978269615515023 4.433687799091493 1.0944613655421394 0.9999498128890991 
Pedestrian -1.0 -1 0.41352744615770365 954.3269266781505 115.49669497395288 1101.0587672851302 374.0 1.8 0.6606122970581054 0.5270204998552799 2.388716062636597 1.4968010606216402 4.224812706752566 0.9281183918330329 0.996651828289032 
Pedestrian -1.0 -1 0.7888217986672488 1037.3648037228395 116.80437883778112 1219.2973828300783 374.0 1.8 0.6866509586572647 0.5647440932691097 3.016994759653366 1.491108271505787 4.315198301357516 1.3989807804438728 0.9959946870803833 
Pedestrian -1.0 -1 -0.46079114628283424 1029.5407251905913 157.8339423265558 1079.305827670325 258.2471682604985 1.8 0.740798146277666 0.5037437684834003 8.142370174704281 1.531109423358309 13.32254435300599 0.08780281146499089 0.9915504455566406 
Pedestrian -1.0 -1 1.3743792312608363 747.7455858172707 171.13543515779716 767.8225571919784 214.70110368844018 1.8 0.6531986899673938 0.938122209906578 6.154432206324464 1.7293519297300513 30.27938115011306 1.5749025225599826 0.9884530901908875 
Pedestrian -1.0 -1 -0.34436057005812404 1016.3269211881039 158.77067478098928 1060.1610103549688 254.92638515806752 1.8 0.7373493656516075 0.5056231774389743 8.19578358322753 1.536723117254539 13.913600226399726 0.18796734412642888 0.966323971748352 
Pedestrian -1.0 -1 -1.5361549185671997 562.8327030477612 170.55109282486436 584.4343273235545 228.3898062240449 1.8 0.6603688493371009 0.6699232876300811 -1.1897606739830038 1.7286889756299624 22.792938461539944 -1.5883062398668868 0.9447844624519348 
Pedestrian -1.0 -1 1.5111699258019986 742.9456520627161 171.19187199600466 760.1211132201474 214.81128423526317 1.8 0.6549762122333049 0.852870338410139 5.885000756260774 1.731768340887326 30.23823903949871 1.7033882021864475 0.9369776248931885 
Pedestrian -1.0 -1 0.7893880904642099 908.5365834074935 161.7853448351816 956.9680245746069 247.46314781322894 1.8 0.6443688206374645 0.7074624791741371 6.922271708242176 1.5678171098607676 15.601221486089722 1.2069911201808112 0.9363492727279663 
Pedestrian -1.0 -1 1.572638822969806 550.1246498109322 170.801220975286 569.9368515689982 228.05935951608086 1.8 0.6219556115567684 0.6395002387464046 -1.6401769878952581 1.7358254542126414 23.020443816109385 1.5015103062007087 0.8500427603721619 
Pedestrian -1.0 -1 1.1350494015651122 734.9017515524407 171.30512639371608 756.2201917654988 214.6345221487852 1.8 0.6065918624401092 0.7882939212024211 5.671619135090337 1.7360140914226205 30.428763541628292 1.3193248947474616 0.8296117186546326 
Pedestrian -1.0 -1 -0.9999248939271148 1002.5815181680762 158.30065963738727 1059.6837264944857 257.5740736747787 1.8 0.693537250906229 0.6327605366706848 7.842224153341012 1.5364804334813942 13.533028231524135 -0.4747244874623162 0.7979349493980408 
Pedestrian -1.0 -1 0.2926403436360543 759.7560074779265 170.9774002571117 784.100338248429 214.58954335227628 1.8 0.650526725500822 0.8453674174845218 6.753290123410369 1.7229050360790812 30.267884062347495 0.5121621330592292 0.7712976932525635 
