Car -1.0 -1 -1.9386367473695232 759.7419149722317 175.06348749978685 1070.65412062186 357.97246262190373 1.5 1.6182896241545677 4.246619206666947 2.921718227041791 1.5317452708606731 8.106692242494088 -1.5927198613670213 0.999998927116394 
Car -1.0 -1 -2.454238441690542 0.0 183.43830216124564 309.68034160059904 253.62548701728224 1.5 2.266463686525822 6.998753410577774 -11.202723038227214 1.778184050601415 17.407764778338912 -3.026064232983862 0.9999984502792358 
Car -1.0 -1 -2.326311016381164 947.2250046349872 164.50647439902417 1241.0 374.0 1.5 1.5345354124903678 3.1795984625816347 3.02099048175943 1.4805608469915839 3.3101514816801116 -1.5865539378162963 0.9999924898147583 
Car -1.0 -1 1.939222168277362 138.6962746535152 179.93021059088625 433.9049345080735 342.9322738579498 1.5 1.766274732351303 4.492357236146927 -3.672549982001695 1.61171872956147 9.092810533854214 1.5553616722437995 0.9999916553497314 
Car -1.0 -1 -1.645135098772837 607.8647944008247 179.4446835435715 645.8157897148998 209.3138248941479 1.5 1.7377667620778083 4.474609580636025 0.8291691796151615 1.8821885330858033 39.519033764878195 -1.6241566623237473 0.9999839067459106 
Car -1.0 -1 -1.7810189433172485 719.0383535617638 178.31284709704912 765.4840435447642 207.45899755619897 1.5 1.6523248076438903 4.388582569360733 7.260895311738111 1.8211638699684265 40.18148406666428 -1.6022456186499936 0.9999617338180542 
Car -1.0 -1 -1.4347903112540152 477.17265493944547 180.69397419966677 520.2589313589606 210.75653717147395 1.5 1.7226290449500083 4.614286732673645 -6.063677194413116 1.9551270470702273 39.53032724742054 -1.5869969754156215 0.9999146461486816 
Car -1.0 -1 -1.6304894194024278 743.1395742916778 176.93842004522878 836.7161046471509 263.8932521310037 1.5 1.5761903047561645 3.512345862388611 3.440818970246186 1.592931998132857 14.485175910475084 -1.397271082797323 0.9999147653579712 
Car -1.0 -1 2.343823143337328 0.0 179.81092801566777 273.3878605922366 374.0 1.5 1.523962852358818 3.578244757652283 -3.491946751146887 1.5548553321510536 3.8351590900426054 1.6052322268446506 0.99986732006073 
Car -1.0 -1 -1.3465888735896805 415.68479529188556 181.2778371731573 466.3307951122643 211.12641950353876 1.5 1.743013647198677 4.604094338417053 -9.292046948721588 1.992732340783431 39.8650538253106 -1.5755876829524083 0.9996762275695801 
Car -1.0 -1 -1.378450846157952 760.3345113131879 177.0064086995216 853.7365659172932 239.0703863452312 1.5 1.7043427124619484 4.3094033867120745 5.529634138407707 1.629067379885449 20.053527647686167 -1.1093933443215234 0.9995425939559937 
Car -1.0 -1 -0.4098222800172946 801.5904758233595 176.92997890037785 961.0704034938619 210.3415344383205 1.5 2.189382587373257 6.714391571283341 12.636988372300891 1.6994892227651803 33.974510747487905 -0.053723887601171215 0.9950214624404907 
