Car -1.0 -1 -1.8437592791280408 711.1141890563549 176.6820451366904 868.310579819712 287.48955050045714 1.5 1.54334646910429 3.3916255950927736 2.6603706479180613 1.5711771220489306 11.615034673272813 -1.6185976872828347 0.9999991655349731 
Car -1.0 -1 -1.92932181065337 807.9103022932873 173.53518596910476 1241.0 374.0 1.5 1.5719719722867012 3.6257559925317766 2.5709326226841323 1.5072336717752954 5.407086058632887 -1.4854862327363831 0.9999977350234985 
Car -1.0 -1 -1.7332128776939972 666.2754482161124 177.8517560216521 761.054360234727 250.99373202547844 1.5 1.5720751628279686 3.8510190814733507 2.2697613680307076 1.6316824256432965 17.008851868977494 -1.600550756850515 0.9999977350234985 
Car -1.0 -1 1.7888133839163634 397.1846260771961 179.64589795610283 530.6614631514535 276.30704586120726 1.5 1.5901824951171875 3.9973071336746218 -2.6020595231060786 1.6464526692637467 13.497830299756213 1.5983734011610569 0.9999905824661255 
Car -1.0 -1 -1.4410798279236592 463.8987952710497 179.93059438495249 541.9785671162244 245.50203437365337 1.5 1.5322985619306564 3.7540412068367006 -2.7359549701181733 1.7032745938278757 18.79872307565379 -1.58560450660554 0.9995287656784058 
Car -1.0 -1 -1.677517725167746 639.5349398355013 178.8871036979811 689.6220701983374 220.18405438377044 1.5 1.583789338171482 3.6702877402305605 2.0593063232367643 1.7551739658943823 28.610729697114937 -1.6056649210539204 0.9991694688796997 
Car -1.0 -1 -1.7316623001408944 657.2111005489473 178.51274918082987 719.6244721839513 228.94733646626267 1.5 1.5044358119368553 3.242337566614151 2.4397405369139222 1.6976449605774915 23.49137444370591 -1.6281764442708833 0.9989252686500549 
Car -1.0 -1 1.6760300493805984 532.832628148103 180.28312248698762 566.5254244104046 210.00846000728893 1.5 1.4618734389543533 3.4695497274398805 -3.2592838655376126 1.9202992933003131 39.03280452199873 1.5927221655806125 0.998656153678894 
Car -1.0 -1 1.6392165462522725 498.9103301118901 180.07942782844387 548.5419015798878 230.4907135077066 1.5 1.387498204410076 3.47827063202858 -2.824067193156284 1.7559191359500592 23.746235004906122 1.5208455761286872 0.9952137470245361 
Car -1.0 -1 1.5964889868833447 553.5088264678931 180.13358101156504 581.1959785643593 206.31582433015296 1.5 1.6046762958168983 4.215085369348526 -2.6311430581062774 1.9724159906956773 44.65375734931508 1.5376338203761237 0.9296879768371582 
