Car -1.0 -1 -2.5857661826032956 400.2093844997101 180.98064373803547 514.4505241595756 224.74149827020085 1.5 1.6000574946403503 3.8673809289932253 -5.677689871924054 1.8165337410045332 26.661060646578424 -2.7955898801472525 0.9999994039535522 
Car -1.0 -1 -1.5509261863453727 570.6895261722323 179.38198054749847 623.9935763216971 229.6371519861852 1.5 1.6235575571656227 3.3736592650413515 -0.42909489219736735 1.7297189397769708 23.660306329366442 -1.5690598424433289 0.9999991655349731 
Car -1.0 -1 -1.8140960498092642 731.2605627124286 176.80739094772184 866.4109886538911 268.3431766790091 1.5 1.5687281757593154 3.9560238391160967 3.421220933185594 1.5877822110401114 13.972680893917254 -1.5739696117260051 0.9999988079071045 
Car -1.0 -1 -1.56456941505743 594.3238785480672 179.48994771164004 632.1499258074952 215.16431432558164 1.5 1.628318664431572 3.822913256287575 0.11693482095511086 1.8212502683170908 32.96911432806595 -1.5610226309534652 0.9999667406082153 
Car -1.0 -1 -2.0434420122167385 153.20292414101272 181.1553979319489 388.90352006462416 307.6481057835744 1.5 1.5758829683065414 3.6969198405742647 -5.079644694786462 1.6415751496158233 10.527015101212623 -2.4930195967343196 0.9999599456787109 
Car -1.0 -1 2.2568453049361414 0.0 183.5877690901808 127.53118856848059 310.22142807249384 1.5 1.5376978114247322 3.502205249667168 -9.062420536312468 1.684521774774539 10.610250588096664 1.5499645908686774 0.9999567270278931 
Car -1.0 -1 -1.6749996988927276 655.1781092923826 178.7352316953144 709.4656097175844 213.35325428613615 1.5 2.032906797528267 5.481576037406922 3.36159815069163 1.8076216214309868 34.944732292574265 -1.5790972337734444 0.9999706745147705 
Car -1.0 -1 2.3156705602664154 0.0 185.29099354356578 13.184899975442088 269.1545345773041 1.5 1.5578430637717247 3.613150355219841 -14.923657510964988 1.7951857817686834 15.273471156271652 1.5418562134120124 0.9974302649497986 
Car -1.0 -1 -2.3107035123785034 472.50412804459046 180.69351112419557 542.9309293541248 211.28918524793914 1.5 1.6051304087042808 3.696109962463379 -5.462806155560063 1.9336711097873789 38.08493072355877 -2.4531692425396785 0.9945836663246155 
Car -1.0 -1 3.445021997172942 294.6268432052133 181.51320714437324 469.2418688466261 244.31712219550056 1.5 1.6112709909677505 3.9112186551094057 -5.723347355264725 1.7291935109446197 18.258962985920256 3.141268122192246 0.8039255738258362 
Car -1.0 -1 -2.577472490653852 482.41124262337905 180.70474689137347 551.8091080596562 208.72929054627156 1.5 1.5596265465021133 3.631379318237305 -5.305336633244981 1.9615867815612151 40.91481792633049 -2.7064208547261104 0.6919872760772705 
