Car -1.0 -1 0.3321318967868465 349.487236393287 181.34734528480337 486.33640607962604 232.47308941786642 1.5 1.5606796860694885 3.8032157838344576 -5.946100581199133 1.7746971016890527 22.387204990909385 0.0725231607768195 0.9999963045120239 
Car -1.0 -1 3.600938261115406 25.022984428468835 182.49937298543767 352.0221947583367 289.2501626818123 1.5 1.6168931990861892 4.110648718476296 -6.4051406654401175 1.6629441208619655 11.231689248877194 3.082662928100449 0.999994158744812 
Car -1.0 -1 -0.0575888917399541 665.2778765690448 178.75430806775933 753.4737447501979 209.73513660086456 1.5 1.7182278007268905 4.304082927107811 4.905645055666876 1.8059164643575698 36.342216696741765 0.07658485969039372 0.9999856948852539 
Car -1.0 -1 -2.3313814573432037 0.0 184.1394089016275 154.90377081257157 374.0 1.5 1.607937228679657 3.8414555162191393 -6.439364704615944 1.6115216631819522 6.277446402512829 -3.1295115510609492 0.9999580383300781 
Car -1.0 -1 3.496442673157932 205.21483257904904 181.9282358310887 433.6372716421715 253.10783594176155 1.5 1.6963834434747695 4.487949100136757 -6.485644679015174 1.7171048354933924 16.331945184657336 3.1184266686399997 0.9998990297317505 
Car -1.0 -1 -2.176637028684854 1036.561638624453 174.27350521888496 1184.5186444477292 232.7379812000744 1.5 1.5835220485925674 3.7403332561254503 13.968125034578268 1.5443373822713755 20.4763617303042 -1.577985825543527 0.9991544485092163 
Car -1.0 -1 3.5152914086764193 154.34710304928979 182.24383441803053 373.9925861516077 266.2468727669676 1.5 1.54080321341753 3.515818578004837 -6.612581105784291 1.6937460367412915 13.968880583147088 3.073166120048386 0.9990597367286682 
Car -1.0 -1 -1.9540199651744479 955.4786438396628 174.99307623661463 1103.4498665539218 238.11156256715174 1.5 1.8512258797883987 4.652743649482727 11.17893915255094 1.566076802580179 19.73707772584987 -1.4386782656100137 0.9984632730484009 
Car -1.0 -1 0.18753225473317567 483.2638801141367 180.73196169361864 561.5568238561165 208.45539327808547 1.5 1.667264711856842 4.131433975696564 -4.92114405133376 1.953791655637314 40.5573644469245 0.06678466399642399 0.9974327683448792 
Car -1.0 -1 3.1812534924127047 369.72708653429146 181.20887317773432 495.6816217065652 227.9859290490747 1.5 1.567593452334404 4.065761950612068 -6.053685984669741 1.800286428057543 24.726628068318476 2.9411517262419284 0.9809128642082214 
Car -1.0 -1 -2.7694638037999906 297.6566194380728 181.6467789503739 448.9137488787906 240.86290685853334 1.5 1.5922165036201477 3.535207223892212 -6.35176994150011 1.7481171124809753 19.434240495821275 -3.0853535691883907 0.8848461508750916 
Car -1.0 -1 -1.608305909412008 661.6748669286013 178.9096395334296 697.558342223268 210.28571977251377 1.5 1.6871508702635765 4.029990223050118 3.5153075397244997 1.831097850648069 37.34609192757966 -1.514454578110252 0.7146061658859253 
