Car -1.0 -1 0.3362356427111586 198.43541155807156 181.84901420439252 418.825535499127 263.7523736464074 1.5 1.5432771787047386 3.7234826505184175 -5.881549681420982 1.6892256643284345 14.275288322177378 -0.05458040634659358 0.9999979734420776 
Car -1.0 -1 0.24643050277074183 399.60691274573924 181.30331475331022 502.6381383598512 217.96761894681555 1.5 1.6332921132445335 4.018831488490105 -6.7690439630775385 1.8712983215974819 30.797389817563452 0.030077858767236985 0.9999977350234985 
Car -1.0 -1 0.5848281301709848 0.0 182.81670901695813 318.0594405222055 308.40105742343735 1.5 1.5739212304353714 3.953668710589409 -6.211853182993336 1.6432754620772234 9.54532582537858 0.007908745608057299 0.9999933242797852 
Car -1.0 -1 -1.7630093923721122 696.7728835450908 177.586340346615 794.1205493273999 249.69092157789143 1.5 1.5707340583205223 3.5970407098531725 3.032430944144539 1.6241206797248642 17.05626528214358 -1.5870580590006453 0.9999935626983643 
Car -1.0 -1 0.27015282039247746 276.50948292832015 181.60869690745298 440.68477177750907 250.77915254179433 1.5 1.5154934048652648 3.308592227101326 -5.7790242918039665 1.7137123662881888 16.72158781112848 -0.06259913841751642 0.9999831914901733 
Car -1.0 -1 -2.302630075657037 923.4076925474571 164.01355802357332 1241.0 374.0 1.5 1.5913645297288894 3.889945384860039 3.105158738753784 1.48149687233965 3.484773831793942 -1.5747736278597755 0.9999319314956665 
Car -1.0 -1 2.8499388597466107 735.2603365062947 177.5804039710804 865.5596420319691 224.13371924469064 1.5 1.6015664234757423 3.946870055794716 6.302479788447347 1.66527387973091 24.2985897154768 3.103722679611069 0.9998013377189636 
Car -1.0 -1 -1.6639650489216888 633.1299685695974 179.18915284994608 673.6926102041804 205.99583252586177 1.5 1.9712467238306999 5.589927595853806 2.569541994056072 1.9162496278846857 44.53675371415885 -1.6063340725984914 0.9990895986557007 
Car -1.0 -1 3.632411509907135 74.3785210101957 182.54398577385027 348.2831456254917 280.6540344217262 1.5 1.5698614090681076 3.681122374534607 -6.524818892393703 1.6720901319388675 11.985736966359786 3.133891808982712 0.9959284663200378 
Car -1.0 -1 3.844476586185512 0.0 183.80457432826327 191.49167886000927 353.8526682035899 1.5 1.5435414880514144 3.682071951031685 -6.5861675576343295 1.6237373150763894 7.297754784002619 3.1102862238844455 0.9940637946128845 
Car -1.0 -1 3.332253374210998 332.4745633974272 181.52524112733903 457.7660779293587 234.70439859090018 1.5 1.5556080758571624 3.3598075181245806 -6.396485729408874 1.7711477854536857 21.59241835662707 3.044251906867844 0.9895506501197815 
Car -1.0 -1 3.287607325622745 455.8087423576093 181.06046562914221 530.2189262909008 208.69366673058647 1.5 1.608363401889801 3.930860248208046 -6.557680562769917 1.9703916065723976 40.49140150339092 3.127048957343918 0.9234520792961121 
Car -1.0 -1 -1.5382448802090365 520.6114890096321 180.51414878423154 547.4755737344574 205.41110134463642 1.5 1.6050102680921554 3.9974818497896196 -4.918177550578352 2.018827854600794 46.7824580983837 -1.6429888019945962 0.8429858088493347 
Car -1.0 -1 -2.9616390473035574 471.04836235192073 180.9010619058414 552.2644232162066 205.50503070940223 1.5 1.7799780264496803 4.8505379378795626 -6.208540947025618 2.0204816484863937 45.63646596981319 -3.0968523780491695 0.6925156712532043 
