Pedestrian -1.0 -1 2.5339962922027084 925.058384190586 165.1085806767876 955.135476315549 231.41624472379607 1.8 0.4883145473897457 0.577824705094099 9.042866630638255 1.5900992487074137 19.87633681611381 2.9609643101652683 0.9999916553497314 
Car -1.0 -1 -2.6976036241270283 399.0660215644741 181.5784117364224 474.15809427896215 209.6093929565348 1.5 1.5842048943042755 3.7853820741176607 -9.747895769517218 2.0041784544001873 40.49937659453982 -2.9338032762196407 0.9999680519104004 
Cyclist -1.0 -1 -1.13232998332525 620.2973904449126 181.78352795440338 656.1258060115765 219.81805392755751 1.4 0.645280585438013 1.9035803645849227 1.070114234842835 1.7594125055799525 28.016427200220342 -1.094152585664068 0.9999287128448486 
Car -1.0 -1 -1.284186978717078 472.525589542896 180.04205015543224 563.1195976900275 224.46318740033578 1.5 2.0530352860689165 5.352454122900963 -3.474793486545992 1.8080732681054115 28.078176267934197 -1.4073151955988747 0.9998210072517395 
Pedestrian -1.0 -1 2.549196068692263 930.9696367417808 164.8656139230801 963.0646563324563 232.14116622087582 1.8 0.5270313031971454 0.5974995464086532 9.107946749835133 1.5866234949722475 19.609585680164695 2.9840129494627536 0.9997666478157043 
Cyclist -1.0 -1 2.0321038682529045 285.7613726327599 186.86686126694735 360.0893510473889 274.1968605897807 1.4 0.5110664784908294 1.7115494728088378 -5.070595238114612 1.6643867204615794 12.718573483868736 1.6527390360792698 0.9997326731681824 
Pedestrian -1.0 -1 -1.9575275114389266 23.218497272935256 167.74146207709651 80.62824835781738 274.0404028871565 1.8 0.5746735751628875 0.6955381043255329 -9.826170410526045 1.7137853308238433 12.637984872137196 -2.6184043447163443 0.999461829662323 
Pedestrian -1.0 -1 0.5893281878849892 221.19382867534762 171.94682195779095 264.2639821099063 242.0255176088857 1.8 0.5913874626159668 0.8127965524792671 -9.648054582106905 1.7770565872467996 18.871253421060377 0.11671583255263739 0.999288022518158 
Pedestrian -1.0 -1 -0.16871307909954258 7.657916759853705 167.92053950891366 68.21082116238573 274.42952356655036 1.8 0.609398403018713 0.7404743254184722 -10.096794513520862 1.7169824636250515 12.67032993394174 -0.841551677384649 0.998968243598938 
Pedestrian -1.0 -1 -3.270251728635436 815.5343535536214 168.4208788578597 848.4963065062329 222.63483457943056 1.8 0.4610591594129801 1.0077778741717338 7.41500946526754 1.653170270743389 24.265092449511634 -2.9736804525044307 0.9985567927360535 
Pedestrian -1.0 -1 1.1321592121799677 30.192969602636932 168.89410727156155 88.69274613426164 268.2597478822598 1.8 0.536946815252304 0.9034626677632331 -10.364081177512295 1.7286247415257565 13.514005954977597 0.4779206951472419 0.9985741376876831 
Pedestrian -1.0 -1 -3.1933299892593583 795.608535308848 169.1468132796475 831.7679899245533 220.47357710267366 1.8 0.5251619525253772 1.2122956596314907 7.199222305885903 1.6703488903251718 25.69048951423726 -2.9201088706639156 0.9985049962997437 
Pedestrian -1.0 -1 -3.3916326791670057 809.123149166626 168.73249689823442 837.3583792429993 221.66322853167702 1.8 0.505711094290018 0.8307209730148315 7.280721101458066 1.6601990367365917 24.801813709905275 -3.106098250546728 0.9974036812782288 
Pedestrian -1.0 -1 0.6811278118884455 1063.8394439949473 127.15714738133688 1186.1527836715436 374.0 1.8 0.46927361078560353 0.5371644653379917 3.6137090413448725 1.4936624584642395 5.162679323371645 1.2918321331355231 0.9927626252174377 
Cyclist -1.0 -1 1.9392378963153794 330.2717202917995 185.93809728089067 386.363933391709 256.6994330088586 1.4 0.5518622256815433 1.7307213068008422 -5.414063509498627 1.6967696672765462 15.469536247056233 1.6025788664778293 0.991421639919281 
Pedestrian -1.0 -1 -2.5390407832662847 871.5187434718875 166.62945828193094 904.5342128233204 227.72758870725485 1.8 0.6557158686220645 0.6748334065079689 8.320899813163512 1.6169778131288886 21.718127446482463 -2.173160211243902 0.9821828007698059 
Pedestrian -1.0 -1 0.7149221537284525 0.0 168.2831896175438 42.72239419660399 273.4095599579023 1.8 0.5824503980576992 0.7474166832864284 -10.601583865739357 1.7220953019570726 12.649274453167825 0.01736681064101628 0.9516430497169495 
Pedestrian -1.0 -1 1.595121980192587 52.381872392329875 168.6837338105376 88.7364612219503 268.85182390467367 1.8 0.5248797617852687 0.8603773571550846 -10.108376036991704 1.7254190302878452 13.4657610977724 0.9511906345698493 0.9046748280525208 
Pedestrian -1.0 -1 0.7753852128417813 216.21198335985457 171.93365301719217 259.2300418443337 242.5861800531707 1.8 0.5661403320729732 0.837813925743103 -9.731379420577408 1.776910335536268 18.77304218334142 0.29714994033309394 0.805381715297699 
Pedestrian -1.0 -1 0.8033153378895357 1163.4184896296588 115.5620709977 1241.0 374.0 1.8 0.46671377755701543 0.6388932958245277 3.7433137978341935 1.483479786951995 4.319486062011472 1.5173742016169685 0.5856603980064392 
