Car -1.0 -1 -1.3628880826612673 378.81433209477785 179.70033022829523 517.9950883568345 277.4963277232969 1.5 1.636308853328228 4.435086113214493 -2.8825387964762665 1.650413138711273 13.593243798314536 -1.571849316652168 0.9999986886978149 
Car -1.0 -1 2.0676812835760874 138.67855523988047 183.0879469046787 258.92679085755344 238.59825251173785 1.5 1.588393983244896 3.765542668104172 -12.47884115916701 1.8406076561178633 22.090095463807597 1.5534655292842048 0.9999966621398926 
Cyclist -1.0 -1 -2.504930416629419 675.7104541390823 181.97204845511158 732.0812037660165 236.4254401833032 1.4 0.4651051972061396 1.530485463142395 2.4730884585996713 1.6553465890059729 19.47834164219593 -2.3786400715496883 0.9999961853027344 
Car -1.0 -1 -1.5799795323908339 586.6077672403105 179.89417020728314 612.4066503599348 204.58604890326146 1.5 1.604771290719509 3.5780514150857927 -0.7291643310995966 1.973390007707048 46.66933517475718 -1.5956023177739722 0.9999829530715942 
Pedestrian -1.0 -1 2.923934140749691 672.4658463742683 168.6575019847981 687.9250764440172 230.56512558759783 1.8 0.43695550672709943 0.365720971301198 2.015276961513653 1.6783422040594533 21.215636062352004 3.0186401486357273 0.9998754262924194 
Pedestrian -1.0 -1 0.2423958220816593 396.1374741840603 171.10194904779732 408.5873462180993 235.787463578266 1.8 0.3397840566933155 0.26272991932928563 -5.874249245928472 1.7516035998757935 20.250443004797614 -0.03993542591599056 0.9990087747573853 
Pedestrian -1.0 -1 2.83435292436485 680.839069115988 168.4226701585021 698.1916604514557 231.07238342719998 1.8 0.3854635197669268 0.40256488397717477 2.2609494197175195 1.6730404929610014 20.95672388908717 2.9418238282164157 0.9995236396789551 
Pedestrian -1.0 -1 2.4412227918672156 655.2677027887962 169.53502678683478 675.5869762780554 227.5144643692069 1.8 0.43415450751781465 0.46800300739705564 1.6982882343988703 1.6973186590206202 22.710746559522047 2.5158629298170627 0.9908287525177002 
Cyclist -1.0 -1 -3.2211469190602497 678.032442996885 181.9664030493022 712.8882290611052 229.1505580781133 1.4 0.5006065152585506 1.0069435022771358 2.5267077891372267 1.6788154091273655 21.777828129148492 -3.10564132133988 0.7987092137336731 
Car -1.0 -1 2.0038683515491638 26.110020753528207 184.90662753798645 107.13194828754044 221.46626510574603 1.5 1.5439942970871925 3.679581966996193 -24.67405398161216 2.081961174551095 32.85458919700241 1.3597225387904304 0.728733479976654 
