Car -1.0 -1 -2.1087173306509452 988.6245537300997 174.96455632945367 1107.1998158813697 226.1732523936008 1.5 1.5847379833459854 3.649430584907532 13.830985081634404 1.5733016178166674 23.108794877858877 -1.5693896701002983 0.9999990463256836 
Car -1.0 -1 3.574078531508014 151.3370429542047 182.2104929310066 392.20967887262094 266.5265508181829 1.5 1.5816709518432617 3.8679453104734423 -6.390396650925351 1.689660128416513 13.802545700437648 3.1404774069746555 0.9999915361404419 
Car -1.0 -1 0.32677401144376206 373.62046411821285 181.26511962421446 496.50741806527145 227.08924930111468 1.5 1.5928594887256622 3.818739441037178 -6.037196511301688 1.8022691798642385 24.93298689085525 0.08920948108169012 0.9999881982803345 
Car -1.0 -1 -0.14071674945662196 654.3176150170594 178.94865841276834 736.9869088055598 207.70581685862274 1.5 1.6968977198004722 4.2284856110811235 4.538176749764122 1.8366922742046754 38.91516501260939 -0.02462394634750911 0.9999850988388062 
Car -1.0 -1 -2.8117020082586306 272.4754742617998 181.7277703906465 454.2133796483797 242.62480797500763 1.5 1.6432980567216873 4.184468325972557 -6.3867614971078295 1.7422681092230001 18.8392918505139 -3.1385553638127193 0.9999808073043823 
Car -1.0 -1 -2.491586037623077 0.0 183.1014521678088 268.2612811109949 320.5957900157619 1.5 1.5577288836240768 3.537002441287041 -6.36490834844091 1.6372427845391104 8.81347406030345 -3.1170428554203853 0.9999784231185913 
Car -1.0 -1 -1.9888411122592062 908.5794435297863 175.63185179996594 1037.8324399065 230.19591582261208 1.5 1.8507736295461654 4.578170415759087 11.019223265709195 1.595525059890889 22.392999609034856 -1.5315468209472043 0.9997501969337463 
Car -1.0 -1 3.4667914860464255 228.99770853894609 181.9955577477303 406.50267705987557 252.25455194710335 1.5 1.526874352991581 3.452788156270981 -6.622450199481858 1.7201582448164425 16.485794877623267 3.0848148941954197 0.9946321249008179 
Car -1.0 -1 -0.11681341034055695 649.5009215152709 179.1016020187197 721.2369868518858 205.52186919502702 1.5 1.6547315314412117 4.006920245289803 4.337036152415543 1.873397046908214 42.22345757431618 -0.014456109204564771 0.991316556930542 
Car -1.0 -1 -2.049493788529395 0.0 185.07459006012766 0.0 374.0 1.5 1.5553916364908218 3.9177218943834307 -6.3227389094668505 1.5889706802061834 4.237842896551628 -3.0298078815129146 0.958130955696106 
Car -1.0 -1 2.988406625079568 388.5917650289949 181.05169793831124 507.7852301891422 224.45334842984397 1.5 1.6685762003064155 4.153473165631294 -6.111975300569681 1.8252151133291763 27.05267195273319 2.766208398338181 0.7648860812187195 
