Car -1.0 -1 -1.2342087438426632 175.84214049392577 179.30645066100132 471.11355413391044 369.65592595883845 1.5 1.580795881152153 4.193396729230881 -2.7729254374805405 1.589977546096089 7.9220841308848176 -1.570905603070804 0.9999984502792358 
Pedestrian -1.0 -1 0.34201414092053684 330.93775088847667 167.569696562014 355.664662355649 255.81243776114206 1.8 0.3992075126618147 0.36798320040106774 -5.562248702900923 1.692567154894834 14.917700935192057 -0.014881090321813308 0.9999979734420776 
Cyclist -1.0 -1 -2.4619130116439205 708.7097752717065 182.47554193930628 793.2274830861855 261.5806089075781 1.4 0.44566202238202096 1.66469034999609 2.603844884569582 1.5939356850820592 13.735242702231204 -2.2745622555401668 1.0 
Pedestrian -1.0 -1 2.447227556224295 690.0501773972203 165.69966869483216 712.0842800211782 243.03059139644472 1.8 0.3588338874280453 0.3730696652084589 2.1013154406437904 1.633829416551897 17.044003368404532 2.569896209236008 0.9999549388885498 
Cyclist -1.0 -1 -2.8033619057725687 699.1049074117218 182.15076337214106 776.0285186815191 247.40114600474342 1.4 0.5272278122603893 1.6267147406935691 2.8206917926077915 1.618286373565832 16.28407812473658 -2.631846026578222 0.9999853372573853 
Car -1.0 -1 -1.5056241666434764 592.975340054789 179.78818763254685 621.9996329961124 204.56135018753778 1.5 1.639065009355545 3.749837961792946 -0.15728629942959907 1.967499739487024 46.68382168853149 -1.5089933360603196 0.9999028444290161 
Cyclist -1.0 -1 2.66105450206964 715.1729211184677 182.4818695860642 745.0033118350226 247.0425766700359 1.4 0.4020868826657534 0.5257560431957244 2.6108460193740513 1.6175196529233944 15.998626974975814 2.8228204131086887 0.9999977350234985 
Pedestrian -1.0 -1 -3.229096786066218 713.768391827048 163.7430238373249 735.7159541100343 250.6157370616692 1.8 0.43111392557621003 0.41828546933829786 2.359813410020327 1.6115786946900508 15.176521090117266 -3.0748409787800655 0.9996368885040283 
Car -1.0 -1 1.7264463406762085 445.02057907797797 181.3055736543411 477.45100098004053 204.77834905600764 1.5 1.6075985997915268 3.8041746735572817 -10.180025016258671 2.1021946522752413 49.43994283703134 1.5233775814387458 0.9817293286323547 
Pedestrian -1.0 -1 2.6547797000547164 682.6978594411825 165.88758178830014 707.1489818727267 242.53743436084775 1.8 0.36489530727267266 0.4612782996147871 1.9733705474012542 1.6367625725397008 17.195303999922736 2.769042003150803 0.6301132440567017 
