Car -1.0 -1 -1.6891157994821762 631.5813468679307 179.06249593541563 677.4072255817567 215.05920979292296 1.5 1.5994566053152084 4.071568188071251 1.9238143567571728 1.8010366106830826 32.861520677930834 -1.6306394721057755 1.0 
Car -1.0 -1 -0.4599402349396513 870.6017077166613 175.01764452679126 1106.1605380870278 271.8095037916931 1.5 1.500304464995861 3.1233838319778444 6.106673300641886 1.5385967743876636 11.981322972382713 0.011423512301172533 0.9999994039535522 
Car -1.0 -1 0.42562204112136626 162.3938919536917 182.32289413087116 397.9706289651337 255.17049569119035 1.5 1.6595975056290626 4.436084118485451 -7.185861109239735 1.7200225382627852 15.903353743248262 0.0012343366953986073 0.9999992847442627 
Car -1.0 -1 -0.4528835032079097 909.4389763551453 173.80008884236338 1241.0 302.7306294766363 1.5 1.5250167369842529 3.4310495972633364 5.840978930502084 1.5138462207543524 9.344860211097599 0.105749770006861 0.9999992847442627 
Car -1.0 -1 3.538937130036249 102.39771881577863 182.42736789187705 360.08498619795876 271.51781211115 1.5 1.5899094313383102 3.894743186235428 -6.863443180134944 1.6893588604875178 13.295599348416363 3.0623985409697116 0.999998927116394 
Car -1.0 -1 3.3306862111045286 358.52304996710683 181.49140206584812 481.2020817760158 223.50805166609246 1.5 1.6230829551815986 4.226259005069733 -7.104248773308335 1.836186185741764 27.099364910296913 3.0743001580198825 0.999997615814209 
Cyclist -1.0 -1 1.6326422180711353 508.02543616282634 183.22885433322148 526.9348213445702 224.92391533556452 1.4 0.5639191277325153 1.6704030826687812 -3.3033117597719968 1.7793207703514038 25.50071070143358 1.5038215359065192 0.9999992847442627 
Car -1.0 -1 -0.32637456625332595 743.1550464104039 177.2197642410075 894.9041183405707 234.79188836710523 1.5 1.5876831978559494 3.686462950706482 5.6199577185459955 1.6256264903087314 19.81562640514732 -0.050019220509801586 0.9999964237213135 
Car -1.0 -1 -0.7318625255478639 1027.8279828076502 170.7678802076436 1241.0 357.5317051519329 1.5 1.5389921635389328 3.5215361535549166 5.958403634686366 1.4836031538466392 6.570152801967199 0.004746003946985521 0.9999905824661255 
Car -1.0 -1 2.7119195959468048 790.6722821124039 176.11758420235333 1004.702054414106 255.93272953728982 1.5 1.5536798655986785 3.688517448306084 5.638302491433351 1.5700203281225333 14.514256289083013 3.082443940635544 0.99998939037323 
Car -1.0 -1 -0.3611267979452544 745.4901417727383 176.85882790670212 939.4778765611371 242.86966908701402 1.5 1.5931157886981964 4.16249358355999 5.472536946194826 1.6021139993538525 17.417153675367594 -0.056690410771642406 0.9999790191650391 
Car -1.0 -1 -1.4682945150468778 619.9441735561594 179.54665670348425 648.886624324192 203.567004263042 1.5 1.5791873008012771 3.4173159420490267 1.6207060205328945 1.9609932149375473 47.858409517983766 -1.4344428489592416 0.9997904896736145 
Car -1.0 -1 -2.4368351864060376 0.0 183.25922207339386 259.75455303482784 320.60530588682667 1.5 1.5644709140062332 3.9159803211688997 -6.704437089360958 1.6418509808174033 8.91117316612005 -3.081846908726965 0.9996559619903564 
Car -1.0 -1 -0.9284046252859268 1206.0122651381478 162.88739202870255 1241.0 374.0 1.5 1.6148426130414009 4.233667862415314 6.201018596602806 1.4557158619321888 4.147359268896739 0.05290047725173406 0.998329222202301 
Car -1.0 -1 3.361557542220023 391.6284745280093 181.33337041098324 502.6024813930551 219.1297935472679 1.5 1.63475391715765 4.219841820001602 -6.711108328733718 1.860478475613025 29.820798933146996 3.1401975035627903 0.994203507900238 
Car -1.0 -1 3.915562351013486 0.0 184.07025800077736 163.77977837511548 374.0 1.5 1.6557446241378784 3.940863397717476 -6.467714473049543 1.6124666058999333 6.339196223671817 3.120129454131943 0.8551574349403381 
Cyclist -1.0 -1 1.3016568943633515 135.584867081496 186.9615431326652 158.44219659638668 224.23130792009897 1.4 0.36088344901800157 1.5140703439712524 -18.16080961906725 1.9647529762401124 28.22428286678925 0.7299026687953132 0.7646157741546631 
