Car -1.0 -1 -1.7162311848368847 669.8119294331177 178.06895253600953 749.859122831992 240.50454497838274 1.5 1.5960194662213325 3.7045429021120073 2.5496041113652703 1.6548468783307206 19.5078705747534 -1.5862716343861563 1.0 
Car -1.0 -1 -1.8973462659952074 743.2329568629345 175.54636847200862 991.50390771801 336.21817533612557 1.5 1.5978521227836608 3.6694380015134813 2.7182962246046327 1.5395448448346223 8.647282036230017 -1.5927744443204743 0.9999994039535522 
Car -1.0 -1 -1.6740685876024797 657.6045699229243 178.59940512449688 711.5301861840716 225.0943203838279 1.5 1.517932166159153 3.597359222173691 2.526591703380446 1.71796025230473 25.52274739388301 -1.5753963511113567 0.9999986886978149 
Car -1.0 -1 0.4546824815697512 181.96048358996515 182.06095871431322 401.606453834772 262.70796908107576 1.5 1.5579643219709396 3.7272872895002367 -6.327744819012756 1.6959820045694938 14.470691842985937 0.04245667060347966 0.9999852180480957 
Car -1.0 -1 -1.6639294913434077 643.5050222892677 179.07333242935383 682.8067146682026 212.65448258756564 1.5 1.5582388758659362 3.41658131480217 2.4637508639004824 1.8134080294108947 34.59084150278872 -1.5928240446981532 0.999976634979248 
Car -1.0 -1 3.2506214031849403 439.15923856607236 181.1844983743591 511.64461196216524 210.67482215727085 1.5 1.6187455996870994 3.6162423461675646 -7.110630724432894 1.952001576912649 38.17311923949911 3.0664588093718113 0.9999555349349976 
Car -1.0 -1 3.6069975795984326 73.76198598060141 182.46612427214473 353.1083264132839 281.6334193938613 1.5 1.5923796713352203 3.7332291275262834 -6.444999441066807 1.6706444425688247 11.928102179930809 3.111616122718674 0.9999501705169678 
Car -1.0 -1 0.8065084481066653 0.0 183.59631885668836 211.36548054462816 359.43600468424034 1.5 1.5965380266308784 4.0836869299411775 -6.494144869820727 1.621891441013629 7.214168034534603 0.07358662684890202 0.9997095465660095 
Car -1.0 -1 0.3874783591458424 251.3323755531702 181.8569560108667 425.121155828218 249.52845460208843 1.5 1.5653344362974166 3.5123540580272676 -6.383010405256592 1.723485963970124 17.04617163943755 0.029186292490686692 0.9964447617530823 
Car -1.0 -1 -1.7375995507091209 624.1864547760223 179.46689438209745 657.8184789089961 203.2120009143039 1.5 1.6297486171126365 3.960736331343651 2.0232527560283318 1.9665332851696986 48.79530224652719 -1.6961591998722894 0.9566461443901062 
Car -1.0 -1 3.3107098183310617 281.51168407026114 181.62735081673424 448.98368816479535 241.2663782899591 1.5 1.5911991268396377 4.090610381960869 -6.5591448929174305 1.7517178440086032 19.569126353132773 2.987299787994248 0.8558724522590637 
Car -1.0 -1 0.2896178617552503 479.3398680354324 180.88449764104706 545.0868643828999 205.28203080094403 1.5 1.6611915573477745 3.8601069271564485 -6.271159862894233 2.0271670677461073 46.21277748016422 0.15473990043136052 0.5625461935997009 
