Car -1.0 -1 -1.6092081088110068 602.1669725604779 176.08794530390526 636.318167550922 206.00810507360652 1.5 1.6378725439310073 4.405091565847397 0.6944018755497292 1.280237528038628 37.660284616794705 -1.590771625810538 0.9999932050704956 
Car -1.0 -1 -2.2914521998110464 1034.9685719750255 169.31281717111474 1156.9226608412696 217.48360592617357 1.5 1.5749993294477462 3.289596226811409 16.323811153012436 1.1531944603072317 23.738194175777487 -1.6890560845520837 0.9999885559082031 
Car -1.0 -1 -2.12969105741917 957.7950987521483 170.4415607633605 1068.8335539708578 218.05102580321807 1.5 1.634262178838253 3.533911940455437 13.737823671587625 1.1846473907685224 24.06997107549251 -1.6110601509597642 0.9999779462814331 
Pedestrian -1.0 -1 2.0007225206682926 308.6155389282519 171.91020294953273 337.1512431198561 220.63767760429494 1.8 0.6555730037391185 0.9677373364567756 -10.637208045578207 1.4842077450761995 26.613072863219728 1.6204759955366672 0.9999872446060181 
Car -1.0 -1 0.9235455719257215 1098.9229237532018 168.21012301226182 1223.0 215.41640861066944 1.5 1.6494302570819854 4.035920140147209 19.29473364402735 1.1110341010775067 24.4958091416989 1.5907258868177951 0.9999017715454102 
Pedestrian -1.0 -1 -2.6550693013080457 224.6197266638825 174.35383840511562 238.65111513231378 215.83616205823705 1.8 0.5234960027039051 0.33822949305176736 -16.356926263107788 1.534779372151059 30.9370624176927 -3.1414250890400752 0.999860405921936 
Pedestrian -1.0 -1 2.189343784881091 0.0 166.86781113333004 50.61250371430809 268.0888127896421 1.8 0.6420721791684627 0.8211852543056011 -10.870812702584493 1.5592232164308937 13.002684329635915 1.4930080612513679 0.999737560749054 
Pedestrian -1.0 -1 0.8865380548692572 659.0819318761797 155.39000340306606 733.1075904200127 270.1507187270872 1.8 0.7405009612441062 1.0135574758052825 1.4520725968139785 1.4078110101162948 11.711035525440922 1.0099002559992927 0.9992183446884155 
Pedestrian -1.0 -1 2.2339919270797646 0.0 167.2196682428903 24.691747850807435 267.86729464533056 1.8 0.5512515574693679 0.6623891673982143 -11.245833640405449 1.5641341927909072 12.984715755606915 1.520234986147608 0.9991043210029602 
Cyclist -1.0 -1 1.6936820947637834 395.4537093037019 182.2983297628603 426.3069513683211 235.15613811548494 1.4 0.6262467734515667 1.7147208124399185 -5.418892829422354 1.4538993041290305 19.67639278463321 1.4249433716151374 0.9984293580055237 
Pedestrian -1.0 -1 2.080633199927073 0.0 166.56378360428988 60.359526362862994 268.4476544114818 1.8 0.5768816478550434 0.7610007680952549 -10.537817055406318 1.555429884969812 12.911421177415633 1.3961145122859138 0.9790995717048645 
Pedestrian -1.0 -1 1.9090609152675133 32.579269410444006 165.06645103331962 90.37348894870516 273.1809016701684 1.8 0.5879587054252624 0.7169103741645813 -9.408551444653861 1.544696646630169 12.199216281389143 1.252102776369776 0.9718310832977295 
Pedestrian -1.0 -1 2.2409038060495057 0.0 164.76441770317757 57.583856418003656 277.68800414728196 1.8 0.5887614123523235 0.7702956467866897 -9.662710418619922 1.5508299389598126 11.65691005150589 1.5487724979731696 0.9128068089485168 
Pedestrian -1.0 -1 2.2580276010665363 0.0 167.86299984300948 0.0 270.5621170362323 1.8 0.5771929889917373 0.6657082147896289 -12.394082602802005 1.5801565736498089 12.743385942867532 1.4865242679927009 0.8276726603507996 
Pedestrian -1.0 -1 0.2222306113810912 512.0454616336646 156.5460839947076 587.7579009690548 276.28847713966576 1.8 0.645988018065691 1.0624023646116256 -0.8920364577534744 1.4415791077444768 11.018229984819834 0.14144675334426335 0.8388822674751282 
Pedestrian -1.0 -1 -1.237707196687701 338.4455199663582 173.99151112177037 355.1409912491205 208.96294044733855 1.8 0.596355602890253 0.7750109329819679 -13.441463461161675 1.4664243500038092 36.779864931712595 -1.5880853711303813 0.7531259059906006 
Pedestrian -1.0 -1 2.3784932093909044 0.0 163.67799108638096 0.0 288.68460781732057 1.8 0.6345595724880695 0.78278663828969 -9.891417614221245 1.559440919831544 10.584568984468108 1.6269340395887912 0.7228988409042358 
Pedestrian -1.0 -1 -2.410780718056433 215.99134980560078 174.38934148795985 235.48767467087146 216.1193840013407 1.8 0.5292440325021743 0.5318874053657054 -16.548481681360528 1.5378956336854976 30.813014099505125 -2.9036360541966304 0.676785945892334 
Pedestrian -1.0 -1 2.2483407507196116 0.0 166.94210536472838 23.40164337634585 269.1648008440569 1.8 0.5336800150573253 0.6100822731852531 -11.057663688511616 1.5629080867611223 12.759755803199411 1.5342854698512214 0.5620784163475037 
Pedestrian -1.0 -1 2.457351225122262 0.0 162.88584253723528 0.0 293.3256581867717 1.8 0.5307121694087982 0.923452016711235 -9.68583280250418 1.5586029951647027 10.24398027101771 1.6999513983686985 0.516804039478302 
