Car -1.0 -1 2.031696570926405 208.13055979597806 181.1459182518728 397.7959996671918 270.2690885389303 1.5 1.745297808945179 4.480196771025658 -6.0923252283345475 1.6976232726314233 14.865660346640437 1.642748820777756 0.9999955892562866 
Car -1.0 -1 -1.4968743183620026 606.5223857774339 178.64906019056892 676.5527601120258 241.58455788946765 1.5 1.6178241491317749 3.620860588550568 0.8842685799182497 1.6716997065870447 19.436992608293487 -1.4514115611698968 0.9999828338623047 
Car -1.0 -1 2.061495087196259 209.86650343007173 182.13964414050136 341.2466194517104 240.99934396750498 1.5 1.6339723512530326 4.389297452569008 -9.741750837369725 1.8037840913483953 21.333605618408065 1.6331341147383274 0.9999681711196899 
Car -1.0 -1 -1.1322678185145798 783.7237775420239 175.5489222434669 991.9519333056777 290.6591992112885 1.5 1.5767358735203743 3.8311521083116533 4.438119831890228 1.549935239937052 11.379626484785888 -0.760406748452459 0.9999407529830933 
Car -1.0 -1 1.8183281414046948 531.002883298243 180.1994085435111 576.582728112758 209.54731864763272 1.5 1.6067665562033653 3.9208857834339144 -3.0932746199842267 1.9284386562133518 39.97929865251911 1.7411100745161594 0.9999423027038574 
Car -1.0 -1 2.292113390763654 0.0 184.00454745730156 82.07420067647602 309.98940751235733 1.5 1.6186791032552719 4.070589181780815 -10.361398966260655 1.702467265229178 11.014198153338823 1.5372451980921882 0.9999167919158936 
Car -1.0 -1 2.0294012304235176 413.1028858924267 181.0356028562208 487.55585392430214 216.33793339617824 1.5 1.6695991650223732 4.3604525297880175 -7.474982916474918 1.9127151861434168 34.04627787512458 1.8132767558058323 0.9999053478240967 
Car -1.0 -1 2.2731677724543715 39.96319217066804 183.5683183874548 205.06084971714554 244.5843639551539 1.5 1.5736565485596656 4.190523040294647 -13.785719084555948 1.8395615223065807 20.669106064823644 1.6849536776503147 0.9955654740333557 
Car -1.0 -1 -1.593667439125377 1126.5636169196498 167.79548034784034 1241.0 374.0 1.5 1.530475963652134 3.354712811112404 4.492410431069169 1.4796331351031862 4.708608598606565 -0.831762150922094 0.9738309383392334 
Car -1.0 -1 -1.410027137009119 657.0770693975243 179.0859916472501 691.3573413970923 204.42566426262084 1.5 1.5834121525287628 3.7619932115077974 4.0760941291133435 1.9127038247654657 45.720243990111946 -1.32110928098229 0.96824049949646 
Car -1.0 -1 1.7138324325257834 504.83614806058426 180.71200959698226 535.607543399005 204.1318224689324 1.5 1.5709566444158554 3.764352810382843 -6.134477398238235 2.058835518354408 49.38068761259951 1.590237367149216 0.8411009311676025 
