Car -1.0 -1 -1.1765029481790636 172.49065123901457 181.21143163056513 406.8424416630498 301.7157524323597 1.5 1.7313281565904617 4.2535124838352205 -4.605201301505795 1.451287330673375 11.071158460130738 -1.570695038327193 0.9999988079071045 
Car -1.0 -1 -0.8293642531444692 0.0 184.53099910123524 122.79811293915061 327.0691144250288 1.5 1.5639711663126945 3.494703632593155 -8.316412983872528 1.4939257537782125 9.318310045170671 -1.5580095453795535 0.9999973773956299 
Car -1.0 -1 -1.5513390226194408 574.9505710873011 179.47872996954942 624.0256051921674 223.79305893325844 1.5 1.661779035627842 3.88158657848835 -0.30585529069453227 1.3069399928655316 26.27607661836672 -1.5629785638910276 0.999995231628418 
Car -1.0 -1 -1.359491099942835 420.0626236701347 180.65358791849425 493.25460871729297 229.77663408497477 1.5 1.5995339050889015 3.870152544975281 -4.9646167536211605 1.361824566691433 23.887038912852827 -1.564411005531673 0.9999946355819702 
Car -1.0 -1 -0.9586851830045087 0.0 183.9660131041497 153.62113386324927 258.33165252402426 1.5 1.6095441326498985 4.082249712944031 -12.549888736749853 1.475924279546421 16.564930434785126 -1.6070439825442178 0.9999827146530151 
Car -1.0 -1 -1.4134949302833666 477.2063727386157 180.24862285310218 537.3217807257471 213.73191918534073 1.5 1.9749094292521476 6.142365795373917 -4.838793514512672 1.2786138742686883 35.29113836087919 -1.5497560194369895 0.9999830722808838 
Car -1.0 -1 -1.085506456091853 177.50238988466268 182.651794157316 282.76611811081204 230.0575642442382 1.5 1.5746262416243553 3.8605841368436815 -12.864096129185304 1.4200048563128074 24.676056230925152 -1.5660634167168779 0.999537467956543 
Car -1.0 -1 -1.3512264612942515 521.0883114443079 180.24754815183454 558.9310240064607 204.38617455103 1.5 1.6256854429841041 3.9670536786317827 -4.379129707244307 1.192405038320307 46.73673069078434 -1.444651515283857 0.9931974411010742 
Car -1.0 -1 -1.2454839665407733 243.6186502480624 181.97033600363588 347.76958350556237 236.79979122963704 1.5 1.6435346126556396 4.158324983716011 -9.353412485430102 1.4123460002906758 21.8005360446549 -1.6507758284595353 0.9835839867591858 
Car -1.0 -1 -1.2422296973556881 405.2037424020045 181.09234677402878 458.9203489209488 212.47732895176262 1.5 1.5419843167066574 3.628070887923241 -8.822129940238671 1.3040615438673946 36.22871761969794 -1.481092811622892 0.5019067525863647 
