Cyclist -1.0 -1 1.58787572098864 431.75655255988806 185.25302786735608 467.3918280198092 263.21262111594297 1.4 0.6334044530987739 1.6730383530259132 -2.9576610329748516 1.4782916059949462 13.86362883789045 1.377687140307154 0.9999998807907104 
Pedestrian -1.0 -1 1.3091315500629008 646.2201252753022 166.2920335248893 681.9567179999303 237.12908362498482 1.8 0.7467544198036193 0.7871388018131256 1.5910358516745322 1.4147383865210599 18.703693110652075 1.3939925869319099 0.9998254179954529 
Car -1.0 -1 1.864358194967069 205.1051973484511 181.5069445735675 407.69710454265186 298.12635730473505 1.5 1.7065128803253173 4.5177655786275865 -4.4625389685729315 1.5014218732533031 11.553356466181194 1.4957570274684089 0.9998155236244202 
Pedestrian -1.0 -1 -1.813787187432534 189.4154462398115 147.56427009544208 298.39207196639063 353.36980144568423 1.8 0.747035027295351 0.8300204321742057 -3.4600010306132596 1.5045768098381103 6.838245622891886 -2.282205657162939 0.9993882179260254 
Pedestrian -1.0 -1 -1.5308414183975174 494.86309113770227 171.8602501960202 518.9569457292969 220.735622440866 1.8 0.8639647185802459 0.8333363130688667 -3.5539546029654203 1.4460237811337016 26.906834489567647 -1.6621649573233468 0.9988216757774353 
Pedestrian -1.0 -1 -1.815833603203727 122.55485154371951 148.58869362195205 227.6565247522886 353.1501550084532 1.8 0.6605903178453445 0.9045085430145263 -4.13574893805227 1.5117853138366206 6.87145946006334 -2.357629493871008 0.9950842261314392 
Pedestrian -1.0 -1 1.9988293829002957 377.0952316816013 172.23056159724584 406.43555050374 226.25421135064684 1.8 0.6938919916749 0.7842586867511272 -7.131044823467499 1.4922368195404248 24.36907740051264 1.7141506552656711 0.9504326581954956 
Pedestrian -1.0 -1 -1.900790891175275 58.00498784383246 145.89993740481978 191.08300579310892 369.40365837757753 1.8 0.7322300717234611 0.8727223172783851 -4.257386327901152 1.5146841105828541 6.337986899596067 -2.4922874728825435 0.9056000709533691 
Pedestrian -1.0 -1 -1.5787697531936868 512.4372377339301 171.6374647771071 534.1994705577087 220.7426287197525 1.8 0.794607263803482 1.0605129905045032 -2.951180692890222 1.4395207854530772 26.90177992107572 -1.688034893074308 0.8886408805847168 
Pedestrian -1.0 -1 -1.86421078646099 0.0 123.96166104836435 151.28476921969934 373.0 1.8 0.720539179444313 0.9015744112432003 -3.2752731778700985 1.5104576633877762 4.184046429739743 -2.528375820317541 0.8423652648925781 
Pedestrian -1.0 -1 0.8430691525055842 0.0 146.39051532549405 46.85314152896955 373.0 1.8 0.6750479832291603 0.7000275447964668 -5.2916697038064315 1.5269000675052908 5.990343428543682 0.11952011188002995 0.7399052977561951 
Pedestrian -1.0 -1 3.3962095187351804 172.44760688408954 157.2813102729987 263.07608536786887 308.36987527668055 1.8 0.5762403391301631 0.879995946586132 -4.798409801309493 1.512813748981565 8.939041862759755 2.9035630106886448 0.6929009556770325 
Pedestrian -1.0 -1 -1.978850349036838 0.0 117.62227022941356 114.92079286688559 373.0 1.8 0.7105831548571586 0.9107503600418567 -3.260168841840312 1.5115058605971996 3.7758875622578896 -2.691082791486059 0.649303138256073 
