Car -1.0 -1 -1.7021359606389161 689.5936832886699 177.74623206871232 774.7368309181388 247.85774198604875 1.5 1.5565930426120758 3.4911660969257357 2.8010863719405523 1.6306520121397856 17.447298545184292 -1.5429487983372552 0.9999957084655762 
Car -1.0 -1 -1.5096898608127147 578.5963565408587 179.28018340977016 633.7725691568935 229.0114734746054 1.5 1.6262436777353286 3.4429735064506533 -0.10807243579591308 1.72968097784998 23.981142407504553 -1.5141963894155366 0.9999831914901733 
Car -1.0 -1 2.250114713675064 0.0 184.55690513467286 95.06104290661153 256.47215225891233 1.5 1.588837106525898 3.970802438259125 -14.864163335469533 1.819903436616392 17.698373137891576 1.5515367229792731 0.9999328851699829 
Car -1.0 -1 -1.4307038561841017 514.8596829503655 179.97096663804277 572.2163611045078 225.3870683521087 1.5 1.5871473148465156 3.6215642958879473 -2.3921106930111105 1.7775770524974814 26.254867866636708 -1.521564123281513 0.9999281167984009 
Car -1.0 -1 1.2138059207498852 0.0 182.21145579405453 238.7643362737185 345.9835880458179 1.5 1.5284710124135017 3.7480159223079683 -6.195722412582014 1.6318136249408446 8.465061287018184 0.581978722414698 0.9998741149902344 
Car -1.0 -1 1.0913459183942436 267.2994159779854 181.2864048173502 418.9497543863864 259.83215024757567 1.5 1.5625153228640556 3.8032671928405763 -6.050230897162875 1.7092916264722047 16.024532622106896 0.7303322990748542 0.9997879862785339 
Car -1.0 -1 -1.5294810958826401 592.5266207102242 179.59372218838396 627.9518460406605 211.9336047478543 1.5 1.6243642687797546 3.6699777960777284 0.018352515717721136 1.8551168829697462 36.10953575906357 -1.5289728502419335 0.9997323155403137 
Car -1.0 -1 0.9670656544522123 320.82818656581793 181.16114469729686 455.0680277663926 245.66417605941896 1.5 1.5658751621842384 3.652726721763611 -5.933526055826678 1.7388159327063126 18.96711771343718 0.6638781269404548 0.9995661377906799 
Car -1.0 -1 -0.854015488534887 0.0 178.663748077928 359.67952775085683 374.0 1.5 1.5720267340540885 3.301695224642754 -2.65137416597384 1.5410804659343287 3.3668945662632446 -1.5210777307536942 0.9991320967674255 
Car -1.0 -1 0.9267825893966768 387.3366236519598 181.07412310575586 487.1921061478853 225.58157340260905 1.5 1.5950367346405983 3.8821908205747606 -6.514082092327801 1.8273159927017988 26.84724319088203 0.6887475689265388 0.9975615739822388 
Car -1.0 -1 0.874592906288062 451.8259739198069 180.8206260795486 528.5489191643035 212.4091010329474 1.5 1.6431442022323608 4.113189366459847 -6.254463175977547 1.9329002563093933 37.211028437678415 0.7080685337397712 0.9964696168899536 
Car -1.0 -1 -1.494912808146641 538.0917159740028 179.97932828598874 580.7439272026521 217.43548780832407 1.5 1.575431276857853 3.814815965294838 -2.1950901844596955 1.8306601978951424 31.532534544968588 -1.5644141869295878 0.9918596148490906 
Pedestrian -1.0 -1 2.8692982869155355 772.9550629449061 167.9154003926726 798.4758057880434 227.83540621368812 1.8 0.6922864846885204 0.5912005461752414 5.312982215590567 1.6520020282689296 22.0287372143466 3.1059626221617282 0.9534944891929626 
Car -1.0 -1 1.5872994462258954 0.0 182.2461598275099 19.63715963990163 374.0 1.5 1.5126070499420166 3.746960547566414 -5.722586551622275 1.5948306707906543 5.405069304040136 0.7733749588343757 0.935476541519165 
Car -1.0 -1 -1.4593120948348905 640.1579461194044 179.20488267537078 674.4786889376569 207.50311980894764 1.5 1.5590018153190612 3.579840299487114 2.692480116451579 1.8779350016666339 40.995402622352785 -1.393728674450193 0.922906756401062 
