Car -1.0 -1 -1.1945484338626606 266.5009815847948 182.0698806935691 345.5186474336875 220.61186571293172 1.5 1.652897198498249 4.091534626483917 -12.531840942302711 1.378700379042216 30.03422089080773 -1.5898382580515487 0.9999998807907104 
Car -1.0 -1 -1.038439443312477 76.01852988968751 182.73277715828098 274.7573078015685 269.57162231428646 1.5 1.5796997144818306 3.992728751897812 -8.44328046827342 1.4582427570962513 14.411538531842565 -1.568404051535998 0.9999997615814209 
Car -1.0 -1 -1.391589499914951 441.549761705132 180.5523062339646 506.77844850728565 227.7523142225391 1.5 1.579896968603134 3.601110962033272 -4.539382314052927 1.3529301937492795 24.64409411762289 -1.573745281729151 0.999998927116394 
Car -1.0 -1 -1.59844879931106 576.9743363621735 179.76525670820317 609.5319000296147 208.26497149992602 1.5 1.6870273768901825 3.8012909263372423 -0.8732767591088766 1.214262971204332 39.77126006322476 -1.6204027543452126 0.9999953508377075 
Car -1.0 -1 -1.238921270281679 283.51835851750275 181.73403516080282 376.7057072755423 234.45888059062534 1.5 1.579117451608181 3.6820563048124315 -8.54125506996746 1.402079314230682 22.313958827807856 -1.6044920469310624 0.999993085861206 
Car -1.0 -1 -1.4483494012715727 482.2042581375186 180.44770176819088 525.2603869643539 213.3653923101052 1.5 1.589275386929512 3.952825677394867 -5.001521731023113 1.2838621553569427 34.74549741932218 -1.5913146800037963 0.9999885559082031 
Car -1.0 -1 -1.2810138902730352 303.80157090908455 180.77155452638337 453.72895283556755 274.3048359664913 1.5 1.5769962713122367 4.01179516017437 -4.152787492612377 1.4298601316481152 13.536618262500594 -1.578680805922721 0.9999934434890747 
Car -1.0 -1 -1.4217308631145673 510.2389364123931 180.36465295067293 544.0433136614831 205.95515872650296 1.5 1.540168796479702 3.587065127491951 -4.913570504184185 1.2167847958127112 43.95362697359296 -1.5330585213985783 0.9995213747024536 
Car -1.0 -1 -1.33261505196532 391.1155224789032 181.17623504634312 445.24621706885006 215.66976903694322 1.5 1.5834441900253295 3.6990294724702837 -8.69931275655852 1.3254694286495685 33.12066323546424 -1.5894685248520715 0.9975941777229309 
Car -1.0 -1 -0.7829742601616243 0.0 185.2500056590296 86.19692171680998 364.003919518704 1.5 1.6499249756336212 3.877116230130196 -8.064723932788054 1.5016044153126544 7.970581762526755 -1.5742432869181526 0.9452220797538757 
Car -1.0 -1 -1.0414995003843772 61.08556287852072 183.40190355290395 203.05876209129153 243.59099546166524 1.5 1.5967937678098678 3.713575613498688 -12.96576926537171 1.4559287754791053 19.80576946567186 -1.6211339245226724 0.7416927218437195 
Car -1.0 -1 -1.3479743873023005 431.95634327756176 180.94379578647101 475.18073330537914 207.95731026317222 1.5 1.6065063446760177 4.076152902841568 -8.967004479170823 1.263922003446983 41.96047839525927 -1.558508798540805 0.5426315665245056 
