Car -1.0 -1 0.17149944417935623 421.795669149291 180.97567244247674 536.2230180126207 220.1562215409051 1.5 1.626838792860508 4.278767344355583 -5.204315322526354 1.8338227300072492 28.793575274208003 -0.007315711179052077 0.9999998807907104 
Car -1.0 -1 -1.6907759600431689 661.9386396465939 178.78517198232672 707.8068368623634 213.0176879110419 1.5 1.6647624343633651 4.313107070326805 3.4775585446085153 1.8021543562285396 34.53887710407218 -1.5904288003828866 0.9999904632568359 
Car -1.0 -1 0.3211586793467365 263.7439813536536 181.62919489441754 450.9011351339788 251.26590996365798 1.5 1.573740367591381 3.748276320099831 -5.742814008202573 1.7115830248552397 16.554469949650894 -0.012755469479833328 0.9999796152114868 
Car -1.0 -1 3.7276304236720157 0.0 182.94843311703227 296.34040293203935 318.31314823449486 1.5 1.5574021756649017 3.860795733332634 -6.208697653815226 1.6368579350669723 8.934542306392755 3.1203291296919407 0.9999682903289795 
Car -1.0 -1 0.3010039360483243 347.30877643215916 181.24807134533486 499.1067571397211 234.88890564217147 1.5 1.589478974044323 4.0598834425210955 -5.500619476663704 1.7591120974986973 21.346430340610638 0.04880706866713933 0.9999352693557739 
Car -1.0 -1 0.3404455244464881 318.04213338728454 181.3662710981624 478.0570014101831 242.20443229154452 1.5 1.5720041960477829 3.716242548823357 -5.532711201556198 1.7341381303556045 18.924703195017656 0.05601815780135564 0.9998842477798462 
Car -1.0 -1 3.617493051580037 63.55244726482039 182.60673692503485 322.36758077263573 287.02745645001426 1.5 1.4906423658132553 3.1915879368782045 -6.454990009086338 1.664452753502204 11.325637669958125 3.0994660735090793 0.9997113347053528 
Car -1.0 -1 0.17082150048853337 423.7728560078687 180.97157645489256 543.6293123400461 217.20508198537385 1.5 1.7514603704214096 4.869178172945976 -5.419219981456259 1.860628421613745 31.14089845311777 -0.0014756480839593028 0.9996137022972107 
Pedestrian -1.0 -1 -1.9961893353371123 1064.7639161901848 160.29439919553846 1110.8838664644104 244.87338784801244 1.8 0.572147362679243 0.7709529742598533 10.3869095055806 1.5330659100710562 15.778353552796906 -1.414000571766172 0.8654438853263855 
Car -1.0 -1 0.24757990010313 378.02093976819157 181.25744552714497 498.3997351300327 228.1784752427837 1.5 1.5291659653186798 3.655281898379326 -5.731178407557395 1.7907272195613804 24.13805551978341 0.014463229975427904 0.5508103370666504 
