Car -1.0 -1 0.2516762664503511 387.61237785082386 181.05597255222628 525.4109978056271 226.62704455340273 1.5 1.667409811913967 4.3957146376371385 -5.294558300579781 1.7952127575316483 25.008498890710044 0.04304651816817692 0.9999998807907104 
Car -1.0 -1 0.2172138064838047 396.3196231202104 181.06209622426624 532.5220383348347 222.29208559550523 1.5 1.7328864455223083 4.833878812193871 -5.5195705619059225 1.8238846999134113 27.524152553007195 0.019303365549768726 0.9999990463256836 
Car -1.0 -1 -1.6899526976063202 665.326842585028 178.65553868883643 715.1837636780724 217.27694755095618 1.5 1.613922093808651 4.127547752857208 3.3048410348841104 1.764030148591463 30.716914737515594 -1.5827747146275384 0.999998927116394 
Car -1.0 -1 0.3698151749205312 291.0814507583236 181.43161328983336 471.5549990271192 247.0723812343422 1.5 1.5820207566022872 3.8990969330072405 -5.557720563066509 1.7209738174813758 17.639978969205288 0.06459621985885076 0.9999675750732422 
Car -1.0 -1 0.4096830869844059 254.56452302347364 181.5471079731108 444.97753255803536 258.7495876856236 1.5 1.5288129940629005 3.4210952490568163 -5.407435986020413 1.6927132006563395 15.088147616899745 0.06555382808181218 0.999935507774353 
Car -1.0 -1 0.2554305471088014 331.49981444946775 181.4013398733294 480.6949688680144 237.29883226063683 1.5 1.5541699275374412 3.7941692888736727 -5.734703699302376 1.7518978906770328 20.419641446158778 -0.01835925976303645 0.9998996257781982 
Car -1.0 -1 0.4678321956141702 155.92201334926526 181.96785097748412 404.4669579768978 273.66140459141616 1.5 1.5460886552929878 3.7232088416814806 -5.7955342304992685 1.673140573839992 12.823346037912769 0.04335634311171941 0.9997634291648865 
Car -1.0 -1 3.833375369024198 0.0 183.73611126798886 200.1085781542568 345.22874514542826 1.5 1.562461306154728 3.629172828793526 -6.658881876352835 1.6280558630711985 7.637420975157234 3.1163176178892673 0.9957452416419983 
Car -1.0 -1 -3.0026825670598307 478.43454670563773 180.81160830826204 551.7230479500146 209.5507555887772 1.5 1.62521121352911 3.7338471531867983 -5.119083495093548 1.9390118719959442 38.94329997645549 -3.133382872739111 0.9133992195129395 
Car -1.0 -1 3.95333344410674 0.0 184.41471806465682 105.13044097608842 374.0 1.5 1.6167272374033927 3.887634587287903 -6.36150283177929 1.6013549202866277 5.383478819571905 3.0848553061445774 0.7166347503662109 
