Car -1.0 -1 -2.0384658213051186 786.5549070823841 173.01496791411387 1241.0 374.0 1.5 1.6040346145629882 3.891858693957329 2.3693156068157317 1.5018383379401286 4.687126713056492 -1.5704324782735226 0.9999914169311523 
Car -1.0 -1 -1.7080844624986036 661.4828801195026 178.50322876840823 721.4973167816432 224.76426918666013 1.5 1.587526363134384 4.013832521438599 2.8010234328451253 1.7191936967284442 25.91812974527448 -1.60043030890194 0.9999650716781616 
Car -1.0 -1 -1.3176262714570897 374.566779091865 179.5508469761011 528.5410406299754 285.59018834405884 1.5 1.5875833600759506 4.176331174373627 -2.6007153744978706 1.6370251134028866 12.597242696366154 -1.5212171050396306 0.9998956918716431 
Car -1.0 -1 -1.5056977231737578 547.6999606413001 180.10699279477575 582.1873968907871 209.6896597122908 1.5 1.6378863275051116 3.8123732924461367 -2.4524933156733084 1.915902444211194 39.42760213060756 -1.5678201320723189 0.9997082352638245 
Car -1.0 -1 -1.2692813452787224 160.28565188286674 179.09822930556967 471.1372502192872 374.0 1.5 1.6139498472213745 4.3391069889068605 -2.6504584136479403 1.5844925699329935 7.521110977030644 -1.6080948832121236 0.999691367149353 
Pedestrian -1.0 -1 -1.3628431478337346 410.4055099706032 169.29257008831837 430.08451548287303 243.1473121430223 1.8 0.40314635522663594 0.36510094329714776 -4.721786263578474 1.7135580725428647 17.775411543530407 -1.622482896843229 0.999387264251709 
Pedestrian -1.0 -1 -1.3640427261920238 414.6873964338202 169.05389195078112 437.1550630369438 244.00883024586028 1.8 0.4521426770836115 0.42940574027597905 -4.523518942778043 1.7091004106267205 17.549336691944763 -1.616311580934797 0.9989987015724182 
Car -1.0 -1 -1.6596746321948266 647.4453709568744 179.0599017923251 685.5566195741823 209.4401864575841 1.5 1.6568696618080139 4.15278100669384 2.9290416206279986 1.8500032987902288 38.562241807830205 -1.5838639941674215 0.9958451390266418 
Pedestrian -1.0 -1 -1.2783785003810895 385.66513904420793 166.886319060908 419.5272591427517 255.45025856493535 1.8 0.5732738904654979 0.42745541110634805 -4.323373029497383 1.6790689151445028 14.878479632138703 -1.56116987957177 0.9922155737876892 
Car -1.0 -1 -1.8140894498547142 718.0893318177385 176.25692406559284 905.992908172066 308.38924715827847 1.5 1.5841603770852088 3.8674729436635973 2.5578335736020468 1.5577126057681874 10.223229801877414 -1.5689242653923599 0.977506160736084 
Car -1.0 -1 -1.3718309895369953 419.7744649277288 180.06910348349476 520.4719370159793 251.54064741845085 1.5 1.6202258437871933 4.092248392105103 -3.3217569999231964 1.6970560280458507 17.61169567406521 -1.558251852230404 0.9518283605575562 
Pedestrian -1.0 -1 -1.4310345034731304 407.67597799564413 169.70126224797164 423.9065684822908 241.57059282719172 1.8 0.34888079650700093 0.3777804810553789 -4.9666982746695325 1.7213960815438087 18.277743149980758 -1.6963625262167794 0.9392700791358948 
