Car -1.0 -1 2.1959054256425086 0.0 181.89131712226646 218.4892684578757 374.0 1.5 1.5049132078886032 3.477268156409264 -5.649306510456348 1.6135688361772496 7.271839802695249 1.535425349077906 0.9999986886978149 
Car -1.0 -1 -0.06209697846938169 642.9689643893344 178.56106627464627 764.0205770600462 224.95712932216514 1.5 1.6315699115395546 3.9486000806093218 3.0636512293494182 1.7015185574133567 24.492573381291578 0.06234161456557683 0.9999959468841553 
Car -1.0 -1 2.05948681559281 0.0 179.2127231042264 403.78359313172723 374.0 1.5 1.615312185883522 4.156479102373123 -3.014487362090854 1.5674207544699983 5.519892807646834 1.5596324642512458 0.9999872446060181 
Car -1.0 -1 -0.36127482606534045 722.845682799933 175.85884244802608 1053.3091729163411 287.05699289434017 1.5 1.6534019753336906 4.231862959265709 3.8615112676972707 1.5481949823696834 10.630336625046178 -0.012841657796178541 0.9999237060546875 
Car -1.0 -1 1.6953784771262297 518.1702348972074 179.9866446378336 573.2944197213283 214.29285255591137 1.5 1.9754862904548645 6.184423577785492 -3.12569653004127 1.886911286581001 35.973552850732574 1.608707416053635 0.9999276399612427 
Car -1.0 -1 1.7615972413536696 455.2586771388998 179.87522416530413 550.6049753960034 236.25119341255754 1.5 1.9049605846405029 5.722954732179642 -3.2474173174034004 1.7507515814077887 22.823954654501478 1.6202647566755832 0.9998866319656372 
Car -1.0 -1 -1.7056860048090983 627.2124232781428 179.3916752657858 660.4869001557671 206.98382966551617 1.5 1.4813028767704963 3.3411456763744356 1.8886423075509153 1.8945501430195348 41.772528901655306 -1.660504230358873 0.9966574907302856 
Car -1.0 -1 1.78378002786164 368.362962909363 179.84381004337257 505.45523440359113 281.2870858958051 1.5 1.5756035715341568 3.797837954759598 -2.9511323807294043 1.6432475585366482 12.838373901905543 1.557836933932032 0.9948705434799194 
Car -1.0 -1 1.8926146107925959 276.46871329866235 181.2026760914235 403.8687408996779 260.4083364801142 1.5 1.539771308004856 3.642551463842392 -5.832192285061789 1.705622096746085 15.89384286643652 1.5409230430934089 0.9791843891143799 
Car -1.0 -1 -0.12564750518726053 695.3777701155742 177.31122796582804 887.074167167888 247.4821300841144 1.5 1.6159821793437004 4.08992939889431 3.9785791863933166 1.6091362991591152 16.57899377789585 0.10987584193679266 0.9776729345321655 
