Car -1.0 -1 -0.46097019501403935 798.5322713968159 172.20830880189973 1241.0 374.0 1.5 1.6574372097849845 4.183037441968918 3.6193594067428263 1.4964623104197832 5.436255706812301 0.126419468722071 0.9999984502792358 
Car -1.0 -1 -1.7087517617067431 674.2264715753186 178.31660998912636 737.8628745371059 229.9820860634846 1.5 1.5485477194190025 3.3214184015989305 2.93889625184546 1.6868947338429396 22.967399752295083 -1.5814838987451536 0.9999926090240479 
Car -1.0 -1 1.8374811816600956 269.12022756677595 178.80286032183702 543.7645701096089 329.4522900643156 1.5 2.007496964931488 6.576154989004135 -2.475111323324784 1.6166042865555523 10.77050853646533 1.6115984797438205 0.9999210834503174 
Pedestrian -1.0 -1 -1.8431017767072289 767.6724808111993 167.0651969975972 794.5590810914814 231.89254305009462 1.8 0.6281056933104991 0.4820961065590382 4.75974091405463 1.63962556542041 20.28548621927649 -1.612633132436548 0.9998558759689331 
Cyclist -1.0 -1 1.6130528989723047 517.3813203517428 183.0716803327512 535.8905349722692 223.8523345136812 1.4 0.5947855792939662 1.771954309940338 -3.05121506134299 1.7832032605150578 26.12695585549758 1.4967953403803962 0.9971981048583984 
Car -1.0 -1 -1.670477764020919 657.0657375836915 178.70822174894 706.1559948782342 220.91729357746087 1.5 1.5261585384607315 3.6057284593582155 2.6698596307337423 1.7417764674108775 27.946080380015392 -1.5752307363462192 0.9877240657806396 
Car -1.0 -1 1.9027939285211815 170.39994797051472 181.1226965866872 359.26003265783464 297.67954474905616 1.5 1.5572177737951278 3.663158652186394 -5.284297902462303 1.6534146512106271 11.452865454281019 1.4705042084071296 0.9962182641029358 
Car -1.0 -1 -1.6442955059494482 648.1803366612054 178.95123315194408 690.1774526279643 214.1915017578579 1.5 1.6407806918025016 3.857310351729393 2.63659977235197 1.7982099574049042 33.31152682564116 -1.5653103977118177 0.9452483057975769 
Pedestrian -1.0 -1 1.770537565429988 527.0142649390345 174.08185386878932 546.3672302666844 214.26665231679544 1.8 0.6940782561898231 1.0011625036597251 -3.3746351355644837 1.8572229486698244 32.881621631734696 1.66826580762468 0.9379327893257141 
Car -1.0 -1 -0.22028435019894066 0.0 0.0 1241.0 374.0 1.5 1.9388575598597526 5.905260008573532 -2.8221253323947098 1.5171751988692246 0.9072636540549686 -1.4800335998323304 0.8702725172042847 
