Car -1.0 -1 -1.5486003483372268 596.4619589329321 179.3657739211035 638.4862223195015 219.36932466942554 1.5 1.611955326795578 3.5770690560340883 0.3008876449813476 1.7825935149460397 29.456701062873694 -1.5383861298349244 0.9999984502792358 
Car -1.0 -1 -0.8122673069177029 685.7592568437767 178.1232108991861 788.0420355314541 220.81162296854967 1.5 1.605929297208786 3.910886359214783 4.8499099369667835 1.7152091270811332 27.607797838036156 -0.6383699337628228 0.9999735355377197 
Car -1.0 -1 -1.2269004263232017 803.7783513855597 174.9647228597159 1035.7649695830294 314.7558529942111 1.5 1.616004717350006 4.017739233374596 4.306650502553301 1.5349726095797396 9.815252366497267 -0.8134234706547601 0.9999599456787109 
Car -1.0 -1 -1.3914914540470456 973.036408897268 171.9823221459412 1241.0 374.0 1.5 1.6306598231196403 3.9088557034730913 4.826565773335552 1.494834338540815 6.500668717238036 -0.7528255740788323 0.9998973608016968 
Car -1.0 -1 -1.0718977014288857 737.2246253939212 176.31738233660974 924.1768763483211 272.075241816458 1.5 1.621309344470501 3.9461059987545015 4.150258965284031 1.574074461100024 13.39810583192772 -0.7715068022396905 0.9998446702957153 
Car -1.0 -1 -0.881949841842853 698.1681760194537 177.5345072750289 833.1951671229248 236.3412381171936 1.5 1.6051512703299522 3.967193004488945 4.445083026418696 1.6457938359668693 20.557577389617627 -0.669002131619726 0.9998102784156799 
Car -1.0 -1 -0.8915621226589718 663.0069729680076 178.738680104409 733.8495160471904 209.01958872950135 1.5 1.6035054370760917 3.982517358660698 4.717586805376588 1.8300721045456871 38.46314065601484 -0.7695195237782342 0.9996013045310974 
Car -1.0 -1 -0.889757706975502 645.8266428273727 179.06612596800113 706.1454403278378 204.62246814296856 1.5 1.6234811887145042 3.989917275309563 4.148051928681098 1.9076821761038942 45.312546631217174 -0.7984690229084832 0.9992032647132874 
Car -1.0 -1 -1.0085761023148017 717.7064684217478 176.99562102446356 871.3291823602177 250.36436319756513 1.5 1.6364049658179283 3.943472218513489 4.358105895259358 1.6086614720709314 16.917166584275016 -0.7564438740399224 0.9990965127944946 
Car -1.0 -1 1.7678625063928604 494.00346287090434 180.79120915403607 528.4228991615265 204.90070765159794 1.5 1.5884817138314247 3.6324413985013964 -6.5572524890829875 2.0486151336073197 47.975577818674424 1.632025229926926 0.9849399924278259 
Car -1.0 -1 -1.5957924745949468 66.56356707070914 184.5535342235459 118.0593957600809 221.00529503721026 1.5 1.8268747746944427 4.75838505923748 -24.273449156568216 2.086641708629278 33.707286263194995 -2.2198976437237605 0.6702899932861328 
