Car -1.0 -1 1.744897201678667 441.9243717482945 180.51075875112193 509.6435119998694 230.14293177088993 1.5 1.5860692158341407 3.954961758852005 -4.491025201088796 1.7803588105538226 24.399560322284884 1.5628728111598151 0.9999959468841553 
Car -1.0 -1 -2.040096332497723 801.6037410781938 174.1604192256074 1170.433567989585 374.0 1.5 1.491512779891491 3.3480918526649477 2.9472003158426276 1.5153364957360709 6.562599582318125 -1.6179991076376778 0.9999947547912598 
Car -1.0 -1 -1.7227400555085337 636.8417631384731 178.58040343058798 705.3404416166893 229.7956643503563 1.5 1.5882513046264648 4.363786292076111 1.8749341374598805 1.707504093846147 23.863741793809073 -1.6443328047778947 0.9999896287918091 
Car -1.0 -1 1.7089030386175703 404.00932323007413 180.40373066377896 488.89550699293636 246.93524956369365 1.5 1.6101198762655258 3.995061156153679 -4.186564194929904 1.7184846073393423 18.787705880066753 1.4896499355647224 0.9999879598617554 
Car -1.0 -1 1.6513373931522661 484.8509654578767 180.609558491503 524.1168738002449 214.51544733495115 1.5 1.5735688179731369 3.7609210729599 -5.064986934008012 1.8943685197254254 34.72689124070315 1.506506605944361 0.9999719858169556 
Car -1.0 -1 -1.76858160673834 658.4252735038616 178.01187886476362 751.4551804261146 246.7039514413392 1.5 1.568409477174282 3.6804965257644655 2.1965165264238955 1.6421062105671322 17.932077572647145 -1.6466978574779374 0.9999570846557617 
Car -1.0 -1 -1.8215608517917903 702.7841539940036 177.0824643943562 831.7451380052772 272.1009620206759 1.5 1.501898330450058 3.2673856735229494 2.6846397557831994 1.587546356545114 13.205629600588695 -1.6209989460792882 0.9999277591705322 
Car -1.0 -1 2.4298965602598397 0.0 179.3158193006988 192.19684937169785 374.0 1.5 1.5654996529221534 3.788440537452698 -3.3930057449919233 1.5413320338455698 2.6413709834345296 1.5205778320643561 0.999915599822998 
Car -1.0 -1 -2.6577813460627437 0.0 0.0 1241.0 374.0 1.5 1.604962956905365 3.9392779141664507 3.003047220756023 1.4626283382709002 1.5763898757576056 -1.5703772220320558 0.9995207786560059 
Car -1.0 -1 -1.3731376066559653 781.9245564739889 177.75470161623235 821.604019150964 204.73697113817127 1.5 1.558348213136196 3.8446596384048464 11.414454397354138 1.8060046262921696 42.92931870432413 -1.1132609407093865 0.8303170800209045 
