Car -1.0 -1 -1.653115514092721 655.1450795506489 178.61055232281214 708.1737925555249 224.18838253661832 1.5 1.575748112797737 4.044314336776734 2.4926556796416524 1.7263219453244087 26.288420873830887 -1.5585786281761271 0.999991774559021 
Car -1.0 -1 2.674671884782124 823.122766344492 176.13953300519998 1020.2771153515399 236.2528166527428 1.5 1.6858574494719505 4.518785935640335 8.108746302606445 1.5918386788675511 19.09860419146736 3.0761805653532566 0.9999920129776001 
Car -1.0 -1 2.7208679130443274 792.5345015136498 176.73982645229862 955.6650634954083 228.1829173741066 1.5 1.6939390942454338 4.40634438097477 8.002690709440664 1.6253518290971594 22.197655736960076 3.066883432861191 0.9999881982803345 
Car -1.0 -1 2.3048851711799188 0.0 179.49503315105045 294.46707155503873 374.0 1.5 1.6957156851887702 4.414284837245941 -3.5895205130486345 1.5570602950888348 3.947489672844674 1.5669461925837653 0.9999879598617554 
Car -1.0 -1 -0.527051412781889 983.426445658857 175.48575101347646 1077.8212042470896 204.68671185032474 1.5 1.6649427384138107 4.006820034980774 22.089909821381998 1.6421821575903763 38.0462497067535 -0.0010137120869500255 0.9999362230300903 
Car -1.0 -1 1.9145647372562837 247.43613254680687 180.36741917335115 438.1589415807694 301.4586566008921 1.5 1.5492603674530983 3.6264589548110964 -3.8799403898056513 1.6336032712990542 10.97691598866089 1.5748076319655002 0.9987568855285645 
Car -1.0 -1 2.816498455516943 754.9365217997712 177.60097500892638 861.6542641029885 217.37049620002338 1.5 1.592634481191635 3.7260739624500276 7.6946845224605305 1.6927517983677014 28.334583967444036 3.0816684842070163 0.9975449442863464 
Car -1.0 -1 -1.395187984298838 427.65829730349986 180.971472556786 482.3632318181809 219.89743627683103 1.5 1.6126271829009056 3.8854094713926317 -6.5385183720693805 1.866723252775871 30.59268699253915 -1.6057481701162202 0.9854727387428284 
Car -1.0 -1 -0.51041127465972 947.5687694467124 175.87269572245444 1043.518309936158 203.16164593991607 1.5 1.7639693364501 4.496408489346504 21.708679397722676 1.6749281200388302 40.79377518622227 -0.021370486417089184 0.984786331653595 
Car -1.0 -1 -0.570234974432393 1064.187382574344 174.359957257071 1197.8688150038724 209.98216378349292 1.5 1.6845273345708847 4.529127714037895 22.561952201082498 1.56794792825231 31.421275951518716 0.05250064929458074 0.9747340679168701 
Car -1.0 -1 1.8589690202513645 323.2032736770143 181.27001563705738 419.1611801575332 243.63536105491707 1.5 1.49446991533041 3.6900828152894976 -6.451767448027847 1.7521627127908228 19.720217422866522 1.542780085406031 0.9630730748176575 
Car -1.0 -1 1.7225700646419146 474.7056216559146 180.84717564043532 512.1703714309559 208.96456582314693 1.5 1.5459931015968322 4.020620372891426 -6.71133132226463 1.98415164735255 41.65254211646456 1.5628165443751472 0.8443636894226074 
