Car -1.0 -1 -1.7308464278672748 575.2677770061932 178.9783484792363 654.1235360877945 240.37485396912967 1.5 1.5769357353448867 3.7945768356323244 -0.01273962047521956 1.6873036078184749 20.023201891999335 -1.7314826707032067 0.999992847442627 
Car -1.0 -1 -1.9770416765927568 700.4794977180021 175.5374569517718 998.8169032963993 360.55165128111946 1.5 1.5937313929200172 3.781239551305771 2.199400988593322 1.5370570114028286 7.884803406090432 -1.7050145427372796 0.9999909400939941 
Car -1.0 -1 -1.8099021818283303 605.0340010539153 178.13171607468283 723.9580691375579 263.05299092073295 1.5 1.5702749162912368 3.7740448981523516 0.9396107867304434 1.624587837426761 14.985676758409047 -1.747283564009939 0.9999499320983887 
Car -1.0 -1 1.7486195051849476 285.60470049443717 181.6514977413423 371.76460523676076 242.23446583420233 1.5 1.6029526039958 3.968709570169449 -7.943781686201384 1.776832626799844 20.57239145074388 1.3801199634883063 0.9998574256896973 
Cyclist -1.0 -1 -1.667344199433106 526.2113112285729 184.4237717273628 571.1687487242291 266.3776794108853 1.4 0.6610223583877086 1.7734431222081184 -1.2257945565534782 1.6321359799166029 13.519170762283897 -1.757767782607351 0.9996963739395142 
Car -1.0 -1 -1.6417340495165682 561.1637471113957 179.49111044600662 615.0552149567507 227.196632543233 1.5 1.596342635154724 3.861852225661278 -0.8790223166828169 1.7510529606549707 25.246602626951763 -1.676537440219198 0.9995942711830139 
Car -1.0 -1 -1.5224966355914724 479.8657728749712 180.78965032305558 513.1069961589156 209.42184559916066 1.5 1.6766107201576232 4.062456128001213 -6.4487946828540235 1.975354531567516 41.076265343277775 -1.6782211671259744 0.9988449811935425 
Car -1.0 -1 -1.9136642611745804 1083.0121441210058 161.6122695683327 1241.0 374.0 1.5 1.6262805581092834 3.951222684979439 3.5920532387767623 1.4775214975293234 3.5965649695503044 -1.1288937191155297 0.9946158528327942 
Car -1.0 -1 1.8292284432792434 200.64074206598644 181.58450818809555 341.6192576191318 266.143633024251 1.5 1.6802665337920188 4.252138969302178 -7.111281965084166 1.7149899663871453 15.49726082576207 1.3990198810908454 0.9920915365219116 
Car -1.0 -1 2.009372675710625 0.0 181.76021899211892 269.29015046132963 319.90020522074997 1.5 1.613606934249401 4.055666413903237 -6.426585320401527 1.652552598199161 10.215844331338259 1.447844668230738 0.9887162446975708 
Car -1.0 -1 1.7387129733350184 324.7562869912073 181.7856355875785 387.27787134052585 228.1094560671072 1.5 1.5403969705104827 3.6248716086149217 -9.11973380741799 1.8461594112784658 26.01639905475329 1.401559038958277 0.9842115044593811 
Cyclist -1.0 -1 -1.7349831413743888 543.4715785770253 183.84578729904928 610.083109295632 261.6835772878516 1.4 0.9961833737790584 2.0241458460688593 -0.7539821832885911 1.6361468397584311 14.379771056779823 -1.7873687009003503 0.999987006187439 
Pedestrian -1.0 -1 1.189773911796847 780.1097155829601 162.72115237734448 827.8135175771815 251.21837090337556 1.8 0.64986567273736 0.9792275287210941 4.021083122624733 1.5942595541620699 15.198676915795952 1.4484159191462653 0.9632068276405334 
Car -1.0 -1 -2.623012869787064 370.24570353680343 181.98798204983484 439.1879595069732 205.37370633765576 1.5 1.651296254992485 4.200570520758629 -13.843438530571705 2.132108883418771 48.599142721872475 -2.9005127708104 0.5818641781806946 
