Car -1.0 -1 1.7933666184176011 379.86240267007724 179.6756452548323 526.446333845345 274.9032177970095 1.5 1.769064974784851 4.554811355471611 -2.862876309997481 1.654318712232422 13.986768471871828 1.5914707064589084 0.9999995231628418 
Car -1.0 -1 2.2570770221385894 0.0 181.86076849601596 180.76838447578538 374.0 1.5 1.5089767545461654 3.6026014506816866 -5.474449539109356 1.5998529251163034 6.136354950638911 1.528624935946192 0.9999994039535522 
Car -1.0 -1 1.7362179125502433 476.10326352601254 179.92966591079843 553.2450742877211 238.51187439654294 1.5 1.5843282014131546 3.9627286165952684 -2.713128243209565 1.7256942369237067 20.9667103750433 1.607531297202927 0.9999973773956299 
Car -1.0 -1 1.9510910923158202 87.37437168321313 179.44351238074358 438.409568989667 374.0 1.5 1.5927102908492088 3.9783483862876894 -2.976821964426988 1.583356585651146 7.08256356254255 1.553205653032984 0.9999953508377075 
Car -1.0 -1 0.04512651913519969 638.9754866948952 179.10472789391696 716.0289827486152 207.40393724421875 1.5 1.648961615562439 4.152440515160561 3.7124383937064214 1.8549962175354762 39.83172550797482 0.1380610903117316 0.999990701675415 
Car -1.0 -1 1.6408728494758702 546.0779773396076 180.02806712251092 583.8969594911148 206.0507786610733 1.5 1.9938685491681098 6.272746485471726 -2.848500479226916 1.9936679922948084 46.46727290220265 1.5796482443769992 0.9999500513076782 
Car -1.0 -1 -0.1624716935802968 659.5582865845067 178.67400647796762 763.9546822191395 213.8561255295789 1.5 1.6612982869148254 4.361247134208679 4.408209711678715 1.7651452477314993 31.938808652916236 -0.025317744412694656 0.9997408986091614 
Cyclist -1.0 -1 1.0600208302775138 961.2227005511091 179.65305373978106 1037.4843896141513 252.7030020837845 1.4 0.5451665751636028 1.8525191143155098 7.958987958538162 1.5498563839208366 14.930739321312274 1.5497657497737067 0.9997393488883972 
Car -1.0 -1 -0.13226379880621944 666.2246557512668 178.3628989724471 791.7780850469321 221.90171075844026 1.5 1.630488832294941 4.272070389986038 4.1601804360010055 1.705150546629965 25.94834847259485 0.026708765825952805 0.9997135996818542 
Cyclist -1.0 -1 2.2677475676889234 1219.5897459438727 186.36983890425614 1241.0 374.0 1.4 0.5499978110194206 1.7265018567442894 4.025918536937529 1.4724292599108408 3.547906075016964 3.1161758780439914 0.9982447624206543 
Car -1.0 -1 1.7475223699572582 530.6821933436634 180.01504661966777 580.8378791364514 217.68219505300274 1.5 1.5582036718726158 3.630351883172989 -2.3362938658661827 1.8300638531162188 31.332762286693914 1.6730961680372776 0.9969717264175415 
