Car -1.0 -1 -1.3606737799600002 377.55606033048974 180.30198111587706 501.29739794158934 264.52031480345516 1.5 1.6338704645633697 4.178612542152405 -3.357137859647788 1.413613713531565 14.898229489712575 -1.5823099520665151 0.9999998807907104 
Car -1.0 -1 -0.8988863761146255 0.0 184.40225663390993 116.90504724189907 268.9606182952974 1.5 1.5850769847631454 4.094882917404175 -12.32064333112405 1.4867013602694736 14.81248193483078 -1.5927039227124793 0.9999990463256836 
Car -1.0 -1 -1.2136479903064523 238.09989592843021 181.81042419876633 362.9476982205616 249.30050451435343 1.5 1.584986087679863 3.9146753519773485 -7.551288974795725 1.4254473069831033 17.961207238539064 -1.6116347583618504 0.9999958276748657 
Car -1.0 -1 -1.3213995093491844 361.55087973448735 181.2789213419752 429.2821206147935 223.92633067254175 1.5 1.5950065597891807 3.6658486843109133 -7.969040279364403 1.362666377744003 27.14049921349124 -1.6069944548096997 0.9999831914901733 
Car -1.0 -1 -1.143045906967664 289.559642742227 181.9458515197921 361.56224141358365 216.85896411985775 1.5 1.5642397597432136 3.959941726922989 -12.854525665545568 1.3606461440594915 32.901170579135155 -1.5155104334142548 0.9999781847000122 
Car -1.0 -1 -1.42733903463411 463.84616602168205 180.48327765072156 516.2139746407236 218.49809720529007 1.5 1.6114408642053604 4.1454656541347505 -4.947062146663601 1.3143979336773892 30.44765533463244 -1.5884091212090594 0.9999299049377441 
Car -1.0 -1 -1.5683555576296953 576.893563198009 179.7125602091753 612.3254963603299 210.7276155419647 1.5 1.7140571519732475 3.8527032852172853 -0.7004656725821081 1.2349795714126182 36.70303797660059 -1.587437919401799 0.9999179840087891 
Car -1.0 -1 -1.4420897472732543 509.1446611404498 180.20158397968117 553.2871009829951 205.30928510605224 1.5 2.0501167073845865 6.001701813936234 -4.82732843440173 1.2015748323937048 45.967222147582625 -1.5467229756203038 0.9997915625572205 
Car -1.0 -1 -1.0848049096047852 207.8856183430507 182.41905939972744 308.503654930545 227.83387274675803 1.5 1.5729425966739654 3.9486995458602907 -12.422646280753828 1.408761363025514 25.740855221030806 -1.5344393263247353 0.9997207522392273 
Car -1.0 -1 -0.6876425058923499 0.0 185.324886962477 205.41809951314363 375.0 1.5 1.6184082746505737 3.8420966386795046 -3.5114856534970196 1.5018543077002418 2.828243544180724 -1.5803978061911208 0.9995993971824646 
