Car -1.0 -1 1.9706472711960372 197.4541121653137 180.8691603212214 397.04823236836114 290.96236488590614 1.5 1.5706614151597023 4.10785326063633 -5.052753191710504 1.6586435703949975 12.187152604464412 1.5776212096174778 0.9999997615814209 
Car -1.0 -1 1.881313529684252 335.6312323355051 180.8113088991612 451.69111965691377 252.03276403920003 1.5 1.5656624481081962 3.965578091144562 -5.181796588969022 1.7170286450941907 17.642498054526403 1.595636355872971 0.9999994039535522 
Car -1.0 -1 2.2180854661481693 0.0 181.2554444051774 274.57516461043815 374.0 1.5 1.6018895924091339 3.913528335094452 -5.1103514135256844 1.6062060712439252 7.112174403979047 1.5950274348219455 0.9999988079071045 
Car -1.0 -1 1.7854318200692632 429.58933978678914 180.67077373947032 498.21467987662464 229.1408733318382 1.5 1.539682087302208 3.8000094264745714 -4.988362545906165 1.7903837376960923 24.85598257188442 1.5873722910841526 0.9999951124191284 
Car -1.0 -1 -1.6775810193241263 677.4721062485727 178.13604639313587 745.8624268982078 235.53692197002647 1.5 1.5714360892772674 3.640713778138161 2.8296471276281205 1.6678207481812073 21.032145769714738 -1.543844915055905 0.9999953508377075 
Pedestrian -1.0 -1 0.5882400826085334 649.914956545177 173.29918880077062 672.416095052916 210.43171859622072 1.8 0.4526061963289976 1.024332971125841 2.4757214409517725 1.8225529719513283 35.477848763472736 0.6579093178126472 0.999996542930603 
Car -1.0 -1 -2.1136125209367345 835.9352572651828 172.99779941541578 1241.0 374.0 1.5 1.5494296818971633 3.289194640517235 2.920704146435508 1.5017344516932618 5.234494297055301 -1.6046689609673364 0.9999784231185913 
Pedestrian -1.0 -1 -2.220612653453069 1198.1630820004314 126.42821660338205 1241.0 374.0 1.8 0.6932272136211395 0.5446595631539821 4.789075442566872 1.4821133621928368 5.2457441312532795 -1.4806915233519418 0.9999127388000488 
Car -1.0 -1 1.760303772927025 529.3308724956606 180.41570929819915 563.6496374823515 204.888520518846 1.5 1.576593381166458 3.69106964468956 -4.154751617944453 2.016406401842719 47.322414326050584 1.6727316260298313 0.9998939037322998 
Car -1.0 -1 -1.729612777234868 691.5469835967456 177.4229273147764 799.6160680864745 258.6598681508938 1.5 1.62396342754364 4.063232478499413 2.7272057830301306 1.6120499902223382 15.592946070869539 -1.556464171097849 0.9997941851615906 
Pedestrian -1.0 -1 0.622097204978012 659.5256932950103 173.30344475104792 681.0241794769966 209.86752795044356 1.8 0.5104796521365642 0.9501892633736133 2.970704902097446 1.823116541804032 36.032062249717704 0.7043573101374763 0.9997583031654358 
Cyclist -1.0 -1 2.0777032091790186 40.51878984547518 192.38684168726178 247.85048317183555 374.0 1.4 0.5524972945451736 1.6966285675764083 -3.452251789126267 1.571306611980245 5.449194815611331 1.512990399203028 0.9998501539230347 
Car -1.0 -1 -1.8273296096236002 727.646813007187 176.1667623235925 919.2227362062113 307.4143837272446 1.5 1.5823469057679176 3.9345535010099413 2.736287458699521 1.5567601653065535 10.31247782438743 -1.567968517369826 0.9967982172966003 
Pedestrian -1.0 -1 0.5909253810772228 655.8183021744342 173.3084131010738 675.1768459181521 210.06437138686826 1.8 0.4117394357919693 0.8759397573769092 2.7124442998901928 1.8231627210813548 35.775447803896384 0.6665991981837409 0.6628140211105347 
