Car -1.0 -1 -1.6868088634553453 661.7805876492783 178.34816215042866 729.1209795082075 232.6703989576884 1.5 1.6147654995322227 3.6730221033096315 2.4896222938623214 1.6829190050293357 22.132940804457423 -1.5747947828520579 0.9999985694885254 
Car -1.0 -1 -1.5678260138698068 587.6603320216491 179.67141039205475 621.4378709271475 212.4045737101531 1.5 1.5817994743585586 3.4548962980508806 -0.30403648730694677 1.852308585623367 35.51501324714194 -1.5763865924116713 0.9999945163726807 
Car -1.0 -1 1.3778194941066861 87.36806330487379 181.72597893294244 278.7705191694809 321.0720420320267 1.5 1.5587300553917884 3.521367770433426 -5.970715540146955 1.6436313924773112 9.82310387441332 0.8316671093318122 0.9999942779541016 
Car -1.0 -1 -1.4675602485047674 524.1030991263427 180.12783857816092 569.2995700368521 218.26190833575967 1.5 1.577199113368988 3.404783320426941 -2.685834949671953 1.8276438644650337 30.74794625806396 -1.5546891587462766 0.9999858140945435 
Car -1.0 -1 -1.5591776930632624 572.9443617820374 179.32517047038866 627.0682840992097 230.71186913415292 1.5 1.6131159409880638 3.4953160703182222 -0.3505143786224115 1.7246058541895215 23.25055487889703 -1.574252078603257 0.9999842643737793 
Car -1.0 -1 -1.2183603380550532 195.65305714755695 179.61740470294325 459.79835259587975 358.10501456746465 1.5 1.544145730137825 3.390966218709946 -2.8340150757804943 1.5903010981003547 7.891293455373111 -1.5631471886907262 0.9999706745147705 
Car -1.0 -1 2.117878886136654 36.160327388683484 183.90569395676536 175.22824998789213 240.47988081468824 1.5 1.6199924543499946 3.99341197013855 -15.204307414244685 1.8681021269080458 21.965807929383647 1.512420101961817 0.999961256980896 
Car -1.0 -1 -2.188248466477468 874.6270657890681 169.88290872886688 1241.0 374.0 1.5 1.5128300085663795 3.1952476620674135 2.772182836194837 1.4904657413771085 4.006287178111412 -1.5829401706021768 0.9997569918632507 
Car -1.0 -1 0.9521087170287432 327.2846661157638 181.2580069875202 452.261757639962 240.28980969939644 1.5 1.550253902375698 3.6796143770217897 -6.365822552242049 1.7600019172230097 20.557071343582006 0.6518079479548591 0.9994862079620361 
Pedestrian -1.0 -1 2.5962636007769815 738.1125316566029 170.16315733662486 765.6527845130884 219.61211302943482 1.8 0.7821062140166759 0.696421929448843 5.212300448805808 1.7024079551527331 26.74937354498878 2.7887090325316013 0.9993588328361511 
Car -1.0 -1 1.9287648925551992 278.084101007897 182.63957937914572 336.9757044472623 214.64803152683962 1.5 1.565987479686737 3.7326979011297228 -15.414524995555961 2.026043322025103 36.863767769149355 1.532711907229151 0.9992092847824097 
Car -1.0 -1 0.7916645663388675 362.99024060449545 181.17698112799772 477.72081575482997 231.412820828319 1.5 1.5515627831220626 3.5991142064332964 -6.2808535379173245 1.7914042928655856 23.64725726466936 0.5320526798579353 0.9988610744476318 
Car -1.0 -1 0.7643235140916994 458.217568555577 180.8850256821739 530.241942446731 208.82483126544017 1.5 1.621728253364563 4.125577446818352 -6.739528013366713 1.984214988477977 41.63010271987067 0.6038252552363531 0.9988346695899963 
Car -1.0 -1 1.2424843446597806 184.19933567636505 181.7276759912801 340.4615546320463 279.61312545109087 1.5 1.5322668969631195 3.3639228463172914 -6.435256770067107 1.6827843269129727 13.0993874884878 0.7858499725672858 0.9987049102783203 
Car -1.0 -1 0.9892995728526636 414.3760191171083 181.05082558966836 494.26796187360856 218.76806113606156 1.5 1.5515489995479583 3.8151560842990877 -6.859573570315496 1.8785708841048847 31.401663811375585 0.7742318352076666 0.9979123473167419 
Car -1.0 -1 -0.8898795270436841 0.0 178.1761412594912 358.42516974062937 374.0 1.5 1.5724847584962844 3.8220281273126604 -2.5694594697217297 1.5373687732642929 3.094586114483521 -1.5828296756979567 0.9975036978721619 
Car -1.0 -1 1.7424732872585056 628.8659473130124 179.3879645299454 662.8896931077073 204.87531911626812 1.5 1.563228715956211 3.4794169038534166 2.255864000534325 1.9274246143085225 45.288834128387336 1.792242753501755 0.7436214089393616 
Car -1.0 -1 2.023469104202806 637.6310871828613 179.11585276459184 693.5921080097985 205.2768825473664 1.5 1.7114410668611526 4.405678671598435 3.4789677297779322 1.9095846458848638 44.818292936338345 2.100937592979294 0.5518134832382202 
