Car -1.0 -1 -1.6330178540181526 639.4919425708422 179.10821217115299 675.6906859871274 211.63894350663708 1.5 1.543995228409767 4.081081461906433 2.2918604406891223 1.8309352370512169 36.09395630087118 -1.5696059164500353 0.9999997615814209 
Car -1.0 -1 -1.6803079026485859 654.6203670663689 178.6024798486104 710.452845188296 224.86058624619744 1.5 1.5556863069534301 3.8712719947099687 2.4778683998420603 1.7216271264058642 25.824315627654205 -1.5846497668561084 0.9999988079071045 
Car -1.0 -1 1.7747939695727744 408.29948743862724 179.95558709271546 518.8212467694325 262.587760910258 1.5 1.5478671088814735 3.787132588028908 -3.0164383256287457 1.6699058911322398 15.322803393320767 1.580420005317551 0.9999982118606567 
Pedestrian -1.0 -1 -1.9098471407285786 824.6856459082112 159.16684410167406 876.929706696451 264.395377781662 1.8 0.6989695623517036 0.6273084811866283 4.1631161602629305 1.5662304829405271 12.660657721898156 -1.5921613136914117 0.9999939203262329 
Car -1.0 -1 -2.412547098482308 958.2329470587362 148.22016880736902 1241.0 374.0 1.5 1.5501520156860351 3.8704438626766207 2.9643385052419107 1.4746836859388732 2.6906160455288886 -1.5787826777112228 0.9999923706054688 
Car -1.0 -1 -1.8657093119186061 716.5060596125212 176.6518853410093 865.0729010068263 290.3042966352124 1.5 1.40584786683321 2.8580142676830294 2.5845211207972536 1.5664992848454224 11.090836469701664 -1.6367630595949036 0.999995231628418 
Car -1.0 -1 -1.9519416066342627 765.5468670789642 174.73326628464264 1100.817689555505 374.0 1.5 1.5398914486169815 3.841753911972046 2.7054596427481727 1.5240277478751558 7.149767413157277 -1.590194962048207 0.9999772310256958 
Car -1.0 -1 -1.7539267756085601 661.9532828273321 178.20908575371368 739.8125138592791 236.9912419799864 1.5 1.5349414691329002 3.7225435048341753 2.458350256474025 1.667894138396965 20.66388515799715 -1.6355148861792428 0.9999555349349976 
Car -1.0 -1 0.2562723595151908 347.48009468332776 182.16405524643062 424.63163581904763 209.8142612683209 1.5 1.5315507099032402 3.8822396218776705 -12.580477714165683 2.0347855343382317 40.56461096263036 -0.044455842175756176 0.9997933506965637 
Car -1.0 -1 0.40884319384748946 245.05406938871224 183.19161969006052 330.4355501867312 210.81546312528027 1.5 1.575120773911476 4.0988682329654695 -18.118392774734954 2.0935948140387364 40.593616346317624 -0.010959581532750805 0.9995781779289246 
Car -1.0 -1 -1.3218730560759546 587.973589613324 179.8740035295579 621.6108259436108 202.98076587544796 1.5 1.5647287040948867 3.2508740693330767 -0.3556435044592279 2.00085884995403 49.67484378373115 -1.3290323624995095 0.5977666974067688 
