Car -1.0 -1 -1.759034618412094 694.6761521296269 177.50018410149875 806.4875049922177 248.63810852224202 1.5 1.8382058039307594 4.522724312543869 3.240385103461506 1.629450554704435 17.776367255400086 -1.5787281869587046 0.999997615814209 
Car -1.0 -1 2.1096505837275723 85.0404355652343 183.08871265030623 242.48707235073894 250.2761384047761 1.5 1.665850219130516 3.946235266327858 -11.39263374627951 1.793587627364641 18.689495433804872 1.5622209747645515 0.9999880790710449 
Car -1.0 -1 1.9489055048064663 255.68111750806293 182.30014509720252 346.3979631312432 227.4400675245357 1.5 1.700368945300579 4.135643553733826 -11.446854167695992 1.8803465281045957 26.935026704304104 1.5470515926692145 0.9999911785125732 
Car -1.0 -1 -1.5711523617016483 582.4244399641582 179.55428741964397 622.7401665940309 218.17632211575702 1.5 1.6013388082385063 3.600526836514473 -0.35854908354543025 1.8000271381807056 30.458083453878565 -1.582923703887735 0.999963641166687 
Cyclist -1.0 -1 -3.648892993187566 1012.1508204394573 180.87104195442902 1205.2100925363923 296.7565569583435 1.4 0.758273296803236 1.9083405405282974 6.272290654881505 1.5081992009273824 9.240543620934112 -3.0525514642384395 0.999957799911499 
Pedestrian -1.0 -1 0.1284791497454558 383.01807450765574 161.50744035208874 433.4781502323834 280.805933991853 1.8 0.6425356984138488 0.6836109355092048 -3.187085006030016 1.6291586623935284 11.25198633967715 -0.1475374261525018 0.9999710321426392 
Car -1.0 -1 -2.218792210883577 369.16054826186394 180.7763909593295 498.89423377706214 241.77512331943888 1.5 1.5884528428316116 3.6659667760133745 -4.966444193178555 1.7390729935557199 19.969172460994386 -2.4625522057202205 0.9999426603317261 
Car -1.0 -1 -1.5762991917683267 588.2703536797496 178.76845425662043 660.8896697833709 247.42533690904747 1.5 1.6182290881872177 3.562431272864342 0.29399420452288494 1.6614482739966434 17.859615398012778 -1.5598392822456104 0.9998904466629028 
Car -1.0 -1 -2.1852471072038657 482.738546501263 180.4700469380381 555.3626480870416 215.58785525632186 1.5 1.5786823377013206 3.5486290723085405 -4.295876944532116 1.8729629614175274 33.45635917178115 -2.3129507462170467 0.9997707009315491 
Car -1.0 -1 -2.3075051602232124 427.40076041032205 180.63949857213973 532.6154028858434 226.18093973459548 1.5 1.5733952194452285 3.8464716196060182 -4.798501290392614 1.8020990825086203 26.168703418188336 -2.4888584176686153 0.999618649482727 
Car -1.0 -1 -2.4094430233667814 395.9761454648667 180.800102239185 514.7711205478984 232.53599436603577 1.5 1.593833838403225 3.5350299000740053 -4.983361503026096 1.770585058871004 22.96687267639162 -2.6231113235142574 0.9995574355125427 
Car -1.0 -1 -2.328151936604667 515.1851157088687 180.49753736893246 568.9508062438782 204.98930434227367 1.5 1.5449073657393455 3.4349533289670946 -4.473910360912817 2.016078855060962 46.96849328441631 -2.4231188456204276 0.9993670582771301 
Car -1.0 -1 -1.7091850169363019 678.1523572806047 178.47518759424185 731.4019538545954 220.06487297537208 1.5 1.5544666469097137 3.8184414178133013 3.62578065052379 1.737021561839144 28.457353338147392 -1.5824567955595 0.9990436434745789 
Car -1.0 -1 2.0511250775236225 299.4036650912225 182.38665251262842 364.7631545197657 213.09088736859755 1.5 1.5866585567593574 4.020002347230911 -14.830041322565432 2.0383266305878536 38.629684267297876 1.6845722079237522 0.9889702796936035 
