Car -1.0 -1 2.108855650115518 0.0 183.17793372719228 189.08105627435341 277.2372891646455 1.5 1.5947377800941467 4.06081737279892 -10.092109946487007 1.7313896640253814 14.053419841917455 1.4860686500880378 0.9999996423721313 
Pedestrian -1.0 -1 -0.8387449246866603 714.8353304121199 169.78569797180828 745.2403058789546 222.73710722837424 1.8 0.6497907012701034 0.8347687803208828 4.121701477937052 1.6960556855359967 25.03933967555594 -0.675598935284887 0.9999943971633911 
Car -1.0 -1 -1.5414627278986273 561.8624378395814 178.38567751222715 662.9538044535378 275.36404640529446 1.5 1.596444521844387 3.5250509649515154 0.04041851145097846 1.6148888732456692 13.14892142806166 -1.538388834395681 0.9999902248382568 
Pedestrian -1.0 -1 2.2518239515915894 947.8709172882286 171.0800833389121 957.1554948887142 203.04956174273966 1.8 0.46673547737300397 0.17825323417782785 19.366951114435015 1.7004796313290282 40.871458837520464 2.6943337798079074 0.9999712705612183 
Car -1.0 -1 -1.1253673278098226 811.3107630551798 174.62283531943228 1091.0643703029293 322.16483784070516 1.5 1.6428616389632225 4.084992271661759 4.468439282688209 1.5278687415285785 9.299141571632948 -0.6774234334614617 0.9999620914459229 
Car -1.0 -1 -1.368088158834411 968.4085731760296 171.21894458952488 1241.0 374.0 1.5 1.6185546785593032 3.9172234505414965 4.551878152212245 1.491299420435852 5.884842833323012 -0.7097209850933892 0.9995880722999573 
Car -1.0 -1 -1.0139326371927653 767.147479638746 175.94436516110122 968.5101445307288 276.0535539300816 1.5 1.5821323290467262 3.77298319041729 4.567096426618265 1.5624738445587083 12.709571510032351 -0.6689587394383295 0.9993626475334167 
Pedestrian -1.0 -1 2.64528042946785 959.4448335404941 168.6707404060923 972.9372945367534 213.34714304405864 1.8 0.4672997657209635 0.3052052602171898 14.424951229505512 1.6318153889028228 29.307222375062075 3.102666842933518 0.9985026121139526 
Pedestrian -1.0 -1 2.6518362785681147 961.8281593983253 168.65775230653912 977.6947211775622 213.20574816453447 1.8 0.49957908019423486 0.3889001466333866 14.619146761223424 1.6308047803905228 29.40681598610406 3.113188970085007 0.8601710796356201 
Pedestrian -1.0 -1 2.0799918965529756 942.1939739968412 171.14510787133972 951.0695247441909 203.08710096043646 1.8 0.4042896002531052 0.21056561060249807 19.039625993793695 1.704057960698004 40.8829638751023 2.5158336043318332 0.7396964430809021 
Pedestrian -1.0 -1 2.3701383259355504 956.4176199772365 170.98691156516534 964.986859959318 202.97938898726977 1.8 0.4107514422386885 0.20841295160353185 19.806442730095444 1.695309288069557 40.82101418159251 2.821877706046921 0.5142034888267517 
