Car -1.0 -1 -1.679021190634098 661.9892193885803 178.56485886746336 716.3635545627368 222.78152977316444 1.5 1.5781585618853569 4.03623306453228 2.8456919253214488 1.730210438153527 27.017263227185822 -1.574079475659181 0.9999997615814209 
Car -1.0 -1 -1.9808698351781782 774.1727235090883 173.84797054290144 1241.0 374.0 1.5 1.5793728202581405 3.8215319186449053 2.4462479491941593 1.5107306331210781 5.615621872191006 -1.5700428276348417 0.9999985694885254 
Car -1.0 -1 -1.2997340537780286 237.81230093165226 179.23853032791314 485.5256218270591 354.6863942527635 1.5 1.5763050436973571 4.080973428487778 -2.5852053551965555 1.5927604957569228 8.378067295066092 -1.5990329506483418 0.9999974966049194 
Car -1.0 -1 -1.3481795999151345 400.06144460577235 179.57317759444044 535.7738088316956 276.9525752516248 1.5 1.5846305087208747 4.125692930817604 -2.5178740900604777 1.6454997823494824 13.491755387967574 -1.5326803597298009 0.9999961853027344 
Pedestrian -1.0 -1 -1.1864848924101177 423.7165727479087 169.8838498632065 442.11337837019425 239.70023977721567 1.8 0.35015912987291814 0.37869629710912706 -4.663932256228034 1.723781677874214 18.811991726510648 -1.4295081208136422 0.9999945163726807 
Car -1.0 -1 -1.8010069607846932 711.9870969836649 176.55006578237862 874.8659320136728 295.32799536012715 1.5 1.5303334712982177 3.808962044119835 2.563842486744834 1.567183989842721 11.135442486926845 -1.5747090899993224 0.9999909400939941 
Car -1.0 -1 -1.5016205676742913 553.4023097553902 180.05203806697736 587.8043510483525 208.8096188915638 1.5 1.6633891060948371 4.025392842292786 -2.208172654790818 1.926321335644903 40.671333554648974 -1.5558604114365322 0.9999793767929077 
Pedestrian -1.0 -1 -1.2946054522561705 395.10099385371836 167.73424972115762 425.98474758766116 251.02896047630404 1.8 0.5576197549700737 0.4276246324181557 -4.415308174473606 1.6897199592676166 15.80455660681598 -1.5670292268649233 0.9999662637710571 
Car -1.0 -1 -1.6705215358740557 649.5454814868181 179.07887240180628 685.7343645426089 208.65562613080462 1.5 1.5773529678583145 3.9177341878414156 3.0630576862905063 1.8573225468150591 39.39793795295831 -1.5929309679802997 0.9994156360626221 
Pedestrian -1.0 -1 -1.0703867551910884 421.23361122802004 170.06133572816353 438.5233319076179 239.00112409769932 1.8 0.33687595538794995 0.3068762857466936 -4.797501923079637 1.7274420850861754 19.02718425785804 -1.317377911010061 0.9984686970710754 
Pedestrian -1.0 -1 -1.2781505448673653 423.6408650852414 169.61794254804565 446.61007678675446 240.88995752756801 1.8 0.45777871534228326 0.464489034190774 -4.520711561539032 1.7186300505555738 18.463886894689413 -1.5182675617423398 0.9982436895370483 
Car -1.0 -1 -1.2836726972496917 447.96500745333594 180.05886262695677 539.4181740767684 246.14203982831327 1.5 1.4423531040549278 3.2529404878616335 -2.927320520741214 1.7016864382922956 18.453362780137244 -1.4409952322628838 0.7497937679290771 
