Car -1.0 -1 -1.7223901861708129 626.375264425245 179.3491846337442 663.2420231476851 208.08606975707937 1.5 1.5431199714541435 3.456770119071007 1.8659249437852163 1.8791207966798362 40.2734226603249 -1.67609187314776 0.9999924898147583 
Car -1.0 -1 -2.2998373623656896 722.3249005580072 177.8363229726223 814.4064676712619 219.92947983014335 1.5 1.5170109018683433 3.54439155459404 6.046262054379811 1.707488873386853 28.07838380487374 -2.087740914025579 0.999975323677063 
Car -1.0 -1 -2.415260837163865 922.5966911797873 150.1759149487484 1241.0 374.0 1.5 1.5922584131360054 4.023755577206612 2.893397980693485 1.4765582675279136 2.7982577153524213 -1.6131484853711469 0.9999738931655884 
Car -1.0 -1 0.6152431498166246 0.0 182.31313656444615 350.93496778655424 309.19824113437886 1.5 1.6082123413681984 3.866306182742119 -5.73266464803422 1.6390050872996673 9.621105271547906 0.07788614829513005 0.9999710321426392 
Car -1.0 -1 3.4537451573930773 273.34338271660016 181.94249330386236 418.4377594362034 241.83594910248365 1.5 1.480056394636631 3.3156885325908663 -6.964415939559546 1.7512243600826354 19.112293360810696 3.104304659362656 0.9999518394470215 
Car -1.0 -1 -2.643756297967239 109.09203906794147 182.47939827493923 339.0683346119541 280.0887966594134 1.5 1.4591409385204315 3.0410739153623583 -6.346854145195374 1.6701297132817317 11.97805605383475 -3.1310160915043697 0.999882698059082 
Car -1.0 -1 3.403901734940711 341.92109695414734 181.48456775730153 481.6852156990619 229.60249025998613 1.5 1.659702931344509 4.125190761685372 -6.455733843009692 1.7930700800483366 23.62986795882099 3.137207615371567 0.9996365308761597 
Car -1.0 -1 3.862282635665032 0.0 184.01121960115182 165.66300553079202 366.8727361521224 1.5 1.5662335351109504 3.7613904595375063 -6.682446300036458 1.620563532169623 6.896802875922239 3.0926687598188938 0.9996206760406494 
Car -1.0 -1 3.441375389597299 317.51135636666214 181.69504786894572 449.51728702578475 234.92572644106235 1.5 1.559968528151512 3.4242572754621508 -6.685662450539898 1.7719441408538095 21.376326271009358 3.1382535576780857 0.999312162399292 
Car -1.0 -1 -1.632577651884418 610.6462737754549 179.6950900870043 636.3231332780593 202.79784763127472 1.5 1.5514452502131462 3.417630356550217 0.8680385433003135 1.987332802438621 49.61760538005067 -1.6150848689165456 0.8491588830947876 
