Pedestrian -1.0 -1 0.24953963994836822 422.6868665447954 154.28409651128328 505.7192962466502 293.64392681084314 1.8 0.5672469295561313 0.9792051769793033 -1.912784217811603 1.4630648668558288 9.434921358214556 0.04951612552138737 0.9999966621398926 
Cyclist -1.0 -1 -0.030858741664663986 427.90368211936124 183.59599464291955 539.2367146540129 274.0027945958741 1.4 0.568329219520092 1.7327940583229064 -2.005811333372256 1.4537063832655384 11.429376983834706 -0.20458574692276546 0.9999960660934448 
Pedestrian -1.0 -1 -0.2573452298085228 731.4060686029821 153.79080259052117 806.9064199848189 272.96092353754716 1.8 0.6077765978872776 1.0207735493779182 2.4926345597789568 1.3982324358558174 10.99588994734236 -0.034424857297216144 0.9999895095825195 
Cyclist -1.0 -1 -0.7900341324557032 1174.7784670411886 171.4821316202529 1223.0 213.14830485468258 1.4 0.5568020537495613 1.6921910017728805 20.429984778454106 1.0985341973543463 24.102963557554407 -0.08692748943832941 0.9999767541885376 
Car -1.0 -1 -0.9570496810516629 0.0 180.81993622350947 360.0375591952593 369.0 1.5 1.638064768910408 3.9060814797878267 -3.181196373096649 1.504691602271316 4.646200704542433 -1.557424825676952 0.9999207258224487 
Cyclist -1.0 -1 -1.5922917427099357 973.3629710153516 174.70148103821282 1005.6622999800111 227.7555905717851 1.4 0.7435989126563072 1.7394153892993927 10.60313181259238 1.2485736049515905 19.59624317401018 -1.0963228205826623 0.9999701976776123 
Pedestrian -1.0 -1 -2.271644692715365 0.0 165.69464585191278 39.39044783577271 274.59875079342146 1.8 0.5510205894708633 0.8437036097049713 -10.288931992055536 1.5569435861406402 12.021304634102542 -2.9795491258290157 0.999812662601471 
Car -1.0 -1 1.7220712369366862 450.0067689605131 178.1879646652499 487.02080450754204 202.4829115909896 1.5 1.7107841119170188 4.440094766020775 -8.803272939794846 1.3586043208120284 45.900223977912326 1.5325807770106452 0.9995416402816772 
Pedestrian -1.0 -1 0.32512264425938153 410.74681678229206 153.04822090674824 497.16301040681543 300.2524091746903 1.8 0.5767502382397651 0.9404206208884716 -1.9537620937502806 1.4660014073258776 8.979390427687047 0.11087898810836247 0.9993001222610474 
Car -1.0 -1 -0.6941262775195564 1200.8506919056672 166.81479485528732 1223.0 221.57325522738074 1.5 1.639762383699417 3.8784178465604784 19.79071025326664 1.1266999774776403 20.331355342551426 0.07779769500228337 0.9992457628250122 
Pedestrian -1.0 -1 0.6560635168816129 86.28098641326609 166.18121868416873 160.1491771686382 262.9754437405993 1.8 0.5441835641860961 1.0466756790876388 -9.194826508421707 1.5353630813207961 13.444481826449119 0.05621747573348455 0.9973810315132141 
Pedestrian -1.0 -1 0.7394868162684964 73.4498039200508 165.95419664851767 142.47817848819938 265.26046362983624 1.8 0.549953107535839 0.9195779010653495 -9.274074622153838 1.5379868933050918 13.140935208249442 0.12491933902236395 0.9960011839866638 
Pedestrian -1.0 -1 0.18601306295433281 428.9285309600527 155.68999195426608 502.4610381418987 286.94399868211013 1.8 0.49005248844623567 0.9422932311892509 -1.9943007090865759 1.4614284023982123 9.942039238291443 -0.011952356496129713 0.9905498623847961 
Car -1.0 -1 -0.6656782272053223 1159.7316470276876 167.6735141288798 1223.0 212.79001381700218 1.5 1.7047765225172042 4.344371196627617 22.091386977848714 1.0750949844559123 24.50060506784474 0.06805710395308905 0.9324737787246704 
