Pedestrian -1.0 -1 1.5261312119494173 274.53139177659756 169.2504974352132 307.08514320423023 235.77409009855836 1.8 0.7837710462510585 1.0376818038523197 -8.826981947801645 1.497191565419272 19.765851236765467 1.1061271866175788 0.9999991655349731 
Pedestrian -1.0 -1 1.3177480472220677 325.0562893086249 165.2593792179531 370.57561853969594 250.3979899422705 1.8 0.7199486277997493 0.9634674087166786 -5.702408638109058 1.4794033629188192 15.544410396812676 0.9661449631068366 0.9999986886978149 
Pedestrian -1.0 -1 0.291456353278013 990.1800604126153 140.18729906422288 1111.4137709143988 313.4615098424728 1.8 0.6726082906126976 1.002767638117075 4.945044396232965 1.382916792852371 7.938481028506995 0.8485590656611579 0.9999953508377075 
Car -1.0 -1 -2.121992792922609 953.7045903473758 170.49052771824125 1065.4661176601082 217.77557933366376 1.5 1.6783711060881614 3.595232081413269 13.711476859972187 1.184025096681645 24.251522982409483 -1.6074135387924058 0.999990701675415 
Car -1.0 -1 -2.2720706907421286 1034.3900352660896 169.3258289700726 1156.3522950984084 217.34312287019665 1.5 1.6124919548630714 3.3061570048332216 16.350441002370147 1.152486687320513 23.80732769983953 -1.670271151759897 0.9999895095825195 
Pedestrian -1.0 -1 1.3982394880884463 227.3863771463203 167.58330120845204 270.63806951200877 246.94597268639447 1.8 0.7291717015206813 1.1147033914923667 -8.454479637667987 1.5086506935256245 16.696109730196913 0.9295055111262457 0.9999984502792358 
Pedestrian -1.0 -1 0.3127757284500099 966.5193570069946 140.25593547682053 1079.1545232392375 315.64199566091526 1.8 0.6199505671858787 0.9264818884432315 4.553099220166483 1.3886645681532894 7.803438713958926 0.8409547050807136 0.999984860420227 
Pedestrian -1.0 -1 0.5281950079648803 615.6239844998972 154.07050838756638 692.6469676816492 279.65107798200563 1.8 0.752579004317522 0.9082805857062339 0.7002032196142963 1.4228402570870902 10.695395472319628 0.5935694416377204 0.9999818801879883 
Car -1.0 -1 0.9497848293464111 1099.2166597691291 168.23342315028398 1223.0 215.48677976861453 1.5 1.6427331164479255 3.975120422244072 19.220794221143017 1.1121629538213347 24.461914141283337 1.6157722353895725 0.9999808073043823 
Pedestrian -1.0 -1 1.2764650074163468 267.19345729840046 167.38472093983142 311.485903399373 244.7769570019815 1.8 0.6836367331445217 1.1055360108613967 -7.672286384698286 1.4965694072073898 17.081012688903865 0.8543011387202399 0.9999593496322632 
Pedestrian -1.0 -1 1.3042915637249433 374.16739946194065 165.15504416568194 419.2307636773887 247.13414780626002 1.8 0.7379337705671787 1.0374635949730873 -4.808101681713346 1.4646887389043035 16.15489617077437 1.0150150497767585 0.9999698400497437 
Car -1.0 -1 -1.5593765126429016 602.8877567227497 176.13210966804033 634.2999600721757 206.26740924297627 1.5 1.5643798306584358 3.3739349365234377 0.7137457684344743 1.284017310696451 36.89898780249365 -1.5400356902417285 0.9999196529388428 
Pedestrian -1.0 -1 1.6503992178629687 278.30317963681017 168.47101498113585 316.4634618925975 238.91638906062718 1.8 0.8530620045959949 0.9426030822098255 -8.134903487239061 1.494230165121153 18.645873182848874 1.2390095432612556 0.9974886178970337 
Pedestrian -1.0 -1 1.4954050338446805 218.88873965121212 167.63587629355706 256.8224545770799 247.5482230322377 1.8 0.707618848234415 1.0644782826304435 -8.647574176967556 1.5118510772914548 16.55989837705174 1.0141557892176765 0.9971479773521423 
Pedestrian -1.0 -1 1.808527824462415 316.0014321465949 168.4347324889077 353.48879673343515 236.25428146234873 1.8 0.7630453936755657 0.911143285036087 -7.386376937744766 1.4813602995993091 19.26151986758772 1.4423448284480231 0.9876318573951721 
Pedestrian -1.0 -1 1.7952115919838236 305.2062207562239 169.04251877183341 339.378664561974 234.30493597660436 1.8 0.6854796342551708 1.0554852455854415 -8.04767108691812 1.485569623309803 20.0709372082555 1.4138766964289802 0.9856496453285217 
Pedestrian -1.0 -1 1.2915462299180276 292.4880777941343 167.27617394939594 334.74795964227116 243.42794191574924 1.8 0.687783633172512 1.0701915740966796 -7.192224644220008 1.489032300798968 17.340367668701422 0.8983742435786384 0.9818003177642822 
Pedestrian -1.0 -1 1.8568877777871005 313.7876798590123 168.73692841165985 348.86691338472474 235.07723002889995 1.8 0.663657721877098 0.9812270782887935 -7.647596156058808 1.4824154954385451 19.696069539109576 1.4865252216670173 0.9662019610404968 
Pedestrian -1.0 -1 1.9508418726835348 336.2065953064331 168.200830958126 374.3435877810277 235.8186317667534 1.8 0.6961797855794429 0.906403411924839 -6.836070242616537 1.4741778293913694 19.283368342977553 1.610158431526047 0.9564454555511475 
Pedestrian -1.0 -1 1.3565073400206664 249.5443598606876 167.54948963821425 290.38714512308 245.48338855679478 1.8 0.6656392969191074 1.0938608579337596 -8.084597880151815 1.5024961497415457 16.961575580663954 0.9117202003810064 0.9557056427001953 
