Pedestrian -1.0 -1 -0.6824963763762859 670.8053961853443 171.43089038478442 697.7130322411517 217.82260582538547 1.8 0.6312735870480537 0.8490100063383579 2.8893827274796813 1.7451410783142958 28.48985616163915 -0.5814240137722833 0.9999901056289673 
Pedestrian -1.0 -1 2.733158434842312 913.4106663079998 170.14310832862515 925.015539412095 209.3780531597255 1.8 0.5283278904855251 0.3081149447709322 14.257834058771547 1.675988896919583 33.364446874144406 3.1370061516722263 0.9999825954437256 
Pedestrian -1.0 -1 2.369489603645811 914.8287518920097 171.95791069211114 922.299983221889 201.01288833454356 1.8 0.4233628537505865 0.18441365361213685 19.181425614215513 1.744843591350234 44.92829821705264 2.772997367378098 0.9999797344207764 
Car -1.0 -1 2.0103465206489632 120.83006794387389 182.6634108069713 268.873035618864 253.33575084518554 1.5 1.5911292776465416 4.094921660423279 -10.189603736138023 1.7736382020386994 17.996850667743008 1.4951597889277595 0.9999620914459229 
Car -1.0 -1 -1.4270502944893662 968.0272171603016 172.10321785229897 1241.0 374.0 1.5 1.5633130937814712 3.593188014626503 4.4741269538771204 1.4957785469336913 6.234780833001374 -0.8046045462277276 0.9999403953552246 
Car -1.0 -1 -1.5427943105168211 561.382732921886 178.61742250577663 652.2035960347526 264.8158565310564 1.5 1.6131051376461982 3.4961263209581377 -0.0695478868237125 1.6307556027229038 14.555764829158948 -1.5475723045554501 0.9999231100082397 
Pedestrian -1.0 -1 2.731811050157632 45.54344002483716 173.60144348359358 70.08293324632753 245.1708767195599 1.8 0.4690278347581625 0.33797542825341226 -14.140036671914176 1.8197037383773094 18.41116636461026 2.07688020467363 0.9999126195907593 
Car -1.0 -1 -0.9951405860788413 741.266706592225 176.20712651700484 945.5320228065048 272.2638352544142 1.5 1.6422171637415885 4.044692826271057 4.343399646279758 1.5710890744593102 13.30770375250857 -0.6796589056637629 0.9998822212219238 
Car -1.0 -1 -1.2121366473757953 817.1858172639504 174.90331619555306 1047.7395460080404 310.7318486724558 1.5 1.6252842292189598 3.908376631140709 4.537073834142351 1.5342706513208861 9.980991564756554 -0.7854876081135613 0.9996906518936157 
Car -1.0 -1 -0.8590345505373718 721.1087038719085 176.99816100548753 881.8012466992903 248.92855105726068 1.5 1.5586352467536926 3.7815610438585283 4.496394964560825 1.607559107883116 16.951475315599026 -0.5997543493893487 0.9996775388717651 
Car -1.0 -1 2.1862215352498415 0.0 183.28358056012047 177.19596949225513 286.52997561240414 1.5 1.5761906772851944 3.8122943162918093 -9.618091508868735 1.7132577095612849 12.797818861620595 1.5417346199366706 0.999569833278656 
Pedestrian -1.0 -1 2.5251965550898863 55.81420966632675 173.6584766572567 79.20327779434841 244.0766851553461 1.8 0.44739833362400533 0.27476959191262723 -14.067202798319155 1.821369739976536 18.644170431128874 1.8788156390150608 0.9993290901184082 
Pedestrian -1.0 -1 2.4848873737697454 910.6197982897319 171.9984161732514 918.5224182498281 201.06691253275503 1.8 0.42278035804629327 0.2459474865347147 18.92602134448302 1.747377618144759 44.912586275045435 2.883702147003037 0.9383275508880615 
