Pedestrian -1.0 -1 1.0619509852506932 753.203599973486 139.14794109560668 851.9313105144764 338.6806512987893 1.8 0.6012617170810699 0.8005719192326068 1.8376572320820186 1.428660440792161 6.834849162558881 1.324605389437403 1.0 
Pedestrian -1.0 -1 -1.875182676277881 522.9832507425921 166.47279292575 548.3782765065761 230.42801415597708 1.8 0.5020814508199691 0.8257089674472808 -2.0368936192424956 1.4067827873554466 20.37300860176478 -1.9748315374043328 0.9999971389770508 
Pedestrian -1.0 -1 0.6652852906743478 230.57966922533296 161.68205907754285 291.2289441769902 274.01420521642376 1.8 0.6257785975933075 0.6574372321367263 -5.731071521267985 1.5001173337956941 11.699194819666536 0.20977537234755927 0.9999908208847046 
Pedestrian -1.0 -1 1.023763290795282 888.8601762552131 138.18530012757634 995.510277617777 332.26023188816447 1.8 0.5731497451663017 0.8893592774868011 3.2709961888357983 1.4092398524218979 7.026506464738032 1.4594504078242438 0.9999723434448242 
Pedestrian -1.0 -1 1.1298951687108196 643.1026393257176 138.76374844248986 733.9199229318424 349.3554585578977 1.8 0.5196316659450531 0.8331063695251941 0.6985535988965477 1.4449695491447274 6.517134558211865 1.236674710116114 0.9999613761901855 
Pedestrian -1.0 -1 0.3911769837860114 1157.264345631599 77.50908832925779 1223.0 369.0 1.8 0.5662691339850425 0.8036118492484092 2.904198046397396 1.435297862410492 2.9919560545013004 1.1616923054072517 0.9999306201934814 
Pedestrian -1.0 -1 0.4166783242584181 1035.158883515598 60.26179546413383 1223.0 369.0 1.8 0.5791700005531311 0.9086090631783008 2.1700432420505975 1.446701391022583 2.6185557486890616 1.108686371645655 0.9998452663421631 
Pedestrian -1.0 -1 1.3485457264740535 625.1922942024063 139.54290469997207 705.6828356916484 347.6853664456043 1.8 0.5727085776627063 0.8014685966074466 0.4880379535003501 1.4475092156305798 6.5480742995295955 1.4229397018763679 0.9998313188552856 
Pedestrian -1.0 -1 0.46081602084681017 748.7432399903353 99.22154198753992 971.7261687157376 369.0 1.8 0.5439576253294944 0.9018153443932533 1.1994534696127275 1.454350846517285 3.5284687852050522 0.7884971340510505 0.999723494052887 
Pedestrian -1.0 -1 0.5315159779591213 986.2574891579202 34.59238802187474 1223.0 369.0 1.8 0.5635500445961952 0.8524093337357044 1.6946716645650703 1.4551551380616126 2.174579875438104 1.1935130794856208 0.9986177682876587 
Pedestrian -1.0 -1 0.3520699135662205 1185.2018007894562 0.0 1223.0 369.0 1.8 0.534478810429573 0.9369848787784576 1.985347287876037 1.4542771863092594 1.635042376938866 1.2339266975733894 0.9989497065544128 
Pedestrian -1.0 -1 0.5604420544180861 986.2536274439212 59.88197813491503 1223.0 369.0 1.8 0.6084598161280155 0.8038074269890785 1.8857047771456337 1.4507833599044695 2.537178719159717 1.1995956142756599 0.9981452226638794 
Pedestrian -1.0 -1 1.082864421942853 803.3014174069119 139.00479154162184 903.9180082015547 335.35794948088414 1.8 0.5987867273390293 0.8500033549964428 2.365409362473758 1.4213065521232893 6.943833847001117 1.4111844738337653 0.9976277947425842 
Car -1.0 -1 -1.2360642405015805 0.0 181.2793363188132 269.78004777913736 369.0 1.5 1.9603621706366539 5.182158437371254 -3.118398449767936 1.5088463010278155 3.7085856468190816 -1.9352276186135156 0.9974944591522217 
Pedestrian -1.0 -1 0.5023492124900353 1195.6080347517277 82.38843941666673 1223.0 369.0 1.8 0.569288295507431 0.8411122977733612 3.2449506412931877 1.4300615137244665 3.1545860146658486 1.3018669327113288 0.9968460202217102 
Pedestrian -1.0 -1 -2.5747948439430957 634.4402914960996 165.96690232424234 660.5120027143727 224.5012797473906 1.8 0.5067138493061065 0.6435020387172699 1.2984577657108205 1.3546473777515102 22.131369506417027 -2.5161915580418452 0.9964072108268738 
Pedestrian -1.0 -1 0.32251656889392977 1223.0 46.991419571889715 1223.0 369.0 1.8 0.6903504513204097 0.8824878863990306 3.863232550638433 1.425582760646812 2.500478527136056 1.3188730915400642 0.9633449912071228 
Pedestrian -1.0 -1 0.29578191891114414 753.2081159652515 104.38193639144328 946.2475269370486 369.0 1.8 0.5997720666229724 0.8261285282671451 1.2340589210007131 1.452899870078392 3.7187053787342967 0.616198464235987 0.8388189673423767 
Pedestrian -1.0 -1 0.520803033771138 1077.726170631988 42.47787912494464 1223.0 369.0 1.8 0.6198568761348724 0.8395785026252269 2.1077284683905755 1.4492149156894578 2.2947557208768457 1.2637445171687263 0.5403279662132263 
