Car -1.0 -1 -1.5864407202986266 589.5526884418628 179.12402516488677 645.3641279444145 233.36054352926544 1.5 1.5747663125395774 3.39119830429554 0.14813650894856906 1.706776217729788 22.04877387042895 -1.5797222387653334 0.9999998807907104 
Car -1.0 -1 -1.5409422443491119 592.6141607995122 179.55291734393467 628.4673512182977 214.3375048878519 1.5 1.5660450354218483 3.485798326134682 0.02848470429886181 1.8283416873683422 33.55815990805012 -1.5400934285160643 0.999997615814209 
Car -1.0 -1 -1.76264542628454 699.4468257638391 177.23732635544243 817.9648467063587 263.66477611838025 1.5 1.5825406208634376 4.001881790161133 2.820542064886646 1.6020036809090032 14.726141014452084 -1.5734043033469958 0.9999972581863403 
Car -1.0 -1 -1.4801292605248226 481.2228259089494 179.8386238749541 551.9104919790389 242.58906911380674 1.5 1.5578160554170608 3.880905967950821 -2.4963604662816796 1.7096407794435906 19.64995013231434 -1.6064939061787469 0.9999887943267822 
Car -1.0 -1 -1.4090286149406055 434.5647066850501 179.57265517281596 546.998926405895 268.91500566261203 1.5 1.5864095211029052 3.8094381362199785 -2.267324426910184 1.651371693038298 14.3067672774223 -1.5662006457012636 0.9999858140945435 
Car -1.0 -1 -1.8652209312224612 735.2289834911169 175.93180498914722 950.7627806309602 315.25838097773516 1.5 1.6137751311063766 3.9485553771257402 2.830988502228386 1.5508073656792882 9.838683420214645 -1.5850489074972016 0.9999767541885376 
Car -1.0 -1 -1.5576095376553118 646.8059869649398 179.12795309664736 677.1931729299928 209.1125184145181 1.5 1.551840317249298 3.616404023766518 2.77673828661159 1.8534866102527119 38.741556632224366 -1.4860585118320329 0.999896764755249 
Pedestrian -1.0 -1 -1.8351011914559634 862.8061238548414 143.62780224164686 954.7068588901917 333.0212872058241 1.8 0.6986982680857181 0.655316424369812 2.9124778385197545 1.522591440058109 7.221594121788902 -1.4517521644618852 0.9998660087585449 
Car -1.0 -1 1.1180868389878318 280.3975729922902 181.31901988269277 416.82260432484605 256.4604221442045 1.5 1.5161861225962638 3.5899060338735582 -6.127689293411989 1.7160566826421673 16.593464345901484 0.7643374641749519 0.9998378753662109 
Car -1.0 -1 -1.7298929641929015 683.2844468112829 178.034561824234 759.1677640325132 236.0232089433167 1.5 1.5791118636727333 3.6762511849403383 3.0696581652250066 1.663273557152138 20.839697300824234 -1.5836460171875102 0.9998015761375427 
Car -1.0 -1 -1.8954013586756044 46.5778059407974 181.51174393459237 305.2656764952041 340.8775170705241 1.5 1.564699088037014 3.6581757038831713 -5.421136444309188 1.6266070401001558 8.749840224704162 -2.4500862518933157 0.9997091889381409 
Car -1.0 -1 -1.7451507949350873 0.0 182.1704974352672 126.93925130213287 374.0 1.5 1.5934467807412147 3.8799429804086687 -5.657021431116865 1.5982815827171242 5.80149122879311 -2.5179415504124503 0.9996053576469421 
Car -1.0 -1 0.934068383894195 406.0735360018925 180.9389427788805 498.9806072435176 225.8968406176292 1.5 1.5207604065537452 3.524172168970108 -5.848774521594161 1.8158618224301486 26.42385647148163 0.7162360390040534 0.9995803236961365 
Car -1.0 -1 2.0483865101724064 194.05722699538651 183.0398534673226 284.4825294810259 224.351257020004 1.5 1.6026357680559158 3.968433526158333 -14.904407963262903 1.9401809275425403 29.16479606757522 1.5759451270063938 0.9994046688079834 
Car -1.0 -1 -2.526067826476532 0.0 0.0 1198.1839180433415 374.0 1.5 2.040689301490784 5.878994104266167 3.0119410397384936 1.4680318206909364 2.1023371398664152 -1.5646544327635807 0.9828513860702515 
Car -1.0 -1 2.3476698202741866 0.0 183.12532502452996 151.84639067953 328.29965848790664 1.5 1.879025299847126 4.886598375439644 -9.166905112517481 1.6822871270958655 10.29085302782722 1.61997102498613 0.9820578098297119 
Pedestrian -1.0 -1 -1.5407287169117536 804.3969590589056 148.5009722897668 859.8516686174839 315.1384175219756 1.8 0.5793248794972896 0.6258235804736614 2.468479330994002 1.5372990639463946 8.179927199747068 -1.247646317878042 0.8701256513595581 
