Pedestrian -1.0 -1 2.8409488457832 755.4602802540654 162.40927435201274 792.2262503067747 254.17475535180677 1.8 0.7099828243255615 0.5331947959959507 3.239636819934093 1.5954822702805407 14.525822259453749 3.0603836655577243 0.9999971389770508 
Pedestrian -1.0 -1 1.162867680219217 938.306752900798 159.2598998306786 976.2161792361396 257.42093960680506 1.8 0.448230516910553 0.5730846457183361 6.450295616236138 1.5510799305844256 13.52291265888594 1.6079385161360324 0.9997491240501404 
Pedestrian -1.0 -1 -1.2656496611253127 266.05690002757115 169.73931975746908 303.94678018842444 250.5675297535539 1.8 0.5069710806012153 1.0460399582982063 -7.520346455161828 1.7309956157959898 16.615086604167267 -1.6906815404680116 0.9997339844703674 
Car -1.0 -1 -1.297055110579148 550.2180633230938 179.80383560741456 611.383609450298 209.7461211338191 1.5 2.0529868572950365 5.28721125125885 -1.5656810908358738 1.915213148046842 40.25798654703792 -1.3359267125513894 0.9996730089187622 
Cyclist -1.0 -1 -1.3439941448643538 880.5557417523038 181.98906375923937 952.2777658234228 293.85273692961005 1.4 0.554406040161848 1.6909005612134933 4.225816548027545 1.5378976961113664 10.013397556506627 -0.9446534673359734 0.9995724558830261 
Pedestrian -1.0 -1 0.33967653123139296 340.5988553592239 169.4705122375222 376.46459512707025 246.56489161257585 1.8 0.7015197098255157 0.6097396396100521 -6.03440309076828 1.7213601447798266 17.195140698062833 0.002167626223291674 0.9992740750312805 
Pedestrian -1.0 -1 0.9245036474917757 1127.0246904003052 141.83547642443062 1220.8203223074206 324.6033923748572 1.8 0.5146046660840511 0.5737264201045036 5.70606457023201 1.4948702315814133 7.393040979102403 1.5818211913069309 0.9989573955535889 
Pedestrian -1.0 -1 -0.823282845712308 964.2849513572281 156.59778228047654 1015.9848110058946 267.81263828916934 1.8 0.5623975329101085 0.5147113025188446 6.278590495622861 1.5372527991418852 12.026505520029065 -0.3421412269261224 0.9984482526779175 
Pedestrian -1.0 -1 0.918651743142624 1191.614320278655 140.91766182760324 1241.0 325.057463773885 1.8 0.4761189714074135 0.44085365049541 6.231707614371692 1.4881743843511954 7.28372551041099 1.6263682723005832 0.9953603148460388 
Pedestrian -1.0 -1 1.388812853179248 1214.7848257945693 144.53030053423836 1241.0 307.18494877154046 1.8 0.6293758310377597 0.631516382843256 7.470130996482014 1.4869167398099223 8.415120268245692 2.114792573448044 0.9943366646766663 
Pedestrian -1.0 -1 1.362095811827495 1178.5909081978225 145.60295477275346 1241.0 304.47631537136573 1.8 0.6599575772881507 0.6473532438278198 7.221581825613936 1.491609574023152 8.612872832736757 2.0598542571028293 0.9866843819618225 
