Car -1.0 -1 1.7910419269960456 449.4417531992694 179.96561442795368 541.8494193539735 245.11825551331032 1.5 1.574118112027645 3.9700160294771196 -2.9500767373252867 1.7085410074008194 19.086147610029567 1.6376891016920627 1.0 
Car -1.0 -1 0.9532498358940338 953.5578557784683 172.36669000427534 1241.0 374.0 1.5 1.6737875089049339 4.453074049949646 5.189343637074874 1.4970845494461478 7.082620742814785 1.5855781912764133 0.9999970197677612 
Car -1.0 -1 -1.3100166985647452 710.7359250865693 177.82629212518688 785.211988595548 229.78914447283722 1.5 1.5083058297634124 3.4077292799949648 4.423562250715396 1.6720141758121432 23.044358670353443 -1.1203650991108758 0.9999980926513672 
Car -1.0 -1 2.0195339764669105 94.75907153248868 180.02854616446308 415.0065177278711 362.80101535136646 1.5 1.5762549385428428 3.8647184640169145 -3.5831241737434207 1.5996294301791065 8.026597592588137 1.5996725439985813 0.9999953508377075 
Car -1.0 -1 1.7173256034082687 500.0534631557028 180.25960236600335 551.1620076842286 220.90153316397982 1.5 1.5383033573627471 3.6090249687433245 -3.385364256130854 1.818026764317185 29.120828885562727 1.6015927672346653 0.9999828338623047 
Car -1.0 -1 1.8589908884547182 378.4392594953312 180.02819455799948 507.9342856431155 269.65539069364365 1.5 1.5069058656692504 3.595961865782738 -3.181413023156081 1.6600516037236186 14.21328592161244 1.6387867808302463 0.9999622106552124 
Car -1.0 -1 -1.5163066094301934 692.9668265392347 177.74752457443097 763.2730915248668 244.0106721312618 1.5 1.5860960379242897 3.6415188133716585 3.0698549038253335 1.6395260392847015 18.567941117609546 -1.3524578521635873 0.9999463558197021 
Car -1.0 -1 -1.079155717959285 753.4876763726585 177.57283930028368 830.822541483647 221.24743201781726 1.5 1.4394578084349632 3.217894446849823 6.764380166709338 1.6866896547081023 26.814321848696043 -0.8320441404965264 0.9999173879623413 
Car -1.0 -1 -0.42636375100889 898.3901575787305 174.3254928162785 1207.1677566635833 279.93110833368945 1.5 1.5718555569648742 3.799100083112717 6.646385487474982 1.5253290343874353 11.257486365205956 0.10696475108596257 0.9997305274009705 
Car -1.0 -1 2.378501986063152 897.2362726492679 176.41855166501048 977.3022768112321 204.31590174603525 1.5 1.6283171743154525 4.124268379807472 18.383964930930308 1.7081978606963508 40.616335160152204 2.803536641593796 0.9946554899215698 
Car -1.0 -1 1.3790781205862743 510.456395136634 180.24648754880255 561.5664191339237 215.2380503677223 1.5 1.6375430420041084 4.088909414410591 -3.591634544090519 1.8717230360956651 34.04953488141323 1.2739841183039802 0.9933302998542786 
Car -1.0 -1 2.70090386216219 0.0 179.9965603540867 60.88099919085047 374.0 1.5 1.5494898453354835 3.8412349790334703 -3.8504811544960917 1.5392865062930583 1.9832873520632686 1.605742442603928 0.809312641620636 
