Car -1.0 -1 -0.9003522143356382 716.3510799816065 177.3040778581702 850.7431818987144 241.01269676880784 1.5 1.549503070116043 3.5664650171995165 4.552037828379573 1.627692864193246 18.933937286284475 -0.6644131104138238 0.9999831914901733 
Car -1.0 -1 -1.5812493910304593 593.3356570540318 179.39229838447076 636.4391211518389 219.95481055619294 1.5 1.629604820907116 3.6510760456323625 0.1308463011655271 1.780662803986021 29.10012113358036 -1.5767530035835249 0.9999794960021973 
Car -1.0 -1 -1.0314430431401571 727.5489079341787 176.64609652656162 900.3637797617185 260.21129299506305 1.5 1.6123220816254615 4.075702142715454 4.31792915411516 1.5902030459059842 15.110617683252215 -0.7531060735371453 0.9999690055847168 
Car -1.0 -1 -0.8626053986665096 666.3453028560642 178.53592669294756 750.3078259271133 213.90402740515253 1.5 1.6254054874181747 3.9794723063707353 4.519629268048241 1.7766098391848275 33.14825600611093 -0.727095083394323 0.9997840523719788 
Car -1.0 -1 -0.8660608573613164 651.3034422998583 178.9003017021231 719.3453271875686 208.08589197692476 1.5 1.5921436741948127 3.8909981518983843 4.155291399959772 1.8499341109028213 39.79503345477242 -0.7620205442097527 0.9996620416641235 
Car -1.0 -1 -1.2662055037406108 832.5856267577938 174.17933511877362 1103.7405562401773 352.51401246837406 1.5 1.6082263112068176 3.780682992935181 4.069594052728819 1.518586561651018 8.00797771935635 -0.7960254112866265 0.999618649482727 
Car -1.0 -1 -0.9147799398772591 695.5952959171424 177.6963725904128 818.6131449520653 231.3160858752669 1.5 1.6097886979579925 4.06229407787323 4.596770246768423 1.664175012008251 22.469442978663082 -0.7129856506970269 0.9995428323745728 
Car -1.0 -1 1.780920213625722 459.7019458118743 180.89711088539224 504.6329201547662 212.77087225170482 1.5 1.5288612365722656 3.6308983832597734 -6.488494855904438 1.9302800267673477 36.72380425954534 1.6060414195021213 0.9990033507347107 
Car -1.0 -1 -1.5986135057790714 1086.3672347187908 166.58408539457886 1241.0 374.0 1.5 1.6858578220009803 4.105027255415917 4.265092875394515 1.4795969659447032 4.475390927647442 -0.8372709314015252 0.9988756775856018 
Car -1.0 -1 -1.107959380410887 762.1902148138879 175.74676008182186 975.1424147489553 288.4113774593044 1.5 1.6393891096115112 3.9417395859956743 4.238947730549744 1.5549184224601609 11.655064065284915 -0.7591321031239373 0.9985557198524475 
