Car -1.0 -1 -1.5812473595232577 563.6308597050001 179.38199338712087 619.6527413862228 232.57634918506216 1.5 1.6154541194438934 3.467679259181023 -0.642954033346689 1.7202731844689907 22.54046452657154 -1.6097640628602845 0.9999927282333374 
Car -1.0 -1 -1.350536036931029 358.7834209938443 179.73960939943368 507.0297750748513 288.58017026687804 1.5 1.5807390704751014 3.838508066534996 -2.8278210724079647 1.634345472204129 12.11133484755629 -1.5799122751366836 0.9999850988388062 
Car -1.0 -1 -1.544431928312373 569.8463026346858 179.82611773850496 603.6949434781541 213.61346889465077 1.5 1.5275955691933631 3.380204600095749 -1.1074203860313716 1.849392024039644 34.42397561504118 -1.5765908691708488 0.999971866607666 
Car -1.0 -1 -1.7998242370628177 698.3761058168718 177.13011418299692 824.9934890827888 272.29228389661046 1.5 1.51047935038805 3.328598898649216 2.5829109427084505 1.5886964891981572 13.212843590805887 -1.6067738989975793 0.9999666213989258 
Car -1.0 -1 -1.3598335094569851 523.8350285802428 180.3322145813148 565.5296514593227 209.59692019651638 1.5 1.595555481314659 3.4752687931060793 -3.5855887608773513 1.9310608420415518 39.7325684063435 -1.4498327905919892 0.9999667406082153 
Car -1.0 -1 -1.9281073755466096 744.4702165127084 174.92659507824362 1078.9832341067245 374.0 1.5 1.5797939643263816 4.047631335258484 2.5057358134765804 1.527008206513543 7.233044220121501 -1.594617440426026 0.9999498128890991 
Car -1.0 -1 -1.395595750518501 430.5249435435897 180.1248978233265 519.7740937625651 252.70142745025439 1.5 1.4963247373700141 3.2921502858400347 -3.104869985856929 1.6872383172896017 16.891637714596346 -1.577377686337803 0.9999191761016846 
Car -1.0 -1 1.0121896467684148 306.30514647810014 181.34402216162985 432.7742169569045 246.7573219748084 1.5 1.4948076128959655 3.439215061068535 -6.3072576190950835 1.739380352337448 18.64337368287068 0.6859659393641608 0.9998657703399658 
Car -1.0 -1 -1.245602395401478 132.86749816970735 179.14529580890647 460.55098577419335 374.0 1.5 1.5837504088878631 3.819130223989487 -2.6014244667468454 1.5772058992000966 6.873546204250554 -1.607410945990358 0.9998353719711304 
Car -1.0 -1 2.1648216676660867 9.03185002729662 184.31814904885695 141.27808221667019 242.0033914912442 1.5 1.4965085804462432 3.335738790035248 -15.55686941311511 1.8630994676373698 21.130851201927584 1.5302008827540534 0.9997190833091736 
Pedestrian -1.0 -1 2.820255895376432 692.7036280179332 172.96742623381388 710.560145854798 209.51253417021607 1.8 0.7565689764916896 0.678119857609272 4.527461694806655 1.8060823030423383 35.975840345443125 2.9454450488051 0.9996488094329834 
Car -1.0 -1 2.0259248285899645 195.1554104606212 183.09950865203612 280.46977248969716 222.18381117324842 1.5 1.609451000392437 4.069602352380753 -15.815533652310856 1.967037401349137 30.813284174733766 1.5517176826808112 0.9996460676193237 
Car -1.0 -1 -1.6597576869868043 631.1148768192999 179.0934584598596 673.9680910210329 216.62403891923583 1.5 1.533059825003147 3.5012396544218065 1.7477211529565788 1.7855339704056536 31.200380312412268 -1.6038001450386388 0.9987260699272156 
Car -1.0 -1 -2.465923690460831 927.5563309445911 136.40819789520802 1241.0 374.0 1.5 1.5852349370718002 3.7795885026454927 2.722676212746981 1.4745916005554642 2.4375501019047294 -1.6253270814802987 0.9972766041755676 
Car -1.0 -1 1.3486564955046305 0.0 182.22122776412257 215.9565272447816 339.19847005062616 1.5 1.5394067883491516 3.5931895047426226 -6.423340753462969 1.6384230804418194 8.867334908811298 0.7217532833430427 0.9955161213874817 
