Car -1.0 -1 -1.5566932433977994 595.3291075268569 178.3882943864164 680.6431862359623 255.79123703804103 1.5 1.6945768639445304 4.334065553545952 0.6136752289414803 1.6438941863664256 16.503305773535757 -1.5195253799345834 0.9999998807907104 
Car -1.0 -1 -1.161100966656437 258.6713843069499 181.1548184547664 409.8763924379635 257.5335155783524 1.5 1.6438207149505615 4.465821620821953 -6.293339332064224 1.7213843384549397 16.935739971280295 -1.5168884406473977 0.999998927116394 
Car -1.0 -1 -0.9594346822384907 113.14325708322072 182.3038106112296 304.0189190131732 257.3309425830731 1.5 1.6491773098707199 4.611931976675987 -9.445166468230447 1.7596237736971638 17.408499809239206 -1.4565483416107041 0.9999983310699463 
Car -1.0 -1 -2.050423604528489 1059.5153412270645 173.7070628798659 1241.0 249.27954873660005 1.5 1.6454620778560638 4.363634300231934 12.228323030866052 1.5227469015670378 16.65229812208389 -1.4170253584769112 0.999996542930603 
Car -1.0 -1 -1.8943320803102843 856.0339650994048 175.82140140630204 997.0389467807208 250.2967956820297 1.5 1.675642517209053 4.3936850994825365 7.173389487117088 1.57940620519866 16.96377786637155 -1.4942711080100877 0.9999964237213135 
Car -1.0 -1 -1.984200240340233 948.6137139001229 174.8871813358252 1110.5470944292504 247.84854670411792 1.5 1.6684713333845138 4.404059287905693 9.717810385467452 1.5553323884340065 17.232335202391926 -1.4707260514285905 0.9999856948852539 
Car -1.0 -1 -1.448304483022412 500.78987712741105 179.88683134673283 565.1851059048636 232.1303108279646 1.5 1.5827689811587333 4.0171200901269914 -2.4417952793026787 1.7470159135794772 23.28082725633753 -1.55280678632227 0.9999814033508301 
Car -1.0 -1 -0.8087615670288522 0.0 184.3264914788707 113.13041193722482 257.1048982825688 1.5 1.6388088956475257 4.609968003630638 -14.941588011723216 1.8235258820593674 17.966681405445875 -1.5024923319604737 0.999915599822998 
Car -1.0 -1 1.4205760193686616 723.7763894239829 178.23157816926675 771.2346866312852 205.07017070950823 1.5 1.9752666845917701 6.085240703821182 8.372387192577234 1.85593728564326 44.6317220329595 1.6060092329939426 0.9997861981391907 
Car -1.0 -1 -1.4889481603851649 675.2696756950785 178.6011189640171 718.7941494633128 213.52359075363913 1.5 1.685437422990799 4.429912802577019 4.134544656661354 1.7906057946016045 34.09804907278769 -1.3682826469328744 0.9991438388824463 
Car -1.0 -1 -0.8723859511611742 1199.4547226908674 169.23083480819403 1241.0 288.9079727020962 1.5 2.097054061293602 6.199001383781433 12.169220111767656 1.4549461321913453 10.105975604608954 0.0053738792750494865 0.9924309849739075 
