Car -1.0 -1 -1.7484061965006863 697.1429659205847 177.48940389254741 798.8507734825888 252.64310084231872 1.5 1.5750732764601707 4.045328733325005 2.99666013490014 1.6204704517866246 16.670888632021388 -1.570551477346106 0.9999997615814209 
Car -1.0 -1 -1.668757429660154 689.9828699462513 178.0402868752497 755.6234488061295 234.27115950698948 1.5 1.5535291776061058 3.6907362312078478 3.2253607383679817 1.6682662918059497 21.47473223838895 -1.5196784483876569 0.999994158744812 
Car -1.0 -1 -2.023713985774547 801.897816684345 173.9775830854525 1221.7460818782042 374.0 1.5 1.5636910244822502 3.7367651730775835 2.9463816209727436 1.5131927462697845 6.356676880988668 -1.589682330438171 0.9999918937683105 
Pedestrian -1.0 -1 1.4373029958539754 699.6538412730348 172.74548461667962 713.3796672661546 210.22664190840732 1.8 0.5577973581850528 0.8020965874195098 4.646591484883687 1.795146382592647 35.04999541399675 1.5691048343989509 0.9999949932098389 
Car -1.0 -1 0.6982638209403247 0.0 185.28627251466725 120.04798570283658 238.1066325574896 1.5 1.5741589039564132 4.220521312952042 -17.422063111225892 1.888893868254429 21.71342154339801 0.022083206972803394 0.9999816417694092 
Car -1.0 -1 -1.5490885934047043 603.1130700526812 179.71285156212102 629.3565999811401 204.74949083366386 1.5 1.5985671922564506 3.4900142371654512 0.396699750437471 1.954118499215583 45.9635534293548 -1.540458061793123 0.9999716281890869 
Car -1.0 -1 -1.6471200967220883 656.7339312377151 178.91109105643912 695.7943675327153 212.32562413706057 1.5 1.5834080547094345 3.9405497282743456 3.1304034418158015 1.8115362669995083 35.08557529128497 -1.5581337744977815 0.9999580383300781 
Car -1.0 -1 0.42153929971239923 140.02436972916857 183.33383066524215 295.74704259228577 236.41394926457215 1.5 1.5232878297567367 3.8171547025442125 -11.713593259664275 1.8278697755907285 21.644907536375644 -0.07450004021195003 0.999895453453064 
Car -1.0 -1 -2.6683807357658402 0.0 0.0 1241.0 374.0 1.5 1.604425024986267 4.077647489309311 2.8376553253458443 1.462530177018596 1.399831642223898 -1.5558622778069717 0.9998939037322998 
Car -1.0 -1 1.7796178797223936 449.733052271533 181.03003013903378 492.9661290495567 212.55996414152537 1.5 1.486913350224495 3.488895905017853 -7.0947257923539375 1.9395095581359993 36.994067660016896 1.590138423438889 0.9276630878448486 
