Pedestrian -1.0 -1 -1.2901552887816627 280.9906572992002 160.97980444347536 333.00907291777247 273.81725536581024 1.8 0.6267165325582027 0.6868222288787365 -4.944714895709919 1.4902656686987406 11.652612249185086 -1.6914700801160676 1.0 
Pedestrian -1.0 -1 1.2943076467971935 748.4199544873047 153.6020009184939 791.3548368788558 273.66197968810195 1.8 0.4750276476144791 0.6870351292192935 2.498696160215011 1.3983926832178988 10.950893063590685 1.5186399658534186 0.9999998807907104 
Pedestrian -1.0 -1 -1.8616454682964347 649.4056554292724 165.17118027027948 672.3308812919365 227.29786474134937 1.8 0.5110436610877513 0.6378271177411079 1.610037535511976 1.3574459612209098 20.846261455604317 -1.7845646152880532 0.9999992847442627 
Pedestrian -1.0 -1 1.2900163759070085 477.11627313744737 166.45207628681868 505.2653403042919 233.86280701933103 1.8 0.5433342911303043 0.8579277925193309 -3.1607324273469857 1.4264763600237376 19.378609093672594 1.1283358772608894 0.999998927116394 
Pedestrian -1.0 -1 0.8706323487131649 815.2629069546588 138.30713236713953 919.6311044794095 337.4103318147977 1.8 0.543474268913269 0.8262065730988979 2.47827257573423 1.4202542169875598 6.8688004000749165 1.216897173723902 0.9999994039535522 
Pedestrian -1.0 -1 -1.062015379899033 617.4154852764945 167.5000142006849 640.0920734032608 218.63261462107576 1.8 0.5624897338449955 0.6588454850018024 0.8251810820899471 1.3438943992479901 25.31223148220528 -1.0294268290188653 0.9999959468841553 
Pedestrian -1.0 -1 1.247610202581034 409.8774076869544 165.74900040845554 446.50353913619387 241.95609759669958 1.8 0.636878751963377 0.8170117184519767 -4.34774023923828 1.4531877471392 17.211206934252534 1.0001756389948981 0.9999723434448242 
Pedestrian -1.0 -1 1.2456458604167726 769.3394474454863 153.47066618815956 812.6517204858433 272.6663405735182 1.8 0.4544240448623896 0.6889525361359119 2.8473322189185306 1.393484495074571 11.032370227889492 1.4982229908320563 0.9998263716697693 
Pedestrian -1.0 -1 1.0923348699556508 400.3681826819369 167.22303457006012 435.4766278470574 235.74184339760617 1.8 0.5752322755753994 0.8786248534917831 -5.090637139957033 1.4527986020779062 19.08774734148315 0.8317045410487311 0.99983811378479 
Car -1.0 -1 -1.1991460530208087 0.0 181.3452526528614 273.84761946606767 369.0 1.5 1.9674258798360824 5.186976355314255 -3.1621573346377065 1.5094453933136323 3.7015637376460253 -1.9061173657563073 0.9996479749679565 
Pedestrian -1.0 -1 1.336090730448662 487.24916255071963 166.45054206315257 515.3448978558366 233.10396579036757 1.8 0.5838729001581668 0.8628130450844764 -2.915999808941216 1.4221710049580203 19.598326927609463 1.1883861263606208 0.9965124726295471 
Pedestrian -1.0 -1 1.0587095412875414 388.4176320943816 167.38557988517536 427.0239773665352 235.72939081450522 1.8 0.6003401733934879 0.9880191206932067 -5.391754770551718 1.456186092830285 19.178343969301896 0.7846461971614019 0.9816722273826599 
Pedestrian -1.0 -1 1.6013055563142655 469.67244892726245 166.53987900642832 491.9635164477581 234.20934591010652 1.8 0.574551385641098 0.8915397830307483 -3.4157744645055357 1.4302468107340576 19.285004773337793 1.4260029037806647 0.9425187110900879 
Pedestrian -1.0 -1 1.305422299025435 498.6593782740255 166.36870052340456 524.0835105895161 232.72442573790954 1.8 0.4741907611489296 0.9231258675456047 -2.649196227191763 1.4182479388101503 19.69222936249318 1.1716951568934577 0.8966978192329407 
