Pedestrian -1.0 -1 -0.9066914831973565 772.0924730020978 167.77896885424235 804.1018441511601 228.4836679052891 1.8 0.588640247285366 0.7767445899546146 5.350963114777146 1.6498743033694132 21.863563628008876 -0.6666662851956231 0.9999961853027344 
Car -1.0 -1 -1.5605326578978147 560.249606504038 178.23479005244414 671.4116803246895 284.54270099861606 1.5 1.598021064698696 3.53296012878418 0.05561749547155168 1.604143598875824 12.136269567653683 -1.55594993947563 0.9999923706054688 
Pedestrian -1.0 -1 2.2067103329780826 984.5865509108852 170.03617224502327 994.899083567637 205.63857685255743 1.8 0.43966383934020997 0.18592104576528073 19.286086469111922 1.6578929154133466 36.71540137450581 2.690381515022141 0.9999765157699585 
Car -1.0 -1 -1.3903607916004381 974.5490293120733 169.61502122245832 1241.0 374.0 1.5 1.6760925322771072 4.202608999609947 4.370582202554339 1.4859546251335627 5.190257742282802 -0.6904860893872125 0.9999738931655884 
Pedestrian -1.0 -1 2.598468178401761 1013.4959333850786 166.76119659543377 1031.4078265814658 218.8068370998588 1.8 0.5144193328917026 0.32349378131330014 14.366382276806785 1.589638007993265 25.212861498219443 3.11638854741655 0.999950647354126 
Car -1.0 -1 -1.190437581922932 844.7160539756682 174.22556621468212 1122.2254377911672 333.2688372467918 1.5 1.5946245312690734 3.9955081909894945 4.602025997829852 1.5205890310605852 8.737702956970276 -0.7056697765972955 0.9998561143875122 
Pedestrian -1.0 -1 1.7102918845941029 923.1243526865109 168.57974068248419 941.5863808253557 215.9614239705484 1.8 0.5589185774326324 0.7065170004963874 12.405180001359414 1.6379813869144022 27.855682055585014 2.12926172017656 0.9997909665107727 
Car -1.0 -1 2.264244741488926 0.0 184.05519902547852 50.18982494480315 327.21546979492126 1.5 1.6518166780471801 4.2574363321065904 -10.2119426803133 1.6913372183508126 10.100432886962919 1.4733568867060798 0.9984810948371887 
Car -1.0 -1 0.5615618351738767 65.31481558407768 184.89101940100255 163.46936146034741 216.3466565673356 1.5 1.5454298377037048 3.7854409337043764 -24.64183939291992 2.1134649750576338 35.90115793175416 -0.03996463219193049 0.9968340992927551 
Pedestrian -1.0 -1 1.7707150994877943 977.2314743767135 170.11453985351247 988.523065186865 205.68169348215676 1.8 0.47958358451724054 0.20567621365189553 18.951801565896186 1.6617177833119647 36.743458583751234 2.246912467475754 0.9688047170639038 
