Car -1.0 -1 1.9480275008569206 300.095118729235 181.83382874142507 390.07716537366963 225.79525034971303 1.5 1.6720802083611488 4.625818368792534 -10.147144482174838 1.8767723539225651 27.906740225431232 1.5992805838545383 0.9999994039535522 
Car -1.0 -1 -1.57894598874164 600.3906307454257 178.64201343752148 674.7454501988511 248.41953842893216 1.5 1.6287670031189918 3.384840351343155 0.5969032300339299 1.654543882225032 17.505223619207587 -1.5448606173184258 0.9999784231185913 
Car -1.0 -1 -1.014702280604002 740.2926596385772 176.82567572821986 890.1652064234145 249.02574100906546 1.5 1.6016841426491737 3.8896488517522814 4.888022947402019 1.6049319644054825 17.095964449275574 -0.7362154285099847 0.9999722242355347 
Car -1.0 -1 2.329180158739145 0.0 183.9083172300035 101.51567249758781 303.6953577756887 1.5 1.6091008231043815 4.12412793636322 -10.442487019219032 1.7083448054042054 11.494551487459365 1.5917036414106907 0.9999605417251587 
Car -1.0 -1 2.3806737502776163 155.90752739698195 183.5680593451868 251.41424505861735 216.1895002094001 1.5 1.688423801958561 4.280006003379822 -20.74280880322632 2.083500852242494 36.97533076678244 1.8694317221602024 0.9999066591262817 
Car -1.0 -1 1.8957726711317024 366.76152433767305 181.6322029055012 427.884906647394 216.50706623168898 1.5 1.569719848036766 4.012936961650849 -10.005033144451348 1.9399228902012156 34.09206840400123 1.6103165030439914 0.99988853931427 
Car -1.0 -1 -0.9223152256961474 692.9612770510579 178.15440184209373 779.5830488693286 220.034731380774 1.5 1.5315808847546577 3.4678763270378115 4.89905474423341 1.7190258143479682 28.022617401598723 -0.7492393414166315 0.9998365640640259 
Car -1.0 -1 1.8845641396144648 397.1599748021294 180.9788641578042 475.39579422691264 225.67702380609668 1.5 1.6624175503849983 4.116385293006897 -6.46077821613072 1.829381268839891 27.098706746902433 1.6505169749220432 0.9996404647827148 
Car -1.0 -1 -0.8236028113861491 672.6860191263273 178.55792938154934 750.5333804990188 212.2691328899257 1.5 1.5870264291763305 3.711785238981247 4.849424555911848 1.7872039596416527 34.4951438258493 -0.6839353005078179 0.9993904829025269 
Car -1.0 -1 1.8177632154970265 509.1766593270556 180.52897690473398 550.3366980192463 206.65237527367228 1.5 1.6387491047382354 3.8561424732208254 -4.945790831798853 1.996698805019497 44.63743431991951 1.7074141383131565 0.999220609664917 
Car -1.0 -1 2.1763030284548353 164.76083563778704 183.32942925607273 258.19161977497527 228.35614146538114 1.5 1.4749333754181861 3.1308850765228273 -14.54530627558065 1.907765088963373 26.426487715233538 1.6731479048689426 0.9989545345306396 
Car -1.0 -1 1.9376849650502799 431.29585280445207 181.21961460740462 482.11377332405135 207.65578927430548 1.5 1.6274363294243812 4.338784751296044 -9.447395969692991 2.04433789431691 44.645205963093105 1.729150760169846 0.9983338713645935 
