Car -1.0 -1 -1.0329570507938552 0.0 181.39132467073796 358.96799485605857 375.0 1.5 1.6041413441300392 3.8957013309001924 -3.5554017945864564 1.4802274028218192 5.878177854651924 -1.5769333444212121 0.9999949932098389 
Car -1.0 -1 -1.2542661880745383 303.39092603266425 181.51945840493286 399.11543587841027 237.33503566574745 1.5 1.5935684114694595 3.6361901581287386 -7.469529700080858 1.4017976301209678 21.150816962645806 -1.5937494720008714 0.9999793767929077 
Car -1.0 -1 -1.567702897479828 582.0349378491284 179.6470516466709 618.2682359630255 211.75732118352428 1.5 1.6928781315684318 3.905554723739624 -0.4049655943674846 1.2409972781346794 35.53661667883113 -1.5790981315684063 0.9999774694442749 
Car -1.0 -1 -0.8267377848401589 0.0 184.95436854305035 76.2672735406357 288.43721430000926 1.5 1.5765514716506004 4.024194043874741 -11.513601346781845 1.4973431711016287 12.430649378343256 -1.5738553584695352 0.9999656677246094 
Car -1.0 -1 -1.3937356748344805 422.45855968072897 180.23727103217018 519.4786417142391 247.87608408267545 1.5 1.659945447742939 4.221333053708077 -3.339057907576228 1.390726516157819 18.053480661162197 -1.5766226654548687 0.9999256134033203 
Car -1.0 -1 -1.4403158509654714 483.8603987547829 180.38876762471108 529.9000419729589 214.6438055827142 1.5 1.6002312794327735 4.1641274958848955 -4.677091536080046 1.2897638554686157 33.562718892586915 -1.5787779326227052 0.9999301433563232 
Car -1.0 -1 -0.9874075868260406 58.92799918532733 183.29615385274687 218.28008564241608 246.76011748214205 1.5 1.566288110613823 4.00675782263279 -12.225961965012152 1.4557618704496382 18.99903662835773 -1.5592028555136663 0.9998466968536377 
Car -1.0 -1 -0.9628959017579424 0.0 183.5198564126483 204.34050890197756 310.59668017994557 1.5 1.58018549233675 3.7503352880477907 -7.677089971615483 1.481113666797436 10.378779565872849 -1.5997665459897858 0.9981445074081421 
Car -1.0 -1 -1.3661065038102063 395.4907378935269 181.10187339772452 450.6146658615349 218.5854459797019 1.5 1.5664069473743438 3.6402857422828676 -7.832615814501745 1.3365060756849059 30.61712941092415 -1.6165596144881589 0.9981112480163574 
Car -1.0 -1 -1.1187750375094077 272.25404599124624 182.02351669637306 352.6214973082288 220.60327802041277 1.5 1.5596524372696876 3.867884960770607 -12.226915245577162 1.3770176052223395 29.925645728856697 -1.5066530043866975 0.9975161552429199 
Car -1.0 -1 -1.3816691496082512 435.2257402844813 180.90452664098243 477.93876852625414 209.19709520766438 1.5 1.6056284800171852 4.028663647174835 -8.409572632018095 1.2725638365898004 40.13614105802617 -1.588207501047526 0.9555130004882812 
Car -1.0 -1 -1.5054501123087867 523.2603016657106 180.19454883464357 556.998846356863 203.26195794733587 1.5 1.9632604464888572 5.393962052464485 -4.610982950849749 1.174621863805976 49.4641798854832 -1.5984001244094712 0.9442003965377808 
