Car -1.0 -1 -1.7059087606480487 666.266979670496 178.26251651148257 736.2100869071394 232.6300240074108 1.5 1.5932783976197242 4.034897920489311 2.681614980770174 1.6830337096693364 22.33796805870716 -1.5864331080254657 0.9999998807907104 
Car -1.0 -1 0.21568548476696844 360.9526329615926 181.28019242808517 502.43442216609424 229.12581253716377 1.5 1.609182034432888 4.281741616129875 -5.837973076043289 1.7880948715473952 23.778274579875816 -0.02506955067184993 0.9999963045120239 
Car -1.0 -1 0.3756914405127052 183.19479770522653 181.90334775491132 427.65600179934074 262.50980656200113 1.5 1.6481126219034195 4.210713368654251 -6.018447519721723 1.6928135856775457 14.480182147229959 -0.018218950429235183 0.9999902248382568 
Car -1.0 -1 -0.11330015687504294 725.0152271936662 177.9450225082523 819.3497195846569 219.1556780258771 1.5 1.5415503203868866 3.34149883389473 6.062199838720298 1.7005718146810973 27.432728902791073 0.10418872436019352 0.9999852180480957 
Car -1.0 -1 0.25358063468574765 348.77071499777463 181.3275523510029 516.2754456666488 224.56840327876287 1.5 1.8508757025003433 5.662728708982468 -6.42851080848991 1.821445040911356 26.37205152458076 0.014481349787439623 0.9999370574951172 
Car -1.0 -1 0.7675572933719155 0.0 183.95352195414912 193.8279562199817 374.0 1.5 1.6586235284805297 4.205797103047371 -6.422235501640847 1.6142498430389736 6.555767864016436 -0.007552103200231275 0.9998459815979004 
Car -1.0 -1 3.7260158128897323 0.0 183.106712282957 282.80534552158497 322.1510398810497 1.5 1.5831506371498107 4.099579763412476 -6.459539879051056 1.6381303169392119 8.802738209155613 3.092956888671738 0.9991779923439026 
Car -1.0 -1 -2.0989096105664617 786.1228300055024 172.6274604625885 1241.0 374.0 1.5 1.9956937551498413 6.191770595312119 2.9410925283325335 1.4997396627418473 5.0642575255894124 -1.5727611033387972 0.9987296462059021 
Car -1.0 -1 -2.6388278889782835 247.81783730755606 181.9451140067019 401.7449900628396 250.21579310739995 1.5 1.5319318071007728 3.0203631639480593 -6.731369202476493 1.7272533602472657 17.05450551899768 -3.0147547284748897 0.6936288475990295 
Car -1.0 -1 0.359584416221955 289.53600401556065 181.75374493576143 437.01392746001335 242.18469045830363 1.5 1.526474443078041 3.3451615393161775 -6.460572712736414 1.7443325035922304 18.96219164700957 0.031211300692285813 0.577333927154541 
