Pedestrian -1.0 -1 0.5580744188506968 747.2620838844921 146.26562744144402 852.788448701587 304.6834936347905 1.8 0.768816427141428 0.9891060672700405 2.3313546935018614 1.4127020043304683 8.652676580154658 0.8212618072840827 1.0 
Car -1.0 -1 -2.112274341753882 957.6448823085065 170.48903938643892 1065.6576065328152 217.73719114199832 1.5 1.638571035861969 3.4656627595424654 13.758085200445025 1.1837297014841206 24.19423292986389 -1.5952242678639037 0.9999988079071045 
Pedestrian -1.0 -1 0.9527144744115752 451.4220551935261 157.05119312286638 524.4781737768086 278.47931237708923 1.8 0.7310683399438858 0.9152191251516342 -1.880860606386911 1.4540668498649671 11.057998830949916 0.7842363556239265 0.9999934434890747 
Car -1.0 -1 0.9236312308948964 1096.7895527349688 168.28452723695722 1223.0 215.4244400603024 1.5 1.6164573401212692 3.944920611381531 19.160005196737973 1.1128515156398084 24.479314971770535 1.5877351641615451 0.9999810457229614 
Car -1.0 -1 -2.2573866520146746 1036.5291115618102 169.33651880264054 1155.551118965208 217.3871009200275 1.5 1.5869122490286827 3.227764976024628 16.332602289636434 1.1530623606832948 23.741824077813483 -1.6548105413701875 0.9999856948852539 
Cyclist -1.0 -1 1.4218011037760805 650.2444266830014 179.45675147523878 685.889125573624 239.1607039533818 1.4 0.6337283670902252 1.619836364686489 1.4950256204643584 1.377142063902755 17.40298233778832 1.507496996721949 0.9999786615371704 
Pedestrian -1.0 -1 1.9296642690911978 236.48620493955576 170.74515732253005 272.7406176634156 231.34259765489148 1.8 0.6701362811028957 1.0381804339587688 -10.699120356185874 1.5118038640314366 21.547880349161545 1.468798323473658 0.999981164932251 
Pedestrian -1.0 -1 0.9698034485271997 443.48182205959057 158.15110047410366 520.4676074103645 273.67269327201024 1.8 0.7647006332874298 1.0953245244920253 -2.0834314374491507 1.4534277786912868 11.670413431896407 0.793142004809107 0.9999653100967407 
Pedestrian -1.0 -1 0.6590479905412838 555.0915798044882 150.4004201833797 658.7595645696167 300.432000232198 1.8 0.7402299463748931 1.1165624044835567 -0.02725472846647517 1.440561964810137 9.11165520617296 0.656056805453028 0.9999998807907104 
Pedestrian -1.0 -1 0.6278354795849335 591.5293523411965 151.4909780050779 679.43085598676 293.29820723918095 1.8 0.5933452889323234 1.0302542269229888 0.3573178755565506 1.4334564270945063 9.521197158753747 0.6653465469691413 0.9999407529830933 
Pedestrian -1.0 -1 0.501988019306246 780.9584640441246 147.51963346178525 882.7588955042821 296.37880075208983 1.8 0.7023897513747215 1.0491216115653514 2.8843286545697007 1.4028827974685414 9.166374428180383 0.8068432052943366 0.9999648332595825 
Pedestrian -1.0 -1 0.9018968956848721 426.0753835633072 160.64800556494828 497.59006495618826 263.4279680440351 1.8 0.7757158510386943 1.0998068869113922 -2.6854559454207774 1.453973670074341 13.028344898496199 0.6986197670313972 0.9998853206634521 
Car -1.0 -1 -1.5889378068521036 605.5343981181226 176.1089070444747 636.5243531636391 206.2345529926862 1.5 1.5430329859256744 3.4906922399997713 0.7890093702315668 1.2827922434023256 36.94785285231871 -1.567586377556671 0.9997568726539612 
Pedestrian -1.0 -1 0.9147100594439463 449.2075775453741 160.89089803793755 511.1540102585322 260.9203282704299 1.8 0.7510260239243507 0.9047898024320602 -2.39314762824774 1.4487812830852587 13.300239672804285 0.7366823395106452 0.9995543360710144 
Pedestrian -1.0 -1 -1.3713058609631512 193.74547390402148 174.49053560016495 213.28923546556103 217.3078172840844 1.8 0.6266961365938186 0.5545216172933578 -17.09945905783462 1.5488499314690116 30.079947205481876 -1.8882166008141381 0.9992092847824097 
Pedestrian -1.0 -1 1.8851073227805804 255.9205883497111 173.28603530275967 279.95555751236253 218.22532973191926 1.8 0.6610651992261409 0.8266875080764293 -13.732017947943582 1.5125471407475324 28.76818489756033 1.4397567947718757 0.9991540908813477 
Pedestrian -1.0 -1 0.6111529514405005 629.0881323986829 151.88234743027098 719.8009358785815 288.3141889012918 1.8 0.6353391826152801 1.1014250598847866 0.9201124089465542 1.424108826010736 9.921930853084495 0.7036236961695808 0.9989137649536133 
Pedestrian -1.0 -1 0.8239504234387801 503.6034402690799 158.17975182149578 582.0357806110982 268.78408781600444 1.8 0.7844551026821136 1.1311948791146278 -1.120276001337612 1.4384078669866716 12.171502411769184 0.7321681221339361 0.9967558979988098 
Pedestrian -1.0 -1 1.8590720573012371 238.77251822967082 173.48315258292246 262.51832972085276 218.58873378185964 1.8 0.6534060023725032 0.8305025778710842 -14.390041980632311 1.5214795919612152 28.677031281254884 1.393988056978907 0.9932432770729065 
Pedestrian -1.0 -1 1.0588631087857785 469.7128490191757 160.72355780026896 536.0011015113072 259.88035886422347 1.8 0.79636802226305 1.1396543614566326 -2.0070782762314345 1.4426371549198684 13.52445010388375 0.9115347107264655 0.8937233686447144 
