Pedestrian -1.0 -1 0.0009412452318311171 499.26822111443965 171.14634483825927 520.7087127061554 229.52201395978966 1.8 0.6265986271202564 0.6562432765960693 -3.1790293827214757 1.7477026622299867 22.601382637639958 -0.13879843155411312 0.9999988079071045 
Car -1.0 -1 -1.6119099469662541 598.0421800442043 178.6537259326438 673.2695343028804 250.58665032145495 1.5 1.599060420691967 3.3505531519651415 0.47280961661336723 1.6505836002693834 17.000912949601208 -1.5841062768038852 0.9999983310699463 
Car -1.0 -1 -1.6614225309210842 667.1579062106185 178.53656019974787 722.7132744203298 219.68929261706703 1.5 1.8127263084053993 4.468280684947968 3.3056348389314874 1.7478853356236388 29.173122409811885 -1.5485928049918753 0.9999871253967285 
Car -1.0 -1 -1.487599615687471 583.6629850407065 179.43323711452948 630.3981877944772 220.17590054400466 1.5 1.5822163343429565 3.7018614381551744 -0.10407860422649777 1.7829961460842807 29.085908599540748 -1.4911779175188882 0.9999809265136719 
Car -1.0 -1 -2.3406341606471646 509.3682909854591 180.5157146533249 566.2183891946174 206.1156885309408 1.5 1.55649823397398 3.461057183146477 -4.557269978770415 1.9964742335889043 45.00864007819651 -2.4415434757855277 0.9998321533203125 
Car -1.0 -1 1.9370687224010592 295.09452605152046 182.1555513951145 370.93539966185807 221.95525239126195 1.5 1.643625509738922 3.951936823129654 -11.490691644055822 1.9138128534011782 30.09248434409039 1.5723097205122532 0.9997394680976868 
Car -1.0 -1 1.8675210366309365 400.72020312573954 181.59554771384506 445.8301781537849 208.0607486327067 1.5 1.5798986449837684 3.997769069671631 -11.427836925563291 2.061303797573384 44.2666586197109 1.6148781657179416 0.9995054006576538 
Car -1.0 -1 -2.491033425608147 450.8936359215102 180.72483777248746 538.4926376290363 217.93247719295968 1.5 1.550808784365654 3.524717923998833 -5.042519286644572 1.8576884769668578 31.240374003349572 -2.6510635177281245 0.9984269142150879 
Cyclist -1.0 -1 -3.3603946625228382 801.0460874625455 180.5141208501421 876.3965483160089 230.41261540717954 1.4 0.7749069042503833 1.9531071677803993 6.539954235800654 1.6267654004875889 20.854458086502888 -3.0565081397679195 0.9978073239326477 
Car -1.0 -1 -2.2953189943694454 482.21165298236997 180.561957153681 555.0797782761658 211.45310709550756 1.5 1.5933309242129325 3.9176809161901476 -4.866031013670262 1.9250701184408745 37.86524325878309 -2.4231276671078548 0.9945013523101807 
