Pedestrian -1.0 -1 -0.9984069497187378 674.7189558254117 168.39595868843742 693.5853851303983 210.31429158996553 1.8 0.6396937675774097 0.5133563213050365 3.4231992935826616 1.2817211834815176 30.757151835032722 -0.8875654498722894 0.9999754428863525 
Pedestrian -1.0 -1 -1.1485065759508462 678.6351291508137 168.26981497329305 697.4966534521584 210.63517863953084 1.8 0.6634024463593959 0.49063288867473603 3.553594540941541 1.2818489939124815 30.416530157537743 -1.0322027961399896 0.9999545812606812 
Pedestrian -1.0 -1 -0.8768840503187854 882.0366165123108 157.42566192235353 921.263451655931 245.66605071193638 1.8 0.6625475853681564 0.3867192219942808 6.1651931090455045 1.3309360673819588 14.801159821506648 -0.48220558563736504 0.9999207258224487 
Pedestrian -1.0 -1 -1.220058720841641 695.9329178331402 153.88931765578184 757.2284296623616 274.86015623355223 1.8 0.6682265110313892 0.9399163097143173 1.8722108525328929 1.4057050352085083 11.08938181471925 -1.0528067509320123 0.9999196529388428 
Pedestrian -1.0 -1 1.7850121312710832 677.8227542974156 167.2336749192549 701.7122451510565 215.25180539585338 1.8 0.7518379509449005 0.8120932176709175 3.217352627383507 1.3042131403808566 27.005931974820744 1.9035882830580295 0.9998918771743774 
Pedestrian -1.0 -1 -1.0680419387986604 702.0377999051437 154.61085002297796 757.1624379266582 271.4433990743622 1.8 0.5054492063820362 0.9026108801364898 1.9715588255571725 1.402792897036363 11.39863791356485 -0.896772042908941 0.9998886585235596 
Pedestrian -1.0 -1 -0.8511204832655916 880.6043746603152 157.27412173190848 918.0826060025847 246.6176243466655 1.8 0.6120871312916278 0.3847892887890339 6.033335990080023 1.3336962034743682 14.599529943604466 -0.4592394391682489 0.9997993111610413 
Pedestrian -1.0 -1 -1.2012192420363117 693.1734819264092 168.0270342214038 712.3999887228864 210.67608209204784 1.8 0.6725637733936309 0.519000881165266 4.160706527770902 1.2750606883929116 30.226019327707057 -1.064425782361303 0.9996170997619629 
Pedestrian -1.0 -1 -1.2766175037444163 698.5844429578436 167.95441701898574 717.9856546833668 210.54514189531142 1.8 0.6501106105744838 0.6973789565265178 4.412774922016562 1.271270434639767 30.330583237726703 -1.132141904034887 0.9994893074035645 
Cyclist -1.0 -1 -1.821084107451366 841.9447180413102 178.6440994589446 891.6252465479271 270.9382771105913 1.4 0.36683725453913213 1.5938930705189704 4.197344423079294 1.3735079946504678 11.531322855103168 -1.4719963456180436 0.9995030164718628 
Cyclist -1.0 -1 -1.876655468309698 831.981075945107 178.7353972623836 893.9386970073471 272.38174002054717 1.4 0.42383820079267026 1.7489796996116638 4.09397478372245 1.3752808190450407 11.447148719670338 -1.533189413198505 0.9975072741508484 
Pedestrian -1.0 -1 2.6637019830973037 716.3184028258291 167.31858229951712 745.7846893197357 211.86158695203622 1.8 0.608336229622364 1.0250917196273803 5.147125679595528 1.2688269953627578 29.01012060180936 2.839299786086899 0.9943616390228271 
Cyclist -1.0 -1 -1.29521326789232 494.4455296778946 180.59519562574778 527.2458870801581 224.7623501081448 1.4 0.5887977339327335 1.881362546980381 -3.1240196579307415 1.4048125321533567 23.38380337003193 -1.428024427094732 0.9899028539657593 
Pedestrian -1.0 -1 -1.3655844359616927 666.2770079312508 168.42136695293144 683.3851522699304 210.8955898875714 1.8 0.6189191274344921 0.6168244898319244 2.978952738231476 1.2896040672270888 30.34552492711528 -1.267730192342077 0.9767696261405945 
Pedestrian -1.0 -1 2.8695254781693507 705.0443825270521 167.84689003359568 729.294654623037 210.50930011195376 1.8 0.5913937024772167 0.8953499168157577 4.761999816150474 1.2676250636897897 30.171968658969828 3.026062834258896 0.9583249092102051 
Pedestrian -1.0 -1 2.415819771757293 706.2432620933562 167.57747689585696 737.3232063654327 211.19403610551512 1.8 0.5980007842183113 1.1948932453989982 4.893547984575151 1.2681913828453015 29.745674119753716 2.5788721919020237 0.8868155479431152 
