Car -1.0 -1 -1.152612816803681 201.6348143439679 182.0138382210992 343.7254940537182 253.5425661831177 1.5 1.5651239573955535 3.960288551449776 -7.8036748286608235 1.433986275454492 17.059567770455498 -1.5816339860346658 0.9999997615814209 
Car -1.0 -1 -1.4104843420373454 434.61464817405624 180.25902721244276 520.5629137220484 243.86146038495428 1.5 1.5984340131282806 4.0353747576475145 -3.3610875267570965 1.3842330394733462 18.979143897777544 -1.5857608058166248 0.999998927116394 
Car -1.0 -1 -0.850337109432864 0.0 181.73558692116015 312.05901216177864 375.0 1.5 1.632372711598873 4.113985833525658 -3.1802926663379316 1.4937756466021772 3.5776135551477735 -1.5770093864437682 0.9999940395355225 
Car -1.0 -1 -1.5547868682448769 556.837850378512 179.6036234658159 608.3434850897171 225.5960340129965 1.5 1.6801774993538856 3.874485430121422 -0.8998932566611597 1.3180985493090527 25.3942304816882 -1.5902089635517938 0.9999929666519165 
Car -1.0 -1 -0.8469354483094131 0.0 184.6354017821208 97.06246616383564 274.11976982112066 1.5 1.5584143370389938 3.9252771556377413 -12.191318745480183 1.4914038479162823 14.014953453421036 -1.5628578924250347 0.9999321699142456 
Car -1.0 -1 -1.3152948332223073 366.33613700973433 181.2676220718365 431.4181230036491 221.1128026638426 1.5 1.5946761265397071 3.866878014802933 -8.379746140724926 1.3525030665525277 29.01134506968095 -1.5964853866633517 0.9999188184738159 
Car -1.0 -1 -1.4327089897110228 521.0220115987364 180.24601779551284 556.0743204107046 205.36026965484834 1.5 1.6391102716326713 4.084955763816834 -4.309177747070368 1.2043068682835765 45.00691639483957 -1.528162811943565 0.9997753500938416 
Car -1.0 -1 -1.27739754168242 330.8478822174561 181.7100281377106 386.103805870478 212.46873832548576 1.5 1.6036315381526947 4.002749037742615 -12.813786439690006 1.3301713138726465 37.08376552930138 -1.6100902530041081 0.9995766282081604 
Car -1.0 -1 -1.4468698631172674 490.47984590881407 180.36154969662832 535.660997449371 215.51324781880754 1.5 1.585983906686306 3.6607889950275423 -4.258983168374861 1.2939940287178366 32.506774940365624 -1.5771461367283506 0.9995205402374268 
Car -1.0 -1 -0.9748281850940652 177.74248493172567 182.6170596012 289.3445108027395 231.20937829406594 1.5 1.5399834632873535 3.631219503283501 -12.445847355373537 1.4209136110350218 24.080792019345857 -1.451854587593351 0.9973289966583252 
