Car -1.0 -1 -1.5495900361204558 712.9572005490412 177.0542783024691 810.7945953130999 264.79476150061276 1.5 1.691700567305088 4.382053625583649 3.1124012547842255 1.6005338701750556 14.880514036854727 -1.343402952947889 0.9999979734420776 
Car -1.0 -1 -1.4684634674755808 613.5312346664075 178.7247876338742 678.8768682562936 234.07727986300253 1.5 1.6029155373573303 3.835953262448311 1.137684908251078 1.6957763592614907 21.996572593299323 -1.416788504519735 0.999995231628418 
Car -1.0 -1 -1.1481888727933502 365.7205365324332 180.06512326245382 518.5722958599413 259.3932751152982 1.5 1.6646689295768737 4.498347130417824 -3.660078203076258 1.6884117151569984 16.442730984749396 -1.3672135184195382 0.9999926090240479 
Car -1.0 -1 -1.9721953946598954 1012.8067498667779 173.95140688220155 1218.2822842092232 264.25870209712104 1.5 1.6841479137539863 4.457848754525185 9.697088116986565 1.525816372298494 14.387555975090514 -1.3791389922287804 0.9999923706054688 
Car -1.0 -1 -0.9914818560985648 228.97413007589117 181.24473170625188 408.96995428098586 256.56667281227413 1.5 1.6871143624186515 4.722517591714859 -6.803416685405766 1.7316664162012791 17.40388739883691 -1.364130691685949 0.9999914169311523 
Car -1.0 -1 -0.8053157312765025 32.82694062100511 183.14366472729716 234.69508232298844 252.33610990999318 1.5 1.6524142146110534 4.578117144107819 -12.139121014940491 1.8021969274113354 18.75865883721099 -1.3796643475678307 0.9999325275421143 
Car -1.0 -1 -0.6898967429347322 0.0 184.81218361620986 89.23681740755008 247.84162994824484 1.5 1.5577590584754943 3.626372900605202 -16.636207539746422 1.8608369523823631 19.823471003893193 -1.3880977193501336 0.9998809099197388 
Car -1.0 -1 1.467924482270797 850.0416049683066 176.91139112009614 900.2530655091025 205.92820749149345 1.5 2.0604109883308412 6.201609086990357 15.090898934628648 1.751870534082213 41.466144998599276 1.8169574618300022 0.9998592138290405 
Car -1.0 -1 -2.0474643533936474 1127.8349613651678 172.71273089856226 1241.0 263.78390504276416 1.5 1.6911486655473709 4.472412031888962 12.19284945698476 1.4980310711094418 14.251849093401809 -1.3397700051453454 0.9996858835220337 
Car -1.0 -1 -1.565112914128463 797.6159756571094 177.36057492853135 839.7903529690049 214.8071478379585 1.5 1.6671089947223663 4.337573659420014 9.152919880761546 1.713288462086888 31.7732389142745 -1.2846366027977807 0.999381422996521 
