Car -1.0 -1 -1.4217410923645593 443.6174032870914 180.24715741404134 523.5333082953676 240.41187020920603 1.5 1.5913889303803443 4.071713101863861 -3.380529858378243 1.377257724241705 19.968758513090535 -1.5894420231368882 0.9999990463256836 
Car -1.0 -1 -1.1654522603766533 230.83942185410078 181.8736615175067 359.545834450697 247.84752679305475 1.5 1.5566962331533432 3.964785721898079 -7.837080914361094 1.4251457169932875 18.323643565378692 -1.5696103092657891 0.9999977350234985 
Car -1.0 -1 -1.5547564062649954 559.6136350033183 179.57352269711697 611.376303215559 226.05451574356275 1.5 1.6707929342985153 3.862607714533806 -0.7897555017207145 1.3190510975889218 25.13851840250086 -1.5861622281980259 0.9999922513961792 
Car -1.0 -1 -1.2984903520844864 378.693105911164 181.19244012656168 441.77260180092935 218.90843670513476 1.5 1.586250264942646 3.925124791264534 -8.346248768710618 1.3411224967025452 30.552790118944642 -1.5651587900382025 0.9999849796295166 
Car -1.0 -1 -1.4734033668160784 523.3449635297294 180.2558337394776 555.1720862799586 204.70319035482086 1.5 1.6503287971019744 4.029667612910271 -4.374214110885899 1.19681211894769 46.11974681422401 -1.5679652116403473 0.9999504089355469 
Car -1.0 -1 -0.8504060627096817 0.0 184.23623030910576 133.75332704657134 265.7847117775762 1.5 1.562337626516819 4.003670674562454 -12.269187927700935 1.4831148859633623 15.252373998408876 -1.5278312760081632 0.999813973903656 
Car -1.0 -1 -0.9849891429474311 0.0 180.97491099960845 369.1158204724507 375.0 1.5 1.7192326977849006 4.293436419963837 -3.259549919784661 1.4847834986557225 4.914156219761725 -1.570655955047931 0.9997467398643494 
Car -1.0 -1 -1.2918536704276664 344.570029993243 181.62282568910024 396.330556251903 210.91300100657946 1.5 1.606043291091919 4.042308640480042 -12.785507794495755 1.317134034230721 38.86092847368048 -1.6097052591529233 0.9996044039726257 
Car -1.0 -1 -1.4612219817114145 494.89335081723965 180.34215669921537 537.7365446861114 214.404344447804 1.5 1.5854821100831031 3.7227461606264116 -4.243008568225924 1.2865145450311 33.52661197701616 -1.5871091737088305 0.9991841912269592 
Car -1.0 -1 -1.0934066931024586 205.97833556722964 182.4866852585545 300.3855717831003 228.35248054511453 1.5 1.531747405230999 3.513159838318825 -12.396255313005723 1.411881245918857 25.278375984178584 -1.5493365498867375 0.9985567927360535 
