Car -1.0 -1 3.439473261903937 305.91079686799895 182.00284383479038 428.27139864401397 227.08262338620048 1.5 1.5911555409431457 3.748001766204834 -8.454952413974713 1.8305229969188384 25.192359935570117 3.115669953819138 0.9999889135360718 
Car -1.0 -1 3.6893387023527033 33.28468567306761 183.37142778738655 272.8300868656725 268.7429453967245 1.5 1.5657909706234932 3.543241557478905 -8.581957268463723 1.7115152198403007 13.67836758704572 3.1290075659712375 0.9999629259109497 
Car -1.0 -1 3.2692187680621556 428.7019584671562 181.34923331821182 499.3057432042674 208.86053344174113 1.5 1.5535701557993888 3.747732800245285 -8.2481855458053 1.991564968560153 40.808434865277874 3.0697859406431736 0.999953031539917 
Car -1.0 -1 3.498554955623802 253.51927663705962 182.25058998500572 404.9906229660628 233.9397745794738 1.5 1.6504114985466003 3.9993836104869844 -8.555246582079429 1.799208831755195 22.09512358601149 3.1291309475859226 0.9999377727508545 
Car -1.0 -1 3.327625076295627 394.33922325857543 181.56942907481422 475.6591701585229 213.17268349729494 1.5 1.5845224753022193 3.672618654370308 -8.627705540894077 1.9413271618987096 35.61852711127462 3.0899771332701267 0.9999167919158936 
Car -1.0 -1 0.3994415684605732 197.0102474014096 182.54477451578032 370.8928392124151 242.5730067315832 1.5 1.59527478069067 3.8909705847501757 -8.597229082682128 1.7687700278542144 19.14057167238272 -0.022715763249669754 0.9998570680618286 
Car -1.0 -1 3.578407121693036 142.97025919088287 182.86425642397808 324.90593991134807 252.31660257410365 1.5 1.5410192802548408 3.394102540612221 -8.629524827447975 1.7432063064423051 16.66221578129725 3.100534546371323 0.9998457431793213 
Car -1.0 -1 3.925817433548016 0.0 185.05586118617055 86.84210490481138 334.5038340486765 1.5 1.6112640991806984 3.783552211523056 -8.499267425119173 1.6535481701414536 8.21616405698229 3.123484241958481 0.9998059868812561 
Car -1.0 -1 3.3469400343700206 409.589549960306 181.49311506510114 485.3641870648345 211.02643218541309 1.5 1.6172772765159606 3.6380863308906557 -8.546312729842473 1.9650669498651918 37.972009003499885 3.1255601525267185 0.999765932559967 
Car -1.0 -1 -2.8127363835067367 339.4162866700565 181.91053228698576 439.97071008658884 220.37488269686537 1.5 1.5535353243350982 3.6064936339855196 -8.958435545443365 1.879445375527462 29.36393875559913 -3.108849839368139 0.9991000890731812 
Car -1.0 -1 2.9847213242083157 445.2376137045309 181.1813540147213 511.23727666731435 206.23098667881692 1.5 1.5983559682965278 3.894815456867218 -8.352740040661121 2.0420722436406646 45.534853012429856 2.80330203771196 0.9989684820175171 
Car -1.0 -1 -2.8413908558245424 364.5533965850881 181.8008650169714 450.8546979446493 216.5415822042939 1.5 1.5761547282338142 3.4211216986179354 -9.084443636785839 1.9126623451334437 32.414487681247614 -3.114639476933752 0.9976957440376282 
