Car -1.0 -1 -1.7192956753168827 639.3639718547965 178.89817466837948 690.3787772982163 218.0534944475593 1.5 1.5463212996721267 4.011765357851982 2.197035145037503 1.7717227916137355 30.333183804132343 -1.6469918499377114 0.9999990463256836 
Car -1.0 -1 -1.7392874523413864 664.1861722322755 177.92665149906992 756.771730673096 247.8095836858906 1.5 1.5873075023293495 3.912947562336922 2.301094184312444 1.6391969086700737 17.75944105963807 -1.6104351366546494 0.9999974966049194 
Car -1.0 -1 -1.2126999822816449 167.91445995540244 179.98506218927963 429.21733234626055 341.952687341584 1.5 1.5699454143643379 3.9406130582094194 -3.5116470490269807 1.6073761080117426 8.839976325092415 -1.5908301463958365 0.9999880790710449 
Car -1.0 -1 -0.9893369496424194 0.0 178.79774541628623 382.1323283907316 374.0 1.5 1.5675941973924636 4.037142035365105 -2.8147751137269688 1.5520509202166501 4.251297079541629 -1.5741699278031034 0.9999856948852539 
Car -1.0 -1 -1.5041260096517077 541.396995274215 180.31865966071726 570.3132698809413 205.8524581460409 1.5 1.5779702484607696 3.4850238382816316 -3.3859741678150637 1.9856394869705234 45.15593334046463 -1.5789699834447843 0.9998206496238708 
Car -1.0 -1 -2.4437883390834396 915.917176788195 4.843897154864432 1241.0 374.0 1.5 1.560537938773632 3.9391043156385424 2.4545084947606366 1.473752455214204 2.0862220840299286 -1.5774600259636087 0.9997498393058777 
Car -1.0 -1 -1.5921199156094015 626.283484268298 179.46747368413887 652.5010053257627 204.03256646117427 1.5 1.6191589206457138 4.0324973434209825 1.8540825120956619 1.9514337351977575 47.17972330272514 -1.5528418357160432 0.9995972514152527 
Car -1.0 -1 -1.5063663051855931 516.0642810988794 180.18016734630882 559.5279702592688 217.95063462116488 1.5 1.6356442615389823 3.8525527834892275 -3.120651905652119 1.8386710191363071 31.363444292485692 -1.6055395426836354 0.9992372989654541 
Pedestrian -1.0 -1 -1.0194226875540073 258.81389073443535 162.4019804926345 289.37863142508735 283.7693746812271 1.8 0.31232573352754117 0.2893378984183073 -5.1073646708221325 1.645343952676191 10.859563760431598 -1.459037699797426 0.9990376234054565 
Pedestrian -1.0 -1 -1.0259087103587297 164.16041594373905 155.92629677052034 240.1506635925688 318.5564899878682 1.8 0.6296203032135963 0.41234884671866895 -4.679623078861715 1.6130011255513357 8.197617112524549 -1.5446197903391463 0.9962809681892395 
Pedestrian -1.0 -1 -1.163059305962782 262.74605513899826 161.87443472792322 299.96394013198943 286.0076667974534 1.8 0.37568616941571237 0.39537125527858735 -4.9056844429783135 1.6411481475309688 10.661990614187474 -1.5942885177817685 0.9916290044784546 
Pedestrian -1.0 -1 -1.0434253109384397 173.2344118596123 156.63220168942553 232.32620793063592 315.0516522482541 1.8 0.47405297197401525 0.3759848911315203 -4.78136604839007 1.6160418984834575 8.38569673819598 -1.561630541519497 0.7284640073776245 
Pedestrian -1.0 -1 -0.893370209535379 220.9523533284762 162.10438868432925 264.219070698665 287.5365624915735 1.8 0.398326388373971 0.4087416481226683 -5.443468681359571 1.6460968088710972 10.591879097734775 -1.368098438778196 0.6455740332603455 
