Car -1.0 -1 -1.5471159300700936 491.43916891572286 179.4949509006475 570.1573720380799 250.81730645960667 1.5 1.698572051525116 4.276057568192482 -1.947345724664844 1.6843469347073403 17.78496329083847 -1.6561754206803185 1.0 
Car -1.0 -1 -1.177114668034591 160.6232441378312 182.08327940030918 314.0020141246354 256.9671105756469 1.5 1.645073902606964 4.493583229184151 -8.751806551735402 1.7513665549312343 17.31932290643448 -1.6450095037606103 0.9999998807907104 
Car -1.0 -1 -1.491970351343145 405.86146443316886 180.84517502153108 465.9007511245126 231.39239897557917 1.5 1.639908042550087 4.075699907541275 -5.802908682959041 1.7924096527698592 24.226515884173548 -1.7270682016995293 0.9999995231628418 
Car -1.0 -1 -1.8824925122770537 732.9149186691335 177.21256543020831 848.1191385000745 242.61870061574433 1.5 1.6548002630472183 4.370168831944466 4.558681828451077 1.6292121847984995 19.08600791702392 -1.6480357358839852 0.9999988079071045 
Car -1.0 -1 -2.076047021802838 891.7693164496086 175.6090782616329 1040.0257741525572 237.75647453686335 1.5 1.6973762333393096 4.423992943763733 9.532662796641358 1.5848583185293859 19.869983482270193 -1.6287286887553079 0.9999891519546509 
Car -1.0 -1 -1.9535992674655984 813.5094581312577 176.4530367447619 938.2589353394163 238.91622959858415 1.5 1.6577808678150177 4.383231189846993 7.064415163955965 1.6102413480844158 19.803671009991408 -1.610948176183973 0.9999797344207764 
Car -1.0 -1 -0.9766907310663775 4.0439220867213415 183.36960632522477 199.97968349030216 258.04157420144577 1.5 1.6299091771245002 4.42082793712616 -11.953976141445256 1.7853527566377208 17.334287747378752 -1.5804124996673805 0.9999765157699585 
Car -1.0 -1 1.4773444752995522 621.74898732658 179.28262727263885 662.5478640899591 205.24098767812617 1.5 2.025679920613766 6.323659282922745 1.952285277614305 1.943194998109902 46.49076967945336 1.5193127830836433 0.9999719858169556 
Car -1.0 -1 -1.5294525079449297 571.749040431561 179.71505503707243 609.7862020033376 212.9512877542507 1.5 1.700753954052925 4.392185670137406 -0.9316855539473985 1.860685354171523 35.682043743464355 -1.5555573441695911 0.9999659061431885 
Car -1.0 -1 -0.8395380564451643 973.8008864642602 173.18951932601726 1241.0 267.05609862044827 1.5 2.141343851387501 6.57452107667923 10.255509232818854 1.5072465746118153 13.175374540445313 -0.17811687389877864 0.9998565912246704 
