Pedestrian -1.0 -1 1.2756058669986452 599.1040603585196 157.49198752397834 646.2140622664423 266.2010266821115 1.8 0.582235262542963 0.865825966745615 0.24892008333329466 1.4206849967692101 12.19797754392393 1.2960097034785407 0.9999998807907104 
Pedestrian -1.0 -1 -1.0131662404470245 686.6857567233814 165.17345907922953 714.5787738142246 224.17305622890248 1.8 0.548334189504385 0.7500384494662284 2.9507574689019043 1.3339660136009142 22.029890565243733 -0.8800153891232354 0.9999996423721313 
Pedestrian -1.0 -1 0.5040928170616494 266.7065882109948 161.37708245208296 324.929983102183 272.78928439310954 1.8 0.5994978852570056 0.6832638315856456 -5.173234541143552 1.4926993626768439 11.747275298229207 0.08926980098220282 0.9999972581863403 
Pedestrian -1.0 -1 1.2535928163708918 611.205464760484 162.30099018820718 646.732777319747 243.01630551054294 1.8 0.5507057093083858 0.9360121123492717 0.5037631634031432 1.395763974560685 16.289358645146123 1.2845088680598395 0.9999970197677612 
Pedestrian -1.0 -1 1.3454954521109295 552.0175614559521 160.94801241608067 594.5528316602976 253.59420305033154 1.8 0.6568918496370315 0.9601512484252452 -0.6940242265602813 1.4217610489559205 14.283117855028301 1.2969431122157233 0.9999885559082031 
Pedestrian -1.0 -1 1.2824690827551912 545.0697934052797 161.38735206217535 590.3347939581005 251.94560764752924 1.8 0.6980741888284683 0.9184447608888149 -0.821925905812217 1.421732314904397 14.598963028625251 1.2262281616542 0.999985933303833 
Pedestrian -1.0 -1 1.3932622510045023 473.55368990948284 162.04017857619812 509.488264682162 254.71559805130605 1.8 0.565069031715393 0.8773659847676754 -2.3356367521348123 1.4430936313497846 14.23558404747002 1.2306408127162116 0.9999831914901733 
Pedestrian -1.0 -1 0.594234162261324 991.916639976535 110.52684708109898 1211.591997108761 369.0 1.8 0.6176314808428287 0.9045612558722496 2.9258450949044112 1.4280714711601727 4.305151007526943 1.191147490343775 0.9999775886535645 
Pedestrian -1.0 -1 0.7227886772502898 946.5594828717959 127.08163580704574 1102.9159347094333 369.0 1.8 0.5732144720852375 0.9146157212555408 3.242653162625083 1.4170957635310804 5.610588138285689 1.2468389709803718 0.9999253749847412 
Car -1.0 -1 -1.1824720053371254 0.0 181.30731800730624 283.2770286422024 369.0 1.5 1.963827994465828 5.259768900275231 -3.1567791561915666 1.509176420424262 3.7393448019730684 -1.8835930089142663 0.9998869895935059 
Pedestrian -1.0 -1 1.318734043875269 474.2221897240305 162.95474559913265 510.83746033670224 250.31908180048418 1.8 0.57991738691926 0.8260287836194038 -2.4436259624452323 1.4401326156019998 15.057280572052761 1.157848044237818 0.9997387528419495 
Pedestrian -1.0 -1 1.3279316796636809 509.3093776911152 163.22738184308938 542.7095400945911 246.50693358631602 1.8 0.5611682802438736 0.7997866280376911 -1.80663812034379 1.4282878671005983 15.749890168707381 1.2137228687617438 0.9997040629386902 
Pedestrian -1.0 -1 0.5483268069520099 1027.0517911664374 115.5651099439377 1223.0 369.0 1.8 0.6947535581886768 0.8140626855194568 3.347598473207938 1.4208175511245875 4.652499117347882 1.1720382412287849 0.9996358156204224 
Pedestrian -1.0 -1 0.5408326366838738 966.203428719686 107.65420735089299 1177.7279938139013 369.0 1.8 0.6254508651793003 0.8135068722069263 2.6045715692470255 1.4334244007418555 4.073212874984739 1.1097478111598151 0.9993677735328674 
Pedestrian -1.0 -1 1.3568731589726202 629.5065572289947 157.3365727446842 672.5010136025618 264.8240375842575 1.8 0.5729336783289909 0.8612887494266033 0.7448479809007742 1.413751553504665 12.304738046563523 1.4173328121516364 0.9990948438644409 
Pedestrian -1.0 -1 0.775296899589069 984.203911432704 128.10225389843532 1137.4800846745372 369.0 1.8 0.5753764443099498 0.9049260549247264 3.6299652648961684 1.4112768080878393 5.770327319243838 1.3368207653376716 0.9980425834655762 
Pedestrian -1.0 -1 1.5431261098211526 445.2405175760316 162.2877517085764 474.36328190121486 255.97755762989732 1.8 0.5398160338401794 0.8798666790127754 -2.940020665684005 1.4517333984902439 14.069562019587956 1.337127133211817 0.997663140296936 
Pedestrian -1.0 -1 1.2866183884300346 566.6825428258028 161.37571213877237 609.5480603019175 250.43631955202537 1.8 0.6527786634862422 0.9623308226466178 -0.40660418155527994 1.4151064913089626 14.84321527220702 1.259231968722071 0.9968114495277405 
Pedestrian -1.0 -1 1.2673497402060685 509.5180951556646 163.71670481544476 546.650754973028 243.9779056302286 1.8 0.6124306961894035 0.8992027051746845 -1.8298853081473694 1.4252167804730635 16.38672214562803 1.1561416824671882 0.9944180250167847 
Pedestrian -1.0 -1 1.1159877946323808 619.6898253990922 162.27391063558008 658.8472616234982 242.35049404773503 1.8 0.557518333941698 0.9228108942508697 0.7484281229373567 1.3919168334551901 16.422641802303385 1.1615292270991462 0.9922242164611816 
Pedestrian -1.0 -1 0.6920297209244284 898.0760727745105 122.18263246545358 1072.0392260238118 369.0 1.8 0.6301764890551567 0.9031598947942256 2.636628538811473 1.4277513696640316 5.067570149715316 1.1717807491633552 0.9911512732505798 
Pedestrian -1.0 -1 1.2129541664171632 516.6398656059491 162.77293912232776 555.0310528534812 247.87904446976194 1.8 0.5778481744229793 0.8324383318424224 -1.5588981905434551 1.4266918625736196 15.450263090420355 1.1123966415736335 0.9895081520080566 
Pedestrian -1.0 -1 1.0832983462904928 484.8846945303845 163.9932272100972 529.3215063743907 244.21914888486234 1.8 0.6382545948028564 0.9775295414030551 -2.322833824360543 1.4312554294975852 16.441839916774935 0.9429513653132574 0.9571250081062317 
Pedestrian -1.0 -1 1.3259992316076017 602.2323092135869 162.0651244863143 639.2594214133401 244.79772452274625 1.8 0.6371739812195301 0.866630070656538 0.3045453519870122 1.4005317642969684 15.87178077577763 1.3451847275111335 0.7542738318443298 
Pedestrian -1.0 -1 0.6753910084637373 942.8378852288562 118.54247410239607 1143.8540640568347 369.0 1.8 0.6716898202896118 0.9660291045904159 2.9145792324204365 1.4252771657686818 4.860595056001671 1.2155415256831306 0.7475634217262268 
Pedestrian -1.0 -1 1.3348066933025995 534.3505939002488 162.44811186963875 573.5431588659882 247.99955552727184 1.8 0.6502178058028221 0.9275843881070613 -1.1631338273907748 1.4218099254150207 15.412399627688457 1.2594820698115485 0.7371820211410522 
Pedestrian -1.0 -1 1.2602995274026851 459.9776021963309 162.9712230428736 500.71767956350953 251.11200271092045 1.8 0.5761826902627945 0.9810598127543926 -2.6953866487230638 1.443654739485847 15.002644326335572 1.082535191378321 0.5500098466873169 
