Car -1.0 -1 -1.5778236264599224 581.0313959493686 179.08705727892766 652.2823465068507 242.66646119721548 1.5 1.6811049103736877 3.813123565912247 0.16674126637485415 1.3565409431512852 18.86394519784889 -1.5689847053170694 0.9999996423721313 
Car -1.0 -1 -0.8976373429132354 0.0 184.24832722969364 143.1043714404304 324.97947322070763 1.5 1.5679643049836158 3.553268921375275 -8.058040508313006 1.49082034453091 9.459343251778451 -1.6032105098154885 0.9999998807907104 
Car -1.0 -1 -1.1802785596503669 226.43300471539533 181.98910267072173 347.54754192556175 244.28750418862955 1.5 1.5779978156089782 3.9300958186388018 -8.486051851403651 1.4234423007806638 19.28798096842706 -1.5947567755964143 0.9999991655349731 
Car -1.0 -1 -1.0518521897327242 0.0 181.3452777914674 371.0570162124287 375.0 1.5 1.5832908943295478 3.9383361607789995 -3.7375045725863854 1.4754493917716291 6.745389754601355 -1.557824597754751 0.9999990463256836 
Car -1.0 -1 -1.3929880746593704 463.59965138379454 180.5050031405025 517.8492798176563 219.14967163575506 1.5 1.5883930519223213 3.6907980710268022 -4.812771333570546 1.3182846787733704 29.7577378365347 -1.553331413367067 0.9999831914901733 
Car -1.0 -1 -1.096747613187569 219.87861328241772 182.3246295520904 319.1681457848798 226.17918640831144 1.5 1.6206350669264793 4.133247819542885 -12.453327692899412 1.4022451556436666 26.67937756065934 -1.5334656136718137 0.9998273849487305 
Car -1.0 -1 -1.327703170611674 382.00500585016636 180.67262422972655 482.52653270848725 247.1578210518111 1.5 1.6025474786758422 3.691134837269783 -4.328585366310753 1.398633015691241 18.066494577722093 -1.5628622212123615 0.9997408986091614 
Car -1.0 -1 -1.2550681092780447 297.90096819902436 181.94078160077075 359.34124127178893 216.1595935035814 1.5 1.583738487958908 3.7221046656370165 -12.92661576258264 1.3575734558165948 33.408365408518044 -1.6242545555022103 0.9976096153259277 
Car -1.0 -1 -1.447752127065677 501.00352005648926 180.34122970573685 540.7477198474886 210.4517287628812 1.5 1.6038500264286994 3.9334869503974916 -4.542148792962095 1.258302171625019 37.776562670791805 -1.5674148968562973 0.9965742826461792 
Car -1.0 -1 -1.3100326524364527 384.6289283039561 181.17759480062836 443.50296165194146 217.52726779065293 1.5 1.5430283293128013 3.9106553912162783 -8.474926014553947 1.3344954319870637 31.616621955598614 -1.5719287631243957 0.881700336933136 
