Pedestrian -1.0 -1 2.2788154368401576 801.7913662880497 167.2317804408873 829.3594334269388 223.17453742252576 1.8 0.6511152282357215 0.5702705614268779 6.9900161782403885 1.3420061665709084 23.538568113298307 2.567481029029709 0.9999681711196899 
Car -1.0 -1 1.6602334902514584 518.4370253516814 179.65403491386124 561.5160609383778 209.64336183294233 1.5 1.8752610802650451 4.685810443758965 -3.2088754800305286 1.408547889170409 38.275220687010304 1.5765921950300754 0.9999712705612183 
Pedestrian -1.0 -1 -1.8455196886769745 762.2193527760999 164.2222426499273 807.443137213226 239.1947507588522 1.8 0.8507037095725536 0.9587282806634903 4.479767155631545 1.3863782530894282 17.73454283476399 -1.598094320916806 0.9999247789382935 
Pedestrian -1.0 -1 -1.653536133404585 827.8840804939451 158.55654282226016 869.5665207944799 261.7818318685698 1.8 0.646362130343914 0.7766665451228618 4.414763942569297 1.4011981597888437 12.97857145227644 -1.3256560722973687 0.9998620748519897 
Pedestrian -1.0 -1 -1.0934047471195958 173.37160872613703 150.21300909831066 304.7468106907401 340.6292556735513 1.8 0.8421069502830505 0.9609598226845264 -3.675507660434118 1.5056190282950273 7.272211579688304 -1.561377468579684 0.9998383522033691 
Pedestrian -1.0 -1 -1.654222555126719 646.5479448782745 144.06808810071078 738.8309699534891 340.1511128307072 1.8 0.8182788759469986 0.8578741483390331 0.8159214148339756 1.457760601293791 7.033378497542948 -1.5387317473676545 0.9998303651809692 
Cyclist -1.0 -1 2.002664622292402 219.41232780302076 191.46930595031537 388.2628660338684 373.0 1.4 0.6210516698658466 1.7188074558973312 -2.4128718615655247 1.49592706564217 5.937647103565525 1.6166803717573703 0.9995313882827759 
Pedestrian -1.0 -1 -1.8427592748856876 717.1119718001776 143.29871898319865 828.4007509194715 338.429921148764 1.8 0.8499824933707714 0.903775405883789 1.6101689341904881 1.4489868461369249 7.095801060127689 -1.619619474807058 0.9984266757965088 
Pedestrian -1.0 -1 -1.1509978190974117 141.473469240217 146.60308572114096 303.062450718741 359.04406871949897 1.8 0.8952097527682781 1.2921397134661674 -3.5421224093284147 1.5057066216373571 6.756782184371673 -1.6338426853206498 0.999934196472168 
Pedestrian -1.0 -1 -1.6502036742712725 704.8323152276121 165.2593680976374 740.4990419022715 238.28401852740882 1.8 0.8209744028747081 0.8561424471437931 3.0213581915814913 1.4008699083201772 18.165304324313993 -1.4853867004301888 0.846590518951416 
