Car -1.0 -1 2.1107244549393918 0.0 180.37715176224276 359.5547222616461 374.0 1.5 1.4886502668261528 3.3458104848861696 -3.7876853279119302 1.5890321742640048 6.805988052999288 1.6028873801191867 0.9999947547912598 
Car -1.0 -1 1.9233576011063669 254.6108787374168 181.3310032088576 391.0169201505301 260.5475051459704 1.5 1.5668506294488906 3.82556566298008 -6.237226885065826 1.7110090497985309 15.999837692674873 1.5516485412928718 0.9999935626983643 
Car -1.0 -1 -1.3280116805061348 406.3697680118634 180.99157640163065 474.11921285507776 225.42878151686273 1.5 1.5860626965761184 3.847705063223839 -6.305463469094809 1.8266646761481167 26.995788609934515 -1.5574700553577883 0.9999929666519165 
Car -1.0 -1 -1.669023009264866 668.077482984221 178.30662721646684 731.4457232149349 231.47437066303783 1.5 1.5826490268111228 3.888339784741402 2.6941527491473343 1.6868431181614973 22.715091315798034 -1.5509682326253993 0.9999921321868896 
Car -1.0 -1 2.6931222020474324 835.376994655646 176.0530191400339 1024.7185095247944 236.99539390479924 1.5 1.6892297685146331 4.1874638319015505 8.18088954200015 1.587707506880172 18.776287291009993 3.1040235638578952 0.9999886751174927 
Car -1.0 -1 2.577954559251186 877.0402799870033 175.20677954556976 1114.753528416496 249.46992406093847 1.5 1.654631134867668 4.335642096400261 8.204921855072287 1.5545988515092537 15.633030655618485 3.0612802386244358 0.9999847412109375 
Car -1.0 -1 -3.428461088651911 779.0977767447723 177.11371321431145 917.0663726215196 222.63478485675836 1.5 1.6666703417897224 4.206664350628853 8.064125917396769 1.6522166378921304 24.829940514381732 -3.1144333640721187 0.9999842643737793 
Car -1.0 -1 1.7474485195817344 468.0170589286668 180.82757679412595 511.44797623911717 211.48057022597376 1.5 1.610114288330078 3.924342852830887 -6.362600703519714 1.9454576520513374 38.30311219954694 1.5828397154768528 0.9998378753662109 
Car -1.0 -1 -0.5599819963855386 1023.7934145373879 174.89804736288588 1142.20979520745 207.32035584621326 1.5 1.719040659070015 4.4955472022295 22.43477267712342 1.6003445051451226 34.3921528645067 0.01802413066359929 0.9952712655067444 
Car -1.0 -1 -0.5743785837784288 1067.1220951717532 174.32344193491264 1200.922571547307 210.36051193055033 1.5 1.7121332257986068 4.448808592557907 22.441833018313478 1.5656268606689019 31.077808079275425 0.05103771289321355 0.9922536015510559 
Car -1.0 -1 -0.7501652792691761 1170.5646518926642 172.88788875145912 1241.0 218.07506709915913 1.5 1.8790606901049614 4.7659704953432085 22.423996876819373 1.5015749989722438 24.931857983169017 -0.017675475278173168 0.9913826584815979 
Car -1.0 -1 -3.3273812488302665 830.7875410091938 176.40431741029013 973.9549756387663 231.15572335983342 1.5 1.5434502184391021 3.635816138982773 8.359427690742713 1.6092119210555407 21.014096133252952 -2.9487720290806636 0.5107023119926453 
