Cyclist -1.0 -1 -0.21239858835746087 654.8420371748427 177.52394879110224 688.3676981777622 204.260729634259 1.4 0.5388923481106758 1.6889524206519126 3.5063701681529746 1.2455812423747754 37.385466364884245 -0.11888249317673275 0.999997615814209 
Cyclist -1.0 -1 -0.04671210553637398 715.8227138714298 176.86646992677072 755.0894475589753 206.53723275276755 1.4 0.6068933315575122 1.8172799170017242 6.205227237135495 1.2300021258600966 33.77972969308083 0.13495926459762028 0.9999942779541016 
Car -1.0 -1 -1.4312635173446262 490.3357101985979 177.36909920326 541.4607258928288 215.91560378964505 1.5 1.5918516114354133 3.8536081582307817 -3.664667904621925 1.379667074846222 29.448241529112913 -1.5550713940199954 0.9999910593032837 
Cyclist -1.0 -1 -0.971869015658267 341.62133854122766 181.95459292988835 378.7314809756546 216.8840098488821 1.4 0.5742419071495533 1.7427050068974494 -10.158529930194755 1.4637046451135556 29.326258056721564 -1.3053305009987695 0.9998763799667358 
Car -1.0 -1 -0.3948907670937236 940.002560973952 171.5764348588413 1016.5809760941918 195.35472359295758 1.5 1.692192491889 4.026504468917847 24.032033774836307 0.938420284028467 45.62115447123299 0.0899458368632453 0.9998132586479187 
Car -1.0 -1 2.3997982836603162 1118.5711335213641 167.2976585777624 1223.0 240.49229029065165 1.5 1.6696006551384925 4.020981353521347 13.718525662698715 1.2310651371415684 15.344213001469159 3.1293175101240696 0.9989853501319885 
Cyclist -1.0 -1 -0.40610868623210644 571.0229717617616 178.37324684599474 599.5872978783708 201.05404153688332 1.4 0.5884234353899955 1.693137039244175 -1.2341944693744562 1.2700758751906525 44.261420559871006 -0.4339856664326532 0.9937254786491394 
Pedestrian -1.0 -1 -2.856641813464546 456.13577315455984 172.20384866667345 478.8705279425103 208.46892633596744 1.8 0.540561743825674 1.006932233273983 -6.8968555616957445 1.3896566721397847 35.40473598456424 -3.049032763638769 0.9933362007141113 
Pedestrian -1.0 -1 0.18631047237416307 434.1956005755824 172.2293051617601 450.0741473613294 210.23588679714223 1.8 0.6103433229029178 0.6387709200382232 -7.799518004905329 1.4097453389416879 33.79887640749654 -0.040482119717870434 0.663729727268219 
Pedestrian -1.0 -1 2.961641201640705 448.5813653587104 172.20651553200602 472.94102003547545 208.91954734304912 1.8 0.5445118553936481 1.1058326371014118 -7.18106081749994 1.394815707331661 35.11947848321565 2.7599463343580783 0.5150861144065857 
