Car -1.0 -1 -1.8945948233804306 746.7687774099924 175.41736611741126 1010.0163435927916 343.79218050334595 1.5 1.5735701218247413 3.9890153825283052 2.7420579961750957 1.5376450909122688 8.489546981820435 -1.582179923602615 0.9999995231628418 
Car -1.0 -1 -1.7716449169329562 678.9179160895301 177.81571334795743 772.2370334425914 247.18991805057541 1.5 1.548212443292141 3.5598507642745973 2.6702285616261894 1.634416289684546 17.675169444982863 -1.62170642713574 0.9999984502792358 
Car -1.0 -1 0.3925450631229628 226.43624302137172 181.82010245664816 437.09919199337014 253.27802224057274 1.5 1.649840784072876 4.108874362707138 -6.203655211778708 1.7132299397689168 16.24624503484112 0.027781053385462082 0.9999879598617554 
Car -1.0 -1 0.20375330927594756 394.1372705676542 181.2356610854561 502.332328921171 223.694361231508 1.5 1.5549859523773193 3.655967724323273 -5.9503650909359695 1.8189195421603552 26.613711454609383 -0.01621170441177913 0.99997878074646 
Car -1.0 -1 -2.420197168857601 922.7334552699766 138.0720537547887 1241.0 374.0 1.5 1.6070954993367195 3.983348098397255 2.743164195314664 1.4753051780748665 2.5265268417105338 -1.593712073811565 0.9998034834861755 
Car -1.0 -1 -1.6543180028414757 650.1662727787987 178.92989632044828 691.8398849416114 216.21199902906838 1.5 1.5149327486753463 3.318665412068367 2.5519196385122873 1.777343485406622 31.229616096659623 -1.5727844257515413 0.9997757077217102 
Car -1.0 -1 3.412568898511915 316.7563910830798 181.69612461566325 445.5018243879185 235.4883188690811 1.5 1.5277563154697418 3.3202758550643923 -6.701981797819101 1.7703692794597756 21.209162791546056 3.10650347470842 0.9997472167015076 
Car -1.0 -1 0.19109146697111964 420.76185034024985 181.09414675622912 518.3337962512555 220.03451125303388 1.5 1.5454451113939285 3.608347710967064 -5.614626154380426 1.839197962576175 28.8931159261044 -0.0008405009892327404 0.999687671661377 
Car -1.0 -1 0.13874708337457206 472.6006130654748 180.9836530630046 544.0075434215266 204.08343051956868 1.5 1.763523419201374 4.539590191841126 -6.802568348929817 2.055194829401455 48.3571168278621 -0.0010094205525261973 0.9985824823379517 
Car -1.0 -1 0.3592292704264548 284.4926205247734 181.6736114678071 451.3088176772345 243.19751222199972 1.5 1.5412567675113678 3.7938187390565874 -6.232892735506025 1.7388743512238396 18.670126948175533 0.037020011744226734 0.67223060131073 
