Pedestrian -1.0 -1 -1.558520748918602 579.3607324285578 168.10092728375622 610.8625803550829 232.94874333631256 1.8 0.8744643561542034 0.8574792675673961 -0.20534261989777244 1.4292287043452805 20.366120542350796 -1.5686029666711134 0.9999983310699463 
Pedestrian -1.0 -1 -1.3155283646329936 857.3742137041797 157.74940313542373 909.3361355504343 263.30114173936505 1.8 0.72847246453166 0.601743397116661 4.946951888474578 1.3962565672551082 12.704628516536028 -0.9442089358952387 0.9999979734420776 
Pedestrian -1.0 -1 -1.8266016258490323 769.9487795301603 162.64918887769016 820.6966133141477 245.8984969076964 1.8 0.8626867577433586 1.0098873198032379 4.274715575944438 1.3936371296314307 16.036050112940284 -1.5660903179694456 0.9999945163726807 
Pedestrian -1.0 -1 1.6654295296567905 478.9654467536413 164.417840834249 524.5558754543762 256.26172277091325 1.8 0.8421277187764644 0.7973397642374038 -2.0367776775613895 1.4664660567606698 14.492859018351654 1.5258073051783698 0.9999974966049194 
Pedestrian -1.0 -1 2.2865692251393974 408.81615907161296 155.64257643164126 507.1774985854989 300.53789714661104 1.8 0.9099920772016048 0.907530777901411 -1.9396961938409871 1.4801173118975828 9.54013147636494 2.085983741279465 0.9998185038566589 
Pedestrian -1.0 -1 0.44765969808774986 348.126914889479 160.4119333876815 412.21865516522337 283.04148757415584 1.8 0.6280095808207988 0.7317914187908172 -3.3922628919218716 1.4917722760428993 10.905281390920788 0.1460817297312873 0.9997795224189758 
Pedestrian -1.0 -1 1.8621972991625528 558.1564487924774 170.19044982429477 585.194643605652 224.53571313168405 1.8 0.7112341493368148 0.8107834056019783 -1.0242720382380044 1.4264952792355428 24.27034384990414 1.8200197100599826 0.9996306896209717 
Pedestrian -1.0 -1 1.6806544341875402 565.9069448719091 171.28450786578935 587.9464540510628 219.0581402632878 1.8 0.7597296990454196 0.8173331178724765 -0.9522058056480278 1.4161335061718943 27.49865460789716 1.6460409045179905 0.999303936958313 
Pedestrian -1.0 -1 0.2468464958996883 364.94359284909564 160.7237564690855 425.04739524627905 280.5961913684359 1.8 0.6828720241785049 0.754083090275526 -3.2305014072544203 1.4893309645505095 11.138457528596556 -0.03543980518845149 0.998088538646698 
Car -1.0 -1 -2.892358313503646 0.0 0.0 1237.0 373.0 1.5 1.9157205268740654 5.444988098740578 2.661151772933754 1.4567091720238916 0.6654684564175346 -1.5666044913840038 0.9909387826919556 
Pedestrian -1.0 -1 1.3692647655971513 695.0358972903024 169.4906453150336 717.4715115534628 219.40565859111283 1.8 0.6543507359921932 0.8560912244021892 3.817225077652779 1.3679764819284026 26.34766354737758 1.513142748675074 0.9367482662200928 
Pedestrian -1.0 -1 2.239389428081099 399.0359476484529 156.17368256471386 494.8829523946382 298.74211693221145 1.8 0.8775769293308258 0.927812934666872 -2.1120461253494063 1.4815776235151967 9.676024366976751 2.024483907218796 0.8722274899482727 
