Car -1.0 -1 1.7017087553804748 449.2711503135106 180.11753053776886 528.2523985485234 239.13287918074238 1.5 1.7095391198992729 4.377819088101387 -3.471095221784464 1.7350660654056396 21.097222917143537 1.5386411388728278 0.9999994039535522 
Car -1.0 -1 1.6568847717974908 491.6708769862093 180.24718958249053 542.7047408938507 223.217641883177 1.5 1.6185086712241172 4.014073920249939 -3.5629918832927205 1.8073965990550367 27.92429346779671 1.5299758156153815 0.999998927116394 
Car -1.0 -1 1.9704893425819578 197.27017915882817 181.35352873788355 367.74645822151126 279.2259101903113 1.5 1.520385456085205 3.634532776474953 -5.8293225792660595 1.6774614838821138 13.20258196583281 1.5547022064540046 0.9999853372573853 
Car -1.0 -1 -0.13739760131866288 633.859233006711 179.0541492189215 720.4289987861514 212.7090063039423 1.5 1.591758106648922 3.8007936000823976 3.0234341485982044 1.7946971690154458 33.36644013613825 -0.047031358876500805 0.9999791383743286 
Car -1.0 -1 2.1177810497849423 0.0 181.66598012789382 277.62520297091595 338.1632696881509 1.5 1.5441688269376754 3.673691537976265 -5.771410681530953 1.6326831024863542 8.977111109195263 1.5464112003657478 0.9999768733978271 
Cyclist -1.0 -1 -3.2742558885315036 786.7453111282797 182.62786893777283 911.9615789102884 279.0389973715944 1.4 0.5630125783383846 1.7497851073741912 3.5579941076649115 1.5552295159187721 10.996564570563454 -2.9613314429905757 0.9999421834945679 
Car -1.0 -1 1.7256101269626758 373.602335025341 180.00456292461888 490.7040193744296 272.8103173607398 1.5 1.5865838646888732 4.013891753554344 -3.345288641885025 1.659978078881532 14.040617235224067 1.4917129715296882 0.9999228715896606 
Car -1.0 -1 0.04719796347002901 612.6111079144689 179.54498284303511 675.9891635641076 203.38489693082744 1.5 1.6370261579751968 4.049204897880554 2.229054502222257 1.9452497841929624 46.9670934080908 0.0946222980830329 0.9998576641082764 
Cyclist -1.0 -1 -3.0578443467487837 831.8595363214404 182.5678722090887 971.3208161837017 298.25532660291026 1.4 0.6586222469806671 1.6555358216166496 3.779913467896083 1.5372882793370095 9.504404990943087 -2.6793212453511104 0.9995673298835754 
Pedestrian -1.0 -1 2.057738581165813 152.2213842312172 168.06582747161977 190.92874700557422 263.7352401864298 1.8 0.550160326808691 0.30820444487035276 -8.399502325635364 1.7102693885260545 13.743590536561433 1.5091551979396003 0.9991263747215271 
Car -1.0 -1 -3.8822544317101615 1152.1167380364661 171.67172436346678 1241.0 267.10329371273247 1.5 1.57977347522974 3.9398940771818163 11.676877524547857 1.4817747756161723 12.175078983824617 -3.1177404681828365 0.9969167709350586 
Car -1.0 -1 1.5744657526564585 537.7713135947723 180.38561473215594 563.1329462067489 204.5720295311281 1.5 1.612057213485241 3.7511865168809893 -3.976695069659201 2.0203892809715374 47.8834290069414 1.4916063984248298 0.9842789769172668 
Car -1.0 -1 -1.5342233331333246 612.6897852000529 179.59550837669124 640.8765399186389 203.69087640404373 1.5 1.7359400659799575 3.9551521211862566 1.1253476653632204 1.968486571570682 48.07463344882824 -1.5108192610230786 0.5802357792854309 
