Car -1.0 -1 -1.683328162637514 672.9113992599841 178.35108755554774 733.8817643990678 227.20928135136248 1.5 1.6106194376945495 3.8694436222314836 3.0485809176157685 1.7020704856313478 24.53014499193548 -1.5596831776809437 0.9999988079071045 
Car -1.0 -1 1.8085174416945275 407.0045146059274 180.16971968749291 512.5343515178404 250.51194401377 1.5 1.6119242206215858 4.188078504800797 -3.635639846867722 1.703889411969649 17.948202440509736 1.6086587786634983 0.9999972581863403 
Car -1.0 -1 -3.3296741022570586 715.4947824080634 178.44369694112854 786.3812871982797 203.86534691920062 1.5 1.6278667867183685 3.9824603617191316 8.47330185553251 1.84568152597535 43.75253831529093 -3.1383779803898677 0.9999951124191284 
Car -1.0 -1 -2.2738681325809424 967.7939772809959 173.90368273107595 1241.0 280.144702933367 1.5 1.654800821840763 4.075435039401055 8.09764949200298 1.5214181896065357 12.35017111427005 -1.6935165683415276 0.9999866485595703 
Car -1.0 -1 1.7506987851429114 518.9209796049965 180.13538495551867 570.4215857692336 214.34390070682988 1.5 1.7129574462771415 4.435939577221871 -3.1221947564106745 1.875606116127893 34.89551226990669 1.6614637255629123 0.9999688863754272 
Car -1.0 -1 1.8723151854810034 299.4329634039511 180.27057821865483 461.5314027056572 285.20349814198175 1.5 1.5622387200593948 3.894837436079979 -3.8234470400575895 1.6493355729038415 12.539144841628259 1.5763499617537082 0.9999502897262573 
Car -1.0 -1 1.7748488327506442 497.44740830297167 180.19457647910536 556.0590043343767 221.31385388218675 1.5 1.5793229013681411 3.9391981929540636 -3.3203644082078627 1.8168820572844717 29.077010799513577 1.6611492514570774 0.9999504089355469 
Car -1.0 -1 2.1513959445361097 808.2097014995087 176.9475270214012 898.5302754352045 222.11267949210912 1.5 1.5279515206813812 3.2667914897203447 8.70540418385198 1.6562273159919756 25.861808167320994 2.476094710822922 0.9999172687530518 
Car -1.0 -1 2.3010331855563746 0.0 178.43699654066572 409.7712575566209 374.0 1.5 1.6631419330835342 4.158282887935639 -2.7264520399307663 1.5467345174497142 3.831941143371139 1.6826262354811252 0.9998927116394043 
Car -1.0 -1 -2.503276625588859 1127.161942538226 171.93144856383108 1241.0 280.879090053546 1.5 1.6561190158128738 3.746813026070595 10.876691442037872 1.4876561100672105 11.928979317203881 -1.7639872590687615 0.9998788833618164 
Car -1.0 -1 -2.2899498479248894 885.1382857264175 164.9882799302518 1241.0 374.0 1.5 1.6264765083789825 3.5801293820142748 2.7567388618821305 1.4836733997023117 3.3408455374330583 -1.6000534045186383 0.9995437264442444 
Car -1.0 -1 2.3690521087492202 790.9465603849641 177.178490983156 890.7011172420388 216.78665353686034 1.5 1.572720755636692 3.844103452563286 9.319634908464444 1.6849142662678318 29.227148112422206 2.6777288794478 0.9968703389167786 
Car -1.0 -1 1.8871331439872436 932.2773069219584 175.51830260673867 1029.5051460280024 229.46494508029997 1.5 1.5867865204811096 3.666924548149109 11.361823838582906 1.5888006128523169 22.09594092111119 2.3620793700178684 0.9878597855567932 
Car -1.0 -1 1.951144658508012 915.4466409009792 175.71391059938475 1013.3670192259236 228.09413824769888 1.5 1.5749477341771125 3.480583664774895 11.096145968863267 1.5968905056468583 22.60138183272337 2.407526004310471 0.9862281084060669 
Car -1.0 -1 2.1175645507307013 845.106777001043 176.41499076927593 949.6018314169837 226.8011203064865 1.5 1.539512400329113 3.5271073251962664 9.303031862275045 1.6240790500233113 23.390184880079634 2.496114480491501 0.9162132143974304 
