Car -1.0 -1 0.4105864374976653 205.3191584372987 182.0585411129078 414.61137010226304 252.9531413721663 1.5 1.640290629863739 4.063289475440979 -6.735477911047838 1.7199029835733963 16.347132890518292 0.01975421508284978 0.9999908208847046 
Car -1.0 -1 -1.6717283024100273 648.1072147443394 178.58248074350743 711.0777452028772 220.0181633105412 1.5 1.9683477029204368 6.064719569683075 2.7204996316742185 1.7627224820949325 30.001195577541445 -1.581295923390661 0.9999948740005493 
Car -1.0 -1 2.508184345253113 915.6816391484192 173.61221371269926 1241.0 296.3570302611851 1.5 1.594683949649334 4.072024163603783 6.43402148151583 1.5115175315070741 9.72147915939784 3.0928349375685276 0.9999759197235107 
Car -1.0 -1 3.849288856812206 0.0 183.6625878847456 197.59376945233367 357.0467148558774 1.5 1.5378302454948425 3.488217902183533 -6.323637416649355 1.619294399771517 7.138043303015614 3.12431513070665 0.9999597072601318 
Car -1.0 -1 3.2139201121100793 412.9535857950415 181.106105925478 516.6442947664134 217.90887996287051 1.5 1.6629297778010368 4.2564044266939165 -6.198513963350567 1.867233271558493 30.985134760247078 3.0164784073790134 0.9999524354934692 
Car -1.0 -1 2.796214060422659 753.6493572770037 176.99246708198834 931.4113749356721 233.9248421086029 1.5 1.6749432802200317 4.3973325312137606 6.327882100387463 1.6207704882429932 20.066568984260794 3.1016882538755954 0.9999409914016724 
Car -1.0 -1 -0.4534446997205439 869.654995684412 174.91647811279458 1134.7561417044224 269.76992857648514 1.5 1.5235044553875923 3.6647117257118227 6.464175886257325 1.537759978546133 12.262605265916676 0.0316826542231696 0.9997910857200623 
Car -1.0 -1 3.369769846959372 361.2642827769594 181.46326301991115 483.55260168647266 225.2578366059834 1.5 1.576905933022499 3.9925149202346804 -6.701877801245054 1.8191769754622285 25.878761837078574 3.1163648247679294 0.999471127986908 
Car -1.0 -1 -1.6075668977144808 630.2029974887317 179.2747439192589 664.3453770449299 204.48486934168713 1.5 2.008599464595318 5.893690374493599 2.3476454845189347 1.9484748713416264 47.39550537171763 -1.5580742657792312 0.9989445805549622 
Car -1.0 -1 -2.550597324690606 993.6304017460319 135.241977011601 1241.0 374.0 1.5 1.5535999581217765 3.4713378667831423 2.9894167541318666 1.4708809623976216 2.3521520906355566 -1.6464574942973 0.9690805077552795 
