Car -1.0 -1 -1.030444858182421 57.50482111158073 182.81002365975246 266.7369326326199 276.85744924158575 1.5 1.5644751980900764 3.758702290058136 -8.049561026307607 1.4627621199366456 13.342829017238465 -1.5732780809656275 0.9999994039535522 
Car -1.0 -1 -1.7331131331010643 678.3346113266498 178.20821769000173 764.3159250837422 240.71647578434488 1.5 1.6521238282322883 3.7003597736358644 2.8644057513614753 1.3329738711678663 19.10766108323084 -1.5843124203991634 0.9999949932098389 
Car -1.0 -1 -1.2086765994260265 204.6286099018295 180.78740886131834 435.2777635648029 316.08407030485716 1.5 1.579139244556427 4.027557235956192 -3.728171648987999 1.4520358571345333 9.983480819879277 -1.5660736733723921 0.9999916553497314 
Car -1.0 -1 -1.6023267801093184 629.9488629478634 179.38893528486892 656.5215074357596 203.64345043996383 1.5 1.5815750256180763 4.031907629966736 2.2332923864609766 1.1407799531232752 46.481974329376015 -1.5543172816422326 0.9999465942382812 
Car -1.0 -1 -1.3113048811657377 383.4062460969139 181.24256536697717 438.6830816751712 216.87273394343896 1.5 1.5436318263411521 3.430674833059311 -8.72091786835003 1.3338656479654225 31.97994788830061 -1.5775311403584225 0.9998711347579956 
Car -1.0 -1 -1.3888314753351083 427.05119241735844 180.57146791021864 499.85883612533524 233.04686652634817 1.5 1.5801584839820861 3.6791110903024675 -4.444947122865403 1.3683766822109393 22.39500422802405 -1.5847644983467204 0.9998637437820435 
Car -1.0 -1 -1.461409803247552 519.3482045671382 180.30486786366333 550.5967421226655 204.78636494910097 1.5 1.5857669085264205 3.7757957845926287 -4.634419796223308 1.2002408627859154 45.935908297240296 -1.5619584024560196 0.9997947812080383 
Car -1.0 -1 -1.548271998707313 583.7671116707072 179.73362655045534 612.4423319162971 206.39722983051357 1.5 1.6055569544434547 3.92079935669899 -0.5571324340474659 1.1927292249254862 42.40436541806853 -1.5614098059621198 0.9997462630271912 
Car -1.0 -1 -1.2275729935091035 300.56640294385477 181.65678401667546 386.9535451766656 231.27826471574693 1.5 1.523095604777336 3.6166342467069628 -8.578679978441643 1.393549322879971 23.5394525090677 -1.5770521662805719 0.9997009038925171 
Car -1.0 -1 -1.3867768771332023 431.3578612501324 180.88602988804044 477.99672567763145 207.82883216594945 1.5 1.815223929286003 4.989464071393013 -9.003248080114314 1.2600834112529573 42.533728820836984 -1.595371005186115 0.9955009818077087 
Car -1.0 -1 -0.5818677244615438 0.0 186.11031720325636 107.8524323672444 375.0 1.5 1.5208121880888938 3.288972240686417 -3.535985672553061 1.5060253382782172 2.2770083587427132 -1.5805515945565445 0.9937331080436707 
Car -1.0 -1 -1.4264442899884142 490.7169457685758 180.39569407157498 534.6859015143258 212.6372674802767 1.5 1.6229725003242492 3.7266461670398714 -4.645742385543511 1.2768863525285934 35.31426889281944 -1.5572474152457458 0.9932726621627808 
