Cyclist -1.0 -1 -1.988670400670069 812.7103677283125 178.5339712335382 876.0948512063906 263.55719909179015 1.4 0.42939167730510236 1.6191153347492218 4.142441082495754 1.3692785667456522 12.463901157313895 -1.6678005168822152 0.9999971389770508 
Pedestrian -1.0 -1 1.2178478491944988 863.1223439949728 138.47504356150964 965.5165326681373 333.35295672281757 1.8 0.6700082242488861 0.8360100470483303 2.964117438844042 1.4135334364213605 6.9598406132859205 1.620470988746506 0.9999988079071045 
Pedestrian -1.0 -1 -3.334546177152232 877.7653117057117 160.20576406590988 922.0474503453913 232.81924514664377 1.8 0.562885732203722 0.9423002161085605 7.415676936012964 1.298526922491429 17.89133905301585 -2.9416161338475093 0.9999864101409912 
Pedestrian -1.0 -1 2.216384752600558 634.1628767730921 157.54529427980185 689.3841863799868 262.8449474655184 1.8 0.5674514479935169 0.8799507774412632 0.9735275751764156 1.4092577970686004 12.599022626615776 2.2935016035994114 0.999971866607666 
Pedestrian -1.0 -1 2.1900738634704906 617.3390919103446 157.76559153627343 672.1421847302629 263.07390338191107 1.8 0.5392403833568096 0.9286623008549213 0.6726254227730547 1.413055537238807 12.611562336392215 2.2433574080427707 0.999940037727356 
Pedestrian -1.0 -1 -3.7040626021258682 1120.4336468616048 154.79835404383348 1172.925611946285 239.92103443831067 1.8 0.5722149766981601 0.7018819943070411 11.644248563058394 1.2581347130562934 15.262499666805882 -3.0523362914708003 0.9998225569725037 
Pedestrian -1.0 -1 2.3827041043225314 589.8904350822205 159.29881397203823 651.3513031642865 257.6349415250087 1.8 0.5720877580344677 1.078123089671135 0.26233083478050834 1.4135607442272793 13.51185839165445 2.4021165251692356 0.9996280670166016 
Pedestrian -1.0 -1 -1.22622550875944 876.5162150518752 162.81708428335833 902.752236791966 221.2501705902299 1.8 0.6284299798309803 0.5098930120468139 8.896756822297421 1.2568438662839263 22.174563830215234 -0.8446725765850884 0.9995487332344055 
Pedestrian -1.0 -1 -3.733911459904796 1094.8123515082268 156.29290289601585 1139.1309793107064 235.283939619185 1.8 0.5277788758277893 0.6467123076319694 11.817348274841637 1.249992908089005 16.38112831095026 -3.108966902890478 0.9994174242019653 
Pedestrian -1.0 -1 2.4064002475153217 590.0054663695457 158.11287231531767 649.6623961311819 263.3873824419293 1.8 0.5884655311703682 0.9027636170387268 0.2235952666602513 1.418868592241418 12.60272669962386 2.4241402029951633 0.996198832988739 
Pedestrian -1.0 -1 2.6352921960118403 574.1959814289694 159.87354643148657 639.843297817945 256.059815784061 1.8 0.5981210179626941 1.130059690028429 -0.002666422603786045 1.415639468402067 13.762138369444605 2.635098445411545 0.9867733716964722 
Pedestrian -1.0 -1 -1.6346048288169963 903.104589278774 162.2668818213912 926.4403474324234 221.92839700053122 1.8 0.6139792993664741 0.6739014320075511 9.491362716759792 1.251463957328462 21.74822899755539 -1.2231012145665032 0.9813835024833679 
Pedestrian -1.0 -1 2.4038500466156023 1117.859098118581 155.5366850103412 1156.513767759586 237.5410532785131 1.8 0.3774864625185728 0.5855022490024566 11.799272054113063 1.253669120546607 15.730223282426895 3.047416436668259 0.9805405735969543 
Pedestrian -1.0 -1 -1.3147587328743433 883.5098641470273 162.60755038452137 909.6426708377402 221.70204857392037 1.8 0.6351961314678192 0.5358344435691833 9.01685468292031 1.2565604743463465 21.936647749100672 -0.9247709075596673 0.9740530252456665 
Pedestrian -1.0 -1 -2.52303855640942 911.3500567136855 160.77972807685921 950.3749707217922 227.53300356962643 1.8 0.646056842803955 0.7426500812172889 8.969943065827271 1.2698254840430956 19.54351733208711 -2.0927479426052913 0.932417631149292 
Pedestrian -1.0 -1 2.4417052750598898 584.1388881115791 158.89226451855941 645.6975346018997 260.0432178485362 1.8 0.6087045677006244 0.9826086953282356 0.1441371398363856 1.4171289232918678 13.124353821129782 2.452687251563889 0.8423032760620117 
Pedestrian -1.0 -1 -3.1899781389848942 871.4179527876659 160.35256939796645 917.4941001955078 232.32551788805972 1.8 0.6050858207046985 1.0638464733958244 7.376217422111597 1.297719845739792 18.139637700061165 -2.8037647763874873 0.6556706428527832 
