Car -1.0 -1 -1.7604656520748345 441.2559953492455 180.14381336063374 528.8437240614178 245.36841011280993 1.5 1.5796060234308242 3.74016487300396 -3.4402946086734905 1.7135862294618944 19.073351069649323 -1.9389186958458764 0.9999500513076782 
Car -1.0 -1 1.823682169067865 0.0 181.72438843581105 174.78474912427706 374.0 1.5 1.6116867333650589 4.192354020476341 -6.1304279645033635 1.6258707195410704 7.9624912639341 1.1675578792903083 0.9999356269836426 
Car -1.0 -1 -1.5844221318873508 402.301056752744 181.2647069190307 443.3888153145763 220.46888400663022 1.5 1.5853701651096344 4.086917129158974 -8.038707104045397 1.8839096477842612 30.72064107463244 -1.8403549353268487 0.9999256134033203 
Car -1.0 -1 -1.9946166815947781 551.6479717641105 177.28501880517746 799.8793030086122 323.50354205537843 1.5 1.632624913752079 4.302665826678276 0.5484996995872893 1.5749312181660151 9.839656439657952 -1.9389305273678643 0.9998021721839905 
Car -1.0 -1 1.7725345628333724 102.5353739624061 182.466414494867 238.75082388249655 274.22132636639475 1.5 1.5620287999510765 3.7001757442951204 -8.520778133130603 1.7165017374508735 14.217269788135553 1.2326108654353278 0.9992151260375977 
Car -1.0 -1 -1.864246412904786 493.4127724294171 179.01095443848322 625.7152446924406 270.33621636698626 1.5 1.5536647781729698 3.63095538020134 -1.1648973606571662 1.6374427607651372 14.088427986469727 -1.9467434446003777 0.9983641505241394 
Car -1.0 -1 1.672373157726467 212.98785350893343 182.6744323431546 280.0625368772704 232.8909778638655 1.5 1.6306711852550506 4.126570981740952 -12.353485930617214 1.8658947013992648 24.63603967764016 1.2075745304438728 0.9977012276649475 
Car -1.0 -1 -2.2703301598020267 684.2366557986098 174.0466481319271 1229.6174279361303 374.0 1.5 1.5546054139733314 3.4918440997600557 1.9480147802305934 1.5121938410619282 5.252028191319994 -1.9151525656369073 0.9961589574813843 
Car -1.0 -1 1.6828222158624775 277.1292249393885 182.86267912569966 314.0443419432756 209.0635611347058 1.5 1.6703002646565437 4.1341888278722765 -19.682990573121646 2.1585191285153673 45.22361712923302 1.2723128040644782 0.9453692436218262 
Car -1.0 -1 1.839488121107193 366.72478972485317 181.90681908188978 413.774892499473 210.10988436832642 1.5 1.6512342289090156 3.754190590977669 -12.609432416565937 2.0447592628307727 41.48954469780213 1.5444404323908942 0.666769802570343 
