Pedestrian -1.0 -1 1.990913492844313 150.87271941130916 171.02602960896078 189.99937806338286 236.38523631661775 1.8 0.6227768518030643 0.9179077602922916 -12.293531788671618 1.5406639797648907 19.963145091788856 1.4389490326258796 0.9999998807907104 
Car -1.0 -1 -2.1178378698214493 954.5850080815021 170.44255457545464 1068.9211001286394 217.85791628835335 1.5 1.709507082402706 3.6937961846590044 13.76856595339091 1.1833806720558353 24.234760218919252 -1.6011796696719272 0.9999985694885254 
Pedestrian -1.0 -1 -1.5433080423730883 183.77419175229554 174.64130095285051 202.26503021413745 217.3794999359933 1.8 0.6693364612758159 0.4829875685274601 -17.58478766148122 1.5547317144327162 30.146218079012257 -2.071369961896215 0.9999979734420776 
Cyclist -1.0 -1 1.9639781853148814 197.0029774567764 187.10701153030425 294.551052935289 300.9161578358027 1.4 0.5802458643913269 1.7089419558644294 -4.902086300633848 1.5002188769246094 9.668074421109345 1.4947156151148933 0.9999959468841553 
Pedestrian -1.0 -1 0.08999168436164706 1011.2991523063707 132.33079762171198 1144.8262901445908 347.3048916837877 1.8 0.8050272732973098 0.9608456425368785 4.321460933114431 1.398379200372433 6.529629801687059 0.6746336658808844 0.9999812841415405 
Car -1.0 -1 -2.234682547132261 1041.2927039944939 169.29686862398992 1157.8763441145807 217.36721830249684 1.5 1.5345916643738746 3.221965816617012 16.430624419835258 1.1519684979756195 23.710658013377245 -1.6286945837226254 0.999963641166687 
Car -1.0 -1 0.9651663976106306 1098.1714671357815 168.28535791308929 1223.0 215.47989035841857 1.5 1.6351758062839508 3.8963115334510805 19.130952433957294 1.113328012732428 24.459771156787504 1.6289214968641819 0.99994957447052 
Cyclist -1.0 -1 -0.22617578183682066 852.1790877046896 179.95358371298485 1014.7159999179454 305.58025386861044 1.4 0.6717333130538463 1.6318306818604469 3.7820236240571883 1.3955971986275848 8.36460944663794 0.1984612186762946 0.999904990196228 
Car -1.0 -1 -1.6152115289920195 603.6203148064717 176.13281300076312 636.6617409180371 206.228995029774 1.5 1.5717629835009574 3.2590410232543947 0.7397722035110194 1.283769353432984 36.88268419599838 -1.5951567786422116 0.9998962879180908 
Pedestrian -1.0 -1 1.9421239119047053 128.53479814547305 171.16907400729528 167.81730297756283 237.3951436971575 1.8 0.6479737840592861 0.8753258295357227 -12.756629617473685 1.5479694794755354 19.70639092737448 1.3676246841761726 0.999556839466095 
Pedestrian -1.0 -1 0.14645416109305742 1050.8112684414045 134.3110673833558 1183.252028706144 335.32977766192977 1.8 0.7351186618208885 0.9569181621074676 4.95927209126234 1.3881072681269162 6.922991158119241 0.768067999682154 0.9953451752662659 
Cyclist -1.0 -1 0.12616547434124747 1154.5243416766702 176.22257075882763 1223.0 339.13353809597913 1.4 0.7705210268497467 1.8953511983156204 6.710993411324512 1.3649446500237965 7.049155809249059 0.8869930942866462 0.9950309991836548 
Pedestrian -1.0 -1 -0.01434265185085748 1167.3496481482202 125.63935260853641 1223.0 364.2941481029666 1.8 0.7350611992180347 1.0468646444380283 5.373793272135045 1.3879362638227741 5.949275537223744 0.7202753265711921 0.994766116142273 
Cyclist -1.0 -1 -0.0615642216486777 1138.5086499853076 176.1447077758941 1223.0 328.5831220126458 1.4 0.6597226977348327 2.042612482607365 6.823352876309199 1.3617003195701445 7.389615057167378 0.6840137680384771 0.9934865236282349 
Pedestrian -1.0 -1 0.029063986184276525 1022.4104363021444 130.5873536978036 1223.0 350.4215686321093 1.8 0.735523135215044 1.5140722066164016 4.735401769186121 1.3930218958784548 6.537493163226626 0.6559428413722175 0.9999744892120361 
Cyclist -1.0 -1 -2.0561664102646184 1197.8031372928767 176.5453204533533 1223.0 330.9920218641172 1.4 0.7029347613453865 1.1996888116002082 6.629409804841827 1.365852622028766 7.075557826115588 -1.3033104995873315 0.6999598145484924 
