Car -1.0 -1 -1.563327137832862 609.120962741289 179.41636897168297 644.2807541364439 212.8679794488288 1.5 1.6123025238513946 3.6107784628868105 0.7796253064188822 1.8344077996134183 34.897715014291734 -1.5409905566510302 0.9999996423721313 
Car -1.0 -1 2.3323746682995807 0.0 183.18767329412395 125.98127493019516 350.7017980609223 1.5 1.6106796011328697 4.1154834002256395 -8.151796043298335 1.6557889599935656 8.78174399433771 1.5841605544050754 0.9999979734420776 
Car -1.0 -1 -1.7408387050539371 704.3597308750095 178.10384273580277 767.0403542417645 223.0119341905946 1.5 1.6098762422800064 3.924039986729622 4.4918963148408295 1.7076287969450128 26.52072194791199 -1.5730579235267383 0.9999942779541016 
Car -1.0 -1 -1.99625376986177 830.1905349912957 174.6993852615565 1134.0174456919176 328.5900324399502 1.5 1.6781703129410743 4.345223543047905 4.264267302650625 1.5296179119180724 9.260123584283107 -1.5647041770305974 0.999993085861206 
Car -1.0 -1 -1.5847675729328128 600.0649297052219 178.97012411065853 659.2862992606017 235.3598056254005 1.5 1.6052784889936447 3.318171811103821 0.5012389004556164 1.6943716693887834 21.21890724864757 -1.5611496884983522 0.9999911785125732 
Pedestrian -1.0 -1 -1.5570286333491294 770.1504310489125 156.09728915542016 829.7613770353481 282.20105618558426 1.8 0.831500769406557 0.7848426260054111 2.7855976854457314 1.5611732678647476 10.784524387197475 -1.3042574981835229 0.999991774559021 
Car -1.0 -1 -1.7718854593884286 719.1679120033338 177.71760369058254 796.4646128531391 234.1954101480564 1.5 1.537802119553089 3.4948861718177797 4.206222421367833 1.655176972920987 21.213849694127333 -1.576146998969142 0.9999877214431763 
Car -1.0 -1 -0.41270955732889814 843.6949641319776 176.69145221575963 979.4753710515454 206.13016594801996 1.5 2.3093855500221254 6.247908484935761 15.868580532604861 1.7105157953959602 38.295713248443484 -0.0198772708561761 0.9999874830245972 
Pedestrian -1.0 -1 -1.9309316921504274 681.8524516450639 173.51706632715343 701.9589858248771 207.6071578429443 1.8 0.759854868799448 1.0200284913182258 4.352238568823059 1.83646963110047 38.70593063723326 -1.8189583132651193 0.999984860420227 
Car -1.0 -1 2.128839480831496 86.77086817358831 182.42540504125498 277.6562143244626 274.0423439790776 1.5 1.5141878768801689 3.549548101425171 -8.112834896023305 1.7097614941441546 13.984743828811224 1.6031656146009983 0.9999738931655884 
Car -1.0 -1 1.9466663368437467 331.46294354675337 181.57336520056296 415.50856802320374 232.27150147431476 1.5 1.5195971846580505 3.257137027382851 -7.687663174481755 1.805690391751817 23.59211767259856 1.631659257408005 0.9999685287475586 
Car -1.0 -1 -1.8415198456488973 751.1426126809938 176.92566146601166 866.1063182484744 253.69075045146604 1.5 1.5422609195113182 3.54298749268055 4.233218753824347 1.6010905214486089 16.066616637322987 -1.583895690799926 0.9999452829360962 
Car -1.0 -1 -2.1625873845787096 462.64140359964733 180.5286945399428 541.0765050548762 222.039577206344 1.5 1.486576397716999 3.250802916288376 -4.33682456073642 1.8205257586798618 28.398238643675533 -2.3141310969975333 0.9999374151229858 
Car -1.0 -1 -1.9017227629817444 219.25904448077176 180.78534847511565 410.54610557182355 303.8631239216265 1.5 1.5562929704785347 3.5735859096050264 -4.610765023410247 1.6402960911614004 10.878558051676857 -2.302610234418188 0.9997290968894958 
Car -1.0 -1 -2.2768879360383547 405.34329227865095 180.44180250956555 535.8000773503447 240.57828673434997 1.5 1.5552666530013084 3.6872318506240847 -3.9979571579218645 1.73115921655147 20.19093308341917 -2.4723669449475154 0.9997020363807678 
Car -1.0 -1 -1.795345329212593 72.78465419343685 180.48045139652498 354.8359979787383 374.0 1.5 1.5792545422911644 3.521197897195816 -4.036137508373512 1.5934648001765923 6.978944192050728 -2.319679097333227 0.9996187686920166 
Car -1.0 -1 -2.1722901386866917 483.2094657737412 180.42207216602483 556.8507583145766 217.76625289451655 1.5 1.5144132569432258 3.4177275866270067 -4.005635567877078 1.849237890838422 31.479908193889063 -2.298854188123022 0.9991297125816345 
Car -1.0 -1 2.032453855536416 222.9018905140743 181.95173218172985 352.67271140917757 249.78166354573798 1.5 1.5479779362678527 3.6066031575202944 -8.056026795157493 1.754096532496078 18.283750768022355 1.6174349665602268 0.544320821762085 
