Car -1.0 -1 -1.2403255502193726 268.76813020513885 181.77557797561673 369.4537637479025 237.15189376343557 1.5 1.5808379769325256 3.9712315917015077 -8.53166912975953 1.407947298027937 21.489039817528795 -1.6182639646020276 0.9999998807907104 
Car -1.0 -1 -1.1408293230644342 108.46872962525755 181.2906109405016 394.8748232653044 320.44220083599856 1.5 1.7737916231155395 4.428880897164345 -4.547414394850367 1.4588202718804284 9.961161220885492 -1.5690874737363798 0.9999994039535522 
Car -1.0 -1 -1.363385180731032 410.530850707787 180.6890750994639 486.56242435791074 232.2265294621407 1.5 1.5838679417967796 3.9231965810060503 -5.007568256211561 1.3693836093220322 22.88642506507743 -1.5787913660195214 0.9999901056289673 
Car -1.0 -1 -0.7630666240733059 0.0 185.3175238392313 67.61419871152665 357.4188990781317 1.5 1.55161754488945 3.6296969771385195 -8.283234475428928 1.5025353669210824 8.086532535594008 -1.5604803814229113 0.9999758005142212 
Car -1.0 -1 -1.486770483798484 520.9956636685347 180.2877524992464 551.9480967224221 205.13883900677988 1.5 1.6319895654916763 3.761669856309891 -4.4740567871976555 1.2036826774516072 45.278476719168616 -1.58526275964943 0.9999737739562988 
Car -1.0 -1 -0.9430938339570478 0.0 184.2791463411399 128.01315102062412 265.83106427371024 1.5 1.64045752286911 4.349095982313156 -12.528867750313694 1.4839050079133127 15.434046765271045 -1.6249694051828725 0.999906063079834 
Car -1.0 -1 -1.0594239922016373 154.24655056210332 182.76777314324954 271.3591975347128 232.22859294480264 1.5 1.599455115199089 4.093972083926201 -12.98335802615689 1.4268928763797366 23.854147209345506 -1.5578657808390004 0.9999027252197266 
Car -1.0 -1 -1.562285181135072 576.3541201053752 179.471123134112 625.9814153063479 224.06991394752862 1.5 1.669200000166893 3.83939505815506 -0.26575466493579136 1.3079227489449095 26.094738540951468 -1.5724690531522525 0.9994482398033142 
Car -1.0 -1 -1.4253107770898026 472.696041584923 180.2613134136806 535.1684274658141 215.0614984258193 1.5 2.0569619283080103 6.06993870139122 -4.815817443310389 1.2875812510081326 34.02116692768591 -1.5659300923023862 0.9966465830802917 
Car -1.0 -1 -1.2355492287710739 398.61780893721146 181.08996921843644 457.6060613759344 213.47241370305088 1.5 1.5800817430019378 4.020722818374634 -8.792761920240865 1.310021662364255 35.36882432760953 -1.4792117337372643 0.9942354559898376 
