Pedestrian -1.0 -1 -1.9868969789841093 676.8055135717135 155.17709190977433 737.7796498009482 270.3909935635119 1.8 0.609538846462965 1.0668232597410678 1.6205811708427402 1.406034242605238 11.637864067441479 -1.848535970845495 0.9999854564666748 
Cyclist -1.0 -1 1.89185580448101 234.06773679069806 184.89436386952343 292.9010437478227 254.0509910640327 1.4 0.636985109001398 1.7318491384387016 -7.40645949814528 1.50246111316939 15.322369761533475 1.4415959556910651 0.9999738931655884 
Pedestrian -1.0 -1 -2.0620500829661417 668.75632618168 154.65422844048095 733.3504907611059 273.34734586143367 1.8 0.6120325557887554 1.0167995028197765 1.4734240777700736 1.409704730213292 11.30131752846462 -1.932405040660177 0.9998869895935059 
Cyclist -1.0 -1 -1.423340561463 443.2877657070652 180.4551691295108 460.12334870706826 208.96463813277006 1.4 0.5825595490634441 1.7339822396636009 -7.723163963915757 1.399234226811024 35.60008541278724 -1.6369724507119996 0.9998618364334106 
Pedestrian -1.0 -1 -2.055126600625889 634.525837792992 154.95434802507853 700.8362670410719 274.47113007523564 1.8 0.6399470873177051 1.031344898790121 0.9349355860957929 1.416926623491044 11.24333586980673 -1.9721628288414819 0.9997723698616028 
Car -1.0 -1 2.114918761853229 0.0 183.59260272116862 87.32244038919825 338.42641307934366 1.5 1.5840376287698745 3.807225686311722 -8.461876075876033 1.549712726207293 8.953655132061552 1.3577510555598395 0.9997610449790955 
Cyclist -1.0 -1 -0.9104652732648517 0.0 200.4359084010067 199.30897144572268 369.0 1.4 0.5967149071395397 1.812743817269802 -2.395387141373141 1.5047584691630913 2.726421054431438 -1.6313209729876859 0.9994823932647705 
Pedestrian -1.0 -1 1.0852480001905218 1088.7201409103661 163.0879405272993 1111.6900885084399 204.64918405162788 1.8 0.6792110882699489 0.47326730825006963 21.61639492126816 1.0473650319475325 30.89414658830526 1.6957673907240451 0.9984692931175232 
Pedestrian -1.0 -1 1.1945669617190802 713.8838268169682 155.65331259796275 773.1503636497691 265.6281719419872 1.8 0.7160096921026706 0.8805718764662742 2.3048679906751333 1.3949769190679746 12.066862840099946 1.3833016594264167 0.9957752823829651 
Pedestrian -1.0 -1 -2.551927535669461 1102.7415659649148 162.562497890844 1132.926433141506 205.3712535652344 1.8 0.6226317517459392 0.8397413909435272 21.900030220709677 1.0472557166045393 30.22642948850782 -1.924925849833761 0.9924715757369995 
Pedestrian -1.0 -1 -2.898043848862569 1092.5786261094445 162.83225949893594 1114.5891079227304 205.2937434269895 1.8 0.5612881414592266 0.6576039388775825 21.41850125417956 1.0525205542220977 30.40007660725047 -2.2842679182675227 0.8777909874916077 
Car -1.0 -1 1.8258667730255018 324.24592488217354 179.87162092133576 364.1026746226287 204.2023178224691 1.5 1.549430426955223 3.591294077038765 -16.716005985429277 1.4626129405504542 45.447436950777025 1.4734148224208015 0.8085592985153198 
Pedestrian -1.0 -1 -1.3649919840854077 1078.6128313696665 163.08953599560522 1095.208329928344 205.4184633070732 1.8 0.4780095562338829 0.6012550115585327 20.73183249578693 1.0611147012882343 30.44237999138578 -0.7671190063145501 0.6673992276191711 
Pedestrian -1.0 -1 0.5257964213413899 1074.732243290166 163.28430723017146 1090.9896901520126 204.99097292780954 1.8 0.5337560109794139 0.3686050444841385 20.79350559668937 1.0584703513706868 30.79246230272906 1.1197377880427497 0.57970130443573 
