Car -1.0 -1 -1.9164112139252203 734.180077909725 175.5242983627264 1012.2147535486484 339.45106241040554 1.5 1.6707337021827697 4.374559459090233 2.776460768065835 1.5415004446141705 8.893165552577676 -1.61379819462565 0.9999997615814209 
Car -1.0 -1 -1.7761437027819553 702.8654834915264 177.22405327289763 820.0235196912125 264.64972823911387 1.5 1.5461784347891807 3.5392335176467897 2.814933682791807 1.597954705376122 14.333101834318498 -1.5822179448467237 0.9999982118606567 
Car -1.0 -1 0.5154797481982913 167.27045764950714 182.05426123153973 401.31063845623646 264.5674386620933 1.5 1.5697569146752357 3.972319003939629 -6.4100114013755585 1.6950433686409583 14.297741820369051 0.09402100642653874 0.9999914169311523 
Car -1.0 -1 -1.6583804322982632 649.5563245277351 178.90008567104942 693.5103700981447 215.78918078621882 1.5 1.595870268344879 3.7756683796644213 2.6186025349522697 1.7831154916098377 31.84922981584737 -1.5763462400671584 0.9999760389328003 
Car -1.0 -1 -1.7213850738019083 677.1522470127616 178.00280856148916 757.2798071941822 239.47938227423774 1.5 1.5921844661235809 3.8575860232114794 2.797754387903972 1.65594872810118 19.864099571500653 -1.5814607050877554 0.999975323677063 
Car -1.0 -1 0.7872982541248834 0.0 184.04433112613827 173.47883707736466 374.0 1.5 1.623343725502491 4.091930624842644 -6.2716866853621065 1.6075676525980993 6.068638898061187 -0.014552430310521804 0.9999749660491943 
Car -1.0 -1 -2.4748539354449313 0.0 183.1758654980639 269.8526401552528 328.0156690436719 1.5 1.5461732193827629 3.8509639471769335 -6.303448309690482 1.632310717529121 8.403736659424808 -3.118404225507055 0.9999737739562988 
Car -1.0 -1 0.3322989032360102 308.2132245042518 181.59255081950337 457.9556042088379 239.29585337170872 1.5 1.584508691728115 3.6121471345424654 -6.215506355563117 1.7510590344096337 19.853423966262383 0.028895064196314137 0.9999039173126221 
Car -1.0 -1 -2.8268323954971226 317.5616600841396 181.5956299656207 470.83191120674326 232.2267847201077 1.5 1.6904196262359619 4.284413021802902 -6.717614243050616 1.7849063761223394 22.584144967223285 -3.1159464875843867 0.99982750415802 
Car -1.0 -1 -1.6707754749473676 635.7741390813258 179.28832191427665 669.0986703993511 206.5665749022036 1.5 1.581776563823223 3.7779758244752886 2.4231466905332146 1.896521907770637 42.501411266861375 -1.613823805996452 0.999819815158844 
Car -1.0 -1 3.5483152546835224 146.668522275393 182.24309641839542 370.41779708197623 271.09287316614626 1.5 1.5168531358242034 3.3493908613920214 -6.3453914876221384 1.682693174309513 13.181496597193313 3.099669206138474 0.9996656179428101 
Car -1.0 -1 3.639751435305911 48.09583600177374 182.67322618403566 311.26975917016784 290.9028064066446 1.5 1.5044384196400642 3.0883340656757357 -6.436656261258421 1.6602960236589293 10.9464885961433 3.1081939816435398 0.9996181726455688 
Car -1.0 -1 0.22652114416490307 402.9207725395011 181.25885753371662 508.21688825761555 218.48823735238625 1.5 1.5794160336256027 4.0687019497156145 -6.463763533901816 1.8624790604963166 30.26219692663962 0.016091152033533375 0.9995433688163757 
Car -1.0 -1 0.40453858612272264 179.95747012949096 182.01435675731105 430.29243889562343 257.22001676691616 1.5 1.6659971818327903 4.6623463302850725 -6.440166772078365 1.7074311107571571 15.45241373351359 0.009655876955713549 0.9994271993637085 
Car -1.0 -1 3.3003444676520877 437.8996023112348 181.12440502569996 519.8956981189325 213.09356883389617 1.5 1.5517084419727325 3.7258035063743593 -6.368031355334497 1.9119063534033396 35.08772813607318 3.1208097815474094 0.9989064931869507 
Car -1.0 -1 3.488491919016062 249.47646546632745 181.94765384442144 422.87173705068346 246.8266452888619 1.5 1.518695105612278 3.6768997579813005 -6.666747826600214 1.7331439752013929 17.68338304065382 3.1279634118040622 0.9906387329101562 
