Car -1.0 -1 1.8624855671700393 351.13603937431725 180.94918936765023 451.3471194314793 243.4316211680995 1.5 1.5798977136611938 3.8753757745027544 -5.635464477634218 1.7440855351937368 19.77252786990329 1.5848326563795627 0.9999997615814209 
Car -1.0 -1 -0.9568621694905357 0.0 181.58812472203425 278.8451987592844 350.0761616027411 1.5 1.6075511023402214 3.930627790093422 -5.752161857042848 1.6286581207071629 8.611491437146405 -1.5457620351251704 0.9999995231628418 
Car -1.0 -1 1.7946933696254488 416.1928719525619 180.85418677859352 483.41717046430205 228.39308750667325 1.5 1.521860298514366 3.627275538444519 -5.554602728533558 1.799909804943769 25.195035903256347 1.5777003645857395 0.9999986886978149 
Car -1.0 -1 -2.2251822560839094 895.4580913634003 167.66167513234288 1241.0 374.0 1.5 1.6046541303396225 4.030131784081459 3.08921655466923 1.4864934007358772 3.9466847260921165 -1.5610564668339235 0.9999974966049194 
Car -1.0 -1 1.749707229789893 451.8753052346162 180.72507850244355 506.4166489695264 220.1075103052562 1.5 1.577724565565586 3.893982481956482 -5.446144076534229 1.8511309129376097 30.205046732895983 1.5713181376417698 0.9999974966049194 
Car -1.0 -1 -0.6123821786745418 1090.5740710249318 174.05012048187498 1229.5831896686905 210.59506105824337 1.5 1.7496394485235214 4.509493198990822 23.221490233551766 1.552726343906028 30.631624506542174 0.036275668940271656 0.9999946355819702 
Car -1.0 -1 -0.5603106047923431 1053.8307683072278 174.53573303451543 1179.7209280890504 207.96365233972162 1.5 1.7297227427363395 4.554807257652283 23.370682014849987 1.5806028880668745 33.449401736346225 0.049534006914819996 0.9999792575836182 
Car -1.0 -1 1.732464562977808 478.3828526852886 180.65767519210436 522.9037932248006 213.31281665075608 1.5 1.5740741536021232 4.049330067634583 -5.454440218086127 1.9133240240458789 36.146755055116195 1.5826973795851291 0.9999722242355347 
Car -1.0 -1 -3.4205906653186835 777.9947289667285 177.45389964612338 883.1308576611488 212.86938585300896 1.5 1.6279850646853447 4.115212944149971 9.564855896091187 1.7073456852544864 31.621043212075204 -3.126856640973364 0.9999709129333496 
Car -1.0 -1 -0.5303554124643227 1024.7908485103444 174.90563871198654 1144.1664847336338 205.58933431126152 1.5 1.7876066759228706 4.788920518755913 23.827228368233154 1.606782447524108 36.415479659764486 0.04904787143203191 0.9989253878593445 
Car -1.0 -1 -1.6518716651002454 663.8865907655344 178.9060409444344 700.8058587592301 209.7520566274329 1.5 1.6044572487473487 3.8917610913515093 3.7047167315924674 1.833969459680121 37.81226448435513 -1.554206787669335 0.9983230233192444 
Car -1.0 -1 -0.5305248119040236 1009.3981541040437 175.14937022676537 1118.0949604822897 203.8091122570875 1.5 1.7606860518455505 4.713968795537949 24.332464905462786 1.6270084257025477 38.861183709885864 0.028892441591944016 0.9975013136863708 
Car -1.0 -1 1.762911601080281 504.42856589356234 180.58040169954398 542.3900562844549 207.35453806501604 1.5 1.5620049580931663 3.8974648833274843 -5.213426451260627 1.9884315212790253 43.575984727271745 1.643837678428513 0.9438155293464661 
Car -1.0 -1 -3.364469518363654 752.8233362215269 177.9225361509574 832.3676700241053 208.50709957203964 1.5 1.6018677994608879 3.6350476115942003 9.15508302864318 1.762734449702385 36.50598537662605 -3.118753985562597 0.9151028990745544 
