Car -1.0 -1 -1.4132178299240714 441.78204979611013 180.22860835792576 525.350711207882 241.72241067265892 1.5 1.6122209399938583 4.081297528743744 -3.308740962101852 1.379482588053806 19.579534755470988 -1.5806259634580953 0.9999998807907104 
Car -1.0 -1 -1.0313910418658285 41.01902854569895 182.84404613205118 262.8716736614137 284.4266455473377 1.5 1.5706073984503746 3.6356794208288195 -7.6575891494340596 1.466110639191837 12.438531032501281 -1.5832272694122536 0.9999979734420776 
Car -1.0 -1 -1.110107472696776 44.65760120245955 180.9910690033631 402.90454943959986 375.0 1.5 1.5807176500558853 3.8706763207912447 -3.532111908097152 1.4690386070646357 7.404465208312248 -1.5552063882958633 0.9999972581863403 
Car -1.0 -1 -0.9059490339961755 0.0 184.12867033431087 143.74561409869423 270.8076453311165 1.5 1.5720939755439758 4.039500516653061 -11.464717367845136 1.4823199128792393 14.460246768314546 -1.5763111976583046 0.9999955892562866 
Car -1.0 -1 -1.5805435412100488 583.2989177050569 179.63929101810868 620.6709367166466 212.3183865150437 1.5 1.7163532346487045 3.741082412004471 -0.33486195256126755 1.245169057521618 34.87915445968999 -1.5901438790049893 0.9999911785125732 
Car -1.0 -1 -1.2656093304236298 329.11462088976486 181.36197200547488 416.81262492333803 232.6237129181879 1.5 1.5704866990447044 3.8582014411687853 -7.426313226212785 1.388365032169473 22.966072439258195 -1.5783573506076378 0.9999802112579346 
Car -1.0 -1 -1.080362511966994 128.94402347554237 182.8738584106765 258.2447308719964 239.00804544478544 1.5 1.5803369253873825 4.049862784147263 -12.105051339979282 1.438553282234387 21.25104523487536 -1.5981452791627986 0.9998780488967896 
Car -1.0 -1 -1.3299566514081844 411.9603443151204 180.9873466329465 466.7339364986715 216.17009706725884 1.5 1.5732825294137 3.7037356317043306 -7.580281880984279 1.320857405812256 32.50527769024291 -1.559063623720084 0.9994410872459412 
Car -1.0 -1 -1.189942321066932 295.43151633069846 181.92933974734837 362.0697566198501 217.92826448620514 1.5 1.5078578636050224 3.6180133491754534 -12.282747171339006 1.3641954918798826 31.767307320244598 -1.5588851171222073 0.9994125366210938 
Car -1.0 -1 -1.4253836587610127 491.44347377017334 180.3543616856736 536.1979510682854 213.13578892504034 1.5 1.5829807639122009 4.07803752720356 -4.5358515878742125 1.27868800847867 34.941022600960004 -1.5544762472298486 0.9990077614784241 
