Car -1.0 -1 -1.5754002923488148 595.3184532183385 179.06658183750648 652.0590610133438 234.00871696053113 1.5 1.577773366868496 3.1537386149168016 0.3510651714886993 1.700368697978417 21.640865027834543 -1.5591793889787537 0.9999986886978149 
Car -1.0 -1 -1.5954008490005014 605.857661869404 179.48914317185057 640.48761570663 212.26661374068712 1.5 1.6073130562901496 3.4814322859048845 0.5678536592274676 1.8426495032515986 35.47216465124926 -1.579393786438976 0.9999990463256836 
Car -1.0 -1 -1.823532044251678 729.1860755937439 177.2785427060738 836.481376001669 244.02039328949908 1.5 1.6614869728684425 4.1666536152362825 4.254028463026684 1.6273342308364354 18.598418523548364 -1.5986695597555978 0.9999949932098389 
Car -1.0 -1 -2.078967091024794 848.9824526016736 174.1596209329589 1202.0654393081634 353.4895132067365 1.5 1.5898721784353256 3.8796192526817324 4.1025776887202 1.518449015374357 8.028156137863464 -1.6065395000067098 0.9999833106994629 
Car -1.0 -1 -2.0736247349107977 397.51092267999013 180.62143160072193 506.63359705334045 240.5183921907703 1.5 1.5343683332204818 3.414750334620476 -4.553569527317248 1.7383576233511149 20.31803807931837 -2.294096306958471 0.9999657869338989 
Car -1.0 -1 -0.48779876161919367 892.7971651143455 175.89441401600465 1063.1798667353423 213.28172122733088 1.5 2.3014115661382677 6.010888379812241 15.312938791555736 1.6333889258174503 30.355282842613562 -0.02059181133774348 0.9999654293060303 
Car -1.0 -1 -2.178413955341211 263.8186445066271 180.57604469753426 475.9115524426822 287.3261177157265 1.5 1.5582180142402648 3.631034728884697 -4.1407490226237424 1.6479350400778874 12.084446558439174 -2.508526937165533 0.9999600648880005 
Car -1.0 -1 -1.8790677092254313 764.8037414554161 176.36955341813368 919.1600841652996 272.3607431056092 1.5 1.5935909494757652 3.7388748049736025 4.023534763195923 1.5742907632529408 13.290715417656859 -1.585105698616479 0.9999579191207886 
Car -1.0 -1 1.8738101301778198 259.28118051114234 181.94983098494728 355.0447133218231 243.15370886895676 1.5 1.486421239376068 3.4188712507486345 -8.315967749213188 1.7745432869774702 19.977186736140002 1.4793543060633796 0.9999299049377441 
Car -1.0 -1 -0.3925179381275594 785.5074422716827 177.31848236585364 892.3217352530544 214.49071634868739 1.5 1.6469853490591049 3.9521711438894274 9.539196141610276 1.6942880303960908 30.345865719829515 -0.08794935146835872 0.9999226331710815 
Car -1.0 -1 -2.2443871565678375 465.47924902037533 180.50767483065346 550.0982672564222 218.84985196356655 1.5 1.5640931695699691 3.7694087743759157 -4.450572491606763 1.847119949405518 30.827569694619225 -2.387766377129827 0.9999070167541504 
Car -1.0 -1 -2.161687631236937 426.4595796573202 180.5484413582592 527.359854729895 232.3211055296551 1.5 1.5199903890490531 3.442508962750435 -4.371344747346582 1.7664031359142465 23.18536826665188 -2.3480390469220027 0.9997617602348328 
Pedestrian -1.0 -1 -1.7670782300307308 691.2347579038264 171.88533352082126 713.7733739149463 214.65889158460052 1.8 0.7669978335499763 1.0435716740787029 3.9142677544163744 1.7595942691152702 30.908496152123536 -1.6411082903530938 0.9997575879096985 
Car -1.0 -1 2.352198591660612 0.0 182.88836077373077 192.15008911466597 316.72993946441574 1.5 1.5882110714912414 3.6748698472976686 -8.022166600132785 1.6701875697354092 10.290297914444912 1.6900300860365451 0.9994562268257141 
Car -1.0 -1 -2.26209951760239 511.71979231424217 180.33299313474973 581.6301645460491 206.91167594843265 1.5 1.772274126112461 4.54403558075428 -3.9615771959519996 1.9818880490741377 44.21524764635635 -2.3514584461834773 0.9990814924240112 
Car -1.0 -1 2.2495476498751255 145.06178396144438 182.19296134692476 318.6298435529206 263.5100902161258 1.5 1.5090173602104187 3.3867264658212664 -8.011503692312509 1.7248777993241011 15.533358617773656 1.773370730872971 0.9980924725532532 
Car -1.0 -1 2.2690540733184257 0.0 184.73590592500025 65.04446211539518 267.1364409350858 1.5 1.5959367647767067 3.823867303133011 -14.051320729820846 1.7896843662989435 15.628843233334354 1.536756678423609 0.9975892305374146 
