Car -1.0 -1 3.5025114486844773 204.2769651812428 182.17626168583075 385.7227677108808 255.01136050768278 1.5 1.5541425466537475 3.3388326436281206 -6.899046919546655 1.7172905146489368 15.931870117486348 3.0938553690870823 0.9999953508377075 
Car -1.0 -1 0.5039295886843631 46.13975934692266 182.4598928286936 354.8281200734501 290.0855151796959 1.5 1.5977709114551544 3.8008889675140383 -6.127687353772326 1.6576357281755199 11.00425979238173 -0.004155115285192214 0.9999947547912598 
Car -1.0 -1 -1.86368115511771 735.0941617726785 176.02929035883562 931.8760426830879 312.3282956934759 1.5 1.538860847055912 3.4259552627801897 2.7341145999875174 1.5508619295223172 9.745989976287149 -1.5901741991427285 0.9999901056289673 
Car -1.0 -1 0.31783064382405457 342.25279040781373 181.3187974028157 488.2816912290217 235.65601080881683 1.5 1.5658431246876716 3.8218727827072145 -5.6681917627599026 1.7580872472108775 21.07901080390956 0.05514232715102605 0.9999874830245972 
Car -1.0 -1 0.2679116040413847 361.9439540837663 181.38407836751009 485.1138188488231 229.30755062559672 1.5 1.5519539386034011 3.6321001619100572 -6.100023275225413 1.789753386806086 23.672084084005224 0.015709920725549973 0.9999871253967285 
Car -1.0 -1 0.6920696930273731 0.0 182.9929556150638 296.2120226934035 331.019431151904 1.5 1.6762735813856124 4.388879474997521 -6.253297268431299 1.6316265665156715 8.388972372793031 0.051507039866174976 0.9999839067459106 
Car -1.0 -1 3.590467246661704 131.3077376170748 182.46357440354342 351.20428800469267 269.72215056754055 1.5 1.5343960866332054 3.291982275247574 -6.767075830515839 1.689179585969033 13.375849575105276 3.122096884246689 0.9999502897262573 
Car -1.0 -1 3.3085095609986386 414.21591878477005 181.20508425429387 508.1408682922132 217.88803486533072 1.5 1.56921376734972 3.7108714252710344 -6.326577252619812 1.8660244958865777 30.74005189083913 3.1055347800215305 0.9999498128890991 
Car -1.0 -1 0.2678682260610983 303.6532480800048 181.54065669523916 459.33523512794864 242.81996153864227 1.5 1.5305648118257522 3.574579817056656 -5.889823553505181 1.7358262573146315 18.725263246924488 -0.03687305847672053 0.9999327659606934 
Car -1.0 -1 0.3094688445019578 364.7579746609175 181.31158563737293 500.36430824987406 225.51303853642236 1.5 1.6846217706799507 4.416614633798599 -6.338437391503655 1.8150952923059485 25.855603216040134 0.06906239589187077 0.9999058246612549 
Car -1.0 -1 0.13302746146616215 445.0581166084004 181.10122444746906 528.2655085231776 208.9748417567789 1.5 1.713804204761982 4.395076867938042 -6.873099423709796 1.9718774459856936 40.31474943143111 -0.035834983983312335 0.9998469352722168 
Car -1.0 -1 -0.15763118594864636 715.1780529381216 178.04635981343765 816.3540235197627 217.55826388444555 1.5 1.5960487097501754 3.6996977895498278 6.051623083570007 1.7120044743453193 28.51581562122935 0.05148617824050359 0.9986672401428223 
Car -1.0 -1 -1.6733628007403631 666.6664089936696 178.41701132703858 726.0185355161096 229.34321561940675 1.5 1.5472975119948387 3.4129547446966173 2.677134250025088 1.693552960417174 23.33982924439983 -1.5591595071044309 0.9978002905845642 
Car -1.0 -1 -2.8594996370610404 0.0 0.0 1241.0 374.0 1.5 1.4919935286045074 3.5476727902889253 2.805915683598017 1.457339640278418 0.8711661366581831 -1.58974210272101 0.7108955979347229 
