Car -1.0 -1 -2.192671597912893 955.0876622206033 170.45123807994568 1069.2511373017533 217.918904915807 1.5 1.6457325339317321 3.4849012762308123 13.752007685083356 1.1840059004930477 24.156783460854882 -1.6751456121590478 0.9999986886978149 
Pedestrian -1.0 -1 1.107460541212517 543.4846916236773 157.21971898285935 610.7521661269668 270.76307019416265 1.8 0.7572469793260097 0.9925161980092525 -0.5233380505470502 1.4325936896195408 11.82158108842888 1.063219710192408 0.9999947547912598 
Pedestrian -1.0 -1 1.480443476945452 248.43276669815293 168.61757988765672 279.6050336175279 240.8403948797056 1.8 0.6285162203013896 1.0592410832643508 -8.838415394164477 1.5054514562286303 18.232544689880253 1.0290617187831061 0.9999920129776001 
Pedestrian -1.0 -1 1.6559625245434564 287.778346263264 169.17823211055702 319.67260907986275 235.07474954601813 1.8 0.7467637330293655 0.9884403578937053 -8.500694067875171 1.4923193047969 19.894776933892647 1.2521599968287604 0.999996542930603 
Car -1.0 -1 -2.2969237408364847 1034.51599207673 169.32002925523003 1156.7212923582374 217.44165261120526 1.5 1.5945569172501564 3.2716887563467028 16.326549814816936 1.1530631420918185 23.75636562558641 -1.6948065320637566 0.9999828338623047 
Car -1.0 -1 0.9491257444840745 1097.9389183441924 168.27831651306292 1223.0 215.4864063467535 1.5 1.6189074635505676 3.9219225317239763 19.141854925162733 1.113215829109952 24.454512876310893 1.613261687751633 0.9999713897705078 
Pedestrian -1.0 -1 0.3859064916775967 888.0930650073018 146.03623606721456 985.6311956386521 295.3602478290232 1.8 0.6441873989999294 0.9652382254600524 4.211303545801131 1.386243146934225 9.090599384710723 0.819731875261988 0.9999336004257202 
Pedestrian -1.0 -1 1.3448670855795195 322.69212859011805 166.54398660146242 366.3099314512634 244.54128593585548 1.8 0.7661995969712734 1.0378514908254146 -6.294327489496854 1.479534688017042 16.956165460796033 0.9894217689845222 0.9999312162399292 
Pedestrian -1.0 -1 0.4134003254919869 861.3300795647842 144.26942367965077 962.8184966641246 305.50651930695204 1.8 0.6802947752177715 0.9192897498607635 3.617912322500621 1.397219695192127 8.456264829659604 0.8176724155757087 0.9997426867485046 
Pedestrian -1.0 -1 1.471293241937276 267.5283116601397 170.07692275266643 299.3541862231542 232.39322663598963 1.8 0.7650034062564373 0.997710370272398 -9.610288269805176 1.5004998092598705 21.041686635520318 1.04285995563003 0.9997013211250305 
Car -1.0 -1 -1.6194643607769426 603.2152491235346 176.10565878581147 636.6524242027837 206.19391922744086 1.5 1.5632879480719566 3.8218727827072145 0.7285407904527628 1.282358233113968 37.176633389204575 -1.5998701295491797 0.9996287822723389 
Pedestrian -1.0 -1 1.6711064291262303 212.21901753465835 168.82704139662937 247.02987834079747 242.414459974048 1.8 0.6798779152333736 1.0456830754876136 -9.529341840591915 1.5160697746145086 17.902628717626108 1.181963845095362 0.9995859265327454 
Pedestrian -1.0 -1 1.439827584192741 300.79377861202875 166.6493126808357 340.10507579434085 245.89069670153464 1.8 0.7327870026230812 1.0020687736570835 -6.7577072043928865 1.4869861318428637 16.672513122488837 1.05474321444961 0.999541163444519 
Pedestrian -1.0 -1 1.8465044943891809 324.2593050728176 169.08839061383597 359.372798025583 232.60920272516208 1.8 0.7115929879248142 1.0086131773889064 -7.676314406997502 1.4782002317185363 20.562420263503167 1.4892095764491218 0.9991596937179565 
Pedestrian -1.0 -1 1.4371542994980355 276.1978493744342 168.52163432993666 310.09981702110684 239.0588805402313 1.8 0.6971165098249912 0.9299262918531894 -8.254556749700768 1.495922437933553 18.61644267913724 1.0198013027522224 0.9989864230155945 
Pedestrian -1.0 -1 1.4487689700667232 341.93861290245275 166.4214891689417 378.3499874885725 243.92664223990278 1.8 0.6968247264623642 1.1156987890601158 -5.960413766286655 1.4746436913934218 17.07012435700686 1.1128317554804938 0.9939643740653992 
Pedestrian -1.0 -1 1.4659537522793225 292.6482144189111 169.8325237403935 320.61585049883615 231.78862630353424 1.8 0.6665821678936481 1.0076502829790115 -8.961079975278237 1.4916478547872347 21.139022601704497 1.0650052269312995 0.973601758480072 
Pedestrian -1.0 -1 1.5544082779354833 235.30709151789821 168.6588945546977 265.17731175043843 241.7035531681757 1.8 0.661259938776493 1.0641641475260257 -9.099309371589976 1.5098033941698714 18.043246329194154 1.0873221596095222 0.9196797609329224 
