Pedestrian -1.0 -1 -2.429465354799868 811.5230908334639 154.01024835672348 882.7681432569516 283.09044618373986 1.8 0.5610186167061328 0.8174331419169902 3.540727548224461 1.4179797239509684 10.509014106146157 -2.104487673440252 0.9999980926513672 
Pedestrian -1.0 -1 -0.658751989039134 12.805510295368403 119.54020430291595 228.95763516040816 373.0 1.8 0.669812087714672 0.7114991106092929 -2.6201121243760412 1.504259518233271 3.8854435515731613 -1.2520484785225732 0.9999788999557495 
Pedestrian -1.0 -1 2.4695840383040837 638.5589404598337 171.18544626588516 667.7637724578409 214.66685085760935 1.8 0.8180234141647815 0.9207778170704841 2.1671813386770395 1.3739925755833033 30.33193438564009 2.540911662574631 0.9999566078186035 
Pedestrian -1.0 -1 -1.7657603822931547 715.8153282783115 163.01413652311868 755.1834940841752 248.1280494845078 1.8 0.7007436387240886 0.7693569667637348 2.860379318573104 1.4102899818733539 15.578155723744977 -1.5841683466595156 0.9994081258773804 
Pedestrian -1.0 -1 1.8626778000816318 792.1884310264411 156.83694293509106 844.268312536232 271.6526987672622 1.8 0.6258243255317211 0.7582300834357738 3.5088101980189226 1.4146482684472215 11.747644435917781 2.152925002570969 0.9986900687217712 
Pedestrian -1.0 -1 1.9141240000880615 174.03054462767105 132.10905786477463 289.66400886585194 373.0 1.8 0.5122177794575691 0.5751197718083858 -2.4473874781545857 1.4999700318502862 4.701325030283847 1.4341530044886726 0.9985976815223694 
Pedestrian -1.0 -1 1.7692189074681834 130.4837939547705 127.14945441017963 263.3158951563544 373.0 1.8 0.6014499373733997 0.5588743396103382 -2.4573019616965204 1.501194542912557 4.3249096212235 1.2525295456263679 0.9970425963401794 
Pedestrian -1.0 -1 -1.9952279377560802 792.0798043657625 154.04392941238234 856.4368062600494 284.42662002280963 1.8 0.5464102633297443 0.9447323650121688 3.1684104403492848 1.422275882378729 10.417995722093929 -1.6999877552178246 0.9474577307701111 
Pedestrian -1.0 -1 -0.917428944788534 52.1003998215684 118.5979880243364 247.8659564030082 373.0 1.8 0.626364492624998 0.606749814748764 -2.3732912118738714 1.5020021718547711 3.7467728646060725 -1.4820621619608743 0.9201014041900635 
Pedestrian -1.0 -1 1.5272505143977266 780.8930322764157 157.05573717811737 823.2912879329034 271.7928548692538 1.8 0.6277117438614368 0.806291078031063 3.220872111437698 1.4178155883577357 11.729537053421913 1.79524015187822 0.765809953212738 
Pedestrian -1.0 -1 1.0742266422753397 704.0027224821422 163.9528322435449 745.7418472195224 244.27022030356926 1.8 0.6608167223632335 0.7686737485229969 2.8040966849750566 1.4079648785594039 16.566511574990262 1.241900368532862 0.5952115058898926 
Pedestrian -1.0 -1 0.16338008376549662 0.0 0.0 0.0 373.0 1.8 0.6435642510652542 0.8206073686480522 -8.779123556849147 1.5808314161772754 0.5257703284422847 -1.3475989858296258 0.5149663090705872 
