Car -1.0 -1 -1.2331367797326003 263.435222150248 182.02984200379058 345.7890585078906 225.71570942578387 1.5 1.5801718950271606 4.000598055124283 -11.192420106399634 1.3917414761239184 26.72228996857602 -1.629780092337404 0.9999996423721313 
Car -1.0 -1 -1.526354705712695 499.9945428820223 180.16123611486793 546.4771115353051 221.90617290623882 1.5 1.6153125584125518 3.9010344564914705 -3.2459285417963377 1.3195117183741945 27.829859182468066 -1.6424648399141175 0.9999982118606567 
Car -1.0 -1 -1.231711787335456 154.87568943615514 181.93815764921976 335.68171339008734 285.8525750315303 1.5 1.5928591161966323 3.6878115057945253 -6.010636543230135 1.4538200329752495 12.29632231846899 -1.686372065046106 0.9999935626983643 
Car -1.0 -1 -1.7427513833557275 611.2772870990343 178.48279306674135 714.9137152892117 254.63386447440496 1.5 1.6379094243049621 3.9273301631212236 1.0653266364882081 1.3685085244161017 16.195475589563383 -1.677066736915384 0.9999887943267822 
Car -1.0 -1 -1.0894058934049655 53.795819761547364 183.021701694218 246.82036789711137 255.47378525195145 1.5 1.8591290831565856 4.862129178643227 -10.76864469761013 1.4557081330072337 17.371724068723807 -1.6443257639792306 0.9999933242797852 
Car -1.0 -1 -1.3261448325766696 306.82786102573266 181.30958000594782 410.1785444354951 246.02523566632462 1.5 1.6086875021457672 3.998355057835579 -6.388661973507472 1.4105939380567813 18.71787429550255 -1.6550602028754098 0.999954342842102 
Car -1.0 -1 -1.3471957309466973 368.306535870382 181.18334491571792 435.9512597323053 224.55380204541598 1.5 1.5773918971419334 4.027432438731194 -7.641213252884967 1.3616692020748822 26.91110935960842 -1.623856750377689 0.999889612197876 
Car -1.0 -1 -0.8038231294820346 0.0 185.5217115286664 88.43540814552958 375.0 1.5 1.549931851029396 3.49258431494236 -5.141750022348412 1.5037737498012915 4.390701082555737 -1.6678475151446206 0.9998080134391785 
Car -1.0 -1 -1.276639195933721 313.05221323526683 181.77840956289782 377.9012739336914 213.15616666178488 1.5 1.835215699672699 4.670507696270943 -13.330714823921467 1.336813098937536 36.742109516108016 -1.6246876093235356 0.9996522665023804 
Car -1.0 -1 -1.3638121521405744 416.6284388294978 181.04470741259766 461.5804135582433 210.22606187731193 1.5 1.5890593200922012 3.9741168290376665 -9.106179092070814 1.2867310540409191 38.951909697008546 -1.5934676873174054 0.9982060194015503 
Car -1.0 -1 -1.4306825027294043 440.65050702053117 180.97087852199934 472.7980820426543 204.4803662173548 1.5 1.5782371655106544 3.8056741029024126 -10.025208896655505 1.230294591613634 47.813242206283924 -1.6373627493765694 0.9975396394729614 
