Car -1.0 -1 -1.5754819881736146 466.54866471794656 180.0801384489438 530.754549194605 238.06200854513176 1.5 1.7030219107866287 4.277676951885224 -3.3717146207697377 1.737924380992239 21.47112881859914 -1.7312447438624246 0.9999998807907104 
Car -1.0 -1 -1.0787835827037708 52.74579624510469 183.4174025586766 205.6146395960543 246.07296468648818 1.5 1.6687838852405548 4.433949154615402 -13.350549744670763 1.8313494781644468 20.323289376897517 -1.6600003550436837 0.9999992847442627 
Car -1.0 -1 -1.4579493915321236 381.4066759442974 181.2658942604406 436.68611939308374 225.13715835341145 1.5 1.5857331946492195 4.1050432741642 -7.660323405945914 1.8477518553196828 27.64382422848322 -1.7282742867853982 0.9999990463256836 
Car -1.0 -1 -1.8494471588026373 729.378123217995 177.60358941043518 817.8389517091746 227.92172224788354 1.5 1.6969722256064415 4.497922819852829 5.317208122576638 1.6750496210114487 24.238000789878544 -1.6334932083871705 0.9999971389770508 
Car -1.0 -1 -1.2477040435011737 187.9221583989694 182.301527903724 306.83407672244675 244.16285563951365 1.5 1.6595950841903686 4.524258387088776 -10.190621629317688 1.8005056105889474 20.566260765866144 -1.7077467153456551 0.9999877214431763 
Car -1.0 -1 0.8063814026496596 1134.6395201218618 173.17879202742805 1241.0 221.53963481764845 1.5 2.188401532173157 5.952298504114151 21.838005289142874 1.51317979202347 25.449822244111274 1.5155481537196296 0.9999792575836182 
Car -1.0 -1 -1.4648781103565431 524.8434656287567 180.26532791127514 563.5115543997131 210.172257730864 1.5 1.6564291462302208 4.339990255236626 -3.577111088148619 1.9280251897343272 39.45071237768447 -1.555303752483104 0.9999154806137085 
Car -1.0 -1 -0.6221135385334262 833.8030770530963 175.36629773128007 1137.206267403296 242.63429812819123 1.5 2.1282805621623995 6.640831243991852 9.072427180252243 1.5675553029857503 17.74940686901385 -0.1495939056065423 0.9998760223388672 
Car -1.0 -1 -1.8229673285370962 666.8444530717389 178.16611883365297 753.6614560819447 230.9518629645063 1.5 1.6809568300843238 4.4791730612516405 3.0636662993151997 1.6889886749451455 23.293838928918582 -1.6921953196313722 0.9996228218078613 
Car -1.0 -1 -1.9823769721781543 803.4070886892861 176.83537152744458 906.4021121898555 226.75890894757308 1.5 1.6729798659682273 4.2966077595949175 8.038129216035061 1.6463841558494126 24.24566386931436 -1.6622516224768502 0.9995238780975342 
Car -1.0 -1 -2.2116202266707323 1112.4490971574953 137.98114203589137 1241.0 374.0 1.5 1.6761478528380394 4.274286565184593 3.8166655154193627 1.468327010700162 2.9439398071662053 -1.2978421608593804 0.9993792772293091 
Car -1.0 -1 -1.553593787177761 1146.4566725661211 170.5882396871054 1241.0 373.96093495550264 1.5 1.6452238455414772 4.158534345030785 6.76951024912348 1.4836465081241625 7.394112664005571 -0.8122661272671563 0.9990155696868896 
