Pedestrian -1.0 -1 0.5710122530619737 706.1830927887047 148.7675297833098 800.7734348748307 296.70145277366396 1.8 0.7732673108577728 0.9367480434477329 1.8815664029221986 1.415571938214998 9.20190797673067 0.7727076252314704 1.0 
Pedestrian -1.0 -1 1.89141680413906 228.60482646949765 172.0622607787007 257.1529389964855 225.94749651722552 1.8 0.6251427836716175 0.8701387353241443 -12.360596677380325 1.519682464060099 24.091253836134 1.417364760241236 0.9999998807907104 
Car -1.0 -1 -2.1531483357986936 952.8960801225194 170.47181222040703 1067.3002916930948 217.80030617354484 1.5 1.6872764125466346 3.60486940741539 13.731930967873899 1.1837235850232597 24.2588646608305 -1.638059967258249 0.9999995231628418 
Cyclist -1.0 -1 1.5196343376953825 538.4662408605385 181.62779983347207 580.0647281570182 256.41652464990426 1.4 0.7306146927177906 1.8540794521570205 -0.9881199642565587 1.425852107057649 14.223703727431149 1.4502758224818366 0.9999992847442627 
Pedestrian -1.0 -1 2.149839981818693 74.54699426436723 167.97843036477784 136.32714206087826 255.91412079792659 1.8 0.6434533305466175 0.970809955894947 -10.596257361060937 1.5453145953201854 14.964965823037113 1.5337177952143806 0.9999972581863403 
Car -1.0 -1 -2.2605988329049147 1036.142236203577 169.34447021900675 1154.8659979236288 217.37097005567688 1.5 1.5780622631311416 3.222273525595665 16.32261098430038 1.1531358552374056 23.75218286327686 -1.6585120568659646 0.9999918937683105 
Pedestrian -1.0 -1 0.6603385942378521 694.4929672399577 150.71293991187517 786.8797212601033 288.5370018577866 1.8 0.7698397643864154 1.0045968487858772 1.837722801679792 1.412651032739877 9.860343939277922 0.8445996483180183 0.9999815225601196 
Cyclist -1.0 -1 1.6812791824097026 466.09865624613775 180.50944600197676 484.8737993391776 215.04960461811262 1.4 0.5949698880314827 1.6510362297296524 -5.415166956675446 1.4018820152836835 29.498214185712634 1.499724551043238 0.9999933242797852 
Pedestrian -1.0 -1 -1.6593972341550098 184.97557207002555 174.59475759456967 205.90038859520902 217.4380877879335 1.8 0.7315224528312683 0.4774646393954754 -17.463376188161497 1.5533824345121707 30.10655844684314 -2.1850201050427303 0.9999655485153198 
Pedestrian -1.0 -1 0.4716348486642101 772.7665572730186 143.78594678434123 885.8244690301476 313.9436972072379 1.8 0.7583163239061832 1.000465501844883 2.5134398570930894 1.4133136282918635 8.095167569518214 0.7726842602107185 0.999955415725708 
Car -1.0 -1 0.9244965412718265 1095.6132382971955 168.2508582105811 1223.0 215.5778252829569 1.5 1.6518893212080001 4.043858361244202 19.139184037450207 1.113321511432195 24.441021925132155 1.5888326048811496 0.9999305009841919 
Pedestrian -1.0 -1 0.7070272634428929 644.5262856840011 150.1973025610273 743.9150107190184 294.4877751251138 1.8 0.8012883856892585 1.0532358221709728 1.1398370325819938 1.4236565561895325 9.474139342511094 0.8267621239039558 0.9999436140060425 
Pedestrian -1.0 -1 0.38333501200343334 756.7068956987345 141.9624402116691 875.5236730215746 323.36748123253994 1.8 0.8191405355930328 0.9997796759009361 2.2337388416124626 1.419303865495755 7.641887641125823 0.667714520296778 0.9998351335525513 
Car -1.0 -1 -1.6116561262947562 604.2331289402206 176.13123551362875 636.2739012245108 206.29460036479628 1.5 1.5275387585163116 3.2441175103187563 0.7448285929666477 1.2841764368980815 36.79347682957041 -1.5914153950896603 0.9998399019241333 
Cyclist -1.0 -1 1.5089723991334945 535.6973027941275 181.74647098735295 573.956166138806 257.0353414628392 1.4 0.6489267133176326 1.6213005900382995 -1.0578570663254458 1.4278363832535692 14.017941387957464 1.4336506565425056 0.9993414282798767 
Cyclist -1.0 -1 1.3165949299442443 593.1222658271278 180.62347268289466 649.1963443413421 250.34459938438266 1.4 0.7413351468741893 1.9025704383850097 0.2737434608286499 1.4044417963411844 15.207570591502437 1.3345934589717048 0.9992721676826477 
Pedestrian -1.0 -1 0.04035052725844168 1122.5798428367355 118.96036562251544 1223.0 369.0 1.8 0.7862048715353012 1.0173738494515419 4.438404410935985 1.4039152049433299 5.199548550418223 0.7469386299464362 0.998586893081665 
Pedestrian -1.0 -1 0.10895687776383423 1089.9655747983186 122.80309989551355 1223.0 369.0 1.8 0.7484726168215274 1.0953142799437046 4.497573119670221 1.4012768083192542 5.554583842119755 0.7895874222132819 0.9975973963737488 
Pedestrian -1.0 -1 0.3950620342675626 765.4357135657268 145.56007304436545 880.9329096019296 306.0735674879882 1.8 0.7124959051609039 1.1534227550029754 2.587898299139517 1.4098693661886101 8.565397326250064 0.6884755333277839 0.9934760928153992 
Pedestrian -1.0 -1 1.7493941130343107 207.63589568851654 172.31779092371013 231.54133341695825 226.49181240784057 1.8 0.5791624568402767 0.8056983843445777 -13.085295651564955 1.5296764476109346 23.961297511829795 1.2495490749690192 0.9848061203956604 
Pedestrian -1.0 -1 1.8376627268485224 198.87058595561032 172.38787768540092 222.7795444393745 226.79696447287986 1.8 0.5453764021396637 0.6738353081047534 -13.282142416588831 1.5331705994767146 23.778672839187408 1.3282608230921882 0.893115222454071 
Pedestrian -1.0 -1 -0.015930846696486256 1145.6241238795787 124.32988112993374 1223.0 369.0 1.8 0.7086815804243087 0.9891639955341816 4.959525800268483 1.3945216506487068 5.710106881174112 0.6992356022212165 0.8613154888153076 
Pedestrian -1.0 -1 0.3447663372063299 1154.0770513040147 128.01458918561443 1223.0 356.0738704191004 1.8 0.6085112251341342 0.8683625169098377 5.347838358575351 1.3874572165116796 6.10280378663604 1.0643276413294929 0.6645612716674805 
