Car -1.0 -1 2.039102770233048 139.27875269591485 181.72742667477684 334.3990192819231 277.8879713574418 1.5 1.6183918833732605 3.9703960090875627 -6.822349359450814 1.6921841649613982 13.607434671166313 1.5743603587111057 0.9999969005584717 
Car -1.0 -1 -1.0369650016906609 664.9250037887535 178.3322659231723 759.8639745627073 218.09591767366538 1.5 1.7840726792812347 4.729059946537018 4.34074646492098 1.7485215864311456 30.28021465654992 -0.894582466283117 0.9999964237213135 
Car -1.0 -1 1.8194864404380218 405.1140007587709 181.53388645128408 448.57334837566543 209.0067245258194 1.5 1.5438518047332763 4.050059106945992 -10.812091459376035 2.038404927199491 42.69824893664189 1.571478593345505 0.9999936819076538 
Car -1.0 -1 -1.5643113225752667 591.8229856699453 179.24501188599487 640.651173084047 226.37049895299512 1.5 1.5876850605010986 3.553321820497513 0.1812006283552683 1.739739844715867 25.23586469720495 -1.557131163836692 0.9999881982803345 
Car -1.0 -1 1.8799516560337284 362.3130568298865 181.72518406507496 421.5631702188485 214.73214760689095 1.5 1.6465971738100051 4.1381681829690935 -10.831052253468341 1.9684837887551851 35.98964099640534 1.587624299522263 0.9999897480010986 
Car -1.0 -1 1.8945872856542183 343.2527358197268 182.2825591804946 383.4577589931865 208.5596103097187 1.5 1.3614222899079322 3.234418344497681 -15.018969440908002 2.096137051996188 43.96952445602438 1.565436049303736 0.9999833106994629 
Car -1.0 -1 -0.9538905848659207 704.6101385143942 177.74384121630223 812.5777186564798 229.0380171902499 1.5 1.6146909937262535 3.620206055045128 4.795435126502173 1.6704469272150129 23.270282150417994 -0.7506600777294976 0.999946117401123 
Car -1.0 -1 -0.9967104014299194 718.2198725742902 176.7919056423656 890.5360182201389 256.6449393132494 1.5 1.637849074602127 4.141757872700691 4.282994042164324 1.5971481545243251 15.739754932746502 -0.7310300628331049 0.999923825263977 
Car -1.0 -1 1.8018270979890347 435.00053565675523 181.3910655972534 470.83171246109043 204.94491481813117 1.5 1.5615618348121643 3.8039235889911653 -10.705693467509514 2.1057696247846973 49.25065459894677 1.5877852320631565 0.9993908405303955 
Car -1.0 -1 -1.1903662359495923 827.9393925871298 174.4128150953942 1103.3244568219973 329.64645255603807 1.5 1.6342437386512756 4.137391459941864 4.52369206248767 1.524073320351236 8.991874632872374 -0.7242523590710503 0.9991984963417053 
Car -1.0 -1 -0.8974627287231443 654.1619213709823 178.79076213855703 727.4502647141985 209.96756326119248 1.5 1.6267186522483825 4.02807095348835 4.20321412369897 1.8251619935393828 37.47349076463491 -0.7857645908978326 0.9975534081459045 
Car -1.0 -1 -0.9421074387625978 703.021636052864 177.4139638568051 838.5868468315913 240.13631795423223 1.5 1.6011233001947403 3.8458826512098314 4.3383639918158075 1.6347865766684666 19.39663455319046 -0.7220632592823846 0.9962245225906372 
