Car -1.0 -1 -1.9330450219497743 760.838763623843 174.8076250905619 1097.2470737699753 374.0 1.5 1.5955079838633537 4.03211512863636 2.705504083652056 1.5256077346789345 7.300971664471577 -1.5781658781368775 0.9999959468841553 
Car -1.0 -1 2.792703372030388 775.2472058236757 176.5216068601874 973.1596324619036 245.25261914791818 1.5 1.612989467382431 3.975387525558472 5.939312411992433 1.5891698222795383 16.650553201818763 3.1353376984556736 0.999994158744812 
Car -1.0 -1 0.5438266860528873 0.0 182.60717562745555 336.2893957497998 321.7256043943383 1.5 1.5762994557619094 4.22183410525322 -5.79052863304601 1.6307254442142316 8.770496327590472 -0.03970523277786799 0.999992847442627 
Car -1.0 -1 -0.1453965223290288 686.4613048925993 178.5461625348213 776.2698238243921 209.45146259233985 1.5 1.6860068336129188 4.243600603938103 6.001027189874236 1.7931208027198382 36.22517829480785 0.01877157290908269 0.9999904632568359 
Car -1.0 -1 0.3042728347512842 394.521503973344 181.11334226744188 513.178920692822 224.8287922239369 1.5 1.5967503681778907 3.896024686098099 -5.641167817893983 1.8102377537835301 26.095629635666064 0.09137587150069645 0.9998877048492432 
Car -1.0 -1 0.4785555087633375 0.0 182.3801278509312 411.0549737081676 287.8932359329481 1.5 1.871405591070652 5.8573833227157595 -6.395135749240858 1.665263659380132 11.46371472656952 -0.030301407971654613 0.9997782111167908 
Car -1.0 -1 3.3703690436446068 285.74567003995054 181.63744611029398 447.4074522574443 242.81195998422308 1.5 1.5878111615777015 3.7570128709077837 -6.328410614201422 1.7426335043098173 18.93322681448441 3.0477946877440036 0.9997482895851135 
Car -1.0 -1 -0.3491276203973246 871.1619159927149 174.94603457696385 1126.2861574935464 270.66178098247224 1.5 1.5490316346287727 3.5222018629312517 6.424031565841654 1.5390529506568413 12.345730357535437 0.13066272338363102 0.9997019171714783 
Car -1.0 -1 0.07729239876859292 474.929399505017 180.90209579528826 547.1361680057681 206.1938408978492 1.5 1.6295895472168922 4.282757875323296 -6.066097325300198 2.0052875839100035 44.32680306627986 -0.058712200322423656 0.9996870756149292 
Car -1.0 -1 -0.2577125815391079 733.3952130393747 177.77898486526917 842.5176372160395 220.2243045706468 1.5 1.5802955746650695 3.606717896461487 6.438889135485278 1.6869753378189076 26.512669033761775 -0.01946432987717219 0.9991788268089294 
Car -1.0 -1 3.284945840435075 344.9612909847006 181.30268841616518 481.14520574100953 235.40137678775307 1.5 1.5577117472887039 3.6952874183654787 -5.770463833119192 1.7615917586917047 21.310922102759367 3.020511853690964 0.9986487030982971 
Car -1.0 -1 -0.2903280282038383 749.0402206731751 177.50091226931556 868.3208278336245 224.17441664370315 1.5 1.543339204788208 3.5564056158065798 6.549910307121386 1.6612723506358922 24.165844526409817 -0.02564711967972346 0.9828509092330933 
