Car -1.0 -1 -1.7705018617069643 665.273565740286 178.06836054189623 750.988787206578 240.29602643482957 1.5 1.5483633175492286 3.906199571490288 2.5235165808122417 1.657442670712377 19.72984578681884 -1.6432890529420716 0.9999998807907104 
Car -1.0 -1 -1.6519912808772903 659.7737786074601 178.5113141107462 715.4813307440572 226.72253117608884 1.5 1.5775051459670066 3.916580465435982 2.556650776458397 1.710971331955867 24.884490248097002 -1.5496097738530976 0.9999996423721313 
Car -1.0 -1 -1.6366659789747853 640.3426926877944 179.07591599743566 677.7555160603474 212.64818618951256 1.5 1.5365787342190742 4.018553954362869 2.2881980099192982 1.8194347975461094 34.9899929864049 -1.5713631809365494 0.9999996423721313 
Car -1.0 -1 1.8059031733722133 373.5584460846887 179.90663616457383 507.1833793803302 276.7022073304522 1.5 1.5495462834835052 3.741501507163048 -3.0145869848460793 1.6490892579765528 13.333121013699829 1.5835442423780979 0.9999992847442627 
Car -1.0 -1 0.2681283259162843 341.47710474607027 182.19965969692709 421.91753186901127 210.56649186377078 1.5 1.5019275739789009 3.9449146509170534 -12.495361801532905 2.0229750327762397 39.52071480792276 -0.038098768391881664 0.9999918937683105 
Car -1.0 -1 -1.89106173304026 727.9253157109958 176.305277733618 896.8190423938789 303.3380555949915 1.5 1.4108017578721046 2.791930411756039 2.604072794930861 1.555257215485858 10.035055011953762 -1.637164310612951 0.999992847442627 
Car -1.0 -1 -2.006220569278784 792.523794281651 173.90396975667736 1227.7116264752997 374.0 1.5 1.53511171489954 3.679608416557312 2.706996035136515 1.5117470799195 5.9764132785746185 -1.5809189575400693 0.9999830722808838 
Car -1.0 -1 0.4143262604208533 236.8753425632748 183.24338472944117 325.6021779155974 211.61175945097656 1.5 1.5635286018252372 4.148512941598892 -18.007731698076622 2.0815162103449545 39.54988985853096 -0.01294036308792659 0.9999717473983765 
Pedestrian -1.0 -1 -1.978153128370987 841.2697327903165 157.6354528991704 899.1379287594488 270.35411479080545 1.8 0.6976237080991268 0.6378530085086822 4.213799553756138 1.557333468260841 11.860696459327027 -1.6367874304440362 0.9999529123306274 
Car -1.0 -1 -2.671741784068705 0.0 0.0 1241.0 374.0 1.5 1.5663262948393821 3.991689395904541 2.932513643672447 1.4631130906089502 1.5514761406125561 -1.5875700181957824 0.9995404481887817 
Car -1.0 -1 -1.4159013313852877 585.9283811603691 179.9222798278214 615.4217617596762 203.0137262717766 1.5 1.5476516008377075 3.2513691604137422 -0.640430034681948 2.0034908603635153 49.63880844193425 -1.4288024167206628 0.6045480966567993 
