Car -1.0 -1 -1.9180001160674567 773.5446381271197 175.13770778392905 1050.043584575379 344.2011976154152 1.5 1.5933085724711418 3.9450506240129473 3.093177374567349 1.5332978267578856 8.428526620015528 -1.5662711328503234 0.9999995231628418 
Car -1.0 -1 1.8020118180334905 432.3047708247167 179.9155827933312 540.4008152872996 248.14413176834486 1.5 1.7517246797680854 4.470328477025032 -3.0776964983737924 1.7050498330327257 18.623153062667186 1.6382303118666233 0.9999972581863403 
Car -1.0 -1 -3.4174080963329696 775.5606254083866 177.3387775049804 891.5578633172953 218.07700094413858 1.5 1.608964104950428 3.9465083301067354 8.440312942846674 1.677160182881049 27.596545559333027 -3.120596007504736 0.999994158744812 
Car -1.0 -1 1.718509793267837 517.967979876763 179.98213288338468 574.0836617971579 220.5865167825664 1.5 1.675054107606411 4.324715074896813 -2.58775065023945 1.8149947383209395 29.63692540480138 1.6314155936201633 0.9999912977218628 
Car -1.0 -1 1.7345114319885924 494.13859958539575 179.93674312933936 563.0943276854655 230.34884304457148 1.5 1.6259048625826835 4.243564096093178 -2.679851048543539 1.7595179897507573 24.236305889742315 1.6243870139082492 0.9999806880950928 
Car -1.0 -1 -1.7686318439511521 728.92001535629 176.9215082345802 851.3724892481015 265.80339356701626 1.5 1.5851028755307197 3.7964540094137194 3.3499815191208544 1.5916770214102611 14.27329830582552 -1.5381016517665727 0.9999783039093018 
Car -1.0 -1 2.0722162089471077 965.2350521357329 174.5902631809436 1128.3152407536222 251.2536290268172 1.5 1.5305886536836624 3.544820708036423 9.503469725074867 1.5419673447478806 15.73704344210749 2.6154923319777073 0.9999449253082275 
Car -1.0 -1 2.158018977668519 907.9309887467681 175.39434728892752 1055.2038031755988 239.21623052926236 1.5 1.6015811383724212 3.720299389958382 9.598458096836001 1.5718212502013402 18.689212157840092 2.632473695274216 0.9998332262039185 
Car -1.0 -1 1.6713621674968677 1161.2307591407969 171.72310252345727 1241.0 305.715240896631 1.5 1.5214408308267593 3.579974037408829 8.809457625522743 1.4876978405583503 9.843550590163694 2.4013786196669162 0.9996669292449951 
Car -1.0 -1 2.176307769574691 875.2868921778268 175.99113399285048 995.2170089472281 230.33151630862372 1.5 1.5393980339169502 3.55051928460598 9.745414162603332 1.6014496287173945 21.672329882268208 2.598887908454758 0.999636173248291 
Car -1.0 -1 1.9729260665590775 1038.0866652540356 173.5471538008658 1228.3062180001775 268.25471744419997 1.5 1.5149489536881446 3.539930519461632 9.418635142023993 1.5143592480463606 13.0099968545313 2.5995480895002903 0.9994531273841858 
Car -1.0 -1 2.6668672948447405 0.0 179.3498909937655 149.5726126059275 374.0 1.5 1.6074290990829467 4.124582794308663 -3.6306972171139753 1.5386057179611483 2.140298318701427 1.6287345766981662 0.9994028806686401 
Car -1.0 -1 1.9405358599229134 334.2132498722751 179.90557880340026 505.87334620552326 282.08105315425 1.5 1.5959328532218933 4.048611831665039 -3.24505373723262 1.6479249588311304 12.98879072520095 1.6957125544508518 0.9969891905784607 
Car -1.0 -1 -3.319341781959441 764.1886139175725 177.363771867725 900.8696793941149 215.24033408058236 1.5 1.8102452650666236 5.198217418789864 9.116208413890872 1.695764306945301 30.059575368829933 -3.0248864452031 0.9504812359809875 
