Cyclist -1.0 -1 1.5605338712522618 879.4880903362572 176.05603952236422 903.0635164323002 229.32386486634363 1.4 0.5773629553616046 1.6873039796948432 7.835511678006619 1.2847890925321304 19.46875232254389 1.9431643366774143 0.9999994039535522 
Pedestrian -1.0 -1 1.3031649325243129 490.2467281896106 171.04757328619363 507.8425489114551 211.58401856180745 1.8 0.6644821286201477 0.5319615386426448 -4.782035997995063 1.3817366342134438 31.768939511542314 1.153761072954859 0.9999674558639526 
Cyclist -1.0 -1 -1.7423437128970554 1018.3436829576938 175.3629780272571 1069.8923375712507 253.63635926570183 1.4 0.5465142920613288 1.711091262102127 8.334926812380035 1.3097610627476337 13.537173766189788 -1.1904552439835412 0.9999642372131348 
Pedestrian -1.0 -1 -3.063676503290667 865.4575082688418 166.12122246119944 886.7711256289576 206.6061490329318 1.8 0.761162818223238 0.843561489880085 12.238751418469258 1.1621716922581395 31.955920256093393 -2.6979206363346915 0.9999063014984131 
Cyclist -1.0 -1 1.9538009945484989 658.3040787709408 182.5297507979923 760.3671031381132 314.47943321066805 1.4 0.637319453805685 1.6334390759468078 1.2284753067994598 1.42825775105149 8.389426001862622 2.0991990447004856 0.9995866417884827 
Pedestrian -1.0 -1 -2.252822013564595 501.68059061757356 170.7342921537132 524.169635756668 211.97225413620066 1.8 0.5795003406703472 0.8551114730536937 -4.1057176555296255 1.375207395064187 31.361504791488496 -2.382997528710638 0.9988345503807068 
Cyclist -1.0 -1 -0.5061708975590047 793.8068420686774 175.8672205938302 831.5535548241158 205.9264005635852 1.4 0.682007198035717 1.5798338249325752 9.799972682884004 1.1856817118869654 33.431573176394856 -0.22102387348679134 0.9992542862892151 
Pedestrian -1.0 -1 -0.023573888413906285 845.8389795895155 166.54652761716923 863.2582300826192 206.3050238789731 1.8 0.7363700799643993 0.7357211343944072 11.437699964159778 1.1697407116649454 32.469569189562435 0.315112038454737 0.9978255033493042 
Cyclist -1.0 -1 -0.7275863071850577 782.6112285634614 175.9626768294005 821.2215540438752 205.8997517105279 1.4 0.6741201996803283 1.778375220298767 9.387971462647036 1.189264374916432 33.754395876613785 -0.4563163081791742 0.9972270131111145 
Pedestrian -1.0 -1 1.2934864217935995 485.1804700250238 171.13132282638873 504.91704320386856 211.4600861449739 1.8 0.739053127169609 0.6250921197235584 -4.996369346436144 1.383311635743092 31.99145892947876 1.1385597427699226 0.9954841136932373 
Cyclist -1.0 -1 -0.5583641708912359 779.4083945513491 175.9691490528229 821.8935176616832 205.49428056739143 1.4 0.7589542798697948 1.8579599007964134 9.432049227223786 1.186606465756869 34.14974428729463 -0.28888566891220635 0.9436302781105042 
Pedestrian -1.0 -1 2.7141940418735047 373.54130272709335 172.20473247639393 395.9505712494856 214.6067687818742 1.8 0.7149557143449783 0.6884883649647235 -9.52585947676939 1.4493390165414672 30.50577263914346 2.411524045463425 0.814951479434967 
Car -1.0 -1 1.8291248884955216 831.6130053069644 173.16523039695 866.4173549445696 195.35121348732466 1.5 1.4834389582276344 3.4312019616365435 17.161107708188755 1.0054078064041139 49.636624191805275 2.1619949221571506 0.5477120876312256 
