Car -1.0 -1 -2.133460383318227 954.0400027799266 170.45942350762377 1067.7177785268384 217.8357828314033 1.5 1.6815487787127494 3.642001983523369 13.745427685943184 1.1836526608208684 24.239512536534193 -1.6176083991911752 0.9999979734420776 
Cyclist -1.0 -1 1.8985461842166838 333.96426636283513 183.90467378601423 391.90765366576744 256.8564329746082 1.4 0.6106074459850788 1.705775086581707 -4.971527411221096 1.4755594470012858 14.497047457688671 1.568180247149195 0.9999938011169434 
Pedestrian -1.0 -1 1.937405047684132 177.25818108275467 171.29346453367978 213.09463193244892 233.23480015261205 1.8 0.6323351085186004 0.9339341454207897 -12.225858356153271 1.5340285040020483 21.052956545233066 1.4112831791255134 0.9999958276748657 
Car -1.0 -1 -2.2204330746654977 1038.0588063193395 169.36059095477023 1153.2376693148922 217.33807541864357 1.5 1.5456682562828064 3.2007674247026445 16.317823608052596 1.1532836986126558 23.73586047293862 -1.6181623349573953 0.9999948740005493 
Car -1.0 -1 0.8969745996787402 1100.42023597641 168.20077781957443 1223.0 215.62508660559016 1.5 1.6462423399090766 3.949287024140358 19.243272989883874 1.1125347988055432 24.33708282961533 1.5660175522181647 0.9999756813049316 
Pedestrian -1.0 -1 0.21592614656384912 899.3500759868323 136.9679106371025 1030.383815436739 334.7961082898401 1.8 0.7869522579014301 1.0245883397758007 3.5412660855507827 1.4056100969164547 7.05656279100864 0.6810447414729255 0.9999850988388062 
Pedestrian -1.0 -1 -1.6529375420579497 182.66157941352245 174.61640978846137 202.21013824739742 217.5589435285469 1.8 0.678315807878971 0.4989920675754547 -17.547583278802612 1.5548638072921932 30.0309593063282 -2.1817451874401907 0.9999642372131348 
Pedestrian -1.0 -1 0.06860760499235763 1044.0578772285012 132.0430355891687 1195.5412692703514 345.1341934531028 1.8 0.7579148307442665 1.0965019956231117 4.755525919562238 1.3923840559123482 6.6091990823119255 0.6923219402644294 0.999911904335022 
Car -1.0 -1 -1.555683242689401 604.6083822473272 176.13025008391207 635.3389224837764 206.21060024620073 1.5 1.5334031105041503 3.063098204135895 0.7879603988693397 1.2835268171367187 36.81156994694689 -1.5342812734332425 0.9998743534088135 
Cyclist -1.0 -1 0.483522774426255 721.7707031923483 181.2608691152204 875.4923634538724 305.96783097785067 1.4 0.7447472333908081 1.68958832770586 2.326824685414481 1.4120425607647786 8.788300531248238 0.7423478802058355 0.9998385906219482 
Pedestrian -1.0 -1 0.21517438606929162 933.8581647093549 139.9943290402433 1058.9220500843444 318.31860681204336 1.8 0.7471648536622524 1.0700822368264198 4.244579800015786 1.3928304235563216 7.764894447900764 0.715432091555323 0.9996734857559204 
Cyclist -1.0 -1 0.19952163720752658 880.4854211100336 178.95443431001826 1061.0036487249088 304.2532280384831 1.4 0.8267594061791896 1.8726729348301887 4.473040270621749 1.3844172836964395 8.80044389497731 0.6697668274256843 0.9999996423721313 
Pedestrian -1.0 -1 1.8221466897745169 148.51020114263653 171.51340762762544 183.62590069986965 234.40371103601197 1.8 0.6801459498703479 0.8799428611993789 -12.907249706544281 1.5443634245603464 20.753459087951818 1.2657562931391853 0.9961614608764648 
Pedestrian -1.0 -1 0.12970895688047468 1095.90056512833 124.80486811989718 1223.0 369.0 1.8 0.707790956646204 0.9997621670365333 4.5981226074475865 1.3991562817631495 5.711315436456422 0.8075458248469489 0.9954575300216675 
Cyclist -1.0 -1 0.29413696983219595 895.571883576412 178.7159913417987 1055.5430872468285 299.7905596556921 1.4 0.7479236021637916 1.6638463854789733 4.645120815735091 1.3810550550115286 9.01824320001494 0.7697760303828375 0.9906858801841736 
Pedestrian -1.0 -1 0.901890298086383 741.1117529208209 146.9638606005639 843.660502795336 302.0300805666946 1.8 0.6939190000295639 1.117872030287981 2.2720727051081626 1.4123978399358668 8.85403741842533 1.1530844410273688 0.9737410545349121 
