Car -1.0 -1 -1.5550680979398475 572.3041367553749 179.34958736657651 626.4086711749557 230.6994530808938 1.5 1.611877654492855 3.311273691058159 -0.363790604004025 1.7236833242644245 23.148876558404805 -1.5707820639780208 0.9999997615814209 
Car -1.0 -1 -2.2250522585223256 0.0 182.33773626982455 288.5353370805753 342.4856643648262 1.5 1.6191479310393333 3.8199419647455217 -5.888976256785081 1.626274883236479 8.245201288947195 -2.84526534477738 0.9999985694885254 
Car -1.0 -1 2.0078384557100044 193.3591942884075 182.3321354030337 317.96319500351296 246.27052998641284 1.5 1.54913519769907 3.7539961308240892 -9.399977520172179 1.7796758736964415 19.3725835013982 1.5560840805384772 0.9999978542327881 
Car -1.0 -1 -1.4578080399533704 514.3810595345858 180.06603310516496 566.8040581784086 222.27884914336613 1.5 1.6266515970230102 3.7151972323656084 -2.6836470882536267 1.8004454392556264 28.1480499033402 -1.5528611569341761 0.9999970197677612 
Car -1.0 -1 1.9629301283799063 267.5900399463851 181.7932668417831 382.55514849642054 233.65928431069176 1.5 1.8712800487875938 4.781343278288841 -9.376283410329842 1.8288937901123081 24.105272154608667 1.5919663786848606 0.9999914169311523 
Car -1.0 -1 -1.7741965179999704 676.4623654933544 177.36006825643605 815.2218802523993 258.29560473474737 1.5 1.9544337436556816 5.442445215582848 2.7858713253895107 1.6201849181278465 16.430520091097986 -1.606239219256912 0.9999901056289673 
Car -1.0 -1 -1.5551003445787657 584.7314568459559 179.6061764068003 621.7789781820874 215.28948232365485 1.5 1.592530545592308 3.57558788061142 -0.32034037688195505 1.824091789117275 32.79899780374657 -1.5648668073725445 0.9999399185180664 
Car -1.0 -1 -2.2039189544961735 323.7225600087235 181.16661684684505 459.0485029262996 243.48375786139303 1.5 1.5816964700818061 3.773469713330269 -6.031580829214475 1.7464110773555064 19.594647615594063 -2.502532498040472 0.9999356269836426 
Car -1.0 -1 -2.219700426971241 370.7735213271783 180.9901719042872 485.77854698405633 234.44380358257746 1.5 1.5546923995018005 3.702630710601807 -5.7671532375124155 1.7744142683019961 22.54101392293242 -2.470178798833166 0.9999343156814575 
Cyclist -1.0 -1 2.1874603317930514 100.0039891106797 187.22264077804863 145.4757152665672 227.34765243846152 1.4 0.5768573403358459 1.585906420648098 -17.946013599033574 1.9449195288792085 26.543893297627108 1.5929634451826633 0.9994931221008301 
Car -1.0 -1 2.05588465915364 146.07496796834062 183.4181872705506 241.35630808274016 229.94791782565696 1.5 1.494169284403324 3.4975005805492403 -14.83558360662605 1.9046826653080884 25.838195514924855 1.5346724232051032 0.9994958639144897 
Car -1.0 -1 0.2695407752210752 460.3956066466255 181.00707902888945 529.7154647784669 209.11446677021553 1.5 1.5745487555861473 3.5080263882875444 -6.3874054281850015 1.9639552356331655 40.04772843769495 0.11137811740371159 0.8846890330314636 
Car -1.0 -1 -1.7559331573106984 655.918452056788 178.40622687318915 727.8766903068379 229.24577991537313 1.5 1.6133336842060089 4.091177371144295 2.5632509962227994 1.700061162327094 23.84737159642385 -1.6488585631039483 0.8725147247314453 
