Pedestrian -1.0 -1 0.940669579399831 533.6292304705325 135.47290382178358 656.9827876235369 369.0 1.8 0.6009753353893756 0.9233408167958259 -0.1500200969192361 1.4589959531093837 5.92572338138684 0.9153582294795173 1.0 
Pedestrian -1.0 -1 1.4363158322457679 567.8504700092814 165.7147521558132 590.0436277248963 230.89384731170932 1.8 0.5486882783472538 0.5786117658019065 -0.7701196823273285 1.3932650962518571 19.8533138859808 1.397544785341944 0.9999899864196777 
Pedestrian -1.0 -1 1.0944696807751273 475.865588477462 132.831438561364 589.8188337198968 369.0 1.8 0.5604572154581546 0.8046167463064193 -0.6234690712890759 1.4676440336222574 5.4403538723635 0.9803666313502448 0.999990701675415 
Pedestrian -1.0 -1 1.1675061990710793 544.4651244332 163.2093586841728 574.8278311241538 244.1072639144271 1.8 0.4547250483185053 0.6926043450832366 -1.0794439658748316 1.416891766368364 16.13878001236763 1.1007205684992927 0.9999750852584839 
Pedestrian -1.0 -1 0.39654840107525946 958.7016416235267 92.74602145609981 1201.6404318876191 369.0 1.8 0.5739992044866085 0.8124427430331707 2.1945543957665303 1.4423140612364946 3.388238989309097 0.971303387484278 0.9999619722366333 
Cyclist -1.0 -1 3.0457951347909735 321.74906174449507 182.68643550452157 373.916551016801 226.91128462976465 1.4 0.5443139493465423 1.550966177880764 -8.399985582992436 1.4745176444523895 23.01473526941633 2.695835340019089 0.9999572038650513 
Pedestrian -1.0 -1 1.371881798757731 529.8377796277118 166.23247717950275 553.8856541754378 231.14953240557827 1.8 0.5478053845465183 0.7056718252599239 -1.826732597127048 1.4059715109401427 20.016277210019105 1.280871554217066 0.9999511241912842 
Pedestrian -1.0 -1 1.4207982503691872 584.8352642465583 165.4724006976834 606.9796272213692 230.74389146961374 1.8 0.5304852992296218 0.6393827058374881 -0.2942821803042194 1.3871599886989106 19.85228432933997 1.4059757431361335 0.9999127388000488 
Cyclist -1.0 -1 2.5872883510541467 504.10901491818686 179.8373549594175 539.7875564428764 213.10990314050906 1.4 0.5108985610306263 1.4771443352103233 -3.5864235493131216 1.3736002236712084 30.404931941895263 2.469875562187058 0.9999234676361084 
Pedestrian -1.0 -1 0.381009864681251 923.188643221818 93.02744042884278 1149.0735763584448 369.0 1.8 0.6552855044603347 0.7339714586734771 1.9864753377745792 1.4450906426800065 3.368490095823265 0.9138383110377448 0.9998403787612915 
Pedestrian -1.0 -1 0.306562290186 1025.749994863041 105.4167108865677 1223.0 369.0 1.8 0.5217145688831806 0.8425746604800224 2.8901975977372034 1.4302107394054637 3.9873616256952773 0.9337653358790534 0.9998133778572083 
Pedestrian -1.0 -1 1.1813120596546374 644.3181576284272 137.4804449798249 737.056754140699 355.17467236077067 1.8 0.5235972374677658 0.8775948107242584 0.6932636976682602 1.4459992744813803 6.335362936719328 1.290306015810694 0.9994150400161743 
Pedestrian -1.0 -1 0.9269071588447108 588.3783139786448 135.1651194426041 703.7939705501507 369.0 1.8 0.5500117808580398 0.8738811619579792 0.2760243093265945 1.453434954485233 5.942708245255562 0.9733213623377935 0.9983817338943481 
Pedestrian -1.0 -1 1.723227642620054 520.4470247954823 166.45152574771788 544.1074842357654 230.8607226100467 1.8 0.5751310408115387 0.6761963039636611 -2.0974173101004987 1.40897236881494 20.1060844068872 1.6192860484083713 0.9871692657470703 
Pedestrian -1.0 -1 1.0173278986797016 531.1665261977508 134.2209201935869 641.7902386046414 369.0 1.8 0.5529636077582836 0.787182480841875 -0.2154783074722159 1.4611413746687596 5.6791210395795 0.9794038971278327 0.9351472854614258 
Cyclist -1.0 -1 2.4317845679438337 514.8359278143784 179.66833813327727 550.2592638429805 212.60280558303444 1.4 0.6535117074847221 1.4644263803958892 -3.1700961540044283 1.3661264763024257 30.8069944577185 2.329243648048264 0.9134346842765808 
Pedestrian -1.0 -1 1.32863290057661 554.9496126583348 165.97333896686533 579.1651576706311 230.55746717071298 1.8 0.5765649981796741 0.5190155960619449 -1.112563875734963 1.396708902049804 20.03356609788612 1.273154898485865 0.8454294204711914 
Cyclist -1.0 -1 2.449802479100349 515.5650069088607 179.7332017753217 545.9363143959013 213.1403329098085 1.4 0.4871411740779877 1.2761788934469223 -3.1923918044931785 1.369348897528487 30.25209291768209 2.3446652770002903 0.828730046749115 
Car -1.0 -1 -1.1783877986798743 0.0 181.3236817371099 275.660256849903 369.0 1.5 1.8384529769420623 5.0620345890522005 -3.1716349822794663 1.5092269813046213 3.7658439624581037 -1.878342495360647 0.773806631565094 
