Car -1.0 -1 2.211161623635071 17.95132538638223 183.74821482394742 186.2967451948361 245.4226001485606 1.5 1.6846484065055847 4.250696909427643 -14.205230633195027 1.8417940779768551 20.458683381108237 1.6042461276014865 0.999996542930603 
Car -1.0 -1 -1.5627118904201844 607.2572106628654 179.43465321261516 642.880314282111 213.30829127571857 1.5 1.611923848092556 3.4664331495761873 0.6903266330260349 1.8299998543397258 34.38574421858722 -1.5426386325296504 0.9999943971633911 
Pedestrian -1.0 -1 -1.277635529974698 706.0713824367554 166.35364100669295 744.4543396151931 239.05684076881428 1.8 0.7762849822640419 0.7745179839432239 2.8925248500088694 1.6394206746273707 18.378627436296348 -1.121530787148748 0.9999927282333374 
Car -1.0 -1 -1.5563341501209054 597.4658511143507 178.96199618029812 657.564861062291 235.81124274394293 1.5 1.6180821254849433 3.314875301718712 0.48447574310885144 1.693142953216002 21.084411346352375 -1.5333602810886247 0.9999891519546509 
Car -1.0 -1 -1.8041297394826241 735.0730325097618 177.12611325336024 848.0310066215059 248.71723339873103 1.5 1.6780850037932395 4.222553831338883 4.184416743612865 1.6163786160160787 17.479922162171572 -1.569167125565235 0.999968409538269 
Car -1.0 -1 -1.6840034515202789 686.9439917593577 178.57598309882476 730.4072031878412 212.3466594743701 1.5 1.6194433465600013 3.9974919080734255 4.652446776992525 1.7918765369521226 34.74308328704774 -1.5508853542294843 0.9999765157699585 
Car -1.0 -1 -2.0829719300718654 345.539045233738 180.48980221862996 496.1747953824221 263.3690549057373 1.5 1.5413446843624115 3.4704817950725557 -4.098722768993906 1.6796578752977454 15.16188759301696 -2.3469919125225887 0.99994957447052 
Car -1.0 -1 -2.0739318850148836 379.70814763103635 180.64539031382927 498.61844118197973 245.53732809642594 1.5 1.5343091011047363 3.4729114294052126 -4.588305753162334 1.723972513881114 18.906687439667248 -2.3120109001782283 0.9999421834945679 
Car -1.0 -1 -0.3322546979304921 806.731940080875 177.32708575852706 911.2128409937073 201.43926506074965 1.5 2.199886229634285 5.958577853441239 15.901015619514636 1.794884907512244 46.400195991690744 -0.0021043578770501233 0.9999333620071411 
Car -1.0 -1 -1.9556786014507779 55.11739350412614 180.80058662180926 372.2288323728247 367.7889173367905 1.5 1.6028453156352043 3.8737183928489687 -4.447508432853559 1.6060514858138057 7.767342198398139 -2.4757003943112235 0.9998751878738403 
Car -1.0 -1 -1.704531242136271 691.8636872209389 178.37598700417104 743.2235931664569 218.48457641321184 1.5 1.560598661005497 3.826907140016556 4.276978128966592 1.7403332347118685 29.43237195143559 -1.560225888216172 0.9998737573623657 
Car -1.0 -1 -1.6731943919849877 0.0 181.27118270652804 153.9734788312575 374.0 1.5 1.6048858433961868 3.6624065160751345 -4.662862137711493 1.5774480633708023 4.813151575267966 -2.4427338997509818 0.9995539784431458 
Car -1.0 -1 -2.4014278410583616 469.1790605184915 180.4229669731906 560.1009035825803 221.74180885657495 1.5 1.5102632835507392 3.416734051704407 -3.8145300566608293 1.814708224321258 28.369567997481692 -2.5350847403195247 0.999240517616272 
Car -1.0 -1 -1.9582613586272295 804.6882079014463 175.28142986853513 1042.4381542959306 309.7572694659926 1.5 1.6038885831832885 3.8661433875560762 4.000172922958827 1.540724002690447 10.05572845203614 -1.5796526149523002 0.9990291595458984 
