Car -1.0 -1 -1.8855452668153867 728.2719836545001 175.83800601119887 966.0437056059861 323.9467058260971 1.5 1.5869075924158096 4.388582196831703 2.7508916022206122 1.5493237857704862 9.615790887845906 -1.606906936564718 0.999997615814209 
Car -1.0 -1 -1.781150896074187 698.562113369887 177.3065524977914 815.8183809516065 258.3465916581458 1.5 1.5928300589323043 4.292784121632576 2.9912223380359877 1.6109460060424934 15.754176715997941 -1.5935158441450936 0.9999924898147583 
Car -1.0 -1 -1.7525468081318478 681.93961670298 178.1166682032319 754.1591793520399 234.36851010587932 1.5 1.506359738111496 3.3328919231891634 3.053727530477619 1.6677227719504293 21.249257685109608 -1.6098142052677018 0.9999890327453613 
Car -1.0 -1 1.8685694389771037 252.41388517515477 180.04843755303972 451.21253009850403 309.60704580754884 1.5 1.5771136179566383 4.04119813144207 -3.5728601631389196 1.6266151463136902 10.618729317570025 1.5440005501124519 0.9999829530715942 
Car -1.0 -1 -3.456424531159782 879.0627306584672 176.27285316689685 996.1256620435357 216.11858512374178 1.5 1.634487372636795 3.8710283607244493 12.749921086671687 1.639562911136989 28.35542961696461 -3.0338645736363277 0.9999839067459106 
Car -1.0 -1 1.8219130223729822 378.60900775499096 180.35228119033272 489.1527844268868 258.33876232031207 1.5 1.5240466713905334 3.6163857698440554 -3.8299158370574453 1.686061937273892 16.046264289761396 1.5876169085463108 0.9999641180038452 
Car -1.0 -1 -1.7595531691183341 644.6750143137964 179.20166414454977 681.4459677080046 206.17256095736835 1.5 1.5477484583854675 3.445877742767334 3.0708076515018945 1.8925443155944448 42.77548221036939 -1.687887148061071 0.9995884299278259 
Car -1.0 -1 -2.2171203732550118 882.3801568712611 167.5156683248882 1241.0 374.0 1.5 1.5267100676894187 3.515357014536858 2.728249644162364 1.4867035202354746 3.60194600829211 -1.568876115549591 0.9992920160293579 
Car -1.0 -1 2.1586497016822737 0.0 179.71371349079536 330.79178439875517 374.0 1.5 1.6128527492284774 3.9347900569438936 -3.4804040790474504 1.5660493537373474 4.917771833945674 1.542761488756861 0.9978312849998474 
Car -1.0 -1 1.7766805469200966 442.20740512711893 180.2106848788224 525.70624789374 239.25885074099372 1.5 1.5863111734390258 3.992215034365654 -3.5767449934454305 1.7336402026847235 20.854025134149673 1.606819856162888 0.9975178241729736 
