Pedestrian -1.0 -1 -0.8594498227339278 555.0282108404219 157.75630741285397 637.4528558531163 281.48080025974343 1.8 0.9162484228610992 0.885665838420391 -0.12129846701915536 1.455877965841418 11.081903154955729 -0.870395020642553 0.9999996423721313 
Pedestrian -1.0 -1 -2.0087616014311243 899.4374458700282 142.38517927363674 1028.7285000027255 330.07927727524884 1.8 0.8474990285933017 0.9722589075565338 3.6338721616018144 1.4262585295305477 7.380588650479023 -1.5512484098461015 0.9999942779541016 
Pedestrian -1.0 -1 1.2263973069100604 795.9674317224402 148.49526328614675 889.7874720862799 309.27232484210475 1.8 0.7578909888863563 1.0029833324253559 2.7958632720375953 1.4318441763171597 8.551650751922512 1.5423814495417731 0.9999920129776001 
Pedestrian -1.0 -1 3.6428684094198474 119.09920520042375 157.64957569752374 218.9113755716728 309.7302955423618 1.8 0.6621159173548221 0.8400207877159118 -5.350701753904979 1.519055755656526 8.84811810332383 3.0989799380262912 0.9999867677688599 
Pedestrian -1.0 -1 -1.6396293444561423 524.2711605643905 170.57270031460038 549.5952781799901 224.95446841885325 1.8 0.7963352397084236 0.7922301560640335 -2.2060301940169613 1.439399235783623 24.228162955219442 -1.7304312745716912 0.9999288320541382 
Pedestrian -1.0 -1 1.3309350797117656 789.9314522626056 150.52054669969735 861.0527665589198 301.0890209464542 1.8 0.6681683033704757 0.8338720098137855 2.7460187318920357 1.4309937523649572 9.019738263761004 1.6264653086622776 0.9997711777687073 
Pedestrian -1.0 -1 1.8480657564055751 383.45430132612114 157.95920258688795 457.9269361514233 292.00478797183524 1.8 0.8059667915105819 0.8876889504492282 -2.5642753036004264 1.4852135128209552 10.098566314817614 1.5993966937025608 0.9998811483383179 
Cyclist -1.0 -1 1.7388091490437803 468.71408985339946 185.2479928637047 522.8910946029692 273.1007801127156 1.4 0.6479557164013385 1.7324749872088432 -1.8319354371004823 1.4704876748160018 12.39175373365727 1.5920371890028537 0.9996236562728882 
Pedestrian -1.0 -1 -1.610141747039882 545.2386577956651 169.74849804213537 569.8276565777535 227.5269944707637 1.8 0.7423477739095687 0.9606637552380561 -1.4331705873128442 1.4350093391435903 22.89159404171091 -1.6726669902589661 0.9993298053741455 
Pedestrian -1.0 -1 -1.665660154039103 520.0213617008008 170.71449326178896 545.497354572517 224.53229612479632 1.8 0.7849276557564735 0.8714397929608821 -2.37528776651396 1.4403472668198705 24.525376052890355 -1.7622092376139504 0.9991787075996399 
Pedestrian -1.0 -1 3.330219754460653 389.3967769447082 162.0449689710273 438.5765986745428 273.13745230197406 1.8 0.5466630242764949 0.7025416500866413 -3.146888130515221 1.486067423735594 11.933332132522954 3.072383749481064 0.997222900390625 
Cyclist -1.0 -1 1.8812337155993157 443.9201378987845 185.6044329448389 504.5640985292733 273.7821293122718 1.4 0.6397549554705619 1.328333143889904 -2.1711377330770336 1.4748185937348428 12.168388136454634 1.7046673178633274 0.9999898672103882 
Pedestrian -1.0 -1 -2.645131645313779 402.7707031268073 161.685522477827 455.60620094666285 273.89315000371187 1.8 0.45084306299686433 0.7189354419708252 -2.875281293313112 1.4834360293364361 11.830382392903166 -2.883551077046667 0.966937780380249 
