Car -1.0 -1 -1.3367888978276692 353.93098523410185 179.6446596088741 509.9076190201472 290.8299850894262 1.5 1.5603645265102386 4.193386298418045 -2.810681961101487 1.6339325778254252 12.089155783648422 -1.5652267104622466 1.0 
Pedestrian -1.0 -1 0.25179639840431145 392.07768385469484 170.43081203398282 406.24130078449616 239.1770257556065 1.8 0.40189223624765874 0.26916587054729463 -5.626710183045699 1.7369108639000337 19.094966257002383 -0.034763173260961254 0.9999986886978149 
Car -1.0 -1 2.136609511350521 69.16336212367749 183.3852359539585 220.79992932236772 246.98302865978306 1.5 1.6440170377492904 3.841192138195038 -12.462314600376112 1.8141250277655536 19.573172891153433 1.569638176760401 0.9999943971633911 
Cyclist -1.0 -1 -2.585374276441101 681.8902467761656 182.0506910627345 751.4134589807142 241.8455858378637 1.4 0.4943600416183472 1.6940344616770744 2.572924551088937 1.6372842174042164 17.851199352523803 -2.4422283331539973 0.999987006187439 
Car -1.0 -1 -1.5744087645921054 588.9633501931742 179.86701357256314 615.2790344064009 204.51581285988766 1.5 1.639345896244049 3.5903273642063143 -0.5506292929248116 1.9722684815238236 46.74248857676698 -1.586188279153083 0.9999853372573853 
Pedestrian -1.0 -1 2.594932188960674 666.3793319099537 168.67339252701598 683.4564029833313 230.83823777444817 1.8 0.40445300079882146 0.3368428468704224 1.8545455451400013 1.6793071877365997 21.14550074651347 2.682412374015671 0.999961256980896 
Pedestrian -1.0 -1 -3.231613238124688 688.3028862255813 167.5715971949828 705.1734440793607 234.52819758049432 1.8 0.39335629232227803 0.420193050801754 2.3058645269949523 1.658350536905525 19.59671441078142 -3.1144859353688106 0.9985242486000061 
Pedestrian -1.0 -1 2.4939930145476996 665.0423816330563 168.8008968936979 683.9184885710664 230.32364710368915 1.8 0.4392801810055971 0.36620372235774995 1.8639158908753748 1.6817742715463218 21.39100068741899 2.5809090018232883 0.9896194338798523 
Cyclist -1.0 -1 -2.823390319682177 680.6053850924998 181.90672795431783 732.0163992031144 233.0169658979396 1.4 0.46765245757997037 1.3665829345583915 2.67936234845088 1.6633029821849168 20.448027625977243 -2.6930998126652583 0.7438600659370422 
Car -1.0 -1 1.655872736271828 451.07465307846553 181.24361739985866 478.99713127140666 206.02023775950627 1.5 1.4773788422346115 3.6081603288650514 -9.403345148659321 2.0666688922331593 46.82616435540584 1.45769469340774 0.6830851435661316 
Cyclist -1.0 -1 -2.9366899194827663 673.5590205335001 182.0275896472884 724.6079751411726 233.35848121885584 1.4 0.4824600674211979 1.3548918560147285 2.4572366603990545 1.6639017090520423 20.280798851000664 -2.8161168853428706 0.5884871482849121 
Pedestrian -1.0 -1 2.886236700980425 668.2131724670479 168.47784971803586 701.4730880442316 231.31350701400558 1.8 0.561617736518383 0.8479786597192287 2.1276052896610103 1.6749979344664858 21.009219497476565 2.9871626973112644 0.6796229481697083 
Cyclist -1.0 -1 -3.2355419319825067 688.3339156226349 182.25612326545576 709.5410265186899 235.1728491141364 1.4 0.4190004922449589 0.5272144012153148 2.337935754146733 1.6557455958803873 19.37991185517955 -3.1154850284245357 0.6794334053993225 
