Car -1.0 -1 -1.760634624378396 694.8680931915551 177.7478244472911 783.6397941665383 241.67642541343963 1.5 1.5826805055141449 3.9203616350889208 3.273371889893186 1.644046883435911 19.20615729272715 -1.5918232100692136 0.9999998807907104 
Car -1.0 -1 -1.701478334430154 666.4170994932307 178.58681576329062 720.1356223745449 221.13351389270866 1.5 1.5824372440576553 3.5838114589452745 3.091687741209573 1.7350554483271228 27.729427524078158 -1.5904420922186715 0.9999995231628418 
Car -1.0 -1 1.2870358016351766 733.0659572830407 176.6953350139547 879.8455703408338 272.197354318998 1.5 1.5755540251731872 3.8034892201423647 3.410607179037171 1.5820457619474695 13.413139892641324 1.5360326011988776 0.9999983310699463 
Car -1.0 -1 2.1281243186629544 16.84958852904448 181.5503595832705 306.7409489098109 322.69133250880543 1.5 1.5487736582756042 3.728475657105446 -5.7606189554285105 1.6409676885841686 9.780615478786089 1.5958447337111057 0.9999982118606567 
Car -1.0 -1 1.9381928447169041 329.318240299013 180.9223534042199 448.99185955395876 247.70189341903972 1.5 1.613328282535076 4.066094991564751 -5.639597304589888 1.7339369821870612 18.79742579963032 1.646718013282639 0.9999977350234985 
Car -1.0 -1 -2.3214750927423404 924.8211737909345 163.87068868673737 1241.0 374.0 1.5 1.6288713112473487 4.011087727546692 3.214209570740041 1.481131612655059 3.5600502350313423 -1.587084815898214 0.9999967813491821 
Car -1.0 -1 1.758350842009293 485.2787206533905 180.68788690604154 526.8133223423097 210.76007338027807 1.5 1.5428610637784004 3.7617659687995912 -5.587566405043552 1.9434891804976084 38.89813866800259 1.6156806826551975 0.9999775886535645 
Car -1.0 -1 1.7800118496767916 461.7156549066961 180.75894207594038 512.7471052881491 215.6481505494108 1.5 1.6099213182926178 3.764018651843071 -5.7252773505657775 1.8916498743642374 33.7994177872897 1.612214791770798 0.9994271993637085 
Car -1.0 -1 -1.6930782857257933 658.4769891043625 178.87515163309342 701.1120214528576 213.8500083438235 1.5 1.5377535045146942 3.4536371499300005 3.130787056592554 1.7927895777251877 33.292443578751424 -1.599315061294709 0.9993656277656555 
Car -1.0 -1 2.5865872243454255 0.0 182.2479944803472 43.725881853097604 374.0 1.5 1.573704232275486 4.139461976289749 -5.714067549615552 1.5803675623888704 4.029975887962844 1.6300468325575412 0.63453209400177 
