Pedestrian -1.0 -1 -1.8653057389547076 815.6416911864166 162.19468435540796 855.9378272100738 251.09700508735799 1.8 0.683886606991291 0.4671938743442297 4.587859953069575 1.5845393182127947 14.841589627039141 -1.5655014073152584 0.9999994039535522 
Car -1.0 -1 -1.6994722328374159 662.002627423123 178.292557646963 731.5467898589695 234.43330434338566 1.5 1.5641337752342224 3.7965240448713304 2.455123635628027 1.6772502864720702 21.555738411780307 -1.5860644169759495 0.9999970197677612 
Car -1.0 -1 2.2595501315520052 0.0 177.20984894035334 445.61942239165614 374.0 1.5 2.0141548037528993 6.3554591059684755 -2.588973294311816 1.539416561398995 3.2707773285687094 1.5899848818739475 0.9999994039535522 
Car -1.0 -1 -1.664344377394625 650.0940394513127 178.68159352366473 703.7055846555907 223.12084522110618 1.5 1.6018925726413726 4.028221455216408 2.376280143123412 1.7339419784227956 26.89981448815082 -1.576234932583992 0.999995231628418 
Car -1.0 -1 -1.7303524293995978 688.1145983781292 177.68853551637076 779.6533960823135 251.90919068499215 1.5 1.5254423514008522 3.2697475075721742 2.667584614377916 1.6214146066229802 16.42860967778405 -1.5693829567779345 0.999990701675415 
Pedestrian -1.0 -1 0.6422231200670718 609.2882906684607 175.42792382113967 625.966177944599 202.92700289348898 1.8 0.5113712072372436 0.9977407313883304 0.47381595139053173 1.9727860886877764 47.82744917385538 0.6521295746180671 0.9999791383743286 
Cyclist -1.0 -1 1.7551710011734605 481.31059947160054 183.6863994189302 509.5006980189293 231.34352452924796 1.4 0.5630133233964443 1.725342546403408 -3.596698313813913 1.7506208077824574 22.458413598116568 1.5963702082594455 0.9999691247940063 
Car -1.0 -1 1.682712434701052 480.79642702176506 180.678940962282 520.4592366880084 213.33729302223207 1.5 1.5432436510920524 3.786873307824135 -5.439364531260766 1.9114192978429558 35.979764985116326 1.5326701839778083 0.9997478127479553 
Car -1.0 -1 1.886528695960049 348.8100486502162 180.92933468643122 450.5811794528393 247.98715190056302 1.5 1.47324078977108 3.449806433916092 -5.266136954018338 1.724883385708135 18.308725433649865 1.6064588904341282 0.9977606534957886 
Pedestrian -1.0 -1 0.7659712499664595 615.3432964488821 175.41613605920153 631.164615012543 202.6525106630209 1.8 0.5113565854728221 0.977132797986269 0.8552682514823435 1.973771150187292 48.3072376239369 0.783674164614405 0.9962399005889893 
Cyclist -1.0 -1 1.7603116117367934 439.6911822345513 184.91177958243333 482.6897604563302 255.70331548188477 1.4 0.5856866508722305 1.7519901067018508 -3.2105217195200666 1.6732541883751975 15.446972757606966 1.5553876598689216 0.993410050868988 
Car -1.0 -1 2.0280354315828357 225.3239515174186 181.111630259935 398.0537653983256 277.72850213825967 1.5 1.5175657838582992 3.550057348608971 -5.362403763930776 1.6739489722202594 13.338465724913705 1.645784127708298 0.9416673183441162 
Car -1.0 -1 1.7454804618949469 444.1245064944314 180.74102162991542 502.49767989534706 222.29566590200022 1.5 1.6443530589342117 3.785066169500351 -5.396511764435944 1.8345230907129975 28.66632040934128 1.559405489763941 0.8727876543998718 
Pedestrian -1.0 -1 -1.9560514965385798 808.602333940367 161.8492620567773 859.9930382531943 253.4987061013507 1.8 0.6388762526214122 1.0817600905895233 4.512406523440451 1.5842242065835719 14.73517923911254 -1.6588856885817391 0.5223750472068787 
