Car -1.0 -1 3.484531615455368 183.89898109805296 182.4410523198174 372.05576640657375 248.13312466560916 1.5 1.5688101321458816 3.892272573709488 -8.069700332728724 1.748093864779674 17.69564767107853 3.0566766142805637 0.9999818801879883 
Car -1.0 -1 -0.7279172296183094 894.1167096360435 171.77480408434596 1241.0 374.0 1.5 1.5871325999498367 3.7698185563087465 4.490085599699558 1.4928414007000186 5.969910270124496 -0.08306105534103937 0.9999765157699585 
Car -1.0 -1 0.5326694280989581 0.0 183.18522312916113 297.56330187905144 278.0634010209665 1.5 1.6461017102003097 4.17603277862072 -7.905708387329133 1.6919188933165035 12.487069235331052 -0.03174169460800715 0.9999711513519287 
Car -1.0 -1 3.7366719252524483 0.0 183.77627446408326 215.2155067493045 308.30996187722303 1.5 1.576477524638176 3.925723072886467 -7.822496630868387 1.6628861769965635 9.793577445599722 3.0627013325651706 0.9999114274978638 
Car -1.0 -1 3.3830537591531673 254.9480696052473 182.25728492873358 391.8293862276745 233.13941006849663 1.5 1.6064154475927352 3.7266696363687517 -8.965149498536853 1.809870795216323 22.700864754310196 3.0069296240767063 0.9999063014984131 
Car -1.0 -1 -0.38136099521604727 705.0341760375463 177.28931062058112 878.7809115284472 246.4139249789936 1.5 1.5485382199287414 3.6060402661561968 4.125874248886988 1.6099392639558032 16.80469039327517 -0.14060397545364925 0.9998563528060913 
Car -1.0 -1 3.248372732553664 310.8013766848031 182.16751483080165 406.50854839986437 218.7132950138135 1.5 1.6008267670869827 3.788891297578812 -10.911564400145632 1.9217189699536543 31.434215434283857 2.9142625212629856 0.9997922778129578 
Car -1.0 -1 -0.2982259733588286 682.4170027996328 177.790547608729 831.3136656380551 237.9715082734509 1.5 1.550505731999874 3.5597263395786287 3.777722693125765 1.6375243091892286 19.091898301831087 -0.10287888447311946 0.9996503591537476 
Car -1.0 -1 0.7299837213104856 0.0 184.7452591360135 98.10730537513453 360.67406492637537 1.5 1.5939021974802017 3.952848029136658 -7.789406221382667 1.635991927695213 7.2540162048622285 -0.09098906914261409 0.9992367029190063 
Car -1.0 -1 0.16986555804837897 290.197818517831 182.09382156333936 408.32562890312585 228.06255273305615 1.5 1.5280522897839546 3.6504710584878923 -9.00753341312265 1.834799287166899 25.042966255123936 -0.17540951172379085 0.6528052091598511 
