Pedestrian -1.0 -1 -1.647728018160125 608.1555809591648 149.99572856145562 689.3388597101695 315.09502713933597 1.8 0.8626964434981346 0.8106075718998909 0.47288779832466554 1.4578802194654137 8.242743348963291 -1.5904206401344878 0.9999997615814209 
Pedestrian -1.0 -1 -1.5893014254068651 744.5168836096054 163.50127730553984 773.9948335005324 244.1984449992388 1.8 0.6422157891094684 0.861511056125164 3.581133943334902 1.3997446863557714 16.505137240421686 -1.3756422410395486 0.999998927116394 
Car -1.0 -1 1.648732841602884 483.03889453835154 180.1122971577218 522.0126585304529 207.8545264081468 1.5 1.8587317809462547 4.651033368706703 -5.610288243129798 1.4257975610602565 41.212157453754294 1.5134326656672614 0.9999816417694092 
Pedestrian -1.0 -1 -1.8019024439340978 714.4792118766843 166.1033868331446 750.7850637822305 233.64523834709328 1.8 0.7757085867226123 0.9541788630187511 3.544462363175462 1.3908422994022303 19.63791516019988 -1.623334181555782 0.9999401569366455 
Pedestrian -1.0 -1 -1.2584034883234978 168.91900941658557 152.89772261878235 284.6051101515285 328.7705799908927 1.8 0.8734848842024803 0.9741152197122573 -4.127051967077554 1.5086298625774341 7.902837487034897 -1.7396718720581872 0.9999148845672607 
Cyclist -1.0 -1 1.885191713292239 292.4649325779577 188.83850786654043 408.091384577976 326.9983633260682 1.4 0.7660767555236816 1.6792735576629638 -2.8522288783629386 1.4939231781299547 8.213317863425821 1.550952120623316 0.9994877576828003 
Cyclist -1.0 -1 2.3281108859095028 0.0 200.52492654793846 190.14166379424046 373.0 1.4 0.6124900214374065 1.7436054095625877 -2.669257594447286 1.5071138607796382 3.102861015116855 1.6176922202070774 0.9992789626121521 
Cyclist -1.0 -1 1.791573998689732 410.8760389043517 185.60163579994622 465.60886954108156 268.6989073103808 1.4 0.6052437730133533 1.7517904311418533 -2.9755739829463814 1.48086221296456 13.06285648751138 1.5676066120478767 0.9991717338562012 
Pedestrian -1.0 -1 -1.8016046480083725 647.7727434894764 149.44501550205786 740.4089864462334 314.5284232910373 1.8 0.8670641601085662 0.9462347745895385 1.0023197238318584 1.4518424004999957 8.348155525564412 -1.6821118305113656 0.9988536834716797 
Cyclist -1.0 -1 1.8097483480662906 329.36371496828366 188.65502488585673 425.75054815538965 330.0015731351069 1.4 0.6472066536545753 1.7208165049552917 -2.508064375106389 1.490597529802875 8.079933974734729 1.508771820864405 0.9944891929626465 
