Car -1.0 -1 -1.8815832550402105 765.8469599771792 175.29777990843385 1023.928352357801 340.7744784177081 1.5 1.5755760043859481 4.016333681344986 2.988996788346334 1.5364341215094606 8.623281159544335 -1.547923249253307 0.9999998807907104 
Car -1.0 -1 -1.8023797202623033 708.9333502135797 177.10038230107145 835.7057019747937 264.1890889891775 1.5 1.5726065754890441 4.048361492156983 3.0733123498087314 1.598718976301214 14.667372406786463 -1.5958339414235694 0.9999985694885254 
Car -1.0 -1 2.2035760571157423 0.0 180.86739045400245 280.9574268997057 374.0 1.5 1.5655169755220413 3.672110524773598 -4.435261395303012 1.5879657205286057 6.049432669976458 1.570933568473679 0.9999978542327881 
Car -1.0 -1 1.9341764973953273 226.16391146821826 180.4242543248926 432.04022268164823 298.7435136952918 1.5 1.6370384514331817 4.125765573978424 -4.230385089218897 1.6425732233688606 11.480876663145697 1.5811409831007541 0.9999762773513794 
Car -1.0 -1 -1.696102665038382 662.6792735887367 178.00833265419018 762.1814111225889 234.69790756337562 1.5 2.3041440665721895 5.842193451523781 2.9534537519610695 1.6823574380934818 22.54802467985789 -1.5658591208655877 0.9999730587005615 
Car -1.0 -1 -1.5622254683356904 502.95188420382425 180.73192366625435 529.0207995065207 205.6721852117948 1.5 1.5996225669980049 3.476376321911812 -6.05818910036321 2.0265251186035864 46.36661794145072 -1.6921478966858727 0.9999520778656006 
Car -1.0 -1 -1.756897113465767 626.0813629674788 179.40722572617437 661.9987463249812 205.70922044861527 1.5 1.5631087616086006 3.449685361981392 1.9969265913351018 1.9153238946375128 43.86942644457069 -1.711408735313688 0.999915361404419 
Car -1.0 -1 -1.6160954367887013 659.2393161920393 178.7163816465836 703.3037886649461 218.8965807887485 1.5 1.6013749435544014 4.001406815648079 2.8167266537098863 1.757159797261451 29.566266305113412 -1.5211138399925572 0.9992368221282959 
Car -1.0 -1 1.4552337009014238 650.5059114205735 178.8962905424827 695.3282082646372 215.75013644036602 1.5 1.5499908968806266 3.603418779373169 2.676550573531099 1.7818692702870833 31.78857223404598 1.5392340858790534 0.9921369552612305 
Car -1.0 -1 0.10961303641782802 629.7292289105653 179.02376630901227 715.4186341517262 214.34526386080378 1.5 1.4979318276047706 3.6585579186677935 2.767182759707799 1.784270115706712 32.10986907642955 0.1955792148921149 0.5553833842277527 
