Car -1.0 -1 -1.5434326709966262 587.2577362376828 179.28422557229985 638.4896298657002 226.8425789932062 1.5 1.6500887021422386 3.2649266093969347 0.09697775525231368 1.7367046152303605 24.86035363315148 -1.5395317907121522 0.9999996423721313 
Car -1.0 -1 2.12567581533314 22.014196121875962 182.454716265423 257.3427770662006 283.4844351916188 1.5 1.6262636080384254 4.141093280911446 -8.306900673663653 1.7034129665057967 13.18122351253104 1.5633408268305915 0.9999896287918091 
Car -1.0 -1 1.9911555949686055 226.12469071555307 182.08865779896152 344.0724668529554 246.08557068633468 1.5 1.5363203853368759 3.555523467063904 -8.550317520755165 1.7689095388795668 19.20133392530067 1.5722186446150364 0.9999754428863525 
Car -1.0 -1 -2.4011909838326306 433.5090805897985 180.5689259595957 546.0354687142078 224.75696302156285 1.5 1.6283002242445945 4.115305703878403 -4.562637995040946 1.8074359366139183 26.917681773944565 -2.569098428883825 0.9999722242355347 
Car -1.0 -1 -1.5414509595054096 593.684588753957 179.64330129136064 626.2773442133639 210.60931057166383 1.5 1.5938414752483367 3.478662532567978 0.0007946625547481763 1.8696616145702907 37.48330230584805 -1.5414297590639932 0.999964714050293 
Pedestrian -1.0 -1 -2.1159903779521123 1019.5158899809196 127.46259601229686 1206.5492911800775 374.0 1.8 0.700757236033678 1.0316777534782886 3.620939932391943 1.4957644898470035 5.371091820294672 -1.5228225300696236 0.9998953342437744 
Car -1.0 -1 -2.1453936563029 330.5217112559106 180.46714325963623 511.48190230253647 258.8118162609229 1.5 1.7301094278693199 4.606304180622101 -4.462842385973164 1.6966267137166735 16.41729014063573 -2.4108177582409724 0.9998689889907837 
Pedestrian -1.0 -1 -1.3845379368082391 106.95060817400454 174.92219475229714 140.69358350118685 235.13348570271603 1.8 0.7736989788711071 0.5020181208848953 -14.848028820713445 1.8644621476558518 21.97766899589067 -1.9786970476296288 0.9998446702957153 
Car -1.0 -1 -2.036972596461058 270.9033136534886 180.86275331476256 445.7235638475343 273.949654982978 1.5 1.579654824733734 3.853946787118912 -4.9752056973246015 1.6752138924723114 13.850836050370459 -2.3818188468602046 0.9998383522033691 
Car -1.0 -1 -2.257856796667671 412.36527256732705 180.6738839548474 522.5721452596139 230.3527439252753 1.5 1.5628867343068122 3.7901228785514833 -4.862634127112405 1.781733790566517 24.155509046561964 -2.4565072218563895 0.9998038411140442 
Pedestrian -1.0 -1 -1.0718698494507943 215.46016593208154 176.62212850578737 238.3031866359368 220.5978878011916 1.8 0.6660939686000347 0.5224819786846637 -15.883704500934423 1.957592663630097 29.84079166969885 -1.5610079989444954 0.9996160268783569 
Car -1.0 -1 2.2158639943043195 0.0 184.3141902389682 131.13627990428952 249.96353251882343 1.5 1.4574956640601158 3.4332795560359957 -14.389023547115311 1.8264738399434812 18.80721131871126 1.5627812584254401 0.999599039554596 
Car -1.0 -1 -2.334500658520015 513.3130019580663 180.49364766133823 570.4543152717351 204.44569330648665 1.5 1.6105330109596252 3.811801087856293 -4.608127412302048 2.03059338736927 48.221459342361314 -2.429773108163152 0.997858464717865 
Car -1.0 -1 -1.7427211361124018 0.0 181.11090720228978 252.8015041822341 374.0 1.5 1.5397042527794838 3.425159913301468 -4.599031698235032 1.5915182814431357 6.22378263470517 -2.37910927931336 0.9931020736694336 
Car -1.0 -1 2.4196953675938437 0.0 185.31930036133795 0.0 287.36407788701956 1.5 1.7390043035149574 4.358360779285431 -14.351473147367148 1.7689664589343415 13.343360954200604 1.5979125380476535 0.9532492756843567 
Car -1.0 -1 -2.3637799917319846 480.2405040862618 180.508324501704 559.2537595353941 214.15593625267846 1.5 1.5728304654359817 3.742351618409157 -4.41027016360862 1.8874200747612866 34.72386848346977 -2.4901133338597163 0.884412944316864 
