Car -1.0 -1 2.1257512752907735 133.0519904767946 182.68146619357427 283.63643350468817 247.53337469844757 1.5 1.6066447392106056 4.098949071764946 -10.64462629946743 1.7932031216811086 19.408744991079036 1.6241028189619602 0.9999978542327881 
Car -1.0 -1 1.9627496500739499 278.1230374129939 182.0540612104284 368.6085454539732 228.13664473580894 1.5 1.6014665856957435 4.169342902302742 -10.40990651990937 1.8639950872475324 26.41874075737694 1.5873961329420627 0.9999966621398926 
Car -1.0 -1 -1.564062784275171 586.3395162075819 178.431597304905 675.0106723142201 261.6434951635235 1.5 1.632191103696823 3.740660709142685 0.38781655983804425 1.632174108014917 15.153748294993344 -1.5384762483325345 0.9999912977218628 
Car -1.0 -1 1.85741616154463 417.03888027141994 181.34818391001681 465.5717214618645 209.09992168939104 1.5 1.6270595163106918 4.339539122581482 -9.914810087283607 2.0275299771317523 42.56474048821549 1.6285622000654758 0.999993085861206 
Car -1.0 -1 2.233324955157343 44.685902848203035 184.08026771437056 168.85029734803683 240.56198171119163 1.5 1.3765398904681205 3.1437891095876696 -14.846860615489343 1.8584805395963362 21.40658173998304 1.6269307017286838 0.9999837875366211 
Car -1.0 -1 -3.844597636605579 1175.6851174178123 172.71180284217903 1241.0 222.6925493406802 1.5 1.6161170348525047 4.563439500331879 20.580062932933117 1.496090251872415 22.543400681313173 -3.104696349301611 0.9999669790267944 
Car -1.0 -1 -0.9245377112983617 665.2666737241808 178.89002547197273 720.9184509615002 205.78052430877696 1.5 1.5010366708040237 3.45942699611187 4.925097861822811 1.873325092138373 42.81094686063441 -0.8099982897427422 0.9999573230743408 
Car -1.0 -1 2.296461388383383 0.0 183.53130493550898 151.99869337280057 288.74162420982776 1.5 1.7683012902736663 4.543609035015106 -10.728483998391658 1.7276818314168572 13.055482650472518 1.6085917830427707 0.999953031539917 
Car -1.0 -1 -0.9651096190023895 683.8914199311666 178.357541597255 762.957379703387 215.1704130266177 1.5 1.6004233181476593 3.7519952774047853 5.015391377573113 1.7580986579787945 31.87835096792443 -0.8090596954014643 0.9998518228530884 
Car -1.0 -1 -1.3665349416305521 888.877584727649 173.06381727112844 1227.9453294922369 374.0 1.5 1.8017121151089668 4.6687575548887255 4.53024110164584 1.5030576762800374 6.987900745651914 -0.7913572351124628 0.9997573494911194 
Car -1.0 -1 1.8187424032622543 446.38910704412336 181.23571247038416 484.58912114646756 204.9891299872638 1.5 1.603565227985382 4.051914674043656 -9.80819085579228 2.094526148812334 49.08211242584278 1.6215081095655979 0.999647855758667 
Car -1.0 -1 -0.8096336204240531 655.1671155415577 179.07917704191445 709.0856076359864 202.3463630309922 1.5 1.5639925867319107 3.6702732115983965 4.917242814508438 1.9408223073857709 49.26055135468168 -0.7101420919087273 0.9994390606880188 
Car -1.0 -1 -1.10759773855625 739.8320701322755 176.35775443422037 922.6875611260289 266.6485123412618 1.5 1.6951457157731056 4.331728306412697 4.458305548003342 1.5802466862010374 14.299963206197654 -0.8053776780751093 0.9993417859077454 
