Car -1.0 -1 -1.7359496034726882 652.3465525472441 178.08157114485027 750.2402447378093 238.17790113690472 1.5 1.9545944899320602 5.2683575570583345 2.4545580741275326 1.6730398169587193 21.152345842981237 -1.620424413183008 0.9999958276748657 
Car -1.0 -1 -1.5595751322760145 578.909859385218 179.6657178296105 616.261590894241 215.35786662423942 1.5 1.6051801413297653 3.562418606877327 -0.5861705455245839 1.8267961242042574 32.789041672656474 -1.5774502540614945 0.9999791383743286 
Car -1.0 -1 -1.5352256768430754 558.3030210086661 179.4752575394834 613.229507533568 230.0598470897075 1.5 1.663270641863346 3.427870061993599 -0.775819622187026 1.7323191720498468 23.55862775965662 -1.5681452237211657 0.9999574422836304 
Car -1.0 -1 -1.462921626457259 517.291034939002 180.21089693784302 560.6993706472717 215.97255771991297 1.5 1.5649127334356308 3.930402410030365 -3.2331177436361926 1.8574537464318648 33.046738622658765 -1.5604459606718761 0.9999529123306274 
Car -1.0 -1 -2.2668421865150767 367.04385530427174 181.08216061100237 484.19461565376514 230.67319147780867 1.5 1.6356265664100647 3.9815066874027254 -6.282836619320538 1.7977338330998556 24.250808009133998 -2.5203458825734004 0.9999394416809082 
Cyclist -1.0 -1 2.1045273750115716 186.57521681912948 186.06425232340607 219.41603083074452 218.23963675946842 1.4 0.5369293995201587 1.6591424614191055 -18.587810237855297 2.0182677747238125 32.9125276859766 1.5904197573622287 0.9990112781524658 
Car -1.0 -1 -2.325416140686577 401.9867846081658 180.98437274616384 501.9143152410881 224.40052449946268 1.5 1.5754512071609497 3.7007054805755617 -6.040454426177694 1.826550837662509 27.252750884569462 -2.543535606065069 0.9987020492553711 
Car -1.0 -1 1.8904637748328301 316.2883447160687 181.69962432613775 404.74815735872465 224.28838855610675 1.5 1.9163176909089088 4.808562111854553 -9.862427590509933 1.8833791105117499 28.82658969086648 1.5608176430079597 0.9977914094924927 
Car -1.0 -1 -2.423730080960018 151.97573471305364 181.7688631361344 397.9934344062452 277.5994243087588 1.5 1.6073350355029106 3.8705969721078874 -5.978138382174907 1.6753075173861107 12.846096248929335 -2.859288767972265 0.9937101602554321 
Car -1.0 -1 -1.7629801816602715 637.141067454538 178.8294300920513 696.3225011622069 220.50195492502988 1.5 1.5938401713967323 3.9771250009536745 2.131829408022913 1.7546158290195233 28.630633501719416 -1.6886575976994378 0.5862202644348145 
