Car -1.0 -1 -1.8345190817300285 724.7698079725905 176.4946228195627 893.8217496259002 286.6299957940596 1.5 1.5949991092085838 4.247446966171265 3.0440866953155146 1.5722218456245636 12.102819113320043 -1.5881114593383414 0.9999998807907104 
Car -1.0 -1 -1.9915937960617753 799.9257802059749 174.54317157921395 1123.4451615795115 367.53488225195173 1.5 1.5623435869812965 3.5093682378530504 3.1643823889777853 1.5218354753590617 7.403878229352284 -1.5876961006459338 0.9999949932098389 
Car -1.0 -1 1.8139907972047604 314.2942772190551 180.04294340077016 476.8344573247665 283.9085857290316 1.5 1.7280497148633003 4.463016477227211 -3.6582520817240174 1.6522769592912736 12.987518964764538 1.539430065951075 0.9999845027923584 
Car -1.0 -1 -1.5666823488671144 613.1880847615303 179.4846092980718 643.6663924672014 206.49602341545076 1.5 1.7402731373906135 4.510227081179619 1.0827499082469596 1.9207465448146859 43.464229828953115 -1.5417762129243953 0.9999630451202393 
Car -1.0 -1 -1.6707787708198343 716.98074547325 177.58002202075417 793.9601991447266 243.47591546543185 1.5 1.5677471205592155 3.4663783878088 3.581308238327047 1.6331734852850461 18.477126940226604 -1.4793287898090226 0.9999430179595947 
Car -1.0 -1 -0.32665391507724584 789.7765666450409 177.24441288400016 926.4794826932962 207.09248049509137 1.5 2.177827109396458 6.387635183334351 12.815585431402395 1.7362524229371026 37.672206464287065 0.0012519796702521228 0.9999419450759888 
Car -1.0 -1 -1.4607733336467112 490.1537928587929 180.68356742801348 525.9497464268487 207.76952030716333 1.5 1.6522907212376594 4.545152422785759 -6.134093198284158 1.9981912871097205 43.57916572423331 -1.6006121086564404 0.9999228715896606 
Car -1.0 -1 -2.5867507472152624 86.94456039694006 183.05337107040398 355.5966535441327 238.43070170919978 1.5 2.272496794164181 6.854463976621628 -11.40685346150841 1.822048065166001 21.397969137491252 -3.0765116969731197 0.9999191761016846 
Car -1.0 -1 -1.4126156722578689 740.9103974693668 177.48757675386446 814.5372203311978 228.6456559779492 1.5 1.7223869010806083 4.226038840413094 5.5821771346569395 1.668178962958427 23.84848914047831 -1.1826867620137078 0.9994069337844849 
Car -1.0 -1 2.001869355097072 92.10535348196775 180.02860309101408 408.00201739577716 369.13069992177657 1.5 1.5231172114610672 3.6913862943649294 -3.499750596414757 1.5954441632732999 7.710456234465072 1.5757796645124973 0.9990682005882263 
