Pedestrian -1.0 -1 0.6720593152858043 95.47505018594522 167.33868368125974 153.09959342883255 257.34933478698923 1.8 0.472338779643178 0.8651779524981975 -9.828204300852482 1.5384328590441028 14.401512112236132 0.07321433623763494 0.9999998807907104 
Cyclist -1.0 -1 -0.6745673858675171 1086.4330807267504 172.53465960340282 1150.3213642653482 212.62503024292087 1.4 0.5544842712581157 1.8986261010169982 18.12303347528355 1.123370957333761 25.007930464728812 -0.047461465993200024 0.9999963045120239 
Car -1.0 -1 -1.0459734561142422 0.0 180.13380921668943 386.83683100223203 369.0 1.5 1.6171541556715965 3.8655305773019792 -3.200714089729553 1.4998191810887156 5.614419589327612 -1.564108517081712 0.9999911785125732 
Cyclist -1.0 -1 0.10464973753708115 392.55460362302586 184.03607918182308 493.3306926725316 272.2074555205389 1.4 0.5167090825736522 1.5686581403017044 -2.680643444999847 1.4614586662344067 11.60205886028105 -0.1224146644261224 0.9999978542327881 
Cyclist -1.0 -1 -0.06332636992002816 358.5470292458121 184.1545286370969 472.9940084440082 271.40565741180086 1.4 0.6474219754338264 1.8328533068299293 -3.2546105001828427 1.4667642805917482 11.992344770705317 -0.3283339301731927 0.9999678134918213 
Pedestrian -1.0 -1 0.2684796290812823 682.2645265518125 156.18079204538915 746.2389383577427 265.2853675161243 1.8 0.6793365374207496 0.9431039474904537 1.8407139555112162 1.4004344913628823 12.161916010519743 0.41869024833175117 0.9999250173568726 
Car -1.0 -1 1.72397119140255 453.48773897423496 178.16042993105683 488.97712075800416 202.1732385999556 1.5 1.6555585458874702 4.256749016046524 -8.709805178685349 1.3552023097370576 46.31633340421633 1.5380915840479987 0.9999105930328369 
Cyclist -1.0 -1 -1.487195067484814 954.159922464305 174.80082884506413 987.1349856038173 225.11373477006074 1.4 0.7141752660274505 1.7227624103426933 10.628838411786719 1.2429919632102346 20.588740787292963 -1.0106359283116204 0.9995237588882446 
Car -1.0 -1 -0.817303222751326 1168.265410083248 167.43758159342426 1223.0 218.70381016122676 1.5 1.612333071231842 4.073559355735779 19.821814689170587 1.1193731853312119 21.64057240750389 -0.07574220100906916 0.9989047050476074 
Pedestrian -1.0 -1 0.279091662385788 394.9022456847602 156.10681949669618 473.1803689039359 287.28474651801196 1.8 0.6016986936330795 0.9511128559708595 -2.4548273143694264 1.4669506518525375 10.016065232051673 0.0387404402110236 0.998305082321167 
Pedestrian -1.0 -1 0.8528464063791736 59.87178283082163 166.48122788132272 119.77262818501099 264.1355075578353 1.8 0.4802909705787897 0.8400938965380191 -9.770890062491963 1.5432391580090172 13.354058457593561 0.22117392619582582 0.9970982074737549 
Pedestrian -1.0 -1 0.8285761716471642 82.13569006438176 166.99302902941687 136.46705373837162 260.1963854752545 1.8 0.47613829635083676 0.781122551113367 -9.831341383808754 1.5407777114639272 13.965966831197937 0.21520416339370185 0.9953101277351379 
Pedestrian -1.0 -1 0.20314627835090146 406.82483909255757 157.96846184244785 475.4330260035034 277.93969767975256 1.8 0.573641762882471 0.9364603579044342 -2.5598421184447955 1.4636069289124616 10.902871625940305 -0.027462915578160964 0.9942536950111389 
Pedestrian -1.0 -1 -2.490136775254814 44.81842308013848 166.30777948746058 110.6318070518319 265.7775815339474 1.8 0.5220461197197437 0.8278561316430568 -9.770468491138434 1.5448189697237453 13.054463155766665 -3.1326380530979976 0.9849182963371277 
Cyclist -1.0 -1 0.15955970185537358 373.218241310288 183.9921854660261 481.64676392895325 267.4879763543019 1.4 0.48772976994514466 1.7609524101018905 -3.0845570321999385 1.4634949672818633 12.197503463918059 -0.08813174168137142 0.6208621859550476 
