Car -1.0 -1 -2.0735696528245313 801.9530280066865 173.54115981985933 1241.0 374.0 1.5 1.5499262630939483 3.454181042313576 2.7363921835423324 1.5073584513746519 5.586259294746057 -1.6180802966144425 0.9999979734420776 
Car -1.0 -1 -1.5787422076334443 575.8730499408437 179.8247809344949 608.153181841708 210.96880078340686 1.5 1.591794241964817 3.5670413196086885 -0.9858902812727718 1.8788892537100723 37.36884730959143 -1.6051187674191338 0.9999935626983643 
Car -1.0 -1 -1.5860179394179474 583.5240884384648 179.4078623159025 630.0896558576126 224.5337346719702 1.5 1.580890317261219 3.339093786478043 -0.19025808980992895 1.753306130566429 26.158322871650867 -1.5932911402222258 0.9999935626983643 
Car -1.0 -1 -1.391389953896753 435.00564162569077 179.66039958748357 544.5521890516308 267.5558244393498 1.5 1.5377747386693954 3.4666670978069307 -2.3087270614502273 1.6520486093294084 14.32968171112234 -1.5511322217669827 0.9999924898147583 
Car -1.0 -1 -1.4591362622600395 488.80988706308347 179.76347780471616 562.3517556675178 242.6118435626053 1.5 1.5573112785816192 3.8107922792434694 -2.237751216840755 1.7058089226291886 19.54473641512738 -1.5731336712513608 0.9999902248382568 
Car -1.0 -1 1.3468612412247365 0.0 182.16717613038477 181.41441658234658 374.0 1.5 1.546010610461235 3.6372626692056658 -5.870258031627826 1.6136254126592187 7.053929584542839 0.6527940471980231 0.9998596906661987 
Car -1.0 -1 2.240587957880776 13.22115077686038 184.06984397327025 162.69399858724006 243.21058717927832 1.5 1.5314357846975326 3.7067415684461595 -14.983773117038846 1.8546496739547544 20.90169602124097 1.618630158897263 0.9998206496238708 
Car -1.0 -1 1.9752446801678456 271.41636941827426 182.55620290902746 340.8610145723135 216.16665252256203 1.5 1.6150134176015853 4.2339789241552355 -14.907710344794188 2.0069277529670604 35.54721134822081 1.5781457304915012 0.9996991157531738 
Car -1.0 -1 0.8987205913316769 374.74310397109406 181.07137932422413 486.18519598810747 228.52652777076253 1.5 1.6055278971791267 4.065834593772888 -6.391977094466082 1.810095899522791 25.32319065620971 0.6514693935725349 0.9996656179428101 
Car -1.0 -1 1.0623098080440472 221.20617326362432 181.54114968275843 391.2200739296126 265.9446928779119 1.5 1.555933852493763 3.8560597717761995 -6.426360036007122 1.7023805303892388 14.983173251337043 0.6571361263606208 0.9994157552719116 
Car -1.0 -1 -1.6516185330388047 651.2747414980404 178.81986834913698 697.3920095827865 218.92389235321104 1.5 1.5668651580810546 3.61940213739872 2.516151218720755 1.75794559348201 29.337642954854893 -1.5660626153138024 0.9972322583198547 
Pedestrian -1.0 -1 -2.137998145834394 888.4379915052485 153.19233706123885 963.3624138629816 287.63107057653923 1.8 0.7062319226562976 0.6676150977611541 4.330611730280682 1.537107899454607 10.043756646319604 -1.7309092889216287 0.9960987567901611 
Car -1.0 -1 2.1025416862626263 349.6826304053336 182.0896005308033 403.8685326659061 207.50100634480046 1.5 1.5425792455673217 3.8830215603113176 -14.885248293703473 2.1175272018518214 46.15110347056906 1.790542829032761 0.5200802087783813 
