Car -1.0 -1 2.1306310163908204 68.22353728041304 182.87533123869383 248.44184368690563 258.8952820594885 1.5 1.5925422802567482 4.141700875759125 -10.347936197141982 1.7634337031188139 16.860541545028106 1.5801720499952854 0.9999966621398926 
Car -1.0 -1 -1.6100886337773057 583.1039506951502 177.07667226147413 755.7974601594244 343.0226166845603 1.5 1.585262131690979 3.6533484727144243 0.53148096462049 1.5606687696955672 8.457948582911587 -1.5473330999400956 0.9999936819076538 
Car -1.0 -1 1.877163128474119 359.48459808607345 181.5867309542909 426.78436061163393 217.99550773133961 1.5 1.678272572159767 4.471065711975098 -9.870790105186892 1.92762639445896 33.05133097305998 1.5869450449904026 0.9999611377716064 
Car -1.0 -1 1.856592434626379 405.89166633067026 181.42915003253435 455.8396032578027 211.34559867261126 1.5 1.587047290802002 3.9775634676218035 -9.739420991803684 1.9921250876020598 39.35478150283949 1.613989341255051 0.9999603033065796 
Car -1.0 -1 -0.934518340500385 666.1240649230581 178.77393747640994 729.9561780435157 207.93835496829328 1.5 1.5647488206624984 3.763716530799866 4.856012943888451 1.842433639518844 39.785696168666796 -0.8130648295071465 0.9999176263809204 
Car -1.0 -1 -1.5331013411117382 1063.8558819186421 167.57353260347443 1241.0 374.0 1.5 1.6446998834609985 4.1864270836114885 4.4352889123421715 1.480651657282478 4.74831730648139 -0.7817755500462396 0.9999125003814697 
Car -1.0 -1 -0.9939027649402394 715.7476503527274 177.5284963309896 831.4169408245847 231.41514393512503 1.5 1.6072188064455986 3.941209477186203 5.089563159850094 1.657920350938997 22.369133640590668 -0.7701851884510857 0.9998949766159058 
Car -1.0 -1 2.2978254959775777 229.7627456574889 183.0528175555792 307.74262786207385 210.93612069902042 1.5 1.7058687776327133 4.3835221350193025 -20.209804767999657 2.139490123488541 42.870619765096656 1.8573071837385715 0.9998258948326111 
Car -1.0 -1 2.1958758038877075 243.6548716251454 182.75506699422667 323.6980741183133 220.09798066205002 1.5 1.503366094827652 3.4026897072792055 -14.32194050806251 1.9611663450936017 31.76121646799527 1.7722525477369846 0.9996281862258911 
Car -1.0 -1 -0.9631895974026784 685.2184656101514 178.43218054833574 756.7784811127136 213.5075235857437 1.5 1.5020737916231155 3.547715258598328 5.110980028108879 1.7712207510233757 33.23037277555053 -0.8105809847500666 0.9995661377906799 
Car -1.0 -1 1.7963913995523226 464.5994988744904 181.13162186305166 497.93475219546724 204.41057518974438 1.5 1.518864606320858 3.455401074886322 -8.823858821508425 2.088567201897555 49.50690917345526 1.6200086951216282 0.9893584251403809 
