Car -1.0 -1 2.1497657125726666 40.76903004679613 183.00281807520653 231.35561090078406 263.56679793059254 1.5 1.5598133698105812 4.011567544937134 -10.264034776698885 1.753023926714896 15.949427008499365 1.577947843070847 0.9999980926513672 
Car -1.0 -1 1.9026897028318366 400.11458433502446 181.43351855947796 454.55467045425866 212.0554074690174 1.5 1.588083852827549 4.055317354202271 -9.735041933903526 1.9841783591210682 38.59893400806477 1.6556320071180881 0.9999874830245972 
Car -1.0 -1 -1.6177059276495154 582.3616066275761 177.21669975727443 746.2186353317784 336.1850046512466 1.5 1.5684061244130134 3.473614764213562 0.47807431350425783 1.5631833427050512 8.64454110233765 -1.5624585981157166 0.9999830722808838 
Car -1.0 -1 1.8551524549927922 356.0854317028717 181.5820884748392 424.07818863453645 218.76522238769525 1.5 1.6997254014015197 4.612170767784119 -9.839097181747578 1.9215833708904533 32.50522035339207 1.561227007708277 0.9999526739120483 
Car -1.0 -1 2.2059609290034903 234.94732606159292 182.83311842247616 315.4669453935427 221.20374283798063 1.5 1.4815833911299705 3.253988039493561 -14.277226353402856 1.951197267169475 30.852656254742627 1.7725505709608615 0.9999001026153564 
Car -1.0 -1 1.8593756567030026 458.1489412407216 181.08468239661562 499.0794931485904 205.01947224444928 1.5 1.6112160429358482 4.154723373055458 -8.86947708376083 2.082176380807583 48.849383370171815 1.6797644972761692 0.9998546838760376 
Car -1.0 -1 -0.9599488524298669 689.9659242257914 178.3867055818639 760.2096476557792 214.40060100541555 1.5 1.4672158777713775 3.3167751997709276 5.141416050546434 1.7609098192837702 32.27467559859016 -0.8019743720677239 0.9998335838317871 
Car -1.0 -1 1.835714511195911 447.00244967506933 180.87284075908894 502.04439556333494 215.59753070321784 1.5 1.5932456150650978 3.8868411004543306 -6.368980672097231 1.9014944393197173 34.09064765722228 1.651018846031052 0.9997203946113586 
Car -1.0 -1 2.3122916903313744 222.49491470585576 183.1113547800344 301.71426340951245 211.52995031918113 1.5 1.7025236532092094 4.297665369510651 -20.20966126795195 2.1308854249782163 42.04754242895866 1.8642530322035373 0.9995651841163635 
Car -1.0 -1 -1.5608168117603058 1150.638264956137 161.78067358455846 1241.0 374.0 1.5 1.6541220739483833 4.046401616930962 4.358235326105976 1.471669769680916 3.811128182139035 -0.7085479060795647 0.9995274543762207 
Car -1.0 -1 -1.0604955763243442 721.504766771463 177.41255436339947 837.3024752764678 234.05414567526353 1.5 1.6204827025532722 3.9578838765621187 5.059370177903267 1.648468298883063 21.434326841291156 -0.8286977569249017 0.9991095662117004 
Car -1.0 -1 -0.9285886529468429 669.9749246973225 178.74016754267475 732.7688980785938 208.44474643434432 1.5 1.535070364177227 3.5670659065246584 4.931714459220257 1.8330942056088826 38.96869473714484 -0.8027020851757868 0.9990179538726807 
