Car -1.0 -1 -1.4712424668852855 655.3044686769682 178.24572256488082 723.4918405284947 235.50381878318436 1.5 1.6159726798534393 4.054995861649513 2.4003177806133165 1.6767917714558724 21.456477622691875 -1.3598365197565896 0.9999994039535522 
Car -1.0 -1 -0.9917159026045153 276.09829045028 180.84595041644866 449.875778072772 256.56747551328266 1.5 1.6420599564909935 4.62260679602623 -5.71235212625168 1.718542413832027 17.25107230938542 -1.3114823857930047 0.9999983310699463 
Car -1.0 -1 -0.7974889789637893 82.1423231607369 182.72461045875662 277.31361850335605 251.21798186199013 1.5 1.6273720681667327 4.6061890691518785 -11.063535997358441 1.7926378021540406 18.931254363148085 -1.3263632814076287 0.9999964237213135 
Car -1.0 -1 -1.1368866556278099 401.7555510835813 179.6286331573336 560.7123347965136 261.7306507417949 1.5 1.6561337307095527 4.615673658251763 -2.689842349053241 1.6738246202209857 16.02781443917033 -1.3031605939057214 0.9999783039093018 
Car -1.0 -1 -0.6585478408560161 0.0 184.34864059158974 136.96422864714745 245.96977002043045 1.5 1.5492775037884712 3.5227524608373644 -15.458105896388316 1.852024618054933 20.171129883255038 -1.3124298612263543 0.9999402761459351 
Car -1.0 -1 -1.688988329255055 840.1451538987513 176.8741414512538 895.3772826066629 215.57778693439258 1.5 1.6963501021265983 4.366959866881371 10.859486083490879 1.6846554911900502 30.75876894714431 -1.3495959798481805 0.9999182224273682 
Car -1.0 -1 -2.0077297715252724 1082.2500039053364 173.11354793464267 1241.0 272.3167610248124 1.5 1.6535031169652938 4.405404117703438 10.453488740482452 1.5059654818085528 13.252915166490302 -1.3398746112969262 0.9998339414596558 
Car -1.0 -1 1.4403132148088111 896.160849347111 176.402156884366 952.8241279416685 206.54072958964795 1.5 2.042900075018406 6.406839799880982 17.294665747296158 1.7138929277221424 40.060198943745355 1.847859370704514 0.9985566735267639 
Car -1.0 -1 -1.5301860526343565 760.5585653242953 176.48371390853185 866.1656495305704 269.49242192884134 1.5 1.7039597526192665 4.421447825431824 4.023911543488882 1.583631171865728 14.184704933115537 -1.253768519559179 0.9977715611457825 
Car -1.0 -1 -2.0719503280990237 1203.2821946492695 171.3940208878517 1241.0 272.0511688606878 1.5 1.707865346968174 4.48706955909729 12.932986007663073 1.4786011560526267 13.14104490354395 -1.294531540074621 0.9961603879928589 
