Pedestrian -1.0 -1 -1.910123746838057 615.1747127179469 165.10432219065274 664.3429577578555 244.1652512588422 1.8 0.8896622367203235 0.9496369890868663 0.8572191763830804 1.4279271316955062 16.933727069253624 -1.8595449189331872 1.0 
Pedestrian -1.0 -1 -1.7534305393940086 699.3588574239428 157.15795232650254 757.3704226837485 276.08369540143514 1.8 0.745265607535839 0.8953654699027538 1.9399347835526652 1.43287585841384 11.322208913616628 -1.5837393813442928 0.9999991655349731 
Pedestrian -1.0 -1 -1.879812675775626 795.0159472906163 161.72484252624554 845.517375993381 248.73267903198098 1.8 0.792033926397562 0.8953870765864849 4.612516722931126 1.392132685189789 15.312290335974133 -1.587228092425738 0.9999991655349731 
Pedestrian -1.0 -1 -1.6687663876937895 777.2415118217277 147.77980910258637 839.2757046528784 314.9458665827625 1.8 0.5923989720642566 0.8635500006377697 2.2958779064996655 1.4382680002733863 8.208921633517598 -1.396053687730108 0.9999988079071045 
Pedestrian -1.0 -1 1.9801362512595377 77.60451498420002 151.34858327055076 196.1488545372321 342.0479230012223 1.8 0.7334953665733337 0.8395428329706192 -4.701892050785248 1.5167768667841082 7.252268815804618 1.4049331386897224 0.9999939203262329 
Pedestrian -1.0 -1 -1.8113994581909219 783.3670166514717 141.77060062359075 888.7587544032699 341.29338878066295 1.8 0.7540531948208808 0.9772618792951107 2.1967155321764436 1.4429596295239904 6.989573862523831 -1.506889575221811 0.9999929666519165 
Pedestrian -1.0 -1 2.2832102843949684 220.36197317836064 147.76230776617754 348.63089136652724 349.4014892890322 1.8 0.7822546668350696 0.8257707141339778 -3.0781158854762944 1.5002097291204217 6.918301341234246 1.8645858645399631 0.999889612197876 
Pedestrian -1.0 -1 -1.843069111374759 720.8419261878074 153.34597225036765 784.3751687568401 292.4299539443682 1.8 0.6229605086147785 0.8903981678187847 1.9903611205459921 1.4369671910588813 9.760150709194997 -1.6419001753118379 0.9998828172683716 
Pedestrian -1.0 -1 0.9021338014305132 1096.9183564375594 125.81634666503535 1237.0 373.0 1.8 0.7942667722702026 0.923140675574541 4.334975579817258 1.4247838108322985 5.323312303414743 1.585556495185715 0.9996665716171265 
Pedestrian -1.0 -1 -1.7936860972134168 778.1336934721203 157.99836945654607 834.4325769367165 267.127704696359 1.8 0.7479708202183246 0.8757928878068924 3.449171211177296 1.4136478541024111 12.30194415645096 -1.5203286642816407 0.9995307922363281 
Pedestrian -1.0 -1 -1.585634640058274 758.2753186487303 158.3245140923388 804.4661831469786 267.03106788280064 1.8 0.7470517911016941 0.9077506631612777 3.057385670899882 1.4175398739556886 12.4180017613755 -1.3442300418999535 0.9979154467582703 
Car -1.0 -1 1.6776789572123159 543.5714490683647 179.20115190944165 594.3635882005649 219.514912662987 1.5 1.610366490483284 4.048816722631455 -1.2498945228810348 1.4154995014174883 28.796722027830413 1.634302127357346 0.9979343414306641 
Pedestrian -1.0 -1 -1.7060044560886554 744.8225756756152 155.96605718667772 800.0895113441969 278.8266360732561 1.8 0.7063545778393745 0.8703399941325187 2.554873619790059 1.427219228264316 10.98770009463463 -1.4775428260352952 0.9963839054107666 
Pedestrian -1.0 -1 -1.9947051770692923 669.7632171912524 169.93284705515433 695.1248093211628 218.82790772499885 1.8 0.7391411371529102 0.6517793543636798 3.005896888851657 1.3752123935460265 26.865559789649776 -1.883281962075506 0.7531558275222778 
