Car -1.0 -1 1.7814861682438319 388.53505853440356 180.10353655140645 502.8567264752208 259.88922147168205 1.5 1.6056268036365509 4.260783877968788 -3.5444430723915303 1.6834591516938417 16.085789207606137 1.5646056373927253 0.9999996423721313 
Car -1.0 -1 1.7547945115828534 448.83661793964177 180.19348455996533 528.9117618818697 236.74117730066618 1.5 1.6359374418854713 4.204962638020516 -3.591907557282657 1.7437510999352521 21.80602214525284 1.5915396094282688 0.9999996423721313 
Car -1.0 -1 -1.9562033210355323 801.47934502254 174.20815444554037 1174.6327955877052 374.0 1.5 1.5688760697841644 3.7645364671945574 2.9484104057967837 1.516459560310171 6.671267666504636 -1.5400584331390006 0.9999995231628418 
Car -1.0 -1 1.932089301682947 222.71269436803473 180.01674271077815 458.85651136235776 310.48634023343766 1.5 1.7555555820465087 4.488912460207939 -3.725197649969452 1.630236738864385 10.811239148985493 1.6002626299818576 0.9999979734420776 
Car -1.0 -1 2.2114321825687453 0.0 179.76885152383878 348.7848180822674 374.0 1.5 1.5831634894013404 4.082589086890221 -3.578162507291854 1.570914010411891 5.284372028057012 1.616226422782761 0.9999868869781494 
Car -1.0 -1 2.7155280813575815 797.5400303944934 176.64946117189885 954.4450788669415 233.1447210923559 1.5 1.6109483808279037 3.803025794029236 7.341423854004319 1.6118101239205707 20.23373955994395 3.0635874152144016 0.9999871253967285 
Car -1.0 -1 2.7891842035443286 785.8721954910328 176.79936311315564 960.8430821449759 226.35325933378522 1.5 1.7453572273254394 4.909809169173241 8.200317397544508 1.63032410168458 22.873107123162306 3.133423197265488 0.9999841451644897 
Car -1.0 -1 2.1176860096274925 905.0192794643358 175.3299001119322 1053.365882845367 245.30634877079189 1.5 1.5116956576704978 3.5591016083955767 8.758056879208713 1.564633124965729 17.15209401472634 2.589786756034714 0.9999686479568481 
Car -1.0 -1 -2.921785752850435 0.0 0.0 1241.0 374.0 1.5 1.6143635407090187 4.08537709414959 3.0387237051372478 1.45524782981285 0.9063467030530168 -1.640854255357061 0.999358594417572 
Car -1.0 -1 2.0214665757747863 969.7883152917361 174.3960887462621 1140.349849876722 259.9366800005558 1.5 1.5239622935652732 3.451698136329651 8.791222080980017 1.534235280649853 14.277415008060151 2.5733816504438938 0.9993559718132019 
Car -1.0 -1 1.9181995389929636 1069.768495429388 172.91311369548208 1241.0 283.9135414932843 1.5 1.5823297694325447 3.8965804994106295 9.093482210859271 1.5014346186321075 11.444838481261975 2.589607703681809 0.9986873269081116 
Car -1.0 -1 1.7426600402706254 1239.322569063165 169.93618647051957 1241.0 327.56521573989494 1.5 1.4616931349039077 3.5050491362810137 8.856147380172274 1.472591936493737 8.445540534782104 2.5517859339674533 0.9474971294403076 
