Car -1.0 -1 0.3756063179034306 266.65334753849976 181.8227199129331 445.7178933787972 239.90965989772334 1.5 1.682666365802288 4.331369188427925 -6.934631781146006 1.758533331418066 19.841655708960495 0.03937820991012028 0.9999992847442627 
Car -1.0 -1 3.4232775765223193 229.05487139555117 181.9483873991383 414.40991472930034 249.76573902521866 1.5 1.5934464082121849 3.8080448776483538 -6.7933792603351035 1.7293300733639096 17.19051168349674 3.046931612487656 0.9999852180480957 
Car -1.0 -1 -0.6136838032692055 950.6789383060132 172.34577473349347 1241.0 326.06754631053633 1.5 1.6408712163567543 4.239173468947411 6.219030246914586 1.495398683240948 7.962069879479889 0.04941491683455876 0.9999796152114868 
Cyclist -1.0 -1 1.6668733833830838 529.1073434782484 182.69907152675268 546.5547032351038 216.72774355415356 1.4 0.5894276805222034 1.6926821812987327 -3.13365988278146 1.8352268176730282 31.020785597760813 1.5661968429896491 0.9999715089797974 
Car -1.0 -1 -0.5228871788305975 883.6338088920321 174.309512171704 1207.6226337220655 285.85296107251634 1.5 1.5977874889969825 3.760126841068268 6.123236400421652 1.5232264036184866 10.527561053421875 0.003921910128320971 0.9999709129333496 
Car -1.0 -1 -2.390177413826709 0.0 183.90509303459442 183.49743914689898 340.77934589900565 1.5 1.5479209393262863 3.5894474506378176 -6.930954305216769 1.6329923834625213 7.834711574446281 -3.114445165791784 0.9999548196792603 
Car -1.0 -1 -0.24041374080483394 727.1306503957063 177.44362144794286 882.6184397216664 230.72398780094963 1.5 1.5923692405223846 4.165459287166596 5.6132954153786745 1.641070251092557 21.28641669993921 0.017419858774866383 0.9999297857284546 
Car -1.0 -1 2.7431996583295977 758.1192005308051 176.87550214441978 930.6131818507114 239.48573939858375 1.5 1.5886242061853408 3.8639965027570726 5.846364770557085 1.608155729013893 18.373013648075815 3.051272499557358 0.9998782873153687 
Car -1.0 -1 -0.37795714320371254 819.8959362224617 175.6923873057645 1046.6013289441544 262.46596596506356 1.5 1.5547987565398216 3.5018133491277696 5.80277485264668 1.556189711326037 13.357301327763722 0.03187124331923894 0.9998819828033447 
Car -1.0 -1 -0.23723137790031815 811.4610370703912 176.26776456126478 970.9597687070067 249.504422738183 1.5 1.5416861072182655 2.971111473441124 6.00960681270144 1.5796980710839088 15.815427660031233 0.12590150435897282 0.9998807907104492 
Car -1.0 -1 3.342565938448459 398.762870993675 181.34634673127437 498.8085039066651 217.76945565532031 1.5 1.5535489216446876 3.9523745447397234 -6.890194325592775 1.8736944913802092 30.904183755930724 3.123200285430771 0.9998146891593933 
Car -1.0 -1 -2.641499646716178 82.50513900850743 182.5403583178731 358.29096294892736 275.6474014421173 1.5 1.586238344013691 3.9698372155427935 -6.712626132084162 1.6805522737393037 12.605497814763162 -3.1308202306416377 0.999613344669342 
Car -1.0 -1 -2.908401538278694 421.00206041597284 181.20249697600374 513.3959378628485 214.68191729145627 1.5 1.6042188301682472 3.963192415237427 -6.650881770260398 1.8997502953528767 33.63885649905541 -3.1035983125355586 0.9996156692504883 
Car -1.0 -1 -1.731657530356791 629.5616580944954 179.16837345487278 673.8773183902816 211.22559251519735 1.5 1.604018223285675 4.093619298934937 2.0256507540161395 1.8402303302790128 36.71416273553262 -1.676539861657892 0.9993067979812622 
Car -1.0 -1 -0.22922266949065231 728.2846517006268 177.64538044448076 856.7618473151083 225.66526437552136 1.5 1.6342932850122451 3.788582843542099 5.836802226082434 1.6623412767175214 23.5473482687949 0.013755126795496262 0.9982782602310181 
Car -1.0 -1 -2.3338631167689567 925.614524908767 159.49155594331273 1241.0 374.0 1.5 1.5269512802362442 3.4142287939786913 2.708647236298989 1.479103812644471 2.855059585094863 -1.5747744930584473 0.9979233741760254 
Car -1.0 -1 -2.5566083918762854 0.0 182.7790124765927 318.0536356632259 300.0444089297439 1.5 1.5561776727437973 3.7991179645061495 -6.39185838258849 1.6519306579936592 10.191442183189606 -3.116773084798132 0.997450053691864 
Car -1.0 -1 0.8768188224112403 0.0 184.6506288351382 107.28332398873415 374.0 1.5 1.686895501613617 4.146656629443169 -6.394152031945256 1.6005236704197021 5.270952475454488 -0.004570559659276685 0.8562678694725037 
