Car -1.0 -1 -1.5190977201783447 451.07670143208946 180.02253820824632 523.0146463465601 245.37531945484727 1.5 1.664348740875721 4.12824587225914 -3.2090803635521565 1.7121994815606942 19.17437498005813 -1.6849238062885148 1.0 
Car -1.0 -1 -1.1977820875305272 136.86985717841117 182.45337768390598 281.14178171354393 252.4304735220538 1.5 1.6664503633975982 4.526826974749565 -10.073791151193578 1.777247199705468 18.459183618124964 -1.6973436186697823 0.9999986886978149 
Car -1.0 -1 -1.3950380794181128 363.70927476782276 181.27697612927022 432.1009112890582 229.41834941647593 1.5 1.6117239862680435 4.069992017745972 -7.390178915998799 1.82068716935027 25.327555443773388 -1.6789404461768014 0.9999966621398926 
Car -1.0 -1 -1.844973059465151 676.2779198214718 177.91281107573363 775.1099696279468 237.06928556520955 1.5 1.6604036584496498 4.453405228257179 3.1764553368483264 1.66382826785033 21.000710584162 -1.694856287040983 0.9999951124191284 
Car -1.0 -1 -1.5706280082810236 528.4151347932593 180.19542115636827 563.6097822100324 212.15812323157505 1.5 1.6995415583252906 4.39546839594841 -3.334575939798191 1.9015606293276497 37.163952695031945 -1.6601144606855256 0.9999908208847046 
Car -1.0 -1 -2.1296896217602743 816.5038041636435 176.4857002454981 947.3587244994171 232.1222822307431 1.5 1.6700102508068084 4.334741321206093 8.085258741840919 1.6228585008889467 22.04257010064923 -1.778125540414129 0.9999898672103882 
Car -1.0 -1 -1.927418255473438 747.1473687212941 177.2476798037279 854.1387426339235 233.89115063155793 1.5 1.662699182331562 4.360472273826599 5.5364736855062855 1.6463216824123308 21.711181521856872 -1.677733981111322 0.9999810457229614 
Car -1.0 -1 0.7801060048803629 1193.1767750420038 172.3417944315721 1241.0 225.95841464539401 1.5 2.209792521595955 5.658462506532669 22.025966977490395 1.486028150132368 23.042169418892524 1.5429598530146735 0.9999114274978638 
Car -1.0 -1 -1.0132631756057393 0.0 183.69891012572776 165.79428634629593 255.53800202144208 1.5 1.6535467028617858 4.516495254635811 -13.256373954655595 1.8068609008743646 18.07562281745605 -1.6460450078037125 0.9992709755897522 
Car -1.0 -1 -0.7082591747329863 877.9529954855143 174.5298372239725 1236.2031376293248 253.5862459497055 1.5 2.1585992097854616 6.719829005002976 9.340370755580357 1.539778131061117 15.362749116206713 -0.16198666492966243 0.9985210299491882 
Car -1.0 -1 1.3900959434455935 567.3781140052888 179.81832026532598 614.2411769743012 204.8943211258798 1.5 2.045934696495533 6.090224397182465 -1.4002171074971368 1.9956671917444586 48.12236642515917 1.3610071380946296 0.9952925443649292 
