Pedestrian -1.0 -1 0.7303973478921677 247.67411117637394 161.26758468569312 312.94827221702536 274.5194713845234 1.8 0.6084473364055156 0.7664585046470165 -5.38272571265754 1.49597947106824 11.635790887757295 0.29711417754622865 1.0 
Pedestrian -1.0 -1 1.0588938903081724 701.415912134379 150.42364142499878 773.6070848137844 290.5640454539599 1.8 0.5987730368971824 0.8934042908251285 1.7349318517188868 1.4153666847985875 9.59657822337911 1.2377485473963874 1.0 
Pedestrian -1.0 -1 1.2379224817195202 534.7569984868827 155.22309572622976 584.810830538731 281.64986665921526 1.8 0.4434921804815531 0.994834166765213 -0.7383890286666771 1.4417864005614334 10.606154201518077 1.1684157093379157 0.9999998807907104 
Pedestrian -1.0 -1 1.4143682388719825 574.2045501179264 162.63706760452578 604.2553552278592 244.54865108153865 1.8 0.5587692864239215 0.7965727269649505 -0.4033618709593731 1.4090785707888167 15.974576463840213 1.3891233642909186 1.0 
Pedestrian -1.0 -1 0.8287962157070641 823.9137549596742 128.67041563162732 962.1339825530058 369.0 1.8 0.5440864272415638 0.8931367218494415 2.1859254150772185 1.4308899791862801 5.568244215933454 1.2028810222956794 0.9999988079071045 
Pedestrian -1.0 -1 -2.3491935793819354 671.5841114193611 165.58818910524485 699.8994596583264 223.36410757261302 1.8 0.5647182025015354 0.7005094110965728 2.533590822683104 1.3369791083857678 22.472893623914167 -2.236927763619695 0.999998927116394 
Pedestrian -1.0 -1 0.9752240679319351 785.1538531345549 129.54969820452183 914.221564296559 369.0 1.8 0.5885758928954601 0.8332179419696331 1.8434686329815795 1.4353294887781274 5.560346688447281 1.2953583439204353 0.9999951124191284 
Pedestrian -1.0 -1 0.840444609711561 795.7695970767037 149.60387493187227 868.6794155284701 287.1820091551732 1.8 0.5104379288852214 0.8609259061515331 3.0701477329671185 1.3974450576185922 9.743086111861766 1.1457058628413337 0.9999927282333374 
Pedestrian -1.0 -1 1.2881947895406514 467.3991529737187 154.31621601468623 520.727531415334 291.0844092763974 1.8 0.5026900701224803 0.8720347218215465 -1.5972471056693693 1.4570696120521243 9.802176128076816 1.126666231951441 0.9999898672103882 
Pedestrian -1.0 -1 1.4695537103813923 545.7941101193519 162.85542040074586 576.5358640720619 245.60939086958328 1.8 0.6015075862407684 0.8507952585816383 -1.030470338106779 1.4178252797892212 15.843495263385229 1.4046045978877204 0.9999885559082031 
Pedestrian -1.0 -1 1.4498067565135342 462.0369607260215 163.49481796107483 491.50567746382796 248.98568092054785 1.8 0.5332696743309497 0.8050192639231681 -2.830814429424476 1.4435789572098487 15.345646937808214 1.267387314638819 0.9999839067459106 
Pedestrian -1.0 -1 1.1488988336569423 644.8619441884829 151.57779591568448 716.1004031336549 289.54039129319233 1.8 0.671953198313713 0.8776309460401535 0.9771780795871529 1.4243255407869027 9.742476270364078 1.248865290484156 0.9999814033508301 
Pedestrian -1.0 -1 1.241323217559576 515.5399004681527 155.66352656844705 564.383493092625 281.23644350654956 1.8 0.5064421825110912 0.7586706921458244 -1.0287028898138548 1.4456519672202461 10.580177673041286 1.1443986137721198 0.9999790191650391 
Pedestrian -1.0 -1 -3.52180822803463 1018.5041559812533 158.1260109558997 1071.2108197331793 231.86589484671117 1.8 0.5038540370762348 0.9968899682164192 10.895046365966767 1.255446948747475 17.588764098424996 -2.9672227660801753 0.999962568283081 
Pedestrian -1.0 -1 1.3034851951717754 620.1678079974918 161.99257069322047 654.3276835148966 243.90168091537396 1.8 0.5610639721155166 0.8677201837301254 0.6824528443338331 1.3949035218979622 16.018301459694786 1.34606401523086 0.9998834133148193 
Pedestrian -1.0 -1 1.2004102420612326 601.1453842215012 156.61566285718152 647.4846439221449 270.23331468917127 1.8 0.4910233922302723 0.8392859742045402 0.2635898700272433 1.423265282360376 11.674720325427753 1.222984238466944 0.9997668862342834 
Pedestrian -1.0 -1 1.323868676308682 485.27339270105415 154.59577517389886 543.0388113638456 288.1655759442604 1.8 0.6072444401681423 0.9057568877935409 -1.35269496274861 1.452583199856927 10.056550364923522 1.1901623447749274 0.9994563460350037 
Pedestrian -1.0 -1 0.8921590222401439 873.4382599550127 129.71532310776948 1006.6976162880196 369.0 1.8 0.5454523980617523 0.8752638034522533 2.6370353483397353 1.4241750942114961 5.742471145587863 1.3226505955073493 0.999133288860321 
Pedestrian -1.0 -1 1.0527081215598808 818.4379782023296 149.5640201448858 889.7029027604071 285.8554210378945 1.8 0.5959725499153137 0.8291319504380226 3.3868431842786135 1.393101538257853 9.795364433430645 1.385600491366114 0.9989585876464844 
Pedestrian -1.0 -1 1.0762523526811172 764.4125571954297 150.09429883979325 835.9166105680968 287.3526926944518 1.8 0.5974230848252773 0.8912762187421321 2.631786302713785 1.4029346102228972 9.769497147262982 1.3393937786433356 0.9983640313148499 
Car -1.0 -1 -1.2148887164233593 0.0 181.32405563748688 272.2210099897369 369.0 1.5 1.9635197266936302 5.170334738492966 -3.1842822715825925 1.5093294186591661 3.7771787999064648 -1.915323511758123 0.9972925782203674 
Pedestrian -1.0 -1 1.1722928501664673 592.6851811382254 155.54416705283938 643.7337120390599 275.7647553393925 1.8 0.523888462036848 0.8038391850888729 0.15058105439920014 1.42801060264945 11.052161604286912 1.1859165867182868 0.9968416690826416 
Pedestrian -1.0 -1 1.2133191693527388 553.3375701754775 155.62824623347535 607.1196229160657 278.25004505605364 1.8 0.5721078746020793 0.8188950389623642 -0.4372198662927997 1.4365636814423088 10.862276429843657 1.1730896671626228 0.9768456220626831 
Pedestrian -1.0 -1 1.6038526031261646 528.2860442872627 163.17496554954084 554.5982121190558 245.68810029544588 1.8 0.5654516190290451 0.6447547607123851 -1.45060406673409 1.4236754518155863 15.757513780928301 1.5120534141871589 0.9509862661361694 
Pedestrian -1.0 -1 1.2332689216381945 681.0042239629645 150.1459090749486 753.7956091318891 293.4287792910016 1.8 0.6775605984032154 0.9405806221067905 1.4267144352909016 1.4203519995726221 9.402429537359701 1.3838590820643561 0.9475504159927368 
Pedestrian -1.0 -1 1.0103781595188996 683.1931150201139 150.82106641175923 758.1695509137894 289.883204103097 1.8 0.5943422697484493 0.9568325735628604 1.5234959088282463 1.417514860431545 9.703740240994053 1.1661078174922126 0.619398295879364 
