Car -1.0 -1 -1.5591175229036047 560.253032194587 179.67525873113604 605.4906453602747 222.88323001745576 1.5 1.6038762897253036 3.3002941429615023 -1.0502675544050477 1.7737475209478641 27.244736691124558 -1.5976478187975032 0.999993085861206 
Car -1.0 -1 -1.2973824754511356 266.4907128533906 179.35077230156193 493.0626866972099 343.5580449599497 1.5 1.573020827770233 3.582945328950882 -2.494864540450358 1.593403431287215 8.53088817898314 -1.5818990320574982 0.9999872446060181 
Car -1.0 -1 2.051762634313685 178.0376701339206 183.17552623001328 270.3577341471826 224.6890099823379 1.5 1.6004352390766143 4.018291321396828 -15.466690407930765 1.9452964601883773 29.0858881977745 1.5630315979334968 0.9999858140945435 
Car -1.0 -1 -1.4038033166646795 415.27650760487893 179.64034391640493 532.524240089172 274.3819975357823 1.5 1.5446866422891616 3.7411472320556642 -2.459017242354834 1.6456983858846552 13.570244588738896 -1.5830646958809835 0.9999806880950928 
Car -1.0 -1 -1.6359961435481845 635.1955382462454 179.09272179205982 675.0617168641004 214.8270048295458 1.5 1.558527399599552 3.6912644773721697 1.9597468923162227 1.7998120936798971 32.780687783594736 -1.5762836342353863 0.9999799728393555 
Car -1.0 -1 -1.5385634802422659 560.3511219801712 179.97324694749915 592.9192825856442 210.52787749292727 1.5 1.603506927192211 3.7125127881765367 -1.758937059311561 1.8952895444504676 38.15654006589535 -1.58462878695247 0.9999560117721558 
Car -1.0 -1 -1.6489305062412567 647.9489739762005 178.55527696217095 706.861118637095 229.76596039135745 1.5 1.5889879807829856 3.951767322421074 2.0744638972130804 1.7021877076981353 23.55678769870512 -1.5610948354613525 0.99994957447052 
Pedestrian -1.0 -1 -2.393457027130966 1172.1033168126776 115.17226405375355 1241.0 374.0 1.8 0.8183050461113452 0.7438048280775547 4.070791846414265 1.4808208297792007 4.396093093125377 -1.6464603925731522 0.9998165965080261 
Car -1.0 -1 0.692677928392293 383.70756079328896 181.30226212155182 482.62826715858006 220.10619557102098 1.5 1.555635829269886 3.9181026190519335 -7.434055958009839 1.8712315693907235 30.118854077845683 0.4506906708094733 0.9995054006576538 
Car -1.0 -1 0.9050364716261841 292.9359450721949 181.41904725417442 436.70804878529924 244.55465541524222 1.5 1.5878744915127754 3.8665736585855486 -6.65234804915893 1.7501106481293716 19.32116040094328 0.5734452446314948 0.9987475872039795 
Car -1.0 -1 1.2675938028384002 0.0 182.23426546627962 233.05239135598157 337.02059133094906 1.5 1.5793964758515358 3.8672348976135256 -6.503614282449669 1.6406202727348995 8.996407978012636 0.6416553696009772 0.9936836957931519 
Car -1.0 -1 -2.1877557194121184 427.6414516744668 181.00815667268122 502.48485091460714 216.5757480989191 1.5 1.5358517438173294 3.6367698132991793 -6.716138513923519 1.8943697468252996 33.05813548967093 -2.388189272084509 0.9123032093048096 
Car -1.0 -1 -2.0998698776505984 480.2758669877726 180.81400770302383 530.2030926445013 207.71721380028103 1.5 1.5110366538167 3.2412542521953585 -6.303567201785921 1.9938504040956149 42.99257501937548 -2.2454524795201163 0.9121435284614563 
