Car -1.0 -1 2.108297531409871 86.49391087601406 182.8421722294942 254.5200065385328 256.4205413291431 1.5 1.558391799032688 4.067302730679512 -10.348075742313023 1.767969000478672 17.294298129761984 1.5690907677027839 0.9999994039535522 
Car -1.0 -1 1.8362675078972885 409.733731616314 181.42508411771266 456.9370203268468 210.78434700057403 1.5 1.5645757809281349 3.9369507253170015 -9.76872797735506 1.999288189964925 40.01046302151258 1.5967981696089328 0.9999979734420776 
Car -1.0 -1 -1.4676795891172012 1001.3174473623153 169.49865705911338 1241.0 374.0 1.5 1.6532226026058197 4.219640281796456 4.37884162682554 1.4858086833777104 5.184643381608171 -0.7663410464909418 0.999993085861206 
Car -1.0 -1 -1.6166647514245065 584.9382369384451 177.27932784275882 743.961214029402 328.92531678032975 1.5 1.5977386876940727 3.7387239307165148 0.5097868224422647 1.5678295881611561 9.121106149158887 -1.5608319407936675 0.9999725818634033 
Car -1.0 -1 2.214164000333296 240.40197799056259 183.00823364330944 311.99800378496633 210.3067885314855 1.5 1.6820014014840126 4.304567587375641 -20.119269823875523 2.1463854033958363 43.62180654676333 1.7820184111555637 0.9999634027481079 
Car -1.0 -1 1.894600861738908 362.965045442557 181.55404591079906 430.69159768668703 217.36208433714128 1.5 1.6630143418908119 4.5529576510190966 -9.87643086771993 1.9339438085870249 33.65002465913724 1.6091139197310032 0.9998524188995361 
Car -1.0 -1 -0.934480640520565 665.010048243554 178.79609727279447 728.3284624199497 207.50937810424276 1.5 1.5962755799293518 3.7652621537446977 4.854207148979505 1.8488927555690708 40.40182278441479 -0.8149055997517449 0.9998082518577576 
Car -1.0 -1 -1.0091327743044627 684.1308203426087 178.4697813485279 751.9015841575821 213.0530722243761 1.5 1.487523552775383 3.516262260079384 5.046141539855707 1.7768275997185115 33.70125268275475 -0.8605053583767754 0.9997984766960144 
Car -1.0 -1 -0.9343092252384659 710.4088689644282 177.5908446087675 829.6985058412603 230.19629363022148 1.5 1.6325735047459602 3.9948804795742037 5.079572382489538 1.6629962587351461 22.84465414466035 -0.7155158678677422 0.9995903372764587 
Car -1.0 -1 2.180922702783155 249.01605360922477 182.73984989831328 326.66624586354067 219.41225504380552 1.5 1.535508644580841 3.3356166005134584 -14.362571044830085 1.9667554861576657 32.25487003566721 1.7619976878126682 0.9994699358940125 
Car -1.0 -1 2.347687326641771 0.0 184.22121641302516 51.60402228221143 321.0430214615921 1.5 1.655173909664154 4.303591188788414 -10.595735978637393 1.698860773121337 10.43230838010335 1.5545174320552009 0.9992269277572632 
Car -1.0 -1 1.7905983459982593 454.3810808378404 181.1742151948933 492.0169355489574 204.60514471348884 1.5 1.7225729793310165 3.9570997029542925 -9.386784853861714 2.0956843201835578 49.61884503513 1.6036300539930881 0.8872863054275513 
