Pedestrian -1.0 -1 -2.3351397769643523 742.1373331044193 151.58161725227848 830.8074885511951 298.2631047217123 1.8 0.7274978354573249 0.8575105600059032 2.35502966535938 1.43419671065341 9.365036852273322 -2.088777677216802 0.9999992847442627 
Pedestrian -1.0 -1 -2.2398968252633913 534.7598340642264 151.37516339874682 633.5600940537394 312.43245409292354 1.8 0.7885689407587051 0.9135167606174945 -0.2613600424995047 1.4646735228648502 8.62895082105216 -2.2701763073590144 0.999998927116394 
Car -1.0 -1 1.6730568411788092 492.36432761396793 179.42120426223073 565.6259255493028 238.87619265540818 1.5 1.6271139055490493 4.136231032013893 -1.9617236561163154 1.4487352968440004 20.192872172092756 1.5762114405592502 0.9999964237213135 
Pedestrian -1.0 -1 -2.0923887596177844 830.7845567210861 134.09003878976267 963.7958089417938 373.0 1.8 0.651603427529335 0.87495683953166 2.336194866539666 1.4447424385464944 5.880831406596981 -1.7142502377417428 0.9999773502349854 
Pedestrian -1.0 -1 -2.4159211414836252 542.8053904120306 151.92015192048083 641.0742658593853 309.317656379891 1.8 0.7955279693007469 0.9055127881467342 -0.16284753241630098 1.4630744164420988 8.808805511307856 -2.434405938782964 0.9999572038650513 
Pedestrian -1.0 -1 -1.6232795779019116 405.44457483477373 163.71062996519694 455.32128510873673 264.23779482025304 1.8 0.8554690077900886 0.9265491299331188 -3.249003492659424 1.4827415013958662 13.425828149060672 -1.8607114712384087 0.9999470710754395 
Pedestrian -1.0 -1 -2.1476856296420506 876.7780327825267 116.6050286855464 1107.9295311849653 373.0 1.8 0.8283052153885364 1.009807226061821 2.2882480500072138 1.4495485763935598 4.4363289410479325 -1.6714799190547807 0.9999252557754517 
Pedestrian -1.0 -1 -2.3767933269687402 635.9496918855249 157.59854196598033 711.13518735366 277.2701556216572 1.8 0.6831992909312248 0.9883592396974563 1.0934337269285035 1.44180027611603 11.399387117382235 -2.281165496506963 0.9998908042907715 
Pedestrian -1.0 -1 -2.4318987260048224 687.4384054955854 158.70980409539496 760.9387565723091 268.71298434748434 1.8 0.786378376930952 0.9697222642600536 2.0674054024463095 1.428370118378784 12.375804930877706 -2.266374961533819 0.9998916387557983 
Pedestrian -1.0 -1 -2.129887989417991 710.6082232303522 142.6420095017105 828.5708779833516 341.3482425325258 1.8 0.7379383340477943 0.9439283542335033 1.5802452406313914 1.4493800447662524 7.072345114548896 -1.9100588122990472 0.9996696710586548 
Pedestrian -1.0 -1 -2.4636071897639376 776.8055681010296 151.04081384424887 865.8400115463467 298.514210428217 1.8 0.732659038901329 0.8275037191808223 2.7972176435522735 1.42956819056437 9.313488738791348 -2.1718380610134944 0.9994317889213562 
Pedestrian -1.0 -1 -2.584410408835722 626.4814908472293 157.04666414493283 707.5098170870015 280.2792511331027 1.8 0.6958880022168159 1.0331172056496143 0.9658797634517924 1.4441329697648702 11.078186728867793 -2.4974427978184566 0.9994454979896545 
Pedestrian -1.0 -1 -2.202283451248948 737.0967593867535 146.0404418023634 847.8296976415576 323.77301187041536 1.8 0.7090338066220283 1.010618221759796 2.0201054923270556 1.4422465847907604 7.873182665090207 -1.9511209885266168 0.9989832043647766 
Pedestrian -1.0 -1 -1.9123798488534882 862.7146326540901 133.80861068583013 990.338422981624 372.68480596840044 1.8 0.6662979282438755 0.9514692731201648 2.5795953965105243 1.4420294090221966 5.908139213442419 -1.5007105926659448 0.9984496831893921 
Pedestrian -1.0 -1 -1.6912355326794941 640.809892335476 169.85011641247834 663.8682035739645 221.12263615861843 1.8 0.7303571820259094 0.7793046094477176 1.7875506050832388 1.3920740841331598 25.62332136506983 -1.6215857351806504 0.8686273694038391 
Pedestrian -1.0 -1 -1.5959265410569696 720.0602182468045 152.04400928087296 790.7584852575297 298.1103798482671 1.8 0.8594688519835472 1.0180446811020374 1.9540981448273445 1.4383480947739773 9.427034111356566 -1.3915345231678826 0.8653016686439514 
