Car -1.0 -1 1.7398017867105222 390.26662089476 179.38706718343332 534.3120000344907 289.795238499533 1.5 1.652044665813446 4.194814202189446 -2.3321581940277696 1.6296597342735026 12.164027136313234 1.5503746708247321 0.9999996423721313 
Car -1.0 -1 1.7058962010645498 471.87962944671204 179.73158697714248 555.985935514049 249.46600939474237 1.5 1.5471483141183853 3.8304200887680055 -2.310092837485964 1.6885068434086121 17.816306586559644 1.5769538760145725 0.9999964237213135 
Car -1.0 -1 -1.769025008849328 705.6152533562574 178.21378379885306 761.9087125796075 220.50048595365175 1.5 1.5103498965501785 3.2087596625089647 4.635493947798594 1.7177284058097901 27.63210313174398 -1.6028151186790807 0.9999983310699463 
Car -1.0 -1 -1.7421791081587799 728.2157170449068 177.67834214431332 799.43518798458 233.83512680274671 1.5 1.4999816685914993 3.2161521285772325 4.389054014630579 1.6529175431706007 21.182481093799932 -1.5378681654718263 0.9999939203262329 
Car -1.0 -1 -1.6954926156068963 691.7367799148078 178.53358725524558 734.8781498503083 214.29614850674477 1.5 1.5107429146766662 3.3110129207372667 4.557604309720554 1.7689809570184662 32.4567738343462 -1.5559840426456673 0.9999644756317139 
Car -1.0 -1 1.6498487617248727 553.360076309933 179.89622375510925 593.4725370869859 214.70298464141516 1.5 1.5811045214533805 3.82357896566391 -1.7010093064670946 1.8492268056228809 33.80820913657291 1.5995776534040989 0.9997636675834656 
Car -1.0 -1 1.2174148506385445 808.3636491879117 175.17423111918765 1057.341751235957 316.11885249651965 1.5 1.5824167549610137 4.406709831953049 4.027047763530932 1.5396047515469498 9.97581156556597 1.6010906577070774 0.9997608065605164 
Pedestrian -1.0 -1 -2.2645319288171004 976.3014888959899 55.64288300019346 1241.0 374.0 1.8 1.6615354016423225 3.1600388258695604 3.33505559386194 1.4801814321493256 3.5912883116133596 -1.516110838451658 0.9999790191650391 
Pedestrian -1.0 -1 1.254663683974804 1067.3234674382725 93.63329309951976 1241.0 374.0 1.8 0.7370985604822635 0.7489795356988906 2.585589378579188 1.485488954913887 3.341555592252501 1.9132037043531955 0.9981365203857422 
Car -1.0 -1 -2.381530122244027 991.9092473578328 160.68995368229807 1241.0 374.0 1.5 1.6551318138837814 3.8540421545505525 3.5896514424012396 1.4754965777362017 3.4004107604604465 -1.569065752150726 0.9967201352119446 
Car -1.0 -1 -1.7867638938755546 739.9127958498385 176.9615531026996 855.878643322716 255.84443768073575 1.5 1.5828783184289932 4.208142545819283 3.962902032838425 1.6039057741218088 16.062737425966915 -1.5448803296920401 0.9882739782333374 
