Car -1.0 -1 1.791076945990325 435.48454052502535 180.14481495162505 526.5376388477883 243.50887367825592 1.5 1.589086328446865 3.9816665023565294 -3.4238382359549946 1.718606488537588 19.57027859382205 1.617878901954514 0.9999992847442627 
Car -1.0 -1 2.128238833090011 808.0582330038964 177.0206282114039 892.6840205603381 219.32277403268384 1.5 1.5190260976552963 3.365219992399216 9.170440188661816 1.6691457026058123 27.567753702279937 2.44937514066301 0.9999966621398926 
Car -1.0 -1 1.8415483139000333 358.81200176725497 180.2704871888012 485.491093896042 268.54878101001555 1.5 1.5290318548679351 3.538077932596207 -3.6323170788666355 1.6661759075989406 14.343462266641453 1.593523967262131 0.9999890327453613 
Car -1.0 -1 1.7632034780318038 513.5669652868147 180.10133832278956 568.4560756679816 218.8162057430357 1.5 1.5934106454253196 4.014498975872994 -2.913724872213438 1.8306564955814302 30.80583265079633 1.6689004778822483 0.9999762773513794 
Car -1.0 -1 -2.548958288741854 1236.7169856905632 170.80581418358594 1241.0 266.55798517994134 1.5 1.703614790737629 3.5949239999055864 13.982021120204992 1.4682721315781468 13.213148337497104 -1.7352952520039422 0.9999648332595825 
Car -1.0 -1 -1.6644401808072806 678.816188600896 178.3840340214098 733.3213942977823 224.30575645416172 1.5 1.5803896382451057 3.7376711636781694 3.3354845636754304 1.7135355834909334 25.91700832851083 -1.5364450896766526 0.9999607801437378 
Car -1.0 -1 -2.3991323574191012 1093.8080606931212 172.85036034343068 1241.0 266.6638295044697 1.5 1.6842900335788726 3.6519775658845903 11.191233957656335 1.5002996695839081 13.456523082722873 -1.7053832272675378 0.9999550580978394 
Car -1.0 -1 -2.241042858770301 940.7258893153966 174.4217854478684 1180.4302073359022 267.53816743543956 1.5 1.6995268434286117 4.055504736304283 8.260890883770585 1.5349878413019622 13.813390271645588 -1.7020694623377663 0.9999381303787231 
Car -1.0 -1 -3.3299081408390787 721.4852755989971 178.39308491709488 792.2355199340358 203.02731534117245 1.5 1.6531691446900367 4.100403425097466 9.119066100501245 1.8536021684102555 45.1630113212872 -3.1306724111225948 0.9998506307601929 
Car -1.0 -1 2.1363939382215262 843.1888368443143 176.54653893506722 938.2965511067086 223.58143464649535 1.5 1.5368763849139213 3.278530251979828 9.648036781400783 1.6356787025861674 24.8486461006566 2.5067493796309055 0.9997349381446838 
Car -1.0 -1 2.5074631881036997 789.8957394313408 177.2969514350167 883.0412210637027 214.5402191588455 1.5 1.5471600487828254 3.5546938449144365 9.579428033155477 1.6973570566528544 30.680147033330133 2.810106980796677 0.9996064305305481 
Car -1.0 -1 -2.118061113967448 839.5296246430624 172.54395376633684 1241.0 374.0 1.5 1.548895102739334 3.5056496530771257 2.8721544811649475 1.4990003848793452 4.923851929409916 -1.5900006788459164 0.9995558857917786 
Car -1.0 -1 2.149268772701839 0.0 178.7907365530506 456.7884626077787 374.0 1.5 1.6382789731025695 4.157174986600876 -2.6768784871209648 1.5625361797814348 5.393811758593554 1.6885959982832492 0.9991750121116638 
Car -1.0 -1 1.7713817968131902 926.4970453425068 175.68533425424027 1007.7283776598955 226.4358073524643 1.5 1.6347531720995903 3.907127168774605 11.692678612079657 1.600978791008446 23.59544839893774 2.2314615130384983 0.9986516833305359 
Car -1.0 -1 1.7806197666737087 531.2730632902101 179.99258133580904 585.4132932662712 212.98384544414964 1.5 1.7542120561003685 4.831172761321068 -2.5589982319032645 1.8854369575773866 36.405282520909964 1.7104432463606418 0.9964233040809631 
Car -1.0 -1 -3.0771650931099286 0.0 0.0 1241.0 374.0 1.5 1.5991729244589805 3.8861627250909807 2.413781851948243 1.4555616373588707 0.30471980436087726 -1.6319461214032513 0.9952602982521057 
Car -1.0 -1 2.0047808239311578 890.5406345512143 175.99671141005663 989.9098738899636 225.28791487279028 1.5 1.6353244453668594 3.616699439287186 10.969484756345718 1.6126466553489942 23.980771929795853 2.433794963355881 0.992743968963623 
