Cyclist -1.0 -1 1.9060977818647573 1063.9769527693659 175.15920913145658 1139.1994121231423 261.76687280842833 1.4 0.5609498851001262 1.6066177308559417 8.4852394017199 1.3153202709076626 12.121721091214905 2.516825664039475 0.999995231628418 
Pedestrian -1.0 -1 -1.8506616468480968 310.30820515811337 156.68564550610498 372.98093408975683 291.66667320501324 1.8 0.5890959434211254 0.9360586784780025 -3.773523405440466 1.4841027000679856 9.97490861696044 -2.2123236815121516 0.9998887777328491 
Pedestrian -1.0 -1 1.0202133390360448 410.9825984967758 150.27301190814333 505.0385691197536 312.89628576609255 1.8 0.7423106141388416 0.8772951111197471 -1.7998211063024092 1.4671188168330291 8.394597191175729 0.809008522829737 0.9997584223747253 
Cyclist -1.0 -1 -0.4499919483654864 1012.2360601397869 173.14558185477392 1058.9056663418337 205.85381509006234 1.4 0.6740057401359081 1.5940256908535957 18.646298740503283 1.0866885658762624 30.670664157298397 0.09625427325698309 0.9997376799583435 
Pedestrian -1.0 -1 -1.8613825139634361 307.0352866413294 155.25858114645786 380.29896203335323 298.2959288366595 1.8 0.6426433593034744 1.0600126840174198 -3.576338794263573 1.4840358246726617 9.508984681800351 -2.2211181084301814 0.9993453621864319 
Pedestrian -1.0 -1 0.052543087023980806 1175.7815927627073 161.1849276720002 1197.715647189469 206.7105530915293 1.8 0.7148082859814167 0.6449278935790062 23.374534005087185 1.037816283598453 28.431819702837124 0.7406305511805671 0.9986924529075623 
Pedestrian -1.0 -1 1.229555891935143 761.9960972477032 168.06053216302803 779.653781511873 205.58801570055158 1.8 0.7102265514433383 0.48251538798213006 8.000714271565146 1.2047860869705982 34.18775648152282 1.459441586336817 0.9985539317131042 
Pedestrian -1.0 -1 -1.9014188947422612 257.90202287899956 156.43514983699248 329.7943169540613 296.6163163687932 1.8 0.581060492247343 1.0637212105095386 -4.311345705984414 1.492669975782249 9.661043284230741 -2.3211590210583553 0.997606635093689 
Pedestrian -1.0 -1 -2.088103120226726 776.7725003461311 167.60213149499086 797.2280748984641 206.3531314803153 1.8 0.6127696044743061 0.8083386838436126 8.553437098193964 1.2023419280664878 33.30823698285219 -1.8367380956795556 0.9975072741508484 
Pedestrian -1.0 -1 -3.4785668544065755 1204.829467244593 160.55342085494033 1223.0 207.09759427218378 1.8 0.703466174006462 0.8102494783699512 24.22843423868186 1.030111801259384 27.815509346981642 -2.7619838277485713 0.9955470561981201 
Pedestrian -1.0 -1 -1.9445158058319771 781.2857313767582 167.57806500730692 799.6882925381746 206.2584190558785 1.8 0.5935464546084404 0.7812627151608467 8.720837793383247 1.2001272084072505 33.32052388143136 -1.6885319883611543 0.9901838898658752 
Pedestrian -1.0 -1 -1.9565362938452757 278.2410497270105 156.30072724358658 354.61306350445244 295.4719383328164 1.8 0.6160956367850303 1.0600802980363369 -4.031142628264383 1.4886883478254478 9.733493154337896 -2.3491825620320186 0.9881367683410645 
Pedestrian -1.0 -1 1.832494833571527 1188.798471755661 160.94786731220714 1215.175223324516 206.7112363969726 1.8 0.6371275082230567 0.737694327533245 23.855186281414774 1.0324607812692064 28.27743521969407 2.5332686781843723 0.5536996722221375 
