Pedestrian -1.0 -1 -1.5480911019436536 621.4167189528763 169.42224571892186 649.1964494247181 224.14653712201158 1.8 0.9129229493439197 0.8846023611724376 1.119647462876559 1.4038246518156616 24.097750945111205 -1.5016617561366898 0.9999957084655762 
Pedestrian -1.0 -1 -1.6827365180650702 741.3975645759783 167.57563419599992 769.6289327868907 225.278723114659 1.8 0.779508289694786 0.9208777479827404 4.876628543459132 1.366749730207105 22.90156888299949 -1.4729314903405053 0.9999921321868896 
Pedestrian -1.0 -1 -1.7373391986004316 724.7576728721073 166.06932136609106 759.9165247558473 233.25604003196946 1.8 0.8127222329378128 0.8512132361531257 3.818594468090966 1.3877590684256889 19.677988147284307 -1.5456673233446223 0.9999920129776001 
Pedestrian -1.0 -1 -2.4977448481073328 158.1842302861805 132.62720974572423 329.1896383517739 373.0 1.8 0.6051066823303699 0.8281248182058334 -2.4215977169869563 1.4993757662283291 4.80757959172012 -2.9643513719227657 0.9999847412109375 
Pedestrian -1.0 -1 1.7138521035498626 428.1188090919494 151.23414834600507 501.0527933137712 320.97702556880705 1.8 0.6915481321513652 0.8684419587254524 -1.5621468554063045 1.480412726717355 8.065203403649706 1.5225314339015144 0.9999897480010986 
Pedestrian -1.0 -1 -2.3018474632076344 1144.0247385008763 118.00196656689643 1237.0 373.0 1.8 0.9571997940540313 0.9172646820545196 4.32397287755306 1.4267513951793802 4.700522364717622 -1.5581503790479643 0.9999470710754395 
Pedestrian -1.0 -1 -1.574074048587025 627.0576302786403 164.1872389165689 664.3700866090007 248.1793087772602 1.8 0.7992164723575115 0.9176568619906902 0.93796157458442 1.430205192467949 15.87211331510032 -1.5150477560844762 0.9999456405639648 
Pedestrian -1.0 -1 -2.2926755856887553 376.7166366031911 167.24198495266498 426.6782795740046 249.29757156689678 1.8 0.7311672464013099 0.8211829259991645 -4.5621016770094505 1.4884529864715406 16.285235454564088 -2.5658115903523306 0.999816358089447 
Pedestrian -1.0 -1 -1.761966404566345 726.260363439964 166.20716047828182 759.6332182406953 232.5900654953958 1.8 0.761040349304676 0.8266719549894332 3.878264650101839 1.3864868762137497 19.889208275759696 -1.5693894705644367 0.9998076558113098 
Pedestrian -1.0 -1 -1.5738596175074435 667.925435251204 163.5775095419416 702.4116148051355 248.53506766764414 1.8 0.7275535285472869 0.8933349072933197 1.789447591306816 1.4215062351298504 15.700818175869701 -1.4603776718166215 0.9995774626731873 
Car -1.0 -1 1.6372570899365944 566.5797790301291 179.25347292094025 596.4897285016159 205.13116739218214 1.5 1.5607089295983314 3.9213700711727144 -1.164754209092239 1.370562087016977 43.62582127710492 1.6105646967848362 0.9993125200271606 
Pedestrian -1.0 -1 -1.7356453065667425 698.1836316425077 165.42543835289572 734.1657702576894 237.92382933983936 1.8 0.7648582130670547 0.8955505236983299 2.87655793398847 1.4020850605896986 18.283427726004398 -1.5795930764314277 0.998487114906311 
Pedestrian -1.0 -1 1.660430747766084 380.8127634099653 150.53266806863635 455.06093175101864 327.3907067289774 1.8 0.7173710063099861 0.6673613123595714 -1.9951543475311402 1.4861905189913613 7.696121284146488 1.4067732532832282 0.9403256773948669 
Pedestrian -1.0 -1 1.7353815224644809 441.9493834174801 152.17093437591348 519.8280933080845 315.50745673109094 1.8 0.7708135552704334 0.8100824922323226 -1.4223131808936946 1.478143073366238 8.320431014958604 1.5660757263514655 0.6376147866249084 
Pedestrian -1.0 -1 -2.3999510039412733 123.4719249474271 132.90325717941545 284.6037152508529 373.0 1.8 0.4618590258061886 0.8380842886865139 -2.6625578926305367 1.5021792866520471 4.74089554937364 -2.911667899289404 0.6317909955978394 
