Pedestrian -1.0 -1 -2.2520239592729254 785.4369155952679 153.97397347061178 871.2533778697737 284.3001641794772 1.8 0.7987336747348308 0.9098175473511219 3.253377950148268 1.4211452866796639 10.489354861792618 -1.9512723545220239 0.9999996423721313 
Pedestrian -1.0 -1 -1.4979237016144962 577.3576572562298 169.83720732039365 603.9735501458706 225.0183753781834 1.8 0.8269514448940753 0.8463196016848087 -0.37559512561930397 1.4206531229890706 23.87543108850662 -1.5136538530376298 0.9999992847442627 
Car -1.0 -1 2.1453391296125295 0.0 181.87854377945402 395.42890673901786 373.0 1.5 1.7600652322173118 4.467365008592606 -2.7125064692631797 1.5047114274907594 4.069787381976949 1.5574530800196784 0.9999973773956299 
Pedestrian -1.0 -1 3.0468665888500643 390.55765017566273 167.07620033798017 433.5450430697205 249.44608785847763 1.8 0.7750307701528072 0.8663520708680152 -4.316555124997719 1.4860246156987285 16.208824776671715 2.7865981936415256 0.9999926090240479 
Pedestrian -1.0 -1 -3.440993473970618 1042.7684264724749 145.94578364635265 1145.9355195956086 305.0641532811464 1.8 0.7030474513769149 0.843084093928337 5.810853253614417 1.3991503322526948 8.582555442289213 -2.8458340922978267 0.9999359846115112 
Car -1.0 -1 1.7167234820718453 431.1529897672605 180.35609648416553 498.85322847707965 223.2787041981311 1.5 1.8384958177804946 5.037350070476532 -5.151771828509187 1.461087406520421 27.65276234644215 1.5325328548762458 0.9999936819076538 
Pedestrian -1.0 -1 -2.6808906207480367 327.11871960731236 152.89268106128455 430.9697866167012 318.74755785733123 1.8 0.7091342963278293 0.9167598120868206 -2.5719023574442637 1.4908858104937932 8.215373526378352 -2.984285310902868 0.9999171495437622 
Car -1.0 -1 1.7893067396870852 373.5968161850406 180.68811878871222 473.0523086917063 238.31562881446465 1.5 1.860940133035183 4.554999855160713 -5.075366194680084 1.4800391743267396 20.98963160391684 1.5520571907374519 0.9999055862426758 
Pedestrian -1.0 -1 1.624945510880355 478.44646239362834 172.09025800633668 503.37193672299423 220.632762100053 1.8 0.8803595349192619 1.0228453695774078 -4.19398624749815 1.4521151607856124 27.186290206607975 1.4718836983058112 0.9999275207519531 
Pedestrian -1.0 -1 -2.5414575255375906 361.6246776702559 159.64002784386213 437.79994549323203 285.45562529675504 1.8 0.6831962175667285 0.8617866344749927 -3.0495997973690248 1.4885718993224635 10.735163518409761 -2.8182416717198233 0.9995390176773071 
Pedestrian -1.0 -1 2.1295690084261043 1143.247711344628 139.49131848842035 1237.0 328.0423020336707 1.8 0.7004159994423389 0.6738190099596977 6.054990183807729 1.4003375861589442 7.293188212277606 2.822470295425278 0.9889968633651733 
Pedestrian -1.0 -1 1.784803779905435 487.93463946874107 172.1229465354954 513.7752613565787 219.8625032678599 1.8 0.8000461876392364 0.9545695528388023 -3.8747094813841803 1.4474714247449931 27.58763109889105 1.6452655672987522 0.9875213503837585 
Pedestrian -1.0 -1 -1.5626331807710636 596.6768298863333 169.68157854435364 620.0562943793844 224.66189146775562 1.8 0.7655957274138927 0.824252937734127 0.2083244461477891 1.414166714821969 23.933474176331607 -1.5539290877666814 0.9805435538291931 
Pedestrian -1.0 -1 1.9567972497876462 1131.974057604184 139.2912430061256 1237.0 329.9667072544011 1.8 0.6887128137052059 0.6027556516230106 5.834820121475976 1.402918430857544 7.225784952624307 2.6360945582350315 0.7639949917793274 
