Car -1.0 -1 -1.3849302772308127 408.15998341191863 179.79606573213053 523.3098563009338 267.12779020284097 1.5 1.5551714718341827 4.107620802521706 -2.841231947375284 1.6623219981050237 14.774329609850723 -1.5749195255946857 1.0 
Car -1.0 -1 2.0219102286905057 192.9723316597889 182.7967888408146 295.5668683735915 231.6925251603888 1.5 1.6170459359884262 3.887314584851265 -12.51970067991141 1.870233828011032 24.88317069400228 1.5557543476435798 0.9999986886978149 
Pedestrian -1.0 -1 0.23747748519331277 413.45900531656065 171.7234897338926 427.82257398732133 231.85931188538655 1.8 0.3823436822742224 0.3399940699338913 -5.763649368422009 1.7665191030093121 21.789214961436496 -0.02111823956039973 0.999981164932251 
Car -1.0 -1 -1.5247270010592446 587.3230212959716 179.84870856515911 614.634792549974 204.60543879672247 1.5 1.5958862870931625 3.891052541136742 -0.5801303293150563 1.9731827351613511 46.800138710483196 -1.5371222766723973 0.9999395608901978 
Pedestrian -1.0 -1 3.015889453980518 677.0518582091842 169.2183088174099 692.8261554198122 227.62947728186276 1.8 0.4060640025883913 0.4396144326776266 2.282655921413329 1.688320258121195 22.440497798511014 3.1172611594160617 0.9997701048851013 
Cyclist -1.0 -1 -2.377986551170145 668.7446520479502 181.88820952939466 720.9568178869423 233.22249297679062 1.4 0.5383164182305336 1.541859519481659 2.3732636942512073 1.66926972324147 20.70948931387888 -2.263886408009802 0.999092698097229 
Pedestrian -1.0 -1 -3.082426044422834 677.9507189371296 169.09453771767062 691.7273720068752 228.24263192628948 1.8 0.4065264042466879 0.3990537978708744 2.2569426706778013 1.6859495217722997 22.187697229875422 -2.981054262318884 0.9988527297973633 
Cyclist -1.0 -1 -2.4427060367710998 675.4324190334985 181.87644934015592 724.1026821646676 232.94012586654293 1.4 0.4472625467926264 1.431046475470066 2.515196099781364 1.6676073507009823 20.693903778298868 -2.3217564384129386 0.9928890466690063 
Pedestrian -1.0 -1 0.13674813172220657 404.9164122365236 171.74640587478495 422.4176585668304 232.22135114195547 1.8 0.37242635414004327 0.46204976066946984 -5.946166367833064 1.7673909447422183 21.688149233605394 -0.13084311882523125 0.9277374148368835 
Cyclist -1.0 -1 -2.9894795232317413 665.5087856238221 181.85655585323715 710.2894085793373 226.9590545310978 1.4 0.5063897490501403 1.3576411202549934 2.4375609655081365 1.6923103054990554 22.978798288931525 -2.883796052136694 0.6668776869773865 
