Car -1.0 -1 -1.7579617382037322 687.2605005342045 177.61018943880762 788.9346387807234 250.02052287983545 1.5 1.6063780084252357 4.2165039598941805 2.884059639173292 1.6287490065676842 17.349099405353 -1.5932312897082908 0.9999998807907104 
Car -1.0 -1 -1.8212003707548026 727.2980544946078 176.76845805507546 863.9775387473962 276.22802698011515 1.5 1.520472627878189 3.23679433465004 3.047306686245147 1.5777612771973983 12.636038080191978 -1.5845588753607613 0.9999978542327881 
Car -1.0 -1 1.7563671397488119 407.9128766159404 180.1929728691476 508.3594292779574 249.36749974583162 1.5 1.701630701124668 4.341828313469887 -3.7470435121812002 1.7086544475854188 18.29148007267183 1.5543107231471198 0.9999837875366211 
Car -1.0 -1 -0.726662657710285 1064.4477621485173 171.3032661260006 1241.0 306.9468135787354 1.5 1.658031952381134 4.3950899064540865 8.258559077742294 1.4832092553976421 8.857310716022265 0.023767515024866383 0.999977707862854 
Car -1.0 -1 -1.7027343518123963 684.6610870324348 178.20762532709352 748.3897128647266 228.13121852866763 1.5 1.5877936527132988 3.8198994964361193 3.4145676506451155 1.692715088920975 24.00501718577372 -1.561438310952161 0.9999642372131348 
Car -1.0 -1 -2.6917572954159104 187.17950570838997 182.6379845999149 400.9301100713518 226.32063926201508 1.5 2.2003379210829737 6.949235361814499 -11.536059287109227 1.8774491334228742 26.56766675001434 -3.101406530537878 0.9999402761459351 
Car -1.0 -1 -0.2591646098391105 764.8081380298997 177.65818861345412 881.5630102379567 203.73848840385207 1.5 2.200847727060318 6.335405123233795 12.609552022157455 1.795284517038408 43.11163674332854 0.02538446982833318 0.9998615980148315 
Car -1.0 -1 1.8456016964850046 326.79427763816165 180.2020532401167 474.46465168531984 280.1320953630592 1.5 1.5543964251875877 3.8008468717336656 -3.633565901755657 1.652250990372011 13.009985618594344 1.5732509970625461 0.9996626377105713 
Car -1.0 -1 -1.58022726241031 608.8153753045895 179.62485780170684 635.985549540492 203.55752626188888 1.5 1.7514365285634994 4.538527739048004 0.7828971855911953 1.9795033767891563 48.782499170165025 -1.5641799094763142 0.9996583461761475 
Car -1.0 -1 -1.4562043744218103 504.8992735209871 180.65234223741774 536.2671078212717 204.7035090931267 1.5 1.6097214564681053 4.366450619697571 -6.00658764982192 2.049401529687426 48.60738836981287 -1.5791546209391696 0.9493786096572876 
Car -1.0 -1 0.16422285663665057 453.896726972111 181.134862447917 530.8276575291021 204.82262124304089 1.5 1.7786970853805542 4.742099952697754 -7.681548649238046 2.0524985149137382 47.21074274691646 0.002928658327783861 0.7581794261932373 
