Car -1.0 -1 1.9510126022427896 297.12822356972214 182.02459619899207 377.3768722558326 225.38144526672795 1.5 1.5459267914295196 3.9039602994918825 -10.42983220954257 1.8782254060158037 27.76003378120241 1.5916161417921604 0.9999983310699463 
Car -1.0 -1 2.072710745043797 166.88735847518197 182.53652631294807 302.6136944563063 242.48843111623583 1.5 1.6368782639503479 4.231408846378327 -10.709988709046767 1.8092554547654784 20.878428040541035 1.5987417578657688 0.9999963045120239 
Car -1.0 -1 -3.780714313739902 1143.9194557819856 173.18059219529974 1241.0 220.28066390951105 1.5 1.5817076459527015 4.3635042876005175 20.480603522100406 1.511614714517195 23.92811873958886 -3.0727922479298457 0.9999896287918091 
Car -1.0 -1 2.3337620868280275 73.52845925301376 183.84786362236528 196.7797097923573 236.87097149861853 1.5 1.4151638865470886 3.2341303795576097 -14.95463466456131 1.8746121868761532 22.840986041277592 1.7540702700575412 0.9999843835830688 
Car -1.0 -1 -1.5691362951886059 585.3655720142585 178.57026696297774 668.3975021169957 256.85993954670295 1.5 1.6229337573051452 3.598569941520691 0.3166199554214097 1.6407603704518892 15.903246121719686 -1.5492297849294288 0.9999828338623047 
Car -1.0 -1 2.2653631169682487 0.0 183.27864210816466 190.09174200680263 276.3543324199634 1.5 1.7550528541207313 4.508945208787918 -10.73724514719092 1.742246268090204 14.440025524574207 1.6259865641554416 0.999976634979248 
Car -1.0 -1 1.8275957585560816 423.21509691501893 181.31456072480816 469.4940080333961 208.05524500540855 1.5 1.6758220762014389 4.49978621006012 -9.984659683966886 2.0452570105537338 44.1901088871093 1.6053793311079563 0.9998214840888977 
Car -1.0 -1 -1.2940330199837866 838.8771112970493 174.06780147455126 1128.2559428081533 349.72606798276547 1.5 1.7796997472643852 4.550823804736138 4.522676924833959 1.518360321589695 8.444278791443361 -0.8023199001934869 0.9997046589851379 
Car -1.0 -1 -1.045994086205064 726.0939641338504 176.70177495260356 895.7731425262384 257.55016813286966 1.5 1.6381457939743995 4.227426883578301 4.41027028026416 1.5947691966732358 15.640799305336522 -0.7711575190213067 0.9995884299278259 
Car -1.0 -1 -0.9397974500517461 680.978337698981 178.420500128901 759.2111898358754 213.62617687097122 1.5 1.5923059105873107 3.869544577598572 5.083488184048445 1.772075400010258 33.28435121374236 -0.7882395545628411 0.9995461106300354 
Car -1.0 -1 -0.9718564017731963 662.4759464645265 178.94489739291473 715.5382994248226 204.8442994759447 1.5 1.533897829055786 3.5237761706113817 4.869801507276999 1.891433092655998 44.4874723027891 -0.8628259460118157 0.9914353489875793 
Car -1.0 -1 1.9760657222418287 322.9860937892801 181.84618281829717 398.95947332176866 221.75848267774555 1.5 1.5041728064417839 4.099744421243668 -10.347340499912157 1.902451064650228 30.161110226901986 1.6455788493116916 0.6414790749549866 
