Car -1.0 -1 -2.1095221933679413 200.27040230078637 180.74831208890217 441.8410493312767 303.2328740245511 1.5 1.5918754532933235 3.8598986834287645 -4.487541747196622 1.6387527468711194 10.855450167481013 -2.5015186826374873 0.999984860420227 
Car -1.0 -1 -1.5506163203374765 605.7239418712687 179.41695868453607 642.2220798987704 213.75610389243468 1.5 1.6316086545586586 3.6303265511989595 0.6552106664846095 1.827038032166458 34.066890088661395 -1.5313856276359898 0.9999809265136719 
Car -1.0 -1 2.176509627326186 102.62022408432234 183.38593053241385 234.89410572309293 235.8996556345923 1.5 1.630876076221466 4.098646950721741 -14.26145555073876 1.874626080582519 23.542934173962283 1.6318628668745578 0.9999568462371826 
Car -1.0 -1 -1.9547507235181651 31.08422794497386 181.11116595648116 341.77167006752694 363.4412151777013 1.5 1.580914531648159 3.7510866791009905 -4.768237166887171 1.6102737118477282 7.847116827980616 -2.5007703463223323 0.9999412298202515 
Pedestrian -1.0 -1 -1.2567836605152445 690.5785330741594 168.27147744341482 723.1707227828598 231.15838508480934 1.8 0.7721254162490367 0.6882274083793163 2.7931620003504545 1.669193143531748 21.126567849744294 -1.1253351430085046 0.9999284744262695 
Car -1.0 -1 -2.131214575984287 385.41312128104516 180.4895896527866 515.0432348374259 247.85270623123333 1.5 1.535479587316513 3.5586057722568514 -4.160260485245399 1.7128406671305936 18.27432901416738 -2.355055586495672 0.9999146461486816 
Car -1.0 -1 -1.5754542192060068 596.8965150017657 178.97961919093393 657.3294538117115 236.31317538029373 1.5 1.6109422340989112 3.2361580550670626 0.4337649916397286 1.691270097153046 20.853977818352337 -1.5546571100738389 0.9998975992202759 
Car -1.0 -1 -1.652331041863937 681.790682054182 178.71038103562267 719.6823006425462 209.81773463705503 1.5 1.629471455514431 3.9440939694643022 4.632681539445374 1.8214075078060443 37.548371198620195 -1.529572398462568 0.9997169375419617 
Car -1.0 -1 -1.7756638652529069 715.0619272113308 177.58566502554103 806.8779767516809 237.40507663120135 1.5 1.6917931407690048 4.285377126932144 4.123115721967171 1.6494164155915227 20.57873122590949 -1.577923991312508 0.9996308088302612 
Car -1.0 -1 -2.0928191565389356 409.91790652613156 180.57631416047468 517.7300679449583 235.49767701025453 1.5 1.578674328327179 3.740699824690819 -4.602819181557532 1.7581993156276898 22.1665396007932 -2.297556833424841 0.9995393753051758 
Car -1.0 -1 -1.638697092626701 0.0 181.16184153664693 143.7117748973062 374.0 1.5 1.5900802358984947 3.6190661162137987 -4.560798255061402 1.5748929982679083 4.671864588623758 -2.4120661179211482 0.9994097948074341 
Car -1.0 -1 -2.5843784734978996 0.0 0.0 1241.0 374.0 1.5 1.8052662283182144 4.472236943244934 3.551669124754364 1.4636308632652886 2.2268128913606686 -1.573601465500195 0.9993348717689514 
Car -1.0 -1 -1.8256745067544764 768.6543385785845 176.3207601063492 917.9498021346102 274.5773013256208 1.5 1.5916258588433265 3.9045734822750093 3.9909841697804094 1.57300590688197 13.134891631362303 -1.53069302538899 0.9971725344657898 
Car -1.0 -1 -0.4789582841724529 802.1598007648497 177.42274901786843 894.4886630030826 200.27798035054207 1.5 2.075852502882481 5.689530682563782 16.260014657372377 1.8227093746895253 49.42505003796339 -0.1611278812077386 0.9917279481887817 
Car -1.0 -1 -2.359481696522077 479.7620418901131 180.42326697906685 563.2362647289573 217.6061613735244 1.5 1.548844438791275 3.554770585894585 -3.931597903308281 1.84862886405572 31.496474132270393 -2.483665959039007 0.9894946217536926 
Car -1.0 -1 -1.6790226497025107 683.8356894546241 178.57172636180798 727.2292706430098 214.726876327588 1.5 1.5205320462584495 3.79969799220562 4.199570869870573 1.7727241721614146 32.45301579509158 -1.5503331544485432 0.6685642004013062 
