Car -1.0 -1 1.8074077103307604 392.17120805383337 180.53444556322924 488.31675796929 242.66108930820891 1.5 1.6460713490843772 4.215659809112549 -4.6272175263885815 1.7364096186408384 20.057231555559323 1.5806739211042942 1.0 
Car -1.0 -1 1.912085054695706 298.4165056746303 180.68260163448096 444.1546319078746 268.54578903530364 1.5 1.5720509484410286 3.8823826730251314 -4.698389289089518 1.6804301050878898 14.629665139081673 1.6013347983320774 0.9999998807907104 
Car -1.0 -1 -1.8309671737356046 731.0959976665739 176.8921196252784 863.7399393005276 262.3942382896507 1.5 1.6078895449638366 4.051353272795677 3.6330925912096106 1.5951360788104503 14.890380358921224 -1.5916536478933436 0.9999997615814209 
Car -1.0 -1 -1.743365413995017 710.0678774138119 177.70451121025812 791.3790578907403 238.53892520529743 1.5 1.5729696050286293 3.6532102644443514 3.7339620805762337 1.6466174461641438 19.917619914280692 -1.5580461603265745 0.9999992847442627 
Car -1.0 -1 -1.9513507234697296 796.8648684606709 175.3104977277957 1034.646629068301 313.72919642476285 1.5 1.6011273980140686 3.7227361023426058 3.7749504179618136 1.5399388847453406 9.752975441104008 -1.5820522811871511 0.9999991655349731 
Car -1.0 -1 2.01726444495603 65.98191786129561 180.8230571710053 355.7571333501365 336.7953653453092 1.5 1.6007010385394096 3.8870404034852983 -4.696852637759655 1.6226552962513943 9.103829337767836 1.5409616669032233 0.9999970197677612 
Car -1.0 -1 -2.297312617652053 961.4963225163357 167.0757027266734 1241.0 374.0 1.5 1.6118757918477058 3.856450554728508 3.728735558675575 1.4822515804653231 4.187247290626941 -1.5697720826745523 0.999995231628418 
Car -1.0 -1 -1.6759781363521342 688.1236565973973 178.50453325265553 733.6522785167429 216.34530938086743 1.5 1.5604701384902 3.494902935624123 4.223840530863255 1.7562159696463093 30.89818535024554 -1.5401183525708062 0.9999908208847046 
Car -1.0 -1 1.7475193918266054 505.4653686907302 180.4358312042581 548.9586554776162 212.91947102382437 1.5 1.560884390771389 3.51554588675499 -4.112893986035593 1.8972083303411698 35.96089113254649 1.63364289998613 0.999983549118042 
Car -1.0 -1 -1.6961460955546663 697.8808346621092 178.1481336108287 757.6662952448037 224.84883195620577 1.5 1.6003914669156074 3.8749957948923113 4.050148734707913 1.7024557298294705 25.579319289559656 -1.539112892993961 0.9999085664749146 
