Cyclist -1.0 -1 -0.3157351842247422 923.0373596844518 175.23266788179532 993.8988494140401 226.00959596033212 1.4 0.5254614658653736 1.7020846277475357 9.88356924068831 1.2563493410395532 19.873052470582238 0.14577834208938054 0.9999995231628418 
Car -1.0 -1 -1.3663599381044338 408.3456323272994 177.74183590173024 508.619192437879 248.89761562533022 1.5 1.6207725301384925 3.537261721491814 -3.369676364822612 1.4434773818377196 16.67265037476983 -1.5657816166665894 0.9999986886978149 
Cyclist -1.0 -1 -0.6860063247224502 288.96458869823226 183.34261747592572 350.82537874213705 234.772204698178 1.4 0.5600951172411441 1.6625887274742126 -8.155888367963836 1.486271296015526 20.20096755496133 -1.069730536141668 0.9999985694885254 
Pedestrian -1.0 -1 0.46481450917480416 530.0641578411863 167.91398192618263 566.8004703789633 222.61940634738636 1.8 0.6819584898650646 1.0360305689275264 -1.9284912695476466 1.3874187064005574 23.769579464000934 0.38385908206435615 0.9999988079071045 
Cyclist -1.0 -1 -0.420768496102621 859.9789646574754 175.52983405652614 915.9634478653331 215.63281938117066 1.4 0.5914886973798275 1.749473486840725 9.973051404885245 1.2280204240148473 25.009826684866777 -0.04132695595291682 0.9999972581863403 
Pedestrian -1.0 -1 0.6980397151237911 235.19446600745368 172.51339856786342 268.9133745418285 223.1000603840051 1.8 0.5878291584551334 0.9303984723985195 -12.778337538031248 1.5173418051446237 25.54746841325787 0.23424796660872868 0.9999874830245972 
Pedestrian -1.0 -1 0.32243911092817257 402.61659046950064 168.46450069122167 440.9690135961472 229.62496802437556 1.8 0.5244737982749939 0.9939906679093837 -5.495288175495411 1.447351630702838 21.099262145403475 0.06765024264785223 0.999976396560669 
Cyclist -1.0 -1 -1.3909648379246586 825.2974140951 175.58226596285704 848.5369127480069 207.71223854269198 1.4 0.7034370236098766 1.6779294729232788 10.392352683303914 1.1871917404458443 31.708495806763963 -1.0742507139828545 0.9996720552444458 
Pedestrian -1.0 -1 -2.764979732400897 403.7879999100967 169.62491128553367 435.3639770035935 224.2777179223321 1.8 0.5333233185112476 0.8863441206514835 -6.215277663201946 1.4433695588009674 23.599242044583058 -3.0224996368077144 0.9996294975280762 
Cyclist -1.0 -1 -0.44482965773491534 706.820340950134 176.95919705913354 744.920460776075 206.42344597618404 1.4 0.6138093329966068 1.7152773708105087 5.815828820728726 1.2332042289224094 34.119618749369266 -0.2759981910374505 0.9993311166763306 
Pedestrian -1.0 -1 3.2041147666487726 310.144131355543 170.31195397194142 345.9940172978408 227.848240050148 1.8 0.5323338814079761 1.0339130207896232 -8.845737160282974 1.4828244650728089 22.526640237573037 2.8299355387648166 0.9992109537124634 
Pedestrian -1.0 -1 0.7287266427085679 238.52655864007082 172.5772202010799 269.3731334793909 222.65149475564405 1.8 0.5185609243810176 0.887807135283947 -12.825456011856033 1.5167256523604424 25.778272044909848 0.26705722411605287 0.9989938139915466 
Pedestrian -1.0 -1 -2.7545687553626683 327.8893608882907 170.888304262237 358.0996733354471 224.01034646735204 1.8 0.5160118013620376 0.8387494392693042 -9.002022830211725 1.4758512876095125 24.223818680380305 -3.1103716651585445 0.9989603757858276 
Car -1.0 -1 -0.5805679675385524 976.0290542475045 170.79553956652583 1079.5890716636934 204.35252000712833 1.5 1.6531290978193283 3.8029307991266252 19.369851369066247 1.0676745853995901 32.50811207534837 -0.0432079593327386 0.9983384609222412 
Car -1.0 -1 -0.664923865717782 1070.4839793972021 169.46152548618875 1188.0058763498123 202.7855024618676 1.5 1.7032428205013275 4.219350081682205 24.189709006956527 1.004591941762226 32.732550111320805 -0.028493003049169265 0.9977439641952515 
Pedestrian -1.0 -1 0.6962854025157006 227.5294558080783 172.47224893302302 259.0113537832236 223.9481583646859 1.8 0.503688820451498 0.8742448434233665 -12.848493931655446 1.5208162265915837 25.061097794348505 0.22253994544478825 0.9967845678329468 
Pedestrian -1.0 -1 -2.754576616516378 326.8347599023526 170.940397136037 364.45198260784036 223.56734434666558 1.8 0.4433612830936909 1.137216531485319 -8.982604509618211 1.4745669896679248 24.419413175182207 -3.107061342397009 0.9965691566467285 
Pedestrian -1.0 -1 -2.4823859563551096 391.84961708422935 169.5163365879211 425.8377297526215 225.57651017057069 1.8 0.48290151432156564 0.9798693031072616 -6.441133262835416 1.4488806483047059 23.105835632672015 -2.754250482716833 0.6853665709495544 
Car -1.0 -1 -1.0594317361936332 974.7892654005663 170.75295557243746 1053.0936729713078 204.78184818152255 1.5 1.6199103116989135 3.533199664950371 18.943660939000942 1.0718173671430884 32.759513595384625 -0.5351476232197625 0.5013537406921387 
