Car -1.0 -1 -1.5788447168743227 594.0739629643975 178.8820211598575 659.0128655065944 240.1341348445607 1.5 1.6226185977458953 3.575837475061417 0.38449512729762503 1.680958626809956 19.817667754067962 -1.5594455171984178 0.9999971389770508 
Car -1.0 -1 -1.227849734833414 814.7440890568487 175.37083498317014 995.7291808980185 293.60713265557297 1.5 1.5124891445040702 3.312218797206879 4.523556873477313 1.5446565184699321 10.960958558597316 -0.8364456454899651 0.9999964237213135 
Car -1.0 -1 2.173751466497569 66.40446373215936 182.95680598757227 245.19741895549183 258.10975198839554 1.5 1.587020654976368 3.9308133095502855 -10.475646408590734 1.7656016013952986 16.938866205193477 1.6198844790419162 0.9999934434890747 
Car -1.0 -1 2.125070304610453 170.99434864887328 182.95502670174503 282.2416215251346 229.833517049955 1.5 1.5575010821223259 4.246627402305603 -13.803524388743167 1.8974871213357078 26.192924892414023 1.6400611281355442 0.9999891519546509 
Car -1.0 -1 1.8283144566867975 449.0304363760413 180.64352770234288 514.6359304873587 219.71199702182665 1.5 1.7034845918416976 4.356665772199631 -5.423392205416806 1.8574825614514836 30.835713033560328 1.6542148470839084 0.9999651908874512 
Car -1.0 -1 2.062731939087173 152.24648532177042 181.54800660737226 352.37928150785285 276.91619366883276 1.5 1.6360721111297607 4.155146938562393 -6.63264851203576 1.692647237697936 13.843474303814917 1.6159295916517795 0.9999427795410156 
Car -1.0 -1 2.05478509006202 298.82799380137044 181.7984986943795 396.7258539724421 226.89619665129257 1.5 1.6290151074528694 4.3261686831712725 -9.77188257169044 1.8648522313330977 27.145616581114883 1.7092471003492893 0.9998763799667358 
Car -1.0 -1 2.0332716794238754 435.82063975499324 180.99689445492476 500.0235580199516 210.82810573574469 1.5 1.670091089606285 4.463838276267052 -7.816257220529068 1.978005452992721 39.947743030964396 1.8400506854017795 0.9998059868812561 
Car -1.0 -1 2.3302182684904507 0.0 183.95352908057004 80.32940488114362 316.77510077536033 1.5 1.6859308376908302 4.474869605898857 -10.42694398289835 1.7005744931015836 10.766865751100852 1.5608574589106696 0.9996974468231201 
Car -1.0 -1 -1.0056481571911229 714.4801473990433 177.1411187623814 856.8898756861945 247.44036929474282 1.5 1.568806965649128 3.7893141180276873 4.286357682998158 1.6155156946486022 17.500400441494953 -0.7654477516796929 0.9996824264526367 
