Car -1.0 -1 -2.065338062498922 954.6759570392541 170.52690209681467 1060.8454110048733 217.77016347380948 1.5 1.6540173932909965 3.564533826708794 13.647653644156707 1.1848989428659 24.241270423446036 -1.5525745498624188 0.9999995231628418 
Pedestrian -1.0 -1 0.41729628203595837 705.3141604307277 148.0597790568152 811.1722109041585 299.46789443343204 1.8 0.7905705392360687 1.0992361724376678 1.9122055214320093 1.416019344102086 9.042991244975036 0.6256837089869635 0.9999996423721313 
Pedestrian -1.0 -1 1.954048988680506 242.3715912074887 172.19543758314853 272.09736146103785 224.2294120939404 1.8 0.6367455728352069 0.9422770261764526 -12.290592357852278 1.514253679084149 24.94735307967849 1.4962896545741218 0.9999996423721313 
Car -1.0 -1 -2.208255326838614 1038.7932746549568 169.32021721304403 1156.7937841619782 217.2715093457365 1.5 1.6080234691500663 3.281865131855011 16.412985383513004 1.151830390047836 23.779568906976863 -1.6041275570776803 0.9999948740005493 
Pedestrian -1.0 -1 2.166293124865213 114.4168295158288 168.6719433769363 168.89393589697846 249.79875883917748 1.8 0.6434647858142852 0.9078247033059597 -10.603069524479253 1.5391787402176704 16.141127808349854 1.5850841879805149 0.9999935626983643 
Car -1.0 -1 0.9904717739341506 1101.9483833407462 168.1935107988989 1223.0 215.59007067998505 1.5 1.6673259928822517 3.973728281259537 19.243358704651286 1.1120769362793987 24.423407266804826 1.6577949404676975 0.9999747276306152 
Cyclist -1.0 -1 1.3177721325680989 549.1607525132217 180.64939502511552 596.7502360723498 239.74435743258204 1.4 0.7312323458492755 1.9145215421915054 -0.8701931715235898 1.4055569641833594 17.773122447687136 1.2688500126216071 0.9999697208404541 
Pedestrian -1.0 -1 -1.5693747969004739 183.25380678133675 174.63196046366212 202.35902503893445 217.44976145007496 1.8 0.6983506053686142 0.49595698043704034 -17.574353812088965 1.5547983007299528 30.108311054431645 -2.097726062932287 0.9999432563781738 
Pedestrian -1.0 -1 0.5347932288619439 727.6203294473387 148.44696273571034 824.7207778830971 296.312720791545 1.8 0.856657189130783 0.9270609848201274 2.1868434145384996 1.4114915805401735 9.232163092184374 0.7673787315699714 0.9999346733093262 
Cyclist -1.0 -1 1.5996342740235447 505.4417922295504 181.4893522425654 535.5290648917332 244.469155458918 1.4 0.6575423784554004 1.7565848797559738 -2.009791465724433 1.4261598822838648 16.645111646327326 1.4794723232600349 0.9999160766601562 
Pedestrian -1.0 -1 0.4650660796189199 688.9757282923985 145.5067859475132 789.7959164601482 313.2794448928241 1.8 0.6465184994041919 0.9508287094533443 1.4933501574640773 1.426253936850883 8.125285698652599 0.6468280990931647 0.9998307228088379 
Pedestrian -1.0 -1 0.6920059593337493 637.0567150628788 153.08710615637168 721.8047838741388 282.19953944360617 1.8 0.7848666541278362 0.971508727222681 1.0520261359118732 1.4194956484592438 10.473633803499899 0.7921153744074958 0.9997946619987488 
Pedestrian -1.0 -1 0.18608300587235593 964.7966729132826 127.02478610218209 1134.5321912638003 369.0 1.8 0.7733994655311107 1.0574684970080852 3.585203117452408 1.4117290790321984 5.793488401464132 0.7402354915949958 0.9996809959411621 
Pedestrian -1.0 -1 0.7247046944172483 601.5265440955003 152.38806492639898 692.7785117350346 287.9457888948992 1.8 0.7748728178441524 1.0386141508817672 0.5447253703123738 1.4283887728305906 10.024110485200012 0.7789928158137457 0.9996461868286133 
Pedestrian -1.0 -1 0.09231833978952386 992.3050450560393 132.42112779021096 1143.7845434506355 347.8057512128473 1.8 0.6770904667675495 1.1141316525638103 4.2091189146149075 1.3999029583208484 6.51430306593149 0.6659716804835456 0.9994878768920898 
Pedestrian -1.0 -1 1.9181234303122265 208.90132893173956 172.60691817096054 236.8239510074221 224.85845570676727 1.8 0.6154119528830051 0.8371769942343235 -13.431693918155487 1.5296257786676573 24.811574789600332 1.421947165331568 0.9993044137954712 
Cyclist -1.0 -1 1.68809082048663 482.39127792479735 180.03624953066455 499.2714698988349 210.09701995786702 1.4 0.6074015542864799 1.6691569730639457 -5.460315185363973 1.3798545189108244 33.77081389239054 1.5277907093379157 0.9989883303642273 
Car -1.0 -1 -1.5610769300516525 602.2432121454971 176.1253750136925 633.61472575175 206.28879552418124 1.5 1.560806532204151 3.659871456027031 0.6794821629989278 1.2838854009613965 37.0070747621326 -1.5427181209113938 0.9972829818725586 
Pedestrian -1.0 -1 0.313058380646587 1026.4217655657103 134.7100155592515 1164.647198142742 335.43465223660195 1.8 0.6527233429253101 0.9587333098053932 4.731426882210256 1.391078813274853 6.914367666205201 0.9131621559474128 0.961401104927063 
Pedestrian -1.0 -1 0.3001221757987711 981.4617500534797 129.71361501883268 1158.327565290656 359.77361423832275 1.8 0.7096393525600433 1.1387098141014576 3.995647373747383 1.4043534604022858 6.191283600488452 0.8732332428309577 0.6514809131622314 
Car -1.0 -1 1.641820039935863 592.2127187398495 176.2627269427265 625.4140060505946 202.559808137452 1.5 1.694858682155609 4.360258069634438 0.2739301897560081 1.259686903047113 42.564669154758626 1.6482555746992649 0.610867440700531 
Pedestrian -1.0 -1 0.40835170068103177 697.0739484326226 146.26234865507945 799.3397487070862 308.88903298923583 1.8 0.7278495028614997 0.9849830090999603 1.6542724129526454 1.422734633519453 8.399851825298436 0.6028038700434821 0.544729471206665 
Pedestrian -1.0 -1 1.8053627978739553 222.15281161558 172.47499223537199 247.92801455688948 224.5667583879162 1.8 0.6481174871325492 0.7509701445698738 -13.035898928950157 1.524232489251463 24.870278607443012 1.3225778778407233 0.525969386100769 
