Car -1.0 -1 1.826987798879877 399.43995170321097 180.88799155155573 475.65806963838844 230.81066441929042 1.5 1.563616146147251 3.8404742747545244 -5.738524411252962 1.7918598866927846 24.238994367801553 1.5945203185041965 0.9999996423721313 
Car -1.0 -1 1.9909862807877856 212.52877516997475 181.18428626583412 389.44248496756813 274.65958791053015 1.5 1.620560747385025 4.010142993927002 -5.7895448666035305 1.6849922560314399 13.963265091647932 1.5979344725569309 0.9999990463256836 
Car -1.0 -1 1.896937697598193 335.62308151540293 181.0092841281594 443.05559491943814 245.4387873404125 1.5 1.5627267330884933 3.909903255105019 -5.800762854405751 1.7406539118892723 19.277147633210806 1.6046426176985324 0.9999927282333374 
Car -1.0 -1 -0.695859600487048 1181.088322088663 172.837161184563 1241.0 217.5337263937557 1.5 1.7537788048386573 4.444744673371315 22.83683359874225 1.499792691712239 25.178610034411605 0.04080586036178044 0.9999834299087524 
Car -1.0 -1 1.7926469296445493 443.14459652176447 180.7843647726647 501.0283302710468 220.1848973561318 1.5 1.5546240404248237 3.9391154915094377 -5.748722997463883 1.8549500227164062 30.264599333518095 1.6049344420393528 0.9999805688858032 
Car -1.0 -1 -0.6707228916233021 1137.1829715174297 173.48689043714046 1241.0 213.67409206950958 1.5 1.633090016245842 4.235083472728729 23.011305668601224 1.525512405991786 27.815592243074978 0.020432754358972825 0.9999687671661377 
Car -1.0 -1 1.774243434447157 482.5207629124508 180.6417981464018 528.0614903186 211.8469982022551 1.5 1.5762458115816116 4.0377991765737535 -5.456618328225615 1.9303428971110939 37.77277065284419 1.6307768702467502 0.9998800754547119 
Car -1.0 -1 2.85022681459007 774.8089473165847 177.54586043587156 865.5653236196877 213.81441358780398 1.5 1.6230403006076812 3.4046086043119432 8.906223624593402 1.7065879211504607 30.882845687303085 3.130996096130234 0.9998650550842285 
Car -1.0 -1 2.8205919881433124 794.8560875835423 177.25625204688887 891.7551105796841 216.81368315573647 1.5 1.611662146449089 3.28164981007576 9.077312665346932 1.67846697677543 28.365404729715472 3.13030718564592 0.9998561143875122 
Car -1.0 -1 -1.683731722132575 665.8577621520324 178.72451071952548 711.8509054722238 215.42940337635662 1.5 1.5907366320490837 3.8729073971509935 3.400834375976935 1.7769223219385406 32.047348871277755 -1.5780083416637523 0.9998015761375427 
Car -1.0 -1 -3.462568454614553 804.6522854909831 176.93609355895094 933.8098159703393 220.3235941668861 1.5 1.5557718023657798 4.082085055112839 9.194291965180586 1.651616831159885 25.914852201897123 -3.121634081998144 0.9987393021583557 
Car -1.0 -1 -0.6460375402278656 1092.6658980974405 173.99969238256494 1238.208171963831 210.27179802688573 1.5 1.7953992381691932 4.81799231171608 23.58538421524635 1.5507354833558038 30.808955965527332 0.0073330839488165754 0.9982149600982666 
Car -1.0 -1 -0.6658075504633514 1064.446041970222 174.42597710321093 1188.9753637373228 208.1001618752666 1.5 1.7311366766691207 4.56726313829422 23.671506678280934 1.574807092059486 33.198963981501024 -0.0463970462468011 0.9958378076553345 
Car -1.0 -1 -3.3510609595338634 743.4430875553304 177.9386802973534 830.0224752667827 211.14104171339312 1.5 1.6041590392589569 3.6727769792079927 8.166989107441115 1.743943791486935 33.7095603786133 -3.1133658448841914 0.7926401495933533 
