Pedestrian -1.0 -1 -1.1189367637101755 554.814190118666 163.14025056315444 613.1769657854967 256.9367759958632 1.8 0.8723330244421958 0.8783130466938018 -0.37866870928918167 1.4489229653282525 14.362613445286678 -1.1452955464508874 0.9999996423721313 
Pedestrian -1.0 -1 -1.575088285239261 552.4495621014117 171.42125898725718 572.5792138981973 219.33290017851922 1.8 0.7558473877608776 0.8242903769016265 -1.5079534460837916 1.4223811431860656 27.418422999841983 -1.6300307522204263 0.9999991655349731 
Pedestrian -1.0 -1 1.3442178200188952 724.8627101385903 162.16935006373578 769.5272340702977 251.24848464827096 1.8 0.7183922946453094 0.9338575907051563 2.9900873255208738 1.4106332429830928 14.989988837372964 1.5411059101435798 0.9999996423721313 
Pedestrian -1.0 -1 -1.922899689255501 818.8362166215887 153.52565215105795 900.6071242094451 284.56462463794037 1.8 0.8021781712770462 1.0262154534459114 3.660747460222884 1.4170558475072343 10.383035106135608 -1.5839371085774643 0.9999895095825195 
Pedestrian -1.0 -1 3.3697798952312215 393.2075322382492 164.65274005644054 446.31851541802126 260.39342793026054 1.8 0.690469567477703 0.861468680948019 -3.5316830465545546 1.4845183626100158 13.857004899530324 3.1202264904936374 0.9999808073043823 
Pedestrian -1.0 -1 1.8867950961401598 504.48757382468614 165.72806882606304 547.398439510626 248.49144640093022 1.8 0.7235286317765712 0.8764648370444774 -1.7205501929560245 1.458204286580902 16.12421188706318 1.7804913401564182 0.9999728202819824 
Cyclist -1.0 -1 1.6453438145694967 535.3097415452183 182.9302061376989 560.9693236848464 234.53254649888154 1.4 0.6038638323545455 1.719902877509594 -1.5279600786338374 1.44344934671442 20.39349992812122 1.5705596645686286 0.9996298551559448 
Cyclist -1.0 -1 1.9609579102823875 138.09554389176847 193.18940976988907 355.11197591012734 373.0 1.4 0.7471078567206859 1.7585475489497184 -2.4239676875205185 1.498612535984915 5.073343039091831 1.5152396400782722 0.9991227984428406 
Pedestrian -1.0 -1 2.417261083420758 148.2180497648724 133.1568180991572 347.43857021903 373.0 1.8 0.8339710094034671 0.9519079260528087 -2.5152372914464967 1.499578358385845 5.08045385667446 1.957556235786301 0.8286560773849487 
Pedestrian -1.0 -1 2.2783929151865863 487.6554152641346 165.71669601583164 541.7951452764162 249.22205067720145 1.8 0.7533604770898819 0.9739333324134349 -1.972072420418915 1.461009361179613 16.095481567491884 2.156477200981003 0.6092997789382935 
Pedestrian -1.0 -1 -1.6691686921601299 602.686611284163 170.24733706862546 623.4396207995346 221.6943445753074 1.8 0.656934317946434 0.8473345570266246 0.3858914442515456 1.407360399292002 25.579626335339594 -1.6540839458492143 0.5273094177246094 
