Car -1.0 -1 -1.877037719290009 742.5490162262059 175.46468245974083 1003.0964194153487 343.64007074030826 1.5 1.6128445535898208 3.9705856263637545 2.676886223525848 1.5382355181874525 8.48016265330466 -1.5712725016372302 0.9999988079071045 
Car -1.0 -1 -1.7145319205965697 662.114002446905 178.45660656238098 724.1515008833854 228.71658213911758 1.5 1.5271658569574356 3.4373203784227373 2.6086345114677294 1.6976621288031226 23.66372363851227 -1.6047375398364407 0.9999988079071045 
Car -1.0 -1 -1.7745725271852573 694.5962139609235 177.24751783865676 816.4617791546331 265.3414531458688 1.5 1.5788587301969528 3.932680052518845 2.7016155905222963 1.6004963956835514 14.461734237973594 -1.5898899557676656 0.9999984502792358 
Car -1.0 -1 -1.6014618660558693 645.0832266253111 179.13684107975925 677.6271229250445 210.19227936994014 1.5 1.5645847216248512 3.4728201597929003 2.5801003801518543 1.840782335255511 37.32737420213549 -1.5324507663634164 0.9999959468841553 
Car -1.0 -1 3.347045842768118 374.2006616780955 181.45197962549426 479.38442741425797 223.2053813402447 1.5 1.5888978287577629 3.5878638297319414 -6.873506001120589 1.8342460258498108 27.146966663269914 3.0990613579710544 0.9999507665634155 
Car -1.0 -1 3.7530888747496647 0.0 183.16103058551965 280.8799375511895 324.1658750987583 1.5 1.5806274980306625 4.095607113838196 -6.40800188053726 1.6358940874694332 8.640886459211556 3.114991414543015 0.9999436140060425 
Car -1.0 -1 0.7458091465874614 0.0 183.78747800493576 181.04648721907446 374.0 1.5 1.581616748869419 3.79659780561924 -6.103697496767933 1.6068497392027783 6.169747408705219 -0.03420753876236506 0.9996801614761353 
Car -1.0 -1 0.1715073780196603 432.83965099106257 181.11429123508077 518.6355757611791 215.573725213409 1.5 1.5315158784389495 3.6000853896141054 -6.05435645685921 1.882285209222918 32.570877378935386 -0.012277559438024244 0.9996232986450195 
Car -1.0 -1 0.3478161594071274 338.5024428645954 181.42426203672713 479.6066484943804 232.94851639622968 1.5 1.570608516037464 3.88957993388176 -6.180319366099442 1.7756893828603464 22.24540516307449 0.07682590087386541 0.9989663362503052 
Car -1.0 -1 -2.6160484410508396 48.65289620461553 182.69485705387214 326.7156453186418 287.0361028288346 1.5 1.5047168850898742 3.4648241966962816 -6.505596045088891 1.6643882240939947 11.268314876745125 -3.139635996022497 0.9980722665786743 
