Pedestrian -1.0 -1 -1.708372043556985 571.7285354770814 165.57320450453204 610.4177391233791 245.15808072432293 1.8 0.7961635038256645 0.7861005634069442 -0.28510878914241955 1.4409913617988048 16.693907250553195 -1.7254489968207223 0.9999996423721313 
Pedestrian -1.0 -1 -2.602302421409391 718.2880915406062 149.7471322431014 818.2767068891357 307.9294276799726 1.8 0.7023419745266437 0.964495775103569 1.9824431137578733 1.440026007280664 8.758490951601058 -2.3797078887608394 0.9999982118606567 
Car -1.0 -1 1.6916344107496413 433.492488447666 180.38565184270053 494.52229773342833 222.63115611384427 1.5 1.7721638575196266 4.667252165079117 -5.253957167693217 1.461489262299129 27.88963739895711 1.5054327686640876 0.9999951124191284 
Car -1.0 -1 1.849824727194679 304.36076926274086 180.0977448500621 510.0808106081602 301.55167666258666 1.5 1.836629819869995 4.490328070521355 -2.7418448929490093 1.4840204411482103 11.147390193458309 1.6086492419203342 0.9999926090240479 
Car -1.0 -1 1.78522732064292 372.6782819584172 180.68051478843307 475.0596767151439 237.96691000827448 1.5 1.9597001865506172 4.676354539394379 -5.093374582170269 1.4797123420172738 21.165344461627477 1.5490707596156257 0.99991774559021 
Pedestrian -1.0 -1 -2.40517816179557 556.5368433799462 163.8726470207604 615.4014132322516 253.37194607204424 1.8 0.7390185751020908 0.9938542291522026 -0.3637609288211847 1.446724681611688 15.048899111553885 -2.4293453852322444 0.9999029636383057 
Pedestrian -1.0 -1 -1.7302156983658539 600.6405535253807 165.223633764179 642.1239433679877 244.86732633496285 1.8 0.8389551684260368 0.8388811282813549 0.41810267436139237 1.4333570580089856 16.704094806590994 -1.7051909724858147 0.9997522234916687 
Pedestrian -1.0 -1 -2.142630963107056 622.3646473925504 163.1121099748772 680.0703060146641 252.76928423158984 1.8 0.824128233641386 0.9425812892615795 0.9954426315688155 1.4320804758881902 15.030934440899467 -2.076501266160284 0.9997280240058899 
Pedestrian -1.0 -1 -1.5291864761918188 558.981683808834 165.77122415263102 595.7806180813418 245.059852691613 1.8 0.8248211376368999 0.8355352587997913 -0.5849290545257264 1.4441398411681245 16.725433695145025 -1.5641446584512038 0.999711811542511 
Pedestrian -1.0 -1 -3.047597526776256 638.5025613425828 145.88318296193387 747.2467352409766 331.14544611126655 1.8 0.7746190324425697 1.0572399504482746 0.9221804250764228 1.4553195301240782 7.4686679471572965 -2.924746112027441 0.9996910095214844 
Pedestrian -1.0 -1 -1.2896966056783112 329.7326891652072 169.49872783337426 372.81481257688074 241.77317856066563 1.8 0.8508620344102382 0.7981539264321327 -6.397657697053415 1.5022930627881075 18.309449994325888 -1.6258531520750863 0.999671459197998 
Pedestrian -1.0 -1 -2.1384617895174536 532.5966118542749 164.15141763548598 588.2694516265786 253.7032579943155 1.8 0.7206478647887706 1.0346408493816852 -0.9059730471975375 1.4525361413767428 15.066304544369642 -2.1985218683865413 0.99957674741745 
Pedestrian -1.0 -1 1.6948454394415007 1129.9465383139225 140.27299186326096 1226.192537940789 325.8098546113947 1.8 0.7087309405207634 0.6119698777794838 5.917796247871444 1.4014041750949302 7.4336524404435025 2.3671927332838596 0.9935420751571655 
Pedestrian -1.0 -1 2.072808613666499 1138.8275582408119 141.78963675451408 1227.1338627177963 319.23689911595636 1.8 0.5430712856352329 0.5285678923130035 6.126236185432373 1.398549410923142 7.636070830542285 2.7489358067472995 0.9257083535194397 
