Car -1.0 -1 -1.5843516776596398 581.6127546816534 177.4390784418481 726.6651801224792 317.7043680602812 1.5 1.5801972270011901 3.8503824293613436 0.49468987869292785 1.5750236719873991 9.794114259680711 -1.5338856699552876 0.9999958276748657 
Car -1.0 -1 -1.4000727089418028 941.6177931196764 171.78948531117027 1241.0 374.0 1.5 1.635412362217903 4.176238414645195 4.376674502117741 1.4944939738545242 6.01338570905915 -0.7709172526982172 0.9999909400939941 
Car -1.0 -1 1.8916902740693766 369.0763837511619 181.5412805418402 434.12814144091277 216.48703398646367 1.5 1.654607106745243 4.443273556232453 -9.860187774960744 1.9410135617053126 34.34281429832218 1.6121001124342502 0.9999890327453613 
Car -1.0 -1 1.8196828628224953 413.4427813839495 181.4051421286688 459.28152551610975 210.24503608330988 1.5 1.5814213573932647 3.989447143673897 -9.771759111655186 2.0067315738874174 40.719517297194336 1.58415936231218 0.9999861717224121 
Car -1.0 -1 2.340945951000824 0.0 184.07770443131338 78.90740153713199 309.12738069887683 1.5 1.6018670544028282 4.19015274643898 -10.604002340164586 1.7062601144619545 11.131857630182278 1.5798280119856418 0.9999563694000244 
Car -1.0 -1 2.0878805753962935 107.95329707468359 182.74738140898862 267.0532567496302 253.07783167152326 1.5 1.576608096063137 4.135481131076813 -10.385863511310234 1.776171927845392 18.040889213651912 1.5655318935725349 0.999931812286377 
Car -1.0 -1 -0.8768938541433431 665.0102433560583 178.83286769757592 726.7686768745347 206.89169302483833 1.5 1.5564719706773757 3.598517414927483 4.891653806029217 1.856220473499049 41.140723382064095 -0.7585489312794549 0.9997153878211975 
Car -1.0 -1 -0.9513631886689469 709.9528588516985 177.6555613109032 823.518081979019 228.37436652186634 1.5 1.6386250525712966 3.9657926678657534 5.148167257614269 1.6706173023378286 23.64310010732118 -0.7369647781041009 0.999713122844696 
Car -1.0 -1 -0.9809204334009056 681.5854135868591 178.51204044027247 749.7005740506394 212.17414263610576 1.5 1.5138471990823745 3.5483258336782457 5.063670876780649 1.7858892009584177 34.58590499717001 -0.8355447808888299 0.999699592590332 
Car -1.0 -1 2.2366438037005203 243.3863096125282 182.95691095997327 317.4491408959391 209.90169656259104 1.5 1.744912613928318 4.478404161334038 -20.18327855589067 2.15449565627708 44.33302895676368 1.8094200968702854 0.9981834292411804 
Car -1.0 -1 2.1762700170787346 257.5397711223246 182.711053970079 330.99375730729025 218.47709751020867 1.5 1.4892204225063324 3.2490628331899645 -14.386888316931643 1.974312108859086 32.95324340956082 1.7646279215773166 0.9976012110710144 
