Car -1.0 -1 -1.6991113700819391 652.3626613729439 178.30965231339337 725.9148878131228 237.73655955902439 1.5 1.5762994557619094 3.791141372919083 2.1033208730861497 1.669688590936044 20.476722837222276 -1.5967527041819436 0.9999995231628418 
Car -1.0 -1 -1.6284994815795402 635.7029355192151 178.9670382757455 679.3961832168968 218.81031839368228 1.5 1.5569352105259895 3.9499139904975893 1.8589357234423456 1.769168548053464 29.74708790265675 -1.5660892865296943 0.999998927116394 
Car -1.0 -1 -1.3412368746308514 353.31866115556403 179.492795402904 517.1641001914568 306.17543303648955 1.5 1.529204335808754 3.4231802940368654 -2.3877369508847024 1.612180274802961 10.435569892318833 -1.5661724084664626 0.9999809265136719 
Car -1.0 -1 -1.1213555177667647 0.0 178.98404601067165 444.7414246694041 374.0 1.5 1.536816407740116 3.351297464966774 -2.483730997524559 1.5609151900129197 5.433950133185633 -1.5500786705550296 0.9999665021896362 
Car -1.0 -1 -1.544026832362264 560.2693393758457 179.9730195436223 593.25776052257 210.40791380701702 1.5 1.652584646642208 3.72391254901886 -1.7585424110716417 1.8969343744802074 38.31430191661068 -1.5898924498495204 0.9999525547027588 
Car -1.0 -1 2.1148110672808715 128.78745435060065 183.4791129750806 235.8183747523524 229.78400054677826 1.5 1.5659636378288269 3.8622869670391085 -15.433940277645993 1.914799166117398 26.201275181019568 1.5824797034224094 0.9997748732566833 
Car -1.0 -1 -1.5685640716916258 553.5670059881841 179.751214658891 597.9655141455514 222.39560803915413 1.5 1.5966322764754295 3.3846552044153215 -1.3542551075741076 1.781338059227609 27.663682869797906 -1.6174792806294305 0.9997660517692566 
Car -1.0 -1 0.7548498569854283 365.361603447234 181.34486000172123 470.0553730316072 225.22766704233334 1.5 1.5530646339058876 3.698415544629097 -7.206199277919707 1.834367990905269 26.822371188936685 0.4923838814112799 0.9996106028556824 
Car -1.0 -1 -2.2831297018783063 478.3833886243716 180.82742952630494 536.7020280915599 205.14903521561683 1.5 1.629502934217453 3.9435802519321443 -6.825959152019241 2.0481332543330146 47.65788516737331 -2.4253904978421073 0.9981915354728699 
Car -1.0 -1 -2.3066949583737437 443.08775952268024 180.96420659947637 515.7997360340278 212.44496000729552 1.5 1.5891090527176857 3.7131699293851854 -6.7657832169159065 1.9365619768908995 37.044541906940914 -2.4873430291798457 0.9968658089637756 
Car -1.0 -1 1.0187015700293705 236.8726351471099 181.52524150714262 403.9884730508319 259.077825698578 1.5 1.622106184065342 3.973008927702904 -6.607831233867898 1.7168973174635063 16.18859370724971 0.6311649521205084 0.9967369437217712 
Car -1.0 -1 -2.2309253743423927 406.2564967281148 181.09702524282918 491.29340882343826 220.36366442672886 1.5 1.5320634961128234 3.654349458217621 -6.789871664933442 1.863689880651617 30.048429418379754 -2.4531574408200125 0.9963107705116272 
