Car -1.0 -1 -1.2582588972564974 229.50758722227204 180.51547651372445 452.924926836604 319.3955910486417 1.5 1.6056424498558044 4.086822506785393 -3.374297616610087 1.4503655840748237 9.818262651165512 -1.5892884629454953 0.9999992847442627 
Car -1.0 -1 -1.3809423319798846 425.35196352976175 180.61373610177614 495.592914287789 226.83851565805082 1.5 1.6471893087029457 4.328939926624298 -5.158293200466215 1.3517969267006669 25.495604635466652 -1.5805685092371446 0.9999991655349731 
Car -1.0 -1 -1.051804419228161 46.6603240629851 182.73989189203758 271.9653520620969 284.0021559489478 1.5 1.5877364695072174 3.9172815650701525 -7.61637896754313 1.4644570154954601 12.621738385060882 -1.5947446814414603 0.9999984502792358 
Car -1.0 -1 -1.2382774092267874 286.19947851507084 181.64572099793892 384.57120454372995 236.97244372603382 1.5 1.565481212735176 3.8424166411161425 -8.030183804135497 1.4043431311660741 21.42655855687283 -1.5968526593085868 0.9999696016311646 
Car -1.0 -1 -1.4608762080302147 492.65343300614273 180.2632592338473 541.1473994546551 209.28076016104612 1.5 2.0456389084458353 5.895706501603127 -4.999548816291867 1.245125042165548 40.11794702908601 -1.5848582648348553 0.9999730587005615 
Car -1.0 -1 -1.5406375201878726 570.7591614527943 179.78242223042392 604.7980595155067 209.1893968053587 1.5 1.7124437287449836 3.923044961690903 -1.0568802276604925 1.2239889726621302 38.62776547279825 -1.5679913317461056 0.9999474287033081 
Car -1.0 -1 -1.1076504130619076 202.52939956450592 182.48379928096475 300.4735848115291 227.12728238360035 1.5 1.5575835973024368 4.018540170788765 -12.870907396379636 1.4093406678203912 26.163322279996123 -1.5648330306310696 0.9999111890792847 
Car -1.0 -1 -0.9872224206162878 38.38028171547194 183.48528811200518 197.99537923740124 246.65455733190544 1.5 1.562139068543911 3.957921501994133 -12.801767338478472 1.4600413454001455 19.051190516902512 -1.5788853699949128 0.9997904896736145 
Car -1.0 -1 -1.3636279113363237 360.3864823535543 181.37164162945388 417.9346046115854 220.61208713500886 1.5 1.5345991149544715 3.6235331118106844 -8.887137643978683 1.3541887940458115 29.346629608234917 -1.6576820621874673 0.9757761359214783 
Car -1.0 -1 -1.42865553649209 389.41121288146593 181.40318319780823 421.4859246753288 204.7156789706142 1.5 1.5527355045080184 3.7839511901140215 -13.551688019152262 1.2558218624006108 48.22729019280445 -1.7025878290322167 0.5001920461654663 
