Car -1.0 -1 1.6967197584650675 472.3221147051813 179.89373921612142 548.8563970319293 241.74963296889942 1.5 1.5950546160340309 4.062025856971741 -2.694876863088519 1.7153507264750054 19.995580933521698 1.5627533634516853 0.9999997615814209 
Car -1.0 -1 -0.16144594516933555 669.6869805474802 178.272947020948 802.1909383997038 223.38597446414298 1.5 1.6353901967406272 4.314780843257904 4.246603471526832 1.6945364683425284 25.020236795995828 0.006678624949182786 0.9999966621398926 
Car -1.0 -1 2.018236675732564 0.0 179.29000338780352 420.0591526777583 374.0 1.5 1.5910741433501243 4.001917925477028 -2.950502498397465 1.5720457960207121 6.027047979290003 1.5629891594264167 0.9999852180480957 
Car -1.0 -1 0.03259557071082228 636.4970300923277 179.13022355203717 712.7386091538132 208.13715444238582 1.5 1.6186438992619514 4.0017279356718065 3.452222870948632 1.847036657162225 38.807215934120606 0.1213202913615363 0.9999847412109375 
Car -1.0 -1 1.8109401928531874 358.161076193549 179.643319319502 519.6456811913249 283.41369760892974 1.5 1.748705518245697 4.550046709179878 -2.8877661254171247 1.6444851663062738 13.020823756728365 1.5926921248396457 0.9999783039093018 
Car -1.0 -1 1.6784327763358016 525.4664683004723 180.03620201081168 572.5503921920863 219.4878202871683 1.5 1.5546367064118385 3.800538417696953 -2.5202957456707553 1.818577156858852 30.04783880003682 1.5947525382002414 0.9998886585235596 
Car -1.0 -1 -0.1958011997829481 660.3380807596384 178.62148358764614 766.9826154243354 215.10405435126927 1.5 1.658971656858921 4.278554257750511 4.348000637144732 1.7550429010869506 30.91144909790556 -0.05605812469986506 0.9998728036880493 
Cyclist -1.0 -1 1.0347954189617832 998.78320009854 179.5611554545654 1090.2209638808838 261.54686536880195 1.4 0.5593877777457237 1.893893864750862 7.971513154845231 1.5339354747971126 13.420225460803167 1.570785923800196 0.9997408986091614 
Car -1.0 -1 2.3486663052020944 0.0 181.98154850395377 135.68434189254316 374.0 1.5 1.537354525923729 3.674905610084534 -5.445868450369921 1.5902319396499556 5.244790962783097 1.5444616516444343 0.9995404481887817 
Car -1.0 -1 1.6794044295679638 544.6938680179318 180.02563082277896 586.4998805634722 207.20097590287907 1.5 1.9549455985426902 5.62656247317791 -2.6723681099819308 1.967995216461513 44.18914877944803 1.6190023302992405 0.9990925788879395 
