Car -1.0 -1 -1.8359379422950872 714.1999696475065 176.36420480004256 903.3660862034342 299.8788023548311 1.5 1.594741877913475 4.428882387280464 2.7237835632997793 1.5653372959464356 11.120424649860919 -1.5957317902382953 0.9999996423721313 
Car -1.0 -1 -1.7255535214532407 677.2750598145063 178.24234851238074 743.6923511743906 230.95377333078713 1.5 1.5283918499946594 3.4695832550525667 3.028078068545886 1.6825194907403551 22.638953709797867 -1.592587501802717 0.9999991655349731 
Car -1.0 -1 1.8953897245549391 287.0075512356516 180.0544833094246 472.5216821651564 292.65864499569335 1.5 1.6221005961298942 4.253279280662537 -3.6239187312516616 1.641964563647272 12.035620891709998 1.6029245734175266 0.9999970197677612 
Car -1.0 -1 1.7340176940066017 455.40619600828893 180.28168270012694 525.9583957399852 234.5674269913061 1.5 1.5546849489212036 3.8063524782657625 -3.6511970716271844 1.7501657450413541 22.35979348577844 1.5721533179243625 0.9999967813491821 
Car -1.0 -1 -1.7421003196564977 690.6254869401588 177.5949879930503 788.5368102704616 250.38989422427824 1.5 1.5714528530836105 4.154115405678749 2.902387211647719 1.6271698173123748 17.216540654029107 -1.5750893131506187 0.9999963045120239 
Car -1.0 -1 -3.407706883074632 868.9640640408875 176.4389721541404 978.710973081969 214.24945658384902 1.5 1.642453347146511 3.8737679392099382 12.887622926535007 1.6543801344476923 29.912191862572637 -3.0008929530766353 0.999988317489624 
Car -1.0 -1 1.7749926830246645 404.49758370329033 180.39882986290803 494.7361832701158 250.40333238570628 1.5 1.4705122008919715 3.43106524348259 -3.8436488160437867 1.7019574968923006 17.553132185439516 1.5594228943202155 0.9999649524688721 
Car -1.0 -1 2.079256220827531 0.0 179.9257578946025 376.8612724479173 374.0 1.5 1.585329745709896 3.91527735888958 -3.5530728406298158 1.5823457975442017 6.4034244945856535 1.5726811766584934 0.9998987913131714 
Car -1.0 -1 -1.6964820399539713 639.0569985349437 179.3112227197076 671.1441537804591 205.32163968208627 1.5 1.5451865762472152 3.364926439523697 2.693569618371794 1.91136904105724 44.19518060172059 -1.6356102014568192 0.999840497970581 
Car -1.0 -1 -2.0820797646697837 812.9234615139252 173.12618897878656 1241.0 374.0 1.5 1.5358249217271804 3.678024795651436 2.720831590356211 1.5030040857941225 5.15394403624782 -1.5963522894915683 0.9992328882217407 
