Car -1.0 -1 1.8216611728245249 377.5629783124423 180.57323305806906 479.61833977108097 246.4646474653485 1.5 1.6125109538435936 4.141400617361069 -4.6769942971966625 1.7257586841962966 18.987932184842542 1.580154645439011 1.0 
Car -1.0 -1 1.9490074746625854 270.6055262425495 180.68789377427228 435.4976296386236 276.0594445579154 1.5 1.57915600836277 3.909316894412041 -4.698813172423098 1.670319909164184 13.661981490564434 1.6177472948988498 0.9999997615814209 
Car -1.0 -1 -1.777758062499982 711.3642909362959 177.60754059114248 800.8352577158195 241.46679651276767 1.5 1.5739577382802963 3.6332497864961626 3.697010285816608 1.637899098569894 19.046176193515365 -1.586034500100885 0.9999997615814209 
Car -1.0 -1 -1.8579422931089098 737.5282315612651 176.67183601446294 885.9728002495834 269.40368739748607 1.5 1.6057435914874076 4.070097443461418 3.628757462471338 1.5848059150333962 13.897698883768527 -1.6025395626809937 0.9999996423721313 
Car -1.0 -1 -1.9812564013829188 813.4607022202961 174.8489260156683 1090.7413216040254 333.2092348072344 1.5 1.6072074443101882 3.6154794067144396 3.720435302870384 1.5294025795872295 8.689853598783168 -1.5767329102989776 0.9999986886978149 
Car -1.0 -1 2.101600888067386 0.0 180.90568895338234 329.98791288548824 363.5016386038114 1.5 1.613594827055931 3.9526479810476305 -4.760020855642617 1.6125869724417068 8.076733886944254 1.5690492828700202 0.999995231628418 
Car -1.0 -1 1.7275129142910008 501.281000287274 180.46984467826036 544.2976276210243 214.00844005890568 1.5 1.5483415246009826 3.397418421506882 -4.192676982249265 1.8856829263195694 34.77760187486996 1.6075351119001926 0.9999909400939941 
Car -1.0 -1 -1.688653217395774 687.9074483988957 178.43404338413293 737.7667025473668 217.9134170063431 1.5 1.5912937492132186 3.818834435939789 4.151066908549366 1.746352753337481 29.88100429529371 -1.5506167440351588 0.9999758005142212 
Car -1.0 -1 -2.432939251127693 1029.2514582003016 156.76109849127926 1241.0 374.0 1.5 1.6142165780067443 3.798622873425484 3.6978453438160326 1.47194910484961 3.1703746788555773 -1.5708928000993352 0.9990992546081543 
Car -1.0 -1 -1.7001288640818792 701.5643067241272 178.08645817895496 762.7608822921026 226.84707102428345 1.5 1.5712569028139114 3.6067432284355165 4.0116067927329215 1.6906902223500937 24.41474271923194 -1.5372732179847104 0.998175859451294 
