Car -1.0 -1 -1.564193628987084 586.3291539967634 179.2458199202099 639.2649263478368 229.45884872987094 1.5 1.6125889986753463 3.2764634609222414 0.05301415930698469 1.7241596667092909 23.615727109945254 -1.56194876606134 0.9999923706054688 
Car -1.0 -1 -1.8952384005473792 127.06582570927958 181.11231650563 353.50862301969715 329.48518197029415 1.5 1.51724913418293 3.456234794855118 -4.88314671724156 1.625895586274908 9.225538430915867 -2.3820561925557002 0.9999827146530151 
Car -1.0 -1 2.11709557798629 33.92394893335845 182.7099736324779 240.34490398680245 281.63685434862845 1.5 1.524037916958332 3.455953907966614 -8.343817311126008 1.7022295466609276 13.0306913826667 1.547555132708277 0.9999793767929077 
Car -1.0 -1 -0.6550963576692374 1026.0081886279777 173.75782535972345 1241.0 231.98817922826424 1.5 2.2620175525546076 5.902397868037224 14.95367479859636 1.526574576657978 19.7730992044692 -0.007598594823156081 0.9999802112579346 
Car -1.0 -1 2.2813653380843704 0.0 183.77728561525265 75.32219262801183 342.4921190061008 1.5 1.5481969833374023 3.4250421941280367 -8.557908846811877 1.660417121519517 8.81405450098374 1.510710879168238 0.9999716281890869 
Car -1.0 -1 -2.032251535851159 247.42732086486134 180.8220668233446 436.74865786832896 287.14213992731214 1.5 1.556396161019802 3.5688071072101595 -4.676040156007068 1.6550588734339782 12.224956359665857 -2.3975808779385432 0.9999442100524902 
Pedestrian -1.0 -1 -1.6777793650581172 722.2443425372172 167.80953685245856 750.3629830431347 231.60211798419706 1.8 0.6971271269023418 0.9841849587857723 3.596585561173689 1.6580209886559145 20.86976026840285 -1.507120885947023 0.9999325275421143 
Car -1.0 -1 -2.2382735707456547 450.3785997559853 180.65941616338085 534.4821500669395 219.46977084421903 1.5 1.5758343532681465 3.646371749043465 -5.036619895703994 1.8490845748669087 30.423190528829323 -2.4023375074055537 0.9998801946640015 
Car -1.0 -1 -2.152268996266236 380.4298892503114 180.63918140537564 507.49505492887084 242.55384439321847 1.5 1.5618382513523101 3.7928613394498827 -4.673845946677726 1.7344113175147802 19.818922686149776 -2.3838649551060542 0.9998735189437866 
Car -1.0 -1 2.0517409336523174 216.13488849477355 182.7904452827162 307.1031622262716 223.4796227130615 1.5 1.5907397985458374 4.254928839206696 -14.299522751579701 1.940441469268659 29.801099780161888 1.604357469077927 0.9998313188552856 
Car -1.0 -1 -2.2050157429345676 414.64629072026656 180.62082548168516 521.3453584104152 233.33335267204185 1.5 1.5171047791838645 3.5029465824365618 -4.575851084042567 1.7643485211653513 22.78209940472876 -2.4032312790539603 0.9997702240943909 
Car -1.0 -1 -2.257082541112945 468.8935396968317 180.44344705259974 560.1957753618035 216.5222983127647 1.5 1.695382271707058 4.458236184716225 -4.467371222975587 1.8703774612988122 33.035666207750936 -2.3914958993580684 0.999663233757019 
Car -1.0 -1 -1.5268376275031568 590.9414819462786 179.64347292229203 625.7774526515054 211.27168909952317 1.5 1.6248666241765022 3.4750244140625 -0.07987283347018667 1.8628147995774529 36.746725577752564 -1.5290112281825883 0.9995242357254028 
Car -1.0 -1 -2.0704139396680477 854.9138037899814 173.9232050806503 1241.0 368.68246637563254 1.5 1.6211728125810623 3.9789340019226076 4.023359463158205 1.5145482904965737 7.574900397989307 -1.5821630145099503 0.9979052543640137 
Car -1.0 -1 -0.6085953759194507 863.8472573651161 175.82589718548243 1039.5123735898558 234.60515017503815 1.5 1.6595643505454063 4.131455582380295 9.22402742346205 1.586310688306542 19.696985621886668 -0.17063076893356868 0.9941714406013489 
Car -1.0 -1 1.9356603764736202 208.33532223109205 181.87518168123583 344.6592456754715 250.7449780924736 1.5 1.6884074106812477 4.443747785687447 -8.421451332112927 1.7610117993909273 18.57599650228637 1.51002304156753 0.8459909558296204 
Car -1.0 -1 -2.651584919272201 1132.5062029602705 105.67544071545959 1241.0 374.0 1.5 1.6000548869371414 3.8887432336807253 3.965546550762415 1.4611124352753544 2.404191216278334 -1.6258055093374593 0.775089681148529 
