Cyclist -1.0 -1 1.8272185933553249 448.94438404033303 184.08377148037434 480.96069284237325 233.7539023162911 1.4 0.5319017477333545 1.6843321293592453 -4.366507163128936 1.749544723803218 21.577392188938777 1.6275501131971897 0.9999960660934448 
Pedestrian -1.0 -1 0.5843431741379439 82.578873995882 171.02580487720647 134.99432819392672 254.3484267413232 1.8 0.5757255971431732 0.7559248737990856 -11.073302493611003 1.7608637516333079 15.881519492690533 -0.024531082310949047 0.9999879598617554 
Pedestrian -1.0 -1 -1.0736719032293733 116.67790391958485 165.64586860736287 183.41841295672108 278.3550185725667 1.8 0.5188400417566299 1.0180047273635864 -7.709264492504806 1.685241776046174 12.04681328974662 -1.6429441059615952 0.9999731779098511 
Pedestrian -1.0 -1 2.8380225644215145 812.5008596947308 151.83820360449823 865.6148432838702 299.2249256440179 1.8 0.7260227136313915 0.4428781129419804 2.84528400431683 1.5436968112779257 9.172856631872081 3.1387971520384372 0.9999250173568726 
Pedestrian -1.0 -1 1.114560911566016 825.5320420145898 156.65556716423913 881.5882542109513 276.106183881942 1.8 0.5503009565174579 0.7582529939711093 3.743484034750381 1.556263866047588 11.283002917472414 1.4349135597560065 0.9998589754104614 
Pedestrian -1.0 -1 0.4496538794175662 194.1502189739608 164.36902043591587 253.41530515888581 278.8324399130464 1.8 0.7087283328175544 0.6013740345835685 -6.307722975811572 1.6669269121012393 11.711191177487784 -0.04439981380966731 0.9997988343238831 
Cyclist -1.0 -1 -0.6713449506885981 593.1252270257597 181.86345519444635 635.0808060334505 214.53829154363396 1.4 0.6162945672869682 1.9033140063285827 0.1530129899931479 1.8128427043141964 32.20121744983996 -0.6665932099011286 0.9998062252998352 
Pedestrian -1.0 -1 1.0817579578175616 827.8932563755194 156.7606201904221 889.3802109190609 275.50710290107924 1.8 0.5625808171927928 0.8951545253396034 3.867058225700294 1.5564088852296072 11.421777580546319 1.4082130630824226 0.9981037378311157 
Car -1.0 -1 -1.246994336224177 518.4345648656549 179.9173754101651 592.9544210188305 214.947947367365 1.5 2.006995913386345 5.270739135146141 -2.5409047023041698 1.8687311136914846 34.825301057537764 -1.3198267380383355 0.9979721903800964 
Pedestrian -1.0 -1 0.7414536459916354 1151.2996833335037 144.26693246918867 1227.8630867920356 312.39088496934573 1.8 0.43170801624655725 0.5024410344660282 6.365389700607695 1.4942936940542857 8.004284476499526 1.4132901867243903 0.9958961009979248 
Cyclist -1.0 -1 -1.4551300183723583 1204.3966132181213 183.141401814473 1241.0 374.0 1.4 0.5891451172530651 1.66702741086483 4.53879059631087 1.4810628868306563 4.89227270930164 -0.7071949402478082 0.9901596903800964 
Pedestrian -1.0 -1 0.28072576067144284 182.94165535661324 164.13358835020725 244.37778809113289 280.67937103420707 1.8 0.6310412220656871 0.7151433758437633 -6.370263882357205 1.665674821167312 11.528189907155062 -0.22409720818070003 0.9611756801605225 
Pedestrian -1.0 -1 1.0834712872869228 791.0644350143315 159.3517679982724 834.3494762361345 266.022600406785 1.8 0.45133531354367734 0.6932798333466053 3.4684674848235093 1.5725165942779058 12.559953696009593 1.352909012636866 0.957509458065033 
Cyclist -1.0 -1 -1.4388264653609932 1233.0430050300135 183.21543042056777 1241.0 374.0 1.4 0.6184197522699832 1.2472066588699817 4.685452630870272 1.4790306521724828 4.846082389143482 -0.6702791611340386 0.8899188041687012 
Pedestrian -1.0 -1 1.4524312166470508 858.5292358091026 157.29871475391343 896.0540423274422 271.7152426059417 1.8 0.48060547821223737 0.795562893897295 4.304742204804613 1.55564222916447 11.7908122037934 1.8024880766829074 0.8687540888786316 
Cyclist -1.0 -1 -0.5205208292761658 592.0193599965321 181.984228130088 626.549335909544 214.30981867680333 1.4 0.4898847572505474 1.494089376926422 -0.06826306156336685 1.8147732962222687 32.16226864132672 -0.5226432840016229 0.5073865056037903 
