Pedestrian -1.0 -1 2.113070059205239 592.4367038337227 155.56128984829135 656.6751137333939 274.893985380987 1.8 0.623766940832138 0.9453346513211727 0.2752764692636951 1.4254880040175664 11.226280048930091 2.1375858664473117 0.9999996423721313 
Pedestrian -1.0 -1 -3.7220372626940224 1079.7090187143053 155.78982312177934 1127.7824329620094 238.50998188139505 1.8 0.5931470103561878 0.6525272063910961 11.018688955741446 1.2639201520952101 15.687316464098169 -3.1097058812764033 0.9999765157699585 
Pedestrian -1.0 -1 2.4538749027946567 1114.4610741436386 154.01773986548992 1167.8948010053455 244.1022730558452 1.8 0.5448963984847068 0.674966213107109 10.878922346565878 1.2724799495961243 14.40879174157388 3.1005809187849582 0.9999686479568481 
Pedestrian -1.0 -1 1.131260779572205 923.6858150272124 125.44985964617292 1075.4898883269498 369.0 1.8 0.673603781312704 0.8922347359359264 2.866688040968749 1.423477556060307 5.3169382337440485 1.6257445692976535 0.9999830722808838 
Pedestrian -1.0 -1 -3.3062285293817846 870.8579033612284 159.65122244378503 915.1760409522717 235.88155941625274 1.8 0.5999031968414783 0.9037371285259723 6.909690212410485 1.309309338302576 17.081565158642974 -2.921838955083166 0.9999418258666992 
Cyclist -1.0 -1 -1.705532249097595 811.0171769223203 178.4940238236021 849.1577105860626 260.0762745603169 1.4 0.4323119789361954 1.7193560048937797 4.07659621297737 1.3672230362640572 13.012184571226777 -1.401927203932081 0.9998773336410522 
Pedestrian -1.0 -1 -3.7481097703579427 1105.837106409705 154.45813263480596 1163.3386401632404 242.40600603070558 1.8 0.6124382399022579 0.7457797907292842 11.023456739598682 1.2686346631333727 14.784739145239147 -3.10743256012467 0.9998579025268555 
Pedestrian -1.0 -1 2.4359478550432625 533.0543792495433 158.117421809396 601.1736080984515 267.2940452307971 1.8 0.5790129795670509 1.053966910392046 -0.692477305659351 1.4326286383995563 12.225473422281825 2.3793661475142063 0.9998428821563721 
Pedestrian -1.0 -1 2.3638300630290634 544.8163450346784 156.1381720959021 619.4371159876914 275.4127622430501 1.8 0.6732216596603393 1.0066924177110195 -0.40322190420685294 1.4340105619704595 11.26228386925661 2.32804249524675 0.9990315437316895 
Pedestrian -1.0 -1 -1.4326411933252339 903.3328493804986 162.21839782412846 931.5471184778055 222.00242453959834 1.8 0.7345574468374252 0.46582604087889196 9.547704265077872 1.2511318692677753 21.674251322615397 -1.017707900204931 0.9985979199409485 
Pedestrian -1.0 -1 2.511185573599418 1098.2916310633457 155.38045136732055 1137.7895709328845 239.76474470669402 1.8 0.39582429714500905 0.5660092018544673 11.042094284621422 1.2657945412270186 15.276267224245338 3.137067782874924 0.9779561758041382 
Pedestrian -1.0 -1 -1.8339898659783367 919.7928449476993 161.8927686845412 951.8403636520378 222.17866633647273 1.8 0.7319756343960762 0.6705739095807075 10.01999773807042 1.2459932195013161 21.499170025834175 -1.397857383885656 0.93707275390625 
Pedestrian -1.0 -1 2.343165463369415 536.8573791446066 157.63416140152333 605.0782814042682 269.25080905639544 1.8 0.6509347379207611 0.9893256731331348 -0.6143792972172454 1.4329047722164592 11.983744064438993 2.2919425845106662 0.7034819722175598 
Pedestrian -1.0 -1 -3.7532283042339687 1108.805281646331 154.99243092840473 1153.3414489576496 240.55268252105918 1.8 0.41927113458514215 0.6370408952236175 11.181836472269866 1.264997867625677 15.087681030547028 -3.1154323379185542 0.5995127558708191 
