Car -1.0 -1 -1.532334361981318 587.8053953771847 179.63567614399554 623.7370598188576 212.62756609765987 1.5 1.626543191075325 3.534712877869606 -0.20204184869695258 1.8493249675440342 35.33265606864674 -1.5380525747921807 0.9999988079071045 
Car -1.0 -1 -1.988288239977821 764.541195211589 174.790187909365 1185.412879004278 362.6325270287372 1.5 2.0639975115656854 5.619099971652031 3.5170592863124592 1.5312224039617257 8.6583996738717 -1.6024467694249493 0.9999951124191284 
Car -1.0 -1 -2.1467629052612924 298.3237990900111 180.90485689294147 464.28945589915287 260.494199806623 1.5 1.6149862229824066 3.847407412528992 -5.1281215932221365 1.6972703668101778 15.806449693144677 -2.4604811827328548 0.9999793767929077 
Car -1.0 -1 -1.5067486087932231 574.449472660941 179.3162458209946 630.2540360100048 230.32112120635153 1.5 1.598185722529888 3.2205971449613573 -0.23197979072146171 1.7237288794941925 23.286460404319158 -1.516710282364164 0.9999784231185913 
Car -1.0 -1 -1.6458427992393816 668.3427331506342 178.72973418770195 710.0804783056102 214.43774835485618 1.5 1.5886063247919082 3.991793704032898 3.5240687456936395 1.7854912767797309 32.99170863189929 -1.5394294942405564 0.9999721050262451 
Car -1.0 -1 -1.7947182427853232 730.8804756623593 176.97800712052722 852.1883107000502 259.7654666531633 1.5 1.5802398815751075 4.079791393876076 3.632891296642178 1.5996427329240743 15.321334195960702 -1.5619045766678197 0.9999703168869019 
Car -1.0 -1 -2.052269933053985 233.30127121618406 180.77417654876152 446.1544031841718 287.3486982379202 1.5 1.6426902756094932 4.211886090040207 -4.83252280183331 1.6591272777734465 12.456023590964154 -2.4223599592831477 0.9998433589935303 
Car -1.0 -1 -2.277907987849809 443.44511790109686 180.692941118527 531.4853583749937 220.6267667418986 1.5 1.5667299300432205 3.631977227330208 -5.0953612653415865 1.8406260930309268 29.55458505422234 -2.448634759583746 0.9997842907905579 
Car -1.0 -1 2.1160674362689518 0.0 182.72982062046646 221.5385005316182 286.64124060622737 1.5 1.686761949956417 4.304649543762207 -8.967101721668858 1.708784733469162 13.027860354136912 1.5132357319209235 0.9997698664665222 
Car -1.0 -1 -1.7184971425124433 0.0 180.98679237603025 229.66577232617797 374.0 1.5 1.6402721896767616 4.025465485453606 -4.6355769574642265 1.584443170378926 5.509960327401058 -2.417923704781805 0.999734103679657 
Car -1.0 -1 2.113373989943362 253.35958898285284 182.6704578987571 332.0276991870735 217.4860558329975 1.5 1.613871243596077 3.95269789993763 -15.02824297759367 1.9952925335120435 34.31222891280773 1.7005565047224582 0.9990437626838684 
Car -1.0 -1 -2.169749422583976 397.92320024953654 180.80397712638018 503.6095363263917 231.95186264898874 1.5 1.565813136100769 3.6645086973905565 -5.292088374823399 1.7799052296114766 23.546504792493007 -2.3908263603833064 0.9980173110961914 
