Car -1.0 -1 -1.6825444761677344 639.7521045972402 179.251342145367 674.1837807883754 206.0136810598204 1.5 1.638999816775322 3.8119009256362917 2.741622762204091 1.9016222551017037 43.31126216796976 -1.6193283619966847 0.9999949932098389 
Car -1.0 -1 0.31298186013263773 302.90665662688315 181.47310486763527 472.6358602871451 243.2926537887621 1.5 1.5669111654162406 3.876267609000206 -5.673119366979055 1.7316688132980544 18.546545366959098 0.016134305796350758 0.9999947547912598 
Car -1.0 -1 0.2025376060579622 450.85318265823736 180.99320954664665 535.5133590375809 211.39332195386518 1.5 1.6157221540808677 4.040649396181107 -5.980687622653811 1.9274821494037553 36.969385252048085 0.042153044542993824 0.9999830722808838 
Car -1.0 -1 3.6303961343141067 47.55720918323584 182.5299382948558 350.19684685739463 285.9773896352667 1.5 1.6005471840500831 3.8842475533485414 -6.406613349894325 1.6653240502384794 11.457891608207428 3.1205595612486423 0.999951958656311 
Car -1.0 -1 -3.7247006987592464 899.3312065966754 173.52876732898625 1241.0 301.9478449783436 1.5 1.675954696536064 4.302600261569023 6.15511127561753 1.509825763793765 9.277721896646247 -3.1389427940037593 0.9999189376831055 
Car -1.0 -1 3.5083729875668714 186.00434592217593 181.90238296165012 414.64398187394795 265.97728426748773 1.5 1.5697531893849372 3.7341854095458986 -5.884024824056698 1.6853292471089898 13.900011456670953 3.1079339861830295 0.9999102354049683 
Car -1.0 -1 3.3686413797790253 353.08573593113255 181.39608538250613 486.1256667787774 229.70611968692134 1.5 1.600407113134861 3.942287576198578 -6.184530919090208 1.789499459494334 23.562375885224267 3.111956584449631 0.9998249411582947 
Car -1.0 -1 -0.2095966899968025 710.4933283167817 178.0773997170486 818.2397163497134 217.12844951253928 1.5 1.6478509202599525 3.9401164770126345 6.0505768628276 1.714592894973107 28.762395642829826 -0.0022557536747796155 0.9997963309288025 
Car -1.0 -1 -0.3446321484528243 778.40534918776 176.75736461777902 947.8136797481644 236.39181006423874 1.5 1.5966134637594223 3.916589778661728 6.555082973880046 1.6080511488073508 19.079333100134463 -0.013697222867284498 0.9991005659103394 
Car -1.0 -1 0.8238450160531519 0.0 183.9610772645888 174.7450395883662 374.0 1.5 1.6135357812047004 4.0373391032218935 -6.530845393356062 1.6159986014416483 6.613298203658794 0.044719739756311695 0.9990953207015991 
Car -1.0 -1 -0.48569565209435805 807.9866037185596 176.2078697730883 995.0935216615088 245.19936076093032 1.5 1.5541745841503143 3.7371771901845934 6.646744599246111 1.5827717848183795 16.753469829438686 -0.10800416866806575 0.9987033605575562 
Car -1.0 -1 0.18595935347507828 346.78715440635773 181.30976914460578 483.0302475088509 236.13035430656186 1.5 1.4926502972841262 3.5946937769651415 -5.613831244847274 1.7555735368038963 20.893464915264342 -0.07652957836655208 0.7176995277404785 
Car -1.0 -1 -2.9254442110515466 400.9870465451604 181.25223653608307 504.46098902069605 220.77791691301013 1.5 1.5659403547644615 3.745742750167847 -6.199520480274288 1.8412738483854765 28.500546632372302 -3.1396305123951778 0.6476814150810242 
