Car -1.0 -1 1.840163408167534 408.26316969729646 181.50537063332735 452.47299287882504 208.47489356880234 1.5 1.5565334379673004 4.085259747505188 -10.804923798741662 2.0468468722362334 43.51314507266866 1.5967721819838108 0.9999990463256836 
Car -1.0 -1 1.9105440041775845 365.2027098247252 181.66122500047513 427.9488682324402 213.845662887367 1.5 1.7019466057419776 4.474554073810578 -10.932262324714548 1.9817107386143904 37.15278365416012 1.6243693709333957 0.9999977350234985 
Car -1.0 -1 -1.0222866641177661 713.971447730596 176.9951803877118 868.9560569445133 251.8094867342346 1.5 1.6165687263011932 4.002038997411728 4.228789420960417 1.6073302677698715 16.659104177977042 -0.7736947695401055 0.9999725818634033 
Car -1.0 -1 1.9901167426304631 212.71713932104905 181.54591766841895 369.94974460606556 262.30981430393314 1.5 1.6354786723852157 4.03976873755455 -6.839088837762704 1.7159562250228317 15.864818546557212 1.58310316800676 0.9999823570251465 
Car -1.0 -1 -0.9265640084647775 698.7452950989334 177.8530177360095 804.4550188749885 226.9615413667923 1.5 1.5922043964266777 3.682111066579819 4.757575391533395 1.6808862138485896 24.230755812072566 -0.7326858202603204 0.9999620914459229 
Car -1.0 -1 -1.5754675842996066 589.1314745004393 179.27340805709633 639.015674017644 225.83831635346286 1.5 1.6421324133872985 3.6826381951570513 0.0864060650476307 1.744448955137454 25.59057926046969 -1.5720911176784453 0.999958872795105 
Car -1.0 -1 -0.9679026958395957 660.6075991896848 178.41702237536543 755.9924471964254 216.732349217414 1.5 1.7574266090989112 4.658942160010338 4.288865915087752 1.7589939048764303 31.229677215130586 -0.8314234177258356 0.9998929500579834 
Car -1.0 -1 1.9133359092033115 347.6259278308946 182.22481301931344 389.86333995755035 207.95026213944712 1.5 1.444425855576992 3.3956783384084703 -15.03970951896207 2.1074202727983877 45.02804176538713 1.5909786105116428 0.9998844861984253 
Car -1.0 -1 -1.1707471033907753 807.2173849579433 174.89674448297896 1055.4639524466093 311.89138684084935 1.5 1.6340766593813896 4.1148199260234835 4.516318395571623 1.5341902982100697 9.95232587747028 -0.7447415153172356 0.9997625946998596 
Car -1.0 -1 -0.8855392544267808 651.9594101291112 178.83322086704223 724.4068647094 209.2484417094252 1.5 1.6349176436662674 4.054129731655121 4.164115566077687 1.8349904071941983 38.37426931797182 -0.7774489680912835 0.9996986389160156 
Car -1.0 -1 -0.9453321416659484 699.9463967974959 177.52388951773014 829.4479860229898 237.04435670310244 1.5 1.6008755683898925 3.889947247505188 4.385078300993518 1.6445214113138695 20.375194168277602 -0.7333490411427361 0.9992198944091797 
Car -1.0 -1 2.047811087093531 268.39576826305483 182.85056742208224 329.0326791511003 207.01309038869806 1.5 1.822511900961399 4.7458483397960665 -21.17449588788454 2.2161886596054727 49.233420595569044 1.6416423201521457 0.8854206204414368 
