Car -1.0 -1 1.796262126622621 404.9489158086847 179.79568436749287 527.1495651350963 268.0457357747094 1.5 1.5586862832307815 3.91910397708416 -2.7928710708183 1.6595721035302404 14.560123648880651 1.6067476153334201 0.9999994039535522 
Car -1.0 -1 -1.6075507883668867 733.7655137764845 176.92835158845463 831.6335350832599 268.0483728736855 1.5 1.6110988825559616 3.6307098835706713 3.1971281214701137 1.590246618698514 13.981955920544424 -1.382754490771566 0.9999992847442627 
Car -1.0 -1 1.6916802788604832 491.8955756189651 180.15851536694242 548.8661787295504 228.82958028557564 1.5 1.5133161589503288 3.437064078450203 -3.016725277536825 1.7655251547196098 24.470529099845624 1.5690192421290534 0.9999970197677612 
Car -1.0 -1 1.9207753648773296 264.2355342729825 179.71816671889428 481.06089764936615 322.3608868213788 1.5 1.5329929560422897 3.65672544836998 -2.954466328096637 1.6097506005201039 9.630307883359427 1.62310241460405 0.9999971389770508 
Car -1.0 -1 -1.1575360456453652 793.6842293096536 176.9002140031823 887.9413959571622 230.65885797984797 1.5 1.5317811191082 3.3775201559066774 7.096091536192973 1.6346390075491315 22.169842261399495 -0.8477618257191523 0.9999797344207764 
Car -1.0 -1 1.3161590794814577 503.16911942524825 180.1375324852121 566.7379427346456 220.88282959841413 1.5 1.6224867224693298 3.9590320110321047 -3.1754574690958064 1.8193864011225664 29.46306674228602 1.20879594882461 0.9999246597290039 
Car -1.0 -1 -0.7180504636208143 1074.1904987904006 169.45281569177965 1241.0 365.5058656056908 1.5 1.5940089270472526 4.171101239323616 6.760111328291387 1.474335468819149 6.493813973463437 0.08743695815535954 0.9997348189353943 
Car -1.0 -1 -1.2680775013243797 741.2495863340378 177.1476675530927 841.4734106123447 243.9318875471846 1.5 1.5143070861697197 3.4094350904226305 4.622706420960351 1.6202158228932375 18.290026368042838 -1.0205173055317742 0.999569833278656 
Car -1.0 -1 2.297189587075599 939.2942331003808 175.87307813624398 1028.7815246968091 207.65702287880293 1.5 1.6466282799839973 4.090619695186615 18.53888055454536 1.656605888492249 35.83704431636076 2.774589526649338 0.9995433688163757 
Car -1.0 -1 2.4013595149846423 0.0 179.66298037760205 268.8606317135213 374.0 1.5 1.6157273694872856 3.811970588564873 -3.5246340004285224 1.5523305752968588 3.5605743356425275 1.6210338950117649 0.9992181062698364 
Car -1.0 -1 -1.0078231938161468 1000.2792055626463 175.01675787313906 1101.2306649975947 218.58273182936955 1.5 1.5470101058483123 3.4706408649683 16.12032813928197 1.5840352328264438 26.44960762815833 -0.4604671756413324 0.9977442026138306 
Car -1.0 -1 -3.190082802034855 735.7603172949765 177.92495258084398 831.1419971564908 211.57780728556733 1.5 1.6704783335328102 4.235571858286858 7.999845451765584 1.7459435956851357 33.73194658832702 -2.957225517430578 0.9905732274055481 
