Car -1.0 -1 1.7500783866141787 421.4787405227538 179.8877253239664 526.9951120251555 258.0274419023991 1.5 1.606190812587738 4.166962441802025 -2.96638344504383 1.6796681013867611 16.30735849278783 1.5701412399623054 0.9999997615814209 
Car -1.0 -1 1.865212382008374 228.77386021888196 179.49875229965915 480.6988569485335 335.27871189086625 1.5 1.7513201132416725 4.462893542647362 -2.981682617928216 1.6074137337780707 9.379228491802376 1.5574130256983894 0.9999963045120239 
Car -1.0 -1 1.678260034620312 499.37621172775727 180.09879192607465 554.6035533685382 227.23207684161696 1.5 1.542675730586052 3.674936902523041 -2.892701686022299 1.7735993626076734 25.368353486873843 1.564722462496485 0.9999825954437256 
Car -1.0 -1 1.6810590612941954 523.8833729838947 180.0359150256087 573.6237461455344 212.13536888311552 1.5 1.9647051140666008 5.963042241334915 -3.166308969000263 1.9092262825790174 38.06740838088805 1.5980737090071262 0.9999847412109375 
Car -1.0 -1 -0.02854063585281843 630.9927669912902 179.06836779635378 722.6510816439924 211.0897155859665 1.5 1.727221955358982 4.343037542700768 3.1842737395717746 1.8119464961999083 35.17927091692056 0.06172899802657537 0.9999172687530518 
Car -1.0 -1 2.432843723450806 0.0 178.47660417675158 274.2782555785291 374.0 1.5 1.6432634115219116 4.1612500816583635 -3.0252676929415396 1.5365588463799131 2.556399039854265 1.5636407574031013 0.9997519850730896 
Car -1.0 -1 -0.19800651113220583 658.192264571527 178.46477630812365 783.6498991854446 219.89506849284504 1.5 1.678994347155094 4.449443009495735 4.09462795843407 1.7202390803402814 27.325631510463857 -0.049267486729894366 0.9996176958084106 
Car -1.0 -1 2.131272946784941 0.0 181.53250366612698 284.30763839869707 346.7328341123781 1.5 1.5090240657329559 3.6220437407493593 -5.4763665085270805 1.6251780262360056 8.557301822672677 1.56198517878982 0.9996451139450073 
Car -1.0 -1 -0.19185599400492628 670.0636603840602 178.05294438877615 819.20735302892 231.1059589086071 1.5 1.668672126531601 4.105878111720085 3.86869978408363 1.6609811221726987 21.427994766549926 -0.013236002126012525 0.9994997978210449 
Cyclist -1.0 -1 0.7761686779065857 1181.470426044442 179.27027588604207 1241.0 309.72068864225906 1.4 0.519498486816883 1.7744869485497474 7.865715027255952 1.486039311528895 8.731005372724496 1.5094777782771247 0.9930243492126465 
