Cyclist -1.0 -1 -1.144677074266958 522.6076677966207 180.22772113352943 563.5989839034862 225.39996411795437 1.4 0.5994589559733867 1.8856362000107765 -2.012710790462251 1.393116795530527 22.897083816788733 -1.2323542098191125 0.999998927116394 
Pedestrian -1.0 -1 -1.2922639419207436 768.0426721885779 148.30391685351395 838.6049335758293 294.99902248946745 1.8 0.6550538845360279 0.9551632709801197 2.5590872249727674 1.4066219467156569 9.24905827698312 -1.0223307172444207 0.999996542930603 
Cyclist -1.0 -1 -1.9685892138379413 854.5126211887255 178.4967007177895 928.5398054830243 274.68846625656585 1.4 0.4357160560786724 1.7275697112083435 4.4309350171038115 1.3725074627616305 11.153496205791438 -1.590439614900623 0.9999939203262329 
Pedestrian -1.0 -1 -0.857253251607518 701.8590517259374 167.52739013961514 722.1962091830061 212.32495873458907 1.8 0.6219896979629993 0.5335120975971221 4.338547915236703 1.2802454650791457 28.814519487504857 -0.707807735600744 0.9999532699584961 
Pedestrian -1.0 -1 1.6077205058033717 686.7258224773883 165.93248972587543 709.8188335886863 220.75439873949674 1.8 0.7381216183304786 0.849336714297533 3.1019629158708377 1.3232395920979754 23.690128597846645 1.737918841834885 0.9999657869338989 
Pedestrian -1.0 -1 -1.0195154955648353 953.4980022022976 152.76672117509068 1000.7334333923358 261.91998704115395 1.8 0.5624626323580741 0.4411834318190813 6.273852204119836 1.3443135240942397 12.009210974584315 -0.5380931655552728 0.9998562335968018 
Pedestrian -1.0 -1 2.80815549119694 722.2557775292274 166.27143940683865 754.6165899108136 216.33745041961558 1.8 0.5748426102101802 1.0271230272948741 4.833575990124649 1.289969803540658 25.775272334017497 2.99353014230333 0.9990671277046204 
Pedestrian -1.0 -1 2.659305164526822 705.5799680292712 166.8842973576093 738.0769580623459 214.59415161640374 1.8 0.556915395706892 1.0959205709397792 4.452471519234046 1.2878169149595742 27.107084034429477 2.8221063494642795 0.9990549683570862 
Pedestrian -1.0 -1 2.8766687789021166 717.300965737205 166.4051116108134 743.2246897193917 216.35223183312758 1.8 0.5884507231414318 0.8047413572669029 4.540973639006439 1.2935688660287263 25.80521714272214 3.0508565783461155 0.9989961981773376 
Pedestrian -1.0 -1 -1.8842842953108965 871.3376097823808 151.2435640929714 925.9534781033067 273.49909513578984 1.8 0.3524711847305298 1.4638469114899635 4.5573354180691545 1.3709127657832425 11.148110471979589 -1.4962157393482072 1.0 
Pedestrian -1.0 -1 -1.1332113117950633 701.7012701596367 167.3382604226937 721.965777713878 213.19396950845837 1.8 0.5661177940666675 0.6767455980181694 4.237810012243071 1.284855628831103 28.187723058755946 -0.983986512818609 0.9823262095451355 
Pedestrian -1.0 -1 -1.1643950181051053 714.0492112726334 167.2284427499373 734.7963310589366 212.80614853915924 1.8 0.654004842787981 0.5550025522708892 4.762859941964177 1.2773657174913546 28.32897315633332 -0.9978259960797174 0.9627206921577454 
Pedestrian -1.0 -1 -1.257798004690438 711.8099895294853 167.42217357089436 729.4490394143262 212.2513360396895 1.8 0.5957120589911937 0.4576448377221823 4.676050492462985 1.276388307269005 28.7243807964936 -1.0964232842114312 0.9403844475746155 
Pedestrian -1.0 -1 1.641351340160965 694.295612481897 165.77129783109766 717.0324700481307 220.90453788622372 1.8 0.6900004602968692 0.9235514819622039 3.337378648690839 1.3206791203613273 23.602688903845877 1.7818183779676975 0.9123136401176453 
Pedestrian -1.0 -1 2.6893805385802185 709.5070510209305 166.7493664674507 744.4301934110745 214.88368082237105 1.8 0.48547056764364244 1.2166442841291427 4.603351782659192 1.2873032023993538 26.837988525814104 2.8592512488325657 0.854846715927124 
Pedestrian -1.0 -1 -1.5198094735964187 704.4802768191099 167.40744849798065 719.7604643292296 212.78628978869926 1.8 0.5666537702083587 0.890931349992752 4.3044577491846985 1.282168107809739 28.53389103769817 -1.3700842122223718 0.7686605453491211 
Pedestrian -1.0 -1 2.829949886313086 719.4132684605922 166.44520706585448 751.5891170310325 215.7989919275014 1.8 0.4790622767060995 1.0719228096306324 4.7858570266374505 1.2889216834876975 26.08917180371179 3.0113750576933445 0.6538124680519104 
Pedestrian -1.0 -1 -3.067209278285537 705.7003935957223 167.0172648608643 733.7367839641983 214.15522206580437 1.8 0.5773881942033767 1.0331922702491283 4.4239761023698 1.2866590132022095 27.395076254885517 -2.907103494801794 0.5189284086227417 
