Car -1.0 -1 -1.7091994565983903 674.3691141336776 177.928907934809 758.1789938643545 244.339275409289 1.5 1.5736196681857109 3.9142387479543688 2.5706572117841873 1.6446268470961185 18.55138633638313 -1.5715067443114263 0.9999995231628418 
Car -1.0 -1 -1.6811054347634926 661.188816266645 178.52669543672184 717.3481812727244 226.98935767188897 1.5 1.503935319185257 3.4721943110227587 2.5771176897650077 1.7065017228568198 24.477563681071242 -1.576206998494689 0.9999985694885254 
Car -1.0 -1 -1.6720056987732312 643.8549485109604 179.0552854867695 683.42390890054 213.5712764667373 1.5 1.5020512536168098 3.323475879430771 2.4169183439811914 1.8039839407912697 33.64189187305672 -1.6002863972124202 0.9999817609786987 
Car -1.0 -1 -2.602967498953369 25.677252403241788 182.6315296107654 340.5911642648356 289.9901095365922 1.5 1.590670694410801 3.891185161471367 -6.421383816892711 1.6611785385943274 11.046356276133766 -3.1295327703144893 0.9999656677246094 
Car -1.0 -1 3.318769230135658 433.6962503065886 181.2245611979688 511.246765769359 211.34855755977327 1.5 1.6162049517035484 3.7032856166362764 -7.0863686127342405 1.941724511270134 37.21442190040544 3.1306019902189792 0.9999654293060303 
Car -1.0 -1 0.47674396351277726 168.90173031045367 182.1161099847086 385.80012367160714 268.40061058465244 1.5 1.5028028309345245 3.389663112163544 -6.199329305459466 1.6850071237407536 13.55050490865263 0.04767219623061589 0.9999561309814453 
Car -1.0 -1 0.38746534505684416 237.49622954883733 181.84167843393334 424.8239824231153 254.2417399621285 1.5 1.563548718392849 3.540003535151482 -6.1256814032174445 1.7095046473415247 15.96865229243105 0.02117054065200261 0.9993502497673035 
Car -1.0 -1 0.8454525992481947 0.0 184.20722601926352 150.81291558069412 374.0 1.5 1.5674340099096298 4.050267350673676 -6.488355534155354 1.610909871727669 6.169398900262995 0.03486125071975163 0.9976147413253784 
Car -1.0 -1 3.4391535172841987 262.17771954907465 181.78880369969306 443.75858931257085 243.42109998162647 1.5 1.6246667623519897 4.143385824561119 -6.603628940792775 1.743271987882385 18.716139139647503 3.0999591231306614 0.9926961660385132 
Car -1.0 -1 -1.9539566749589987 754.0043747895 175.04864973243025 1053.1899395851412 363.420202817662 1.5 1.5815524876117706 3.53259616792202 2.673423155215406 1.5289085780268215 7.584342268980707 -1.6150631653752667 0.9819774031639099 
