Car -1.0 -1 1.8965176477736616 199.10324766974068 180.50105284920687 474.4587945263087 346.1979293124205 1.5 1.704854381084442 4.302297767996788 -2.8280183135411736 1.4923359104781981 8.659864440221007 1.5808699011763157 0.9999998807907104 
Pedestrian -1.0 -1 -1.5254352184542899 558.8981791528457 167.31357718371586 590.9245348736946 237.91356452305155 1.8 0.7983126237988472 0.9092187069356441 -0.7154986590286238 1.4394847689301604 18.76937400433038 -1.5635373085413617 0.9999991655349731 
Pedestrian -1.0 -1 -2.2040186696967274 447.40033104831605 166.03566275550295 497.78218944408155 250.46875764144988 1.8 0.7085387155413627 0.8854737997055053 -2.8858089089996324 1.4715504565819182 15.87294367916416 -2.3838611404087886 0.9999969005584717 
Pedestrian -1.0 -1 -2.7866392066033425 558.4660453793244 147.91998681117227 671.632153455543 326.64459547534017 1.8 0.7647850111126899 1.0250824995338916 0.11244458432098041 1.4631701942557918 7.773655250201212 -2.7721753875401363 0.9999990463256836 
Pedestrian -1.0 -1 2.3728377904716202 1089.2291199920917 140.36307539301737 1217.417398542805 327.3668665098141 1.8 0.8077327653765678 0.6645230136811733 5.569630339114487 1.4054096925837685 7.352567730040213 3.0211268544157566 0.9999887943267822 
Car -1.0 -1 1.7887686498410833 378.25293035033246 180.62716835606895 478.83353234772596 237.64907362144706 1.5 1.900891450047493 4.718948391079903 -4.981479586056685 1.478208016552147 21.264515668597102 1.5586556633326667 0.9999923706054688 
Pedestrian -1.0 -1 -1.9783721829423848 570.9595750859849 165.42229596760478 615.566625357794 245.65283596719237 1.8 0.7461200959980487 0.8779788881540298 -0.2328269950772271 1.4405068239075367 16.666685024506716 -1.992340878644262 0.9999762773513794 
Car -1.0 -1 1.7050182876835924 432.10198003735303 180.39945201570814 493.46953888004884 222.89797214679007 1.5 1.721043375134468 4.566322129964829 -5.262741647560168 1.4622144868328133 27.677313361054804 1.517115040621485 0.9999911785125732 
Pedestrian -1.0 -1 -3.4000024397801023 1055.0815974894037 136.0097194306504 1215.8365799725973 348.0630869190024 1.8 0.8455663479864597 1.0086345978081226 4.847057265167674 1.4152449156766325 6.671431790744962 -2.7716860334065303 0.9997584223747253 
Pedestrian -1.0 -1 1.9969947329606745 1143.705693931684 140.93275755950197 1237.0 322.15499294921193 1.8 0.6343825280666351 0.5694938383996486 6.162686439628679 1.3984319068374182 7.542870098458788 2.6820287585218967 0.9983219504356384 
Pedestrian -1.0 -1 -2.534256486222734 619.530955348538 153.61213473544117 712.4797415552345 296.5090305914453 1.8 0.6552939794957637 1.056463972479105 0.8151209535032121 1.4500464463361855 9.635167375712609 -2.4498589197781424 0.9984476566314697 
Pedestrian -1.0 -1 -1.550890475596406 580.7517369274651 166.99111000609773 611.1589380510143 238.10057569050167 1.8 0.7699766688048839 0.9254159897565841 -0.16704923702345584 1.4339157871692574 18.647556190910645 -1.5598484734680993 0.9743946194648743 
Pedestrian -1.0 -1 2.2631807914035367 488.11569210803884 172.0891146123407 516.7572908365044 219.9238975128245 1.8 0.7519859381020069 0.799840085953474 -3.816210956804658 1.4469031004110027 27.56598883256965 2.125616061683518 0.8276745080947876 
