Car -1.0 -1 1.7747528461699744 448.48141076960394 180.47201702056958 517.4840375684795 230.13991428743796 1.5 1.5699392676353454 3.6505850523710253 -4.2203380266575214 1.7754581236159235 24.204297832584775 1.602125155921799 0.9999991655349731 
Car -1.0 -1 1.8504749979788306 380.4776567200654 180.5385085294673 485.4967710404974 247.53239584268223 1.5 1.604769241809845 3.8823536157608034 -4.468723912663166 1.7192926838453984 18.579827483333 1.6144432902296604 0.9999973773956299 
Car -1.0 -1 -1.8164896254504397 758.500840886783 176.5444469009952 895.4161580581647 269.0543159407581 1.5 1.5934909254312515 3.6826862514019014 3.895030110955878 1.5800378586985349 13.71066342499595 -1.539694485315357 0.9999850988388062 
Car -1.0 -1 1.7249092837678046 481.63351953063284 180.36364962814093 537.3493245608297 220.88016566651962 1.5 1.6373005256056785 4.195255276560784 -4.085456060805394 1.8304714439773009 29.60382132136141 1.5877711653669895 0.9999827146530151 
Car -1.0 -1 -1.7334139148351924 700.3538724369522 178.02990512324502 767.9279677938315 227.4886015775135 1.5 1.588386532664299 4.046345737576485 4.046484727931011 1.6894257793185876 24.329024132096993 -1.5685992965616775 0.9999575614929199 
Car -1.0 -1 1.7572264955117638 541.2513070319613 180.28596471709375 575.981743241218 205.69192784789888 1.5 1.5733015283942222 3.4409558892250063 -3.230026748962009 1.9870689393147563 45.45031203176607 1.686278569694382 0.9999294281005859 
Car -1.0 -1 -2.038274714157745 833.9390543826796 174.59441538925873 1120.2169308165587 335.8990764838363 1.5 1.5426204100251197 3.4022411823272707 3.923822423760063 1.5249592566245855 8.470325323150075 -1.6044623042133195 0.9998586177825928 
Car -1.0 -1 -1.766097432376489 725.435684647103 177.51432781551335 810.8461822447439 240.87937305415267 1.5 1.5482154235243797 3.389542040228844 4.023029418818107 1.6343191494108298 19.033196183954676 -1.5577943334963662 0.9998194575309753 
Car -1.0 -1 -2.5317992545814887 1076.162027130739 143.08809994095543 1241.0 374.0 1.5 1.6331879913806915 3.832792353630066 3.797766162399656 1.466480287067444 2.7481592273323665 -1.5874093799528224 0.999222993850708 
Car -1.0 -1 -1.6658294747088453 690.7533454545022 178.4054892079369 738.5497990629409 218.86049417088424 1.5 1.5555507063865661 3.6484381675720217 4.120094788100948 1.738706592344915 29.11818187443334 -1.5252669798817975 0.9003115892410278 
