Car -1.0 -1 -1.5735204266255294 591.3039776136142 179.37857768380178 636.1793745791125 221.51624687435998 1.5 1.6315205514431 3.533618760108948 0.09326492807225885 1.7695281324581678 27.996868314164672 -1.5701891760716704 0.9999921321868896 
Car -1.0 -1 -1.477514144463834 1042.1141363175823 167.7276840573165 1241.0 374.0 1.5 1.6145486876368522 3.9241577059030535 4.29950048061103 1.480947717071513 4.63939589131265 -0.7301219860699517 0.9999884366989136 
Car -1.0 -1 1.9784210065288748 195.6800898870181 181.52182212088402 359.9174274692177 271.2652894611973 1.5 1.5510067835450172 3.832423922419548 -6.442882622380711 1.6960052394219662 14.356541190039028 1.5565847595545905 0.9999750852584839 
Car -1.0 -1 -1.267751278754233 870.7083041901612 174.0880524083712 1120.4873811413804 337.06166990475094 1.5 1.5879452720284462 3.533930566906929 4.586056225774587 1.5179231871351238 8.466517127707677 -0.7713261405613764 0.9999357461929321 
Car -1.0 -1 1.772469107057735 476.3009433308523 180.90303127930602 513.9874156884532 206.17824468597087 1.5 1.6205663353204727 3.9524389922618868 -7.3211390218326375 2.03716947026595 46.10847153249744 1.6150028586348117 0.9998717308044434 
Car -1.0 -1 -0.9393850822973804 640.0672976060843 178.99272805249194 711.337846343234 205.63172517431053 1.5 1.85145293623209 4.82831024825573 4.048211147685727 1.8967465707115578 44.16541109140117 -0.847980276742254 0.9997987151145935 
Car -1.0 -1 -1.1071789787010466 773.9953361904467 175.66724542461822 988.7698991229383 284.54697111127643 1.5 1.6393377006053924 4.209846866130829 4.609920146841441 1.5553293784749644 12.069334755540519 -0.7423263947155816 0.9996925592422485 
Car -1.0 -1 -0.9143966288056027 689.0046352480812 177.80127281152843 807.7395411112232 230.63430216765278 1.5 1.6010648131370544 3.945690256357193 4.375026055434055 1.6694152937476683 22.746663213019676 -0.7243800322201592 0.9995799660682678 
Car -1.0 -1 -0.9126964382006508 662.3950305519961 178.40991487128403 756.33657782762 218.76481471497252 1.5 1.6493687897920608 4.063272711634636 4.059005738583696 1.7421077504936404 29.38183026164388 -0.7754185358670098 0.9960034489631653 
Car -1.0 -1 1.86315580878687 426.2591950177644 181.39101972400755 469.3864347453948 205.02733330959353 1.5 1.7065974444150924 4.377820950746536 -11.127075625880602 2.114428885463293 49.65319221518598 1.6427020907362522 0.8492034077644348 
