Pedestrian -1.0 -1 -1.794683495522224 754.9363908888923 167.99660803339364 782.0033757875415 228.3823539988254 1.8 0.6920695796608924 0.5507516235113143 4.733315341561416 1.6555669267002622 21.78390719650027 -1.5807243623447162 0.9999998807907104 
Car -1.0 -1 -1.6910186436467451 668.8102749710939 178.45232024097274 726.6646507189562 226.65297476654354 1.5 1.5393659964203834 3.4229843437671663 2.8739257297631005 1.7042700162105175 24.56404712446297 -1.574550894382645 0.9999992847442627 
Car -1.0 -1 -0.33114802156860157 745.069261283159 174.28046197010698 1241.0 351.81618623709045 1.5 1.6775738939642906 4.101620849967003 3.4307935801204845 1.5166665931467624 7.178635282159012 0.11467783053847723 0.9999872446060181 
Pedestrian -1.0 -1 -2.23837952553005 1047.5315607658838 154.16246822717218 1097.2616799928458 273.82560978523526 1.8 0.5302109315991401 0.36425022669136525 7.030359057778659 1.5191956261735757 11.058790156053966 -1.6721043745663506 0.9999735355377197 
Car -1.0 -1 2.4210671280893346 168.78874465178518 0.0 1241.0 362.41681611645174 1.5 1.9567775100469589 6.249055874347687 -2.865503106344941 1.5371387512646382 2.7733585893642454 1.6193294405897678 0.9999850988388062 
Pedestrian -1.0 -1 -2.2128902669867934 1030.7326700869098 154.13430245659913 1082.8099042517272 274.9402542396874 1.8 0.5281257003545761 0.41876556612551213 6.741113427782087 1.5214357208164293 10.98075277913452 -1.6623108843949181 0.9999505281448364 
Pedestrian -1.0 -1 0.8949899301163894 1176.6443651738805 154.32639416475428 1219.427509919306 265.4611045966633 1.8 0.44859298765659333 0.3106320768594742 9.594431709763278 1.5002743852461038 11.840163604441038 1.5759975790937961 0.999843955039978 
Car -1.0 -1 -1.6898536584274566 653.4579323182495 178.78342652908574 702.2451113039555 218.74603150571534 1.5 1.5480010330677032 3.6470024406909944 2.6690781917896373 1.757741949212127 29.472728366289243 -1.5995390723135812 0.9995860457420349 
Car -1.0 -1 1.7948354275345362 349.64184565651345 179.01420229071107 552.5030834317091 296.5222760067711 1.5 1.973782156407833 6.385179471969605 -2.422549709128831 1.6369757624327148 12.772599118201565 1.6073942065199436 0.9995620846748352 
Pedestrian -1.0 -1 0.7632529454329272 1176.7111166555192 153.74648782361626 1230.8354212803486 267.8567753485949 1.8 0.49616978764534 0.45823352672159673 9.518149347572434 1.4989518953634653 11.636538237067452 1.4488457878443854 0.9995198249816895 
Cyclist -1.0 -1 1.6708971241887924 535.2407117986926 182.44551402211448 550.7967930380424 211.94935620647772 1.4 0.5989331312477588 1.7211413502693176 -3.339307079348384 1.8858765761072958 35.658657592410464 1.577522981162888 0.8942286372184753 
