Pedestrian -1.0 -1 -1.3239833328144002 275.4157300557424 161.03270631357827 327.46533295693837 273.99035889585934 1.8 0.6477041661739349 0.6621491655707359 -5.03127356659725 1.491440140002096 11.64072234200681 -1.7319477061417443 1.0 
Pedestrian -1.0 -1 1.2951569010112896 492.44808978071717 164.6426110655206 525.6179048074017 241.09960025912255 1.8 0.6105187840759754 0.7574852116405963 -2.3665205205196824 1.4282796860530662 17.110259024770702 1.157718821367945 0.9999998807907104 
Pedestrian -1.0 -1 -2.4340611592133135 1045.0424360354273 135.12878586301062 1172.6795306415934 333.49810563003024 1.8 0.5931444026529789 0.8235319077968597 4.827993702882493 1.3900025471414994 6.883407991076927 -1.8223990062859399 0.9999995231628418 
Pedestrian -1.0 -1 1.1051995410555682 795.5712836444394 146.3120057486718 870.5943549616256 302.8187782418344 1.8 0.5651375770568847 0.7935903526842594 2.696415805833194 1.4084846427919129 8.563729619408104 1.4102372368189948 0.9999972581863403 
Pedestrian -1.0 -1 -1.863208008287919 649.0482540037807 165.18527749305588 671.8001821522297 227.26047318021946 1.8 0.5033382706344127 0.6455239400267601 1.598530647318938 1.3574861995649563 20.86658369417645 -1.7867501387980325 0.9999951124191284 
Pedestrian -1.0 -1 -1.0102099323201006 618.8323944462708 167.4919670270489 641.9541400308127 218.55394842466043 1.8 0.5876284584403038 0.6227951057255268 0.8843116818651092 1.3429774950453621 25.34201055210292 -0.9753289977696282 0.9999926090240479 
Pedestrian -1.0 -1 1.3085828598814708 445.81655333897993 165.35976998076686 477.119961987332 241.3088694890246 1.8 0.5718709461390972 0.7438569821417331 -3.5378411041403277 1.4427788594824478 17.21279793340037 1.1058704098078864 0.9999449253082275 
Pedestrian -1.0 -1 1.3160184389371323 511.6027445768608 164.63089145274765 541.0736747128358 239.85223119659076 1.8 0.5364294655621051 0.788595762848854 -1.9775268260682604 1.4218641362855997 17.378668715795577 1.2027153213832038 0.9999380111694336 
Pedestrian -1.0 -1 0.7453073295945689 999.5558167874872 116.1044060744855 1196.1987565127497 369.0 1.8 0.6158632718026638 0.8703799478709697 3.1350276205383185 1.4236091509736042 4.640813352085147 1.3394238193843024 0.9999309778213501 
Pedestrian -1.0 -1 1.0808622965360883 827.2212850229126 146.40590779648267 900.875043449846 300.00692769803686 1.8 0.5349797688424587 0.8012959294021129 3.1273819730757126 1.4021452468925049 8.715880519624914 1.4253677566859382 0.9999179840087891 
Pedestrian -1.0 -1 0.843016188047407 415.2813804208252 166.556183798085 456.7163200114959 237.53012780322027 1.8 0.609502524882555 0.8948389001190662 -4.443558795244181 1.447957620070042 18.43220997398249 0.6064542969081061 0.9998369216918945 
Car -1.0 -1 -1.2123518732660556 0.0 181.29546348370226 276.0589685278708 369.0 1.5 1.971328866481781 5.280735951662064 -3.149678707086443 1.5090823645592288 3.7398879914620378 -1.912291572490011 0.9997922778129578 
Pedestrian -1.0 -1 0.6429971424375707 400.921094375461 166.3662884513639 443.070219358143 239.5121037650244 1.8 0.6041628800332546 0.8339304037392139 -4.6502937012237675 1.4537898329687156 17.83170821421213 0.3878912170741218 0.9979523420333862 
Pedestrian -1.0 -1 -2.51884609196068 1049.8952359864816 134.49805368185412 1204.79822547073 334.0705235634814 1.8 0.7461709462106227 0.9727666646242141 5.049789117561622 1.3867961344340172 6.951102352057267 -1.890572981038366 0.9282842874526978 
Pedestrian -1.0 -1 0.5630492894965202 1019.3109137741401 115.49732420388813 1222.5651832204132 369.0 1.8 0.6334314614534378 0.882111632078886 3.3097049126799005 1.4212547475950612 4.661839243520484 1.1804265220973151 0.8979554176330566 
Pedestrian -1.0 -1 -1.2425441675079902 631.5886873112545 167.27989413804 653.6995697365325 218.66083352235543 1.8 0.623863798379898 0.6085544385015964 1.314817002745772 1.33839605284202 25.163040307201875 -1.1903397301819665 0.8538785576820374 
