Car -1.0 -1 -1.088506116616654 133.00088699663218 182.43404658602196 302.862731343137 260.5674975879156 1.5 1.5858375027775764 3.9995281517505648 -8.381352136341691 1.4477292507165829 15.800788150074402 -1.576207256471042 0.999995231628418 
Car -1.0 -1 -1.5643499022637195 578.9992614161904 179.7466382720674 610.3273089009249 208.08492744597189 1.5 1.6584659487009048 3.872356054186821 -0.7467736069920661 1.2116433517723324 39.99281781313905 -1.5830204254623992 0.9999951124191284 
Car -1.0 -1 -1.3174157392854375 334.73301574989773 180.72861169826444 462.88397873969336 264.67098122141914 1.5 1.5883896991610527 3.8824985295534136 -4.176708208322956 1.4209496297196713 14.799758149440574 -1.5924768811699492 0.9999792575836182 
Car -1.0 -1 -0.919867548735491 0.0 184.29723336750294 141.2569474906386 324.041318218589 1.5 1.5897417932748794 3.95243154168129 -8.356783886033499 1.4912724693987982 9.731732294076084 -1.6293993751194817 0.99985671043396 
Car -1.0 -1 -1.2080716885707032 304.0875648119418 181.58711468631185 395.1682847617219 230.8236286582871 1.5 1.5693260848522186 3.8622113436460497 -8.483069433214425 1.3905856802199468 23.843396755624862 -1.549888867014323 0.9998494386672974 
Car -1.0 -1 -1.3722816708474843 447.8213529955566 180.52950045539146 511.3688001625545 225.23091849080774 1.5 1.5708689138293266 3.6359945803880693 -4.587979353697838 1.343881215090098 25.954128304607234 -1.547246768200074 0.9982319474220276 
Car -1.0 -1 -1.1940335857747981 279.33251773642644 181.96878915038087 357.3971945144506 218.82911978651052 1.5 1.6841490313410759 4.335848104953766 -12.56796926251172 1.3690009647513395 31.42051416481405 -1.5745334767878545 0.9981392621994019 
Car -1.0 -1 -1.30482379455966 397.2431781731006 181.13449094507078 451.1292485740726 214.19667925723948 1.5 1.5602708354592323 3.8133817285299303 -8.780520802833584 1.3159706971676666 34.529681237316005 -1.55383514525858 0.9975351095199585 
Car -1.0 -1 -0.47880701233696166 0.0 0.0 1240.0 375.0 1.5 2.0058559745550157 5.82100251019001 -4.226503730171331 1.5123593736132166 2.1727786687334363 -1.5747519825261576 0.9957811832427979 
Car -1.0 -1 -1.421249597165969 482.2395354834159 180.47222682307728 525.2585500864226 212.12349589622133 1.5 1.5766835331916809 3.8489582508802416 -5.182531864522159 1.276331127710978 35.99345674259208 -1.5642521577563626 0.9952208399772644 
Car -1.0 -1 -1.449105913569347 514.7464159511978 180.3501933354266 546.7665060939802 205.1975618293416 1.5 1.588972334563732 3.496796128153801 -4.822804207721926 1.2074076327396435 45.15286279616935 -1.5555130849268777 0.9874144196510315 
Car -1.0 -1 1.8871728774862377 331.5844475578025 181.79732648390325 379.82551356221757 204.6784407935931 1.5 1.7637543871998786 4.683092471957207 -17.292533023847056 1.277035559762361 49.480302340568436 1.5509585579249519 0.7346857190132141 
Car -1.0 -1 -1.5324262956420145 104.94759334534417 183.37584625674216 176.2573913665097 240.86805062718125 1.5 1.5826954066753387 3.472988170385361 -13.3707429485515 1.4531285391112478 20.648579760660297 -2.1070689121868953 0.5613251328468323 
