Car -1.0 -1 1.750418108358799 352.0260329835281 179.32538659280866 518.8709637764803 307.29465723224456 1.5 1.6432628527283668 4.191059854626656 -2.420000633577161 1.6163022069895612 10.797310387535854 1.5299319465968269 0.9999974966049194 
Car -1.0 -1 1.7293576212660833 455.61026613055054 179.719111335711 549.5102073894052 255.83907082249746 1.5 1.5293915316462516 3.772805866599083 -2.378530645038903 1.6750076839819332 16.455652610854226 1.5858099341353 0.999996542930603 
Car -1.0 -1 -1.756580571009036 732.8624882552972 177.54546181684958 809.5166831286563 237.96307286292628 1.5 1.4760150134563446 3.120649841427803 4.277978265372867 1.6389775480515987 19.73655624200502 -1.5431284765389306 0.9999983310699463 
Car -1.0 -1 -1.7892354696756716 706.0875325613655 178.19146592610815 762.9189629955495 222.36044698137144 1.5 1.4386123538017273 2.9073531299829485 4.447652772462387 1.706305387934028 26.349391334165425 -1.6220164308932168 0.9999876022338867 
Car -1.0 -1 -1.7999879494984692 747.2038994384931 176.73043034564444 877.2601778379347 263.4292241318414 1.5 1.5969915807247161 4.19787937104702 3.9045653125044617 1.5912354490601641 14.791588581703918 -1.5419030031797034 0.9999833106994629 
Car -1.0 -1 -1.6668508999047185 679.0714312015729 178.70248575317953 718.4706095158976 210.38585600586623 1.5 1.5978090956807136 4.240734365582466 4.467417674146463 1.8183179102758131 37.08574788169118 -1.5469667083260161 0.9999195337295532 
Car -1.0 -1 1.768174653260904 543.2404132039742 179.90760991351982 593.4995790753752 216.3080790307912 1.5 1.5592381849884986 3.703187268972397 -1.8509957564257216 1.836362067812381 32.42582718621735 1.711152541633469 0.9998553991317749 
Car -1.0 -1 -1.7010938526986303 689.4432670875391 178.50069691094163 735.9700296141962 215.90517485022315 1.5 1.544712160527706 3.4434458732604982 4.3424616514991845 1.757930071450426 31.182069899020018 -1.5627222937208158 0.9996304512023926 
Car -1.0 -1 -2.555467398523278 1127.9386318071583 27.980031436700525 1241.0 374.0 1.5 1.595446702837944 3.698178988695145 3.489891747331739 1.4626641932751265 2.071889927245199 -1.5204328830030305 0.9986085295677185 
Car -1.0 -1 1.1613466661552316 828.1746252873044 174.60120813636138 1136.929484360646 342.41535852650316 1.5 1.5555240705609321 4.2798592269420626 3.9500718460626008 1.5265176139949486 8.645946494891767 1.5898988127668918 0.9912260174751282 
