Car -1.0 -1 -1.7120607817163636 693.2736402833967 177.95603862750917 766.7699611367116 234.15615402680288 1.5 1.6006246700882911 3.9872421443462374 3.449007115145085 1.667490565830245 21.626564295109713 -1.5539124617960793 0.9999967813491821 
Car -1.0 -1 2.167240694891173 78.68945847687861 183.63947257184725 210.322154276169 236.8586769537184 1.5 1.6018612802028656 3.941827875375748 -14.794283106676026 1.8759773815205274 23.13366852527487 1.598273026939255 0.9999946355819702 
Car -1.0 -1 -1.6764704853742936 649.5263896814383 178.99104520440287 693.2551361066533 207.0867935102767 1.5 1.986379225552082 5.406976726651192 3.49573010772411 1.8845100952944898 42.43632129208789 -1.594280160092984 0.9999954700469971 
Car -1.0 -1 -1.5725218391282834 594.8386558162339 179.53682431510177 631.3743766092753 214.51946602646953 1.5 1.6003989174962043 3.48868468105793 0.09760263391101048 1.8254123301465512 33.347764364416 -1.5695950355755655 0.9999654293060303 
Car -1.0 -1 -2.3174587099754267 937.8857311479268 166.99791525875904 1241.0 374.0 1.5 1.5987810239195823 4.126627606153488 3.6407878069883197 1.4832448583839644 4.19338376176874 -1.602480528005634 0.999940037727356 
Car -1.0 -1 -1.5348549366374866 572.9011377907058 179.33840207115102 626.3086866817847 230.0979087997094 1.5 1.6126346334815025 3.367544573545456 -0.32363377988470754 1.7264626164366748 23.455362772920417 -1.5486519197609765 0.9997811913490295 
Car -1.0 -1 -2.2616166898913876 342.8069553729155 180.8742861517186 485.95493221468905 247.80396095769365 1.5 1.5855886533856391 3.55039821267128 -5.029885629853797 1.7216202309303383 18.235322269086115 -2.5307562510159354 0.9993457198143005 
Car -1.0 -1 -2.6436469349963736 454.5655320559493 180.77851963327436 543.208423229307 214.3759285198663 1.5 1.597730492055416 3.868914631009102 -5.311981672855371 1.8922933720683692 34.27871354553763 -2.797388509907995 0.9987151622772217 
Car -1.0 -1 1.9349395451158167 184.40123382390465 182.4310892221101 301.04646020251107 249.77348063501654 1.5 1.5278522416949272 3.3839455366134645 -9.238651770188582 1.7670875855655475 18.33130330953674 1.4681112011286872 0.998515784740448 
Car -1.0 -1 -2.03018253867649 213.1415105972299 181.13432878646407 405.70056039844843 287.2054416429737 1.5 1.576668632030487 3.5587126880884172 -5.223104357456905 1.6608998950540748 12.23083851491005 -2.4337830702450614 0.9912828207015991 
