Car -1.0 -1 1.7026944633121412 485.35743901626034 180.0940723902993 548.5448939369631 230.40243975947962 1.5 1.579509724676609 3.9604666203260424 -3.0625463190823625 1.761783865579428 24.066282409520756 1.5761201262434543 0.9999997615814209 
Car -1.0 -1 1.767475436268794 419.44976979660584 179.91007431629328 528.982650360179 254.96507233490956 1.5 1.6935257732868194 4.396090519428253 -3.092025488148021 1.6887130870974671 17.04571316094601 1.588030564781052 0.999998927116394 
Cyclist -1.0 -1 -3.472011412834486 915.293360690097 183.83866640606172 1147.348385989394 349.1184290084056 1.4 0.5548393845558166 1.7484611392021179 3.7296326454244992 1.5074531936605653 6.599224175953178 -2.95760186115769 0.9999861717224121 
Car -1.0 -1 -0.004195404801926178 624.5756171432212 179.3169870707166 701.2465998943068 205.43215964860684 1.5 1.6920140504837036 4.460158061981201 3.1015681661973904 1.8938236338284953 42.928966864734655 0.06792811950179509 0.9999825954437256 
Car -1.0 -1 -0.11232129181670383 648.5763318816927 178.7398178477782 753.7385466473577 217.09632559538656 1.5 1.601487074792385 4.076611486077309 3.5986378531957754 1.7459822417737776 29.287198790038016 0.009939952692713059 0.9999681711196899 
Car -1.0 -1 2.1044390657358605 6.978268400165578 181.5467706483202 297.2494087028154 331.9399656790928 1.5 1.4904777079820632 3.4887692451477053 -5.50836812950263 1.631677047435878 9.146726301029501 1.562386675677027 0.9999569654464722 
Cyclist -1.0 -1 -3.596033442827797 892.8991874426762 184.0116917348623 1122.6552827052203 340.9141591018899 1.4 0.5675940334796905 1.8372491493821144 3.6431964585666474 1.5104504388607112 6.798610516658631 -3.1041004220631465 0.9999606609344482 
Car -1.0 -1 1.8388900385888984 268.98985259757285 179.7868674561139 468.8845594292571 317.4612865441003 1.5 1.5942626193165779 3.9234558612108232 -3.1358575198852705 1.6160207408614418 10.046842093538487 1.536348028979029 0.9998928308486938 
Cyclist -1.0 -1 -3.3307648988438148 1012.7053762786993 184.0617781803443 1241.0 374.0 1.4 0.6749986231327056 1.5714627251029014 3.8386240922152077 1.4929025377758958 5.317305782487659 -2.7054841081288203 0.9995502829551697 
Car -1.0 -1 1.7044284082732404 532.8907352483542 180.17117751053115 572.8699100031199 212.06033299509915 1.5 1.5420478329062461 3.771381688117981 -2.895558478570932 1.8925500384754 36.74562745725431 1.6257908225019992 0.9992247819900513 
Car -1.0 -1 -0.19232104150773613 645.8536858960366 178.92343655499465 736.4038305832688 210.86345282054359 1.5 1.6609972834587097 4.15428378880024 3.8855695854563184 1.8053971049578341 35.26150513529604 -0.08257086674240657 0.9989368319511414 
Car -1.0 -1 2.43715791594138 0.0 182.11118536313552 123.32443436972754 374.0 1.5 1.5558388575911521 3.6863504469394686 -5.542440557024819 1.58939064120508 5.066694276789588 1.60694669484697 0.9984803795814514 
