Car -1.0 -1 -1.5289492813011325 586.529889818928 179.29358565078041 637.9670810663946 227.3511849450644 1.5 1.6211944192647934 3.0772539347410204 0.08500145886598241 1.7332089102918082 24.513810289507603 -1.5254818024721486 0.9999998807907104 
Car -1.0 -1 2.1457296158491848 55.033109588280226 182.525255980606 265.0444068720895 275.24343527003344 1.5 1.601102252304554 3.8545335203409197 -8.523224820082472 1.7145351863827716 14.02665441632217 1.5997078299482883 0.9999974966049194 
Car -1.0 -1 -2.3307624428216114 390.43400255104797 180.58501498351882 531.0112188483441 236.79613482444074 1.5 1.648549784719944 4.249769312143326 -4.578050271494277 1.75256866401482 21.65288279924642 -2.539123014607702 0.9999827146530151 
Car -1.0 -1 -2.247309509249694 352.5018847744018 180.76756141965123 498.2826941048624 246.09365390519397 1.5 1.5874421715736389 3.8822180151939394 -4.9101762765379044 1.726197876797573 18.79426560826809 -2.50285674730805 0.9999697208404541 
Car -1.0 -1 -1.5376534972768976 592.0933979433491 179.64864513799873 625.0651275733381 210.90269883908684 1.5 1.585523833334446 3.5079313933849336 -0.07086130590758866 1.867221837645694 37.17746072389798 -1.539559523635779 0.9999634027481079 
Car -1.0 -1 -1.6932945177723882 645.0477598426602 179.07436204442809 687.7208263147461 204.86552278929076 1.5 2.0225564509630205 5.780719083547592 3.503693820586334 1.9249336783680573 46.31174573597798 -1.6177838231113297 0.9999194145202637 
Car -1.0 -1 -1.8520190115260147 73.1669445092436 181.11871513763938 331.4831976183236 349.0481646175934 1.5 1.5814161419868469 3.932411086559296 -5.030682624407819 1.62047580020193 8.55790126222034 -2.3834498683598384 0.9998816251754761 
Car -1.0 -1 -1.983646235843559 214.35803546694905 180.41709517378777 461.05424857814614 307.14239365118783 1.5 1.765984345972538 4.633912679553032 -4.40038253539953 1.6400092710963596 11.063758106328462 -2.3621937195446834 0.9998661279678345 
Car -1.0 -1 -2.3613215652969437 501.37280638686667 180.5366303697645 563.3874334904086 207.49233600757583 1.5 1.546788078546524 3.6200469851493837 -4.667877143226196 1.975264268566147 42.86766163598875 -2.469784633317266 0.9996916055679321 
Car -1.0 -1 2.3759807184564643 0.0 183.47847364568884 74.64869807040897 374.0 1.5 1.6371373578906059 4.227485743165016 -8.258677301746982 1.6471799140690258 7.8500772959555185 1.5652229030940192 0.9985924363136292 
Car -1.0 -1 -2.214716036912403 449.2421774622779 180.6030648518548 537.0355105669282 221.2538239678259 1.5 1.5727509304881095 3.7341489017009737 -4.814012534583365 1.8338382417030108 29.189551148630162 -2.3781671682980403 0.9814088940620422 
Car -1.0 -1 1.55985968194307 1149.341782833573 172.50050486179256 1241.0 289.2478894730218 1.5 1.5968528136610984 4.3086259186267855 9.619320854085059 1.4958160817918384 11.438788356909699 2.259069669242722 0.784111499786377 
Car -1.0 -1 -1.6000393629704641 591.781726340555 179.73167612255537 622.5011676984301 208.16108036026213 1.5 1.6231824204325676 3.621884670853615 -0.23448480165602872 1.9067612048512939 40.79486228959766 -1.6057871999826772 0.5506598353385925 
