Car -1.0 -1 -1.6560189516830757 668.1081970765997 178.54801369705547 718.8195680679796 221.15695748505442 1.5 1.5965238705277442 4.064640638232231 3.124235242847159 1.737529390269826 27.999009504168782 -1.5448948527362687 1.0 
Car -1.0 -1 -1.3344554720691386 291.57714788175844 179.30547330913518 499.791259121037 331.1423599262617 1.5 1.595528845489025 4.088990998268128 -2.539121820525683 1.60261282347082 9.367230075921276 -1.5991590405490739 0.9999992847442627 
Car -1.0 -1 -1.9150901288396958 761.2908746340739 174.57496457628946 1118.0781181844015 374.0 1.5 1.579008114337921 3.824894365668297 2.4977873682413896 1.5207632307528576 6.627545745403973 -1.5546725327756745 0.9999992847442627 
Car -1.0 -1 -1.3749927876372057 422.06503080159376 179.5994357107088 542.506941419787 269.09288094579045 1.5 1.5880551680922508 4.07871553003788 -2.4431951221234116 1.6548604303077588 14.462780889373759 -1.542342650764857 0.9999988079071045 
Car -1.0 -1 -1.7872986066364198 708.6773572675418 176.77895636451697 855.7815857049782 283.4960368436505 1.5 1.5540611490607261 3.911379960179329 2.670724112530443 1.5776004246953697 12.240024738521175 -1.5724696942514298 0.9999959468841553 
Pedestrian -1.0 -1 -1.1512332954999485 434.98543116031345 170.4079261713385 451.0690600612335 236.61461516981592 1.8 0.32226718291640283 0.33505168072879316 -4.630950216423702 1.7338549802491436 19.809053321030742 -1.380888299145971 0.9999887943267822 
Car -1.0 -1 -1.7087668214371885 651.0001718575332 179.05891162219842 689.7338814188374 207.97796090696227 1.5 1.6146518781781196 3.9842868715524675 3.2870750914971243 1.8647025358915201 40.33041258203399 -1.627442945786987 0.9997989535331726 
Pedestrian -1.0 -1 -1.3139595663755523 411.5037391747505 168.329546798733 442.27076738607144 247.28428620435324 1.8 0.600315586477518 0.42960397228598596 -4.274656052635452 1.6972099355922197 16.66329382405516 -1.5650758050058526 0.9995602965354919 
Car -1.0 -1 -1.5115441479024292 559.815018707974 180.01014986468695 593.1711337406161 208.04467576301096 1.5 1.689866979420185 4.026839372515679 -1.92292673674922 1.9336550660634588 41.66126822902806 -1.5576676345106704 0.9994271993637085 
Pedestrian -1.0 -1 -1.278768668012125 438.738678430034 170.03414823089264 458.27722440415414 238.12315305712866 1.8 0.4007978390902281 0.4424029987305403 -4.366965856372932 1.7258122610956033 19.3064138853838 -1.5012178505447251 0.9973850846290588 
Pedestrian -1.0 -1 -0.9548689730204385 430.5723717396856 170.687745296113 450.3177075643148 235.61678565369917 1.8 0.39208582863211633 0.3804650649428368 -4.805246137319367 1.7403036667316032 20.249840689480543 -1.1878575245526177 0.7746528387069702 
