Car -1.0 -1 1.8229580290376837 365.84654795266147 180.9843084135962 454.1877151477346 236.43642220006387 1.5 1.6255852326750755 4.160759833455086 -6.077727431631277 1.7743485938180807 22.220823220403666 1.555972977480616 0.9999998807907104 
Car -1.0 -1 1.950786388025418 268.68867709260337 181.23679429599173 404.7255001570898 259.1479088076922 1.5 1.5517803400754928 3.770469364523888 -6.01198769725705 1.7107456544290367 16.202294972132762 1.5954763770063938 0.9999990463256836 
Car -1.0 -1 2.3538234490890586 0.0 182.13155532554373 154.20214118003383 374.0 1.5 1.5943458795547485 3.894771870970726 -5.868416246792088 1.6023336776669563 5.975496586015604 1.5774659991224826 0.9999977350234985 
Car -1.0 -1 -1.7103473669115472 674.733518243306 178.29320954757418 738.8571017817277 228.323136250897 1.5 1.5641309812664985 3.9241115123033525 3.092076749515519 1.6963830404811708 24.029982596090008 -1.5823747954007727 0.9999970197677612 
Car -1.0 -1 2.0608327224593563 99.16742074795584 181.52517862470265 330.7627050931847 299.69642898353544 1.5 1.5615130335092544 3.7552809834480287 -5.948491675958399 1.6589863205450313 11.314591629418665 1.5768086790998996 0.999994158744812 
Car -1.0 -1 -1.6707149718114627 662.5078000598884 178.66224503534838 712.1014864378067 218.75813504335824 1.5 1.6112642854452133 4.040695217251778 3.060216170212994 1.7549306124095394 29.59910022832171 -1.567692185812865 0.9999923706054688 
Car -1.0 -1 1.8011132255864193 435.20789027828556 180.82598118226656 495.67637404625066 221.254644513131 1.5 1.5698439002037048 3.931477901339531 -5.88028913540254 1.8488128804220747 29.54447295936057 1.604648816581589 0.9999866485595703 
Car -1.0 -1 2.7566066167731473 821.2435615247759 176.6915274923939 946.2054474639701 225.95665244214524 1.5 1.608358745276928 3.3560364067554476 8.594706231128596 1.6269300841253949 22.947018927256263 3.114978897567612 0.9999576807022095 
Car -1.0 -1 -3.4343727359577407 776.9552813876453 177.26802473554866 895.6706941326565 220.92083909203149 1.5 1.6036764279007911 3.739830714464188 7.9728588548643735 1.6630176766324025 25.771042916438315 -3.1343394080784663 0.9998548030853271 
Car -1.0 -1 -0.738256058268836 1187.3289869161024 172.78257074106565 1241.0 216.49815115545223 1.5 1.7304586738348007 4.60032508969307 23.459264134420298 1.4979068617213551 25.62730128883363 0.0030031641337530993 0.9997962117195129 
Car -1.0 -1 2.6954450443501043 857.9960590322072 176.18738671463203 991.1982925113017 231.34981590706954 1.5 1.5801899626851081 3.1022580832242967 8.856024725938422 1.5993380237670998 20.571374845300408 3.101966965194565 0.9998008608818054 
Car -1.0 -1 -3.569903171989023 868.9779195827571 175.65756454918997 1066.354171977951 238.7025763048809 1.5 1.5898585811257362 4.148893666267395 8.801829679246865 1.5739264926826175 18.08544485115176 -3.1169679919865474 0.9992577433586121 
Car -1.0 -1 -0.7572821202578494 1240.2904717751978 171.96776215061396 1241.0 220.8730503693555 1.5 1.7700475201010704 4.706165429949761 23.288636460895898 1.473175536820618 23.088765198302166 0.03242568572493962 0.9318269491195679 
