Car -1.0 -1 -1.6849676909300897 691.385111519414 177.82286072393993 774.8016688562233 238.29891817723438 1.5 1.806877602636814 4.446384173631668 3.3244492000262884 1.6573259213177278 20.52820513705851 -1.524416127302919 0.9999996423721313 
Car -1.0 -1 -1.6150736878830525 589.860914755487 178.76329448720915 664.309670746659 249.16657439288838 1.5 1.616104182600975 3.326338392496109 0.27677670968843693 1.6561833913292259 17.33851513467085 -1.5991119286653144 0.9999985694885254 
Pedestrian -1.0 -1 0.20509259044378012 420.485194166301 165.31704917502395 463.4483841455945 260.72301420406643 1.8 0.6145033545792102 0.699013427644968 -3.2858541198790014 1.6581601252386557 13.926763737754118 -0.026608184972081863 0.999997615814209 
Cyclist -1.0 -1 -3.5068800028819664 924.5723688650227 180.69630581031095 1067.1089308699934 268.7522768302293 1.4 0.76986491009593 1.9539829835295677 6.34678137605068 1.5368428853407066 12.056211312058673 -3.0223106900837764 0.9999972581863403 
Car -1.0 -1 -1.5128118230026968 579.6744188750612 179.54821448392704 622.560190207894 218.89168131018437 1.5 1.5786653876304626 3.4623655050992967 -0.35907984695708145 1.7939160684227327 29.872893230318706 -1.524831500896488 0.9999960660934448 
Car -1.0 -1 2.103847066940877 154.39520720667082 182.8131246260149 283.4377519659547 240.44581131057012 1.5 1.6213858991861343 3.8621517390012743 -11.487197435676844 1.8230998956353393 21.417392792879625 1.6115448355635227 0.9999948740005493 
Car -1.0 -1 1.9019070781608614 303.89781684537104 182.07965422968735 376.963250791824 221.09288686759407 1.5 1.6740097224712371 4.104893517494202 -11.441117938676381 1.9205997749252635 30.791903472600204 1.546153469881739 0.9999911785125732 
Car -1.0 -1 -2.2726592037531583 441.3491669285852 180.60869565116477 538.9982457185417 221.68889220490922 1.5 1.622459341585636 4.06849482357502 -4.90641398102257 1.8328891336462172 29.00535560417821 -2.440228418507848 0.999932050704956 
Car -1.0 -1 -2.2319077474047155 395.7389665899405 180.74809718364304 510.3492843610705 233.8266556340378 1.5 1.588645626604557 3.6852894842624666 -5.030668596850893 1.7683633788356898 22.70650690691077 -2.4499377767231807 0.9998843669891357 
Car -1.0 -1 -2.3248032241842242 483.3781363055358 180.5496762166767 555.2654909431958 212.7510883795374 1.5 1.5499843776226043 3.56798270046711 -4.61045042823505 1.9046457309394993 36.16954000007725 -2.451587275662695 0.9994300007820129 
Car -1.0 -1 2.0899273359827037 317.62507843738985 182.20075880933265 385.8737481140261 210.9209621530719 1.5 1.7479869097471237 4.388047990202904 -14.79453317379988 2.0679644096855223 41.50105728598891 1.7474863409956516 0.998928964138031 
Car -1.0 -1 -1.705492607681451 669.0510430908778 178.64349464190138 718.3943581531663 216.2226206806463 1.5 1.5895858898758888 4.086425018310547 3.544792033078701 1.769613311580627 31.49358935090232 -1.593408358344112 0.9977433681488037 
Car -1.0 -1 -2.4485956110815192 516.0688190579484 180.52303281623904 570.6241853813174 203.66862822261544 1.5 1.580650408565998 3.5301993161439897 -4.615527780070873 2.044032717502656 49.49973723859132 -2.54157026211289 0.9950957298278809 
