Pedestrian -1.0 -1 1.150147819023412 556.8111140861514 161.69150791202355 591.861790335425 250.1559032283422 1.8 0.48589096665382386 0.7054390877485275 -0.6886333023998041 1.4189261612939055 14.805805970133525 1.1036702831599372 0.9999996423721313 
Pedestrian -1.0 -1 1.397571612980173 574.8240472425214 165.05136811854794 597.5828959466556 233.48639118586436 1.8 0.5158457465469837 0.5768561296164989 -0.5428611906248473 1.3952514946777612 18.926348459244274 1.3688966472956794 0.9999920129776001 
Pedestrian -1.0 -1 1.5242156667827833 531.2282288223188 165.54698897288483 553.0723436631242 234.37778190332864 1.8 0.5447659201920032 0.751266212016344 -1.721059701297508 1.4105499007102573 18.894531189707948 1.4333786209437507 0.9999909400939941 
Pedestrian -1.0 -1 0.8225266314543743 661.0260542365259 127.92046537226896 790.102193410066 369.0 1.8 0.5303801529109478 0.8002292856574058 0.8168712879672262 1.450425139251227 5.198915835284165 0.9783758362147467 0.9999799728393555 
Pedestrian -1.0 -1 1.3121318029956686 600.8060621767318 164.5248377345689 626.5761104343328 233.8278133715194 1.8 0.5154255338013172 0.719479427486658 0.18953118958822218 1.3866670949094548 18.771232651783112 1.3222283562037604 0.9999737739562988 
Cyclist -1.0 -1 2.3065967419216653 499.2088063939201 179.97045953551967 532.9864482226786 214.33981815439674 1.4 0.5804762735962867 1.4485633492469787 -3.7287424959295943 1.3799207524952923 29.555806094700056 2.181100356574875 0.9999116659164429 
Pedestrian -1.0 -1 -2.920999888360708 484.22798197683034 142.87117654922156 588.7810137376108 342.1199175610296 1.8 0.5383664302527904 0.8934396810829639 -0.6856945072975423 1.4617641630873346 6.7026235968726295 -3.022947625317846 0.999810516834259 
Pedestrian -1.0 -1 0.7931071179591456 591.5791047778175 124.0676564437802 732.21219544441 369.0 1.8 0.5817238733172416 0.7538541711866855 0.3198655186347096 1.4591140258549935 4.763006133050854 0.8601626594874519 0.9997469782829285 
Pedestrian -1.0 -1 0.8054758724628969 675.2168899912047 125.14685170299032 830.7103142626008 369.0 1.8 0.5759583346545696 0.9676042504608631 0.9790697865733324 1.4490654598388644 5.062232381730949 0.9965237816187994 0.9994269609451294 
Pedestrian -1.0 -1 1.405447974931647 566.7365566674063 165.24236975751768 586.8435408622003 233.36849978461387 1.8 0.4747915107756853 0.41696857921779157 -0.7935097976497145 1.39845489477778 18.929249543106458 1.363552733263697 0.9990391731262207 
Pedestrian -1.0 -1 0.7720893320542175 637.3125338365245 123.54418176360936 783.8542958752151 369.0 1.8 0.5798451162874698 0.8067179962992668 0.6488104473163533 1.4546979301749425 4.799271594307098 0.9064640243861335 0.9988844990730286 
Pedestrian -1.0 -1 1.346084563131159 555.2084878829854 165.1378362484171 581.891940802463 234.34079568174283 1.8 0.5746192790567874 0.6556390345096588 -1.0089093568015468 1.40201154406034 18.779840581139247 1.2924131592127936 0.9942019581794739 
Car -1.0 -1 -1.183247489790715 0.0 181.3167747749193 279.2134954092377 369.0 1.5 1.907854390144348 5.355612424015999 -3.1830096497462956 1.5093432631465546 3.771473673017652 -1.88423024217156 0.8107702732086182 
Pedestrian -1.0 -1 0.05415815759987053 1206.6392210789522 60.28141945622053 1223.0 369.0 1.8 0.7666609741747379 0.8136872693896293 2.8491205053497604 1.4375762900965683 2.6950229221202684 0.8673438270899908 0.5883557200431824 
