Car -1.0 -1 2.740392873648359 792.1492902283095 173.53135225785803 864.033595627573 198.24350934586613 1.5 1.6797110930085182 3.913549941778183 13.828211625486563 1.0783700816754773 43.936188294990494 3.0453116774519504 0.9611878991127014 
Car -1.0 -1 2.7344553145646096 783.8822309574088 173.6573758910609 853.431321034322 197.76847163935938 1.5 1.6996577873826026 3.885163974761963 13.58154617489307 1.0756556484402933 45.047846929525996 3.0272799611052097 0.9590135812759399 
Car -1.0 -1 2.6634501264573265 776.1030177740412 173.76841222952146 842.2249281508089 197.1902865920314 1.5 1.7331986248493194 3.8066136211156847 13.406076104907696 1.0702279941762582 46.499493610371616 2.944144117828232 0.8838777542114258 
Car -1.0 -1 2.721943748850292 805.2202344466733 173.38036659487793 874.7751526266889 197.62062972545473 1.5 1.6921805709600448 3.8212044656276705 14.85027291374798 1.0607847232517753 44.77916354785538 3.042163717742783 0.7650034427642822 
Car -1.0 -1 2.737778837253401 809.8842827707462 173.28793261830162 883.3873444190912 198.327483332764 1.5 1.7040463656187057 3.907628592848778 14.775183201927568 1.0693238233052278 43.3475810252259 3.066282379623276 0.6990779638290405 
Car -1.0 -1 2.7631355867750877 786.20749093595 173.6659679468236 852.1820644687855 197.16998478328009 1.5 1.7324224606156349 3.7437553077936174 13.945873124630602 1.065198245221305 46.14000122999251 3.0566564679106296 0.6886662840843201 
Car -1.0 -1 2.640117507248563 773.4779112794824 173.8380875939608 835.3630781504128 196.78708723778558 1.5 1.6570749253034591 3.6472028613090517 13.361750335145002 1.0658902187710315 47.426877209674934 2.914733159538132 0.6574292778968811 
Car -1.0 -1 2.738472887678812 813.7798774615485 173.25444908073285 885.7565057752357 197.82130788430015 1.5 1.7129695534706115 3.8860222816467287 15.248649245870032 1.05895886504612 44.157385680385154 3.070976841445786 0.5977917313575745 
Car -1.0 -1 2.7291119419958214 798.5717299885404 173.48705844723676 865.8455356527535 197.3615569601594 1.5 1.7006628707051277 3.74900535941124 14.575905297117087 1.0607321385016213 45.45498603968226 3.0394196391066135 0.5649596452713013 
Car -1.0 -1 2.73930956567519 819.3592751047302 173.1526827793902 894.4231797982712 198.4588970328427 1.5 1.723358829319477 3.926108640432358 15.23553107237155 1.0658638133335239 42.884241554814636 3.0806724905928196 0.5212192535400391 
