Car -1.0 -1 -1.8063955700358396 800.8673781315654 175.0183569467472 1033.3886383580543 345.8236741317999 1.5 1.548170906305313 3.5210473954677584 3.1506124608866135 1.5305807001894696 8.226627217542154 -1.440649406113897 0.9999974966049194 
Car -1.0 -1 -1.3837998789613437 422.52139633255166 181.01434440002527 477.3554900147826 217.4938111574047 1.5 1.6264718517661094 4.558123511075974 -7.273034402866674 1.8996312392239907 32.99863614265163 -1.6007355871286733 0.9999951124191284 
Car -1.0 -1 -1.0900521789481015 217.76766886113532 182.85568566481425 304.70749234462266 219.3973311068932 1.5 1.6146474078297615 4.702826824784279 -15.993570529813232 1.9948420503432176 33.29344234679809 -1.537882578619991 0.9999898672103882 
Car -1.0 -1 -1.562951688423867 582.5374381549524 179.54972192972195 621.8088367931467 215.47059497229952 1.5 1.6847149029374122 4.3979140490293505 -0.3849163085151039 1.8284493407418294 33.15062125663823 -1.5745623007558776 0.9999852180480957 
Car -1.0 -1 -1.2490914255594918 346.6029554802538 181.6745234191088 416.2497147413889 218.20939747837858 1.5 1.642082867026329 4.6978703260421755 -10.421179187437783 1.934204739747189 33.12439324879488 -1.5538950479265792 0.9999423027038574 
Car -1.0 -1 -1.8018630850530997 712.9410808114063 178.19546277486828 770.8102175191643 212.8356992207894 1.5 1.687478882074356 4.562679168581963 6.137701548641698 1.77136064080119 34.28149738031481 -1.624701806404863 0.9999147653579712 
Car -1.0 -1 -2.2406575797974035 0.0 185.4666406674519 109.72484563058433 304.30744308772 1.5 2.211182613670826 6.783586603403092 -11.566562545747548 1.7126287062457304 10.768257627235645 -3.0617831508305415 0.9998067021369934 
Car -1.0 -1 2.4699819986401392 0.0 179.61366100865948 170.63729445719065 374.0 1.5 1.7364496856927871 4.372859981656075 -3.8274109795698337 1.5468037436558144 2.725788730445195 1.5180365284297126 0.9997667670249939 
Car -1.0 -1 -1.0595316486630713 121.44929083498565 183.95670982188778 205.0752342085579 219.80398574004002 1.5 1.5944079056382179 3.876997020840645 -20.593874924224004 2.0443431794915523 33.3795991134725 -1.6123284334924561 0.9997393488883972 
Car -1.0 -1 -2.568918345236658 0.0 0.0 1241.0 374.0 1.5 1.6375676289200782 4.238329690694809 2.7752991120222394 1.4678401245220485 1.8448155541846176 -1.5847803988170368 0.9996542930603027 
Car -1.0 -1 -1.861060858478738 758.4720095130617 177.74092067233153 820.4931034745043 211.65729764595682 1.5 1.6680673256516456 4.5219654709100725 8.541023128358965 1.7521315215392075 34.87093932941016 -1.620857351520334 0.9994438290596008 
Car -1.0 -1 -1.528515291456268 807.6005501125187 176.0060075077375 918.7942090484532 270.35445862768717 1.5 1.7401377230882644 4.537126284837723 4.963532861283707 1.572404659216229 14.060356422551465 -1.1891560117390496 0.9993528723716736 
Car -1.0 -1 -0.41245422691298916 810.5487648945158 176.50166226489304 1017.2323252122438 217.30510089693524 1.5 2.224734474718571 7.07515389919281 11.566050628257285 1.6474675406818575 27.915098743491168 -0.019656137624059402 0.9992258548736572 
