Pedestrian -1.0 -1 -1.5534141228266614 522.2433202193776 171.72521167436093 543.6052224080186 219.73943592162345 1.8 0.797768172621727 0.8327065527439117 -2.624223863461045 1.4345859626122284 27.373208676370492 -1.6489903638747079 1.0 
Pedestrian -1.0 -1 1.2562618450653016 651.1723193903434 166.9598755271885 691.8528006930812 233.49294306599305 1.8 0.9290750630199909 0.7661366395652294 1.9037166357511335 1.40778763672411 19.9062881802449 1.3516058166834968 0.9999988079071045 
Cyclist -1.0 -1 1.543431554280189 465.2792191272325 184.31691646294203 496.2288753377984 249.49390787277395 1.4 0.6429770521819591 1.7241675898432731 -2.8106792564029717 1.469132930578335 16.41370439691341 1.3738366802546638 0.9999873638153076 
Car -1.0 -1 1.8645983029608018 257.22094491104406 181.05940832182975 441.4449920148192 286.8975370458554 1.5 1.7292876288294792 4.467722263932228 -4.116960578238667 1.4950722321098269 12.433594810104106 1.5448447903010505 0.9999856948852539 
Pedestrian -1.0 -1 -1.7383232573756469 33.298076163869474 123.40392065441479 212.35124619534966 373.0 1.8 0.7266116820275783 0.9215225957334041 -2.885656916820189 1.5060994941224908 4.23293562703365 -2.3366719047215327 0.9999297857284546 
Pedestrian -1.0 -1 -1.5646615992248216 535.1115525395039 171.60905794662554 556.902440908101 219.47060043780772 1.8 0.8180746369063854 0.8465917341411113 -2.137013269026457 1.4290471483196876 27.464319226843095 -1.642315664389406 0.9997095465660095 
Pedestrian -1.0 -1 -1.3444514017337994 0.0 138.668287278482 115.76526576632926 373.0 1.8 0.7422052815556526 0.9287362478673458 -4.196516510143089 1.5169709587441176 5.345808070869479 -2.009985462823187 0.999234676361084 
Pedestrian -1.0 -1 -1.7504248687123751 278.503396883004 150.37633163712476 373.586811451493 334.49118035017545 1.8 0.7857894085347652 0.9087169103324413 -2.9803019717067425 1.4970894752341475 7.613170457824205 -2.1235532919552664 0.9977039694786072 
Pedestrian -1.0 -1 -1.6770673424424691 148.6284058020336 132.8757224390349 276.3975201881424 373.0 1.8 0.6799050167202949 0.8667392216622829 -2.7551741410343396 1.5025214135790104 4.963033066622456 -2.1838476220753535 0.9934565424919128 
Pedestrian -1.0 -1 -1.3545120666834147 225.03577503271396 151.65635625194864 308.8371148987695 331.9959031192857 1.8 0.6497654624283313 0.822174970805645 -3.579794794360276 1.5034931849124917 7.639721217716635 -1.7927064756539208 0.9788838624954224 
Pedestrian -1.0 -1 1.6288317536411625 674.3262152461276 167.0195462013079 701.0003700224916 232.17838682557877 1.8 0.7051734745502471 0.7962980799376964 2.4124321809219653 1.401132690705223 20.295077693289176 1.74714444875322 0.7860588431358337 
Pedestrian -1.0 -1 -0.8124982262499254 37.7268314928814 146.39454228412035 160.1692115313136 367.9823787413083 1.8 0.5919296786189079 0.6337860159575939 -4.358670446239448 1.5162221131513283 6.188814799008048 -1.4260921935227258 0.7563444972038269 
Pedestrian -1.0 -1 1.3801359905537691 675.3341872722101 166.8024438964449 703.057289669345 233.16752025299448 1.8 0.6213260374963283 0.7913480073213577 2.393233731456452 1.4025210807851278 19.89727327600955 1.4998404224726813 0.7402965426445007 
Pedestrian -1.0 -1 -0.30951249894474897 268.250799289324 158.9843551160046 329.10495466074286 295.2015618739049 1.8 0.698479314148426 0.5897304534912109 -4.241628073846642 1.5038022538347096 9.946640808017348 -0.7126007239010675 0.523073136806488 
