Car -1.0 -1 -2.153592922073676 957.1507263679558 170.4737987624485 1067.4444889301442 217.95092021234572 1.5 1.6389847293496131 3.4067417055368425 13.720467646585085 1.1847819641325084 24.08666045808211 -1.6358042294767243 0.9999994039535522 
Cyclist -1.0 -1 -1.658047167979395 581.7961365571625 180.5306809358323 611.9886880615768 242.53917482943325 1.4 0.5598469197750091 1.7774828270077705 -0.25032618900157966 1.4023658642092653 16.87181157489662 -1.6728830272939545 0.9999988079071045 
Car -1.0 -1 -2.2456024924976563 1035.1161724792823 169.34015270890325 1155.2283016296121 217.3604741896637 1.5 1.6077926874160766 3.2888325423002245 16.325245241465225 1.1529561356949158 23.779755176225514 -1.643981837728296 0.9999891519546509 
Pedestrian -1.0 -1 -2.1322817337646387 435.1605096131252 163.30792237015652 485.8902886207666 251.0202340497427 1.8 0.6731656871736049 0.9171982787549495 -3.1244347829510466 1.4488150421846961 15.068677867603421 -2.3367309729245047 0.9999874830245972 
Pedestrian -1.0 -1 -1.3238446499669994 324.1714501106769 175.00361096198554 339.4645287991786 205.26925998421018 1.8 0.7101188905537128 0.6896022267639637 -16.397118333588544 1.4744784660374262 42.431011129998694 -1.6926086033370835 0.9999715089797974 
Car -1.0 -1 0.9305603875408129 1099.6283797557178 168.22641041927815 1223.0 215.50816674798077 1.5 1.6387012347579002 3.962613505125046 19.233680199436815 1.1121744878977557 24.428460294516753 1.5975384592970432 0.9999681711196899 
Pedestrian -1.0 -1 -3.6038875823187437 961.8202111777366 165.6307096208231 983.5721754114996 201.98938440251217 1.8 0.7285028256475925 0.7146183893084526 18.375779056036187 1.0653027550457872 35.36896201458589 -3.124726251759802 0.9999672174453735 
Pedestrian -1.0 -1 -2.651472839904004 223.29502156072303 174.3686005364797 237.24908081958634 215.86392378843618 1.8 0.4818169891834259 0.3546745076775551 -16.400910582314175 1.5355033689120756 30.906981656129446 -3.1393417874958858 0.9999496936798096 
Pedestrian -1.0 -1 -1.6127769516647785 346.94141744546124 164.49223473047778 380.05386871491214 252.84809392007287 1.8 0.6177317842841148 1.038748913258314 -5.173260706459889 1.475512753279579 14.995474634511533 -1.9449798921730859 0.9999392032623291 
Pedestrian -1.0 -1 -1.237368600885883 348.2190543840489 174.53244496824124 365.4475039751531 205.6424246087347 1.8 0.7360690765082836 0.7792422108352184 -14.498074485159915 1.4560996423323795 41.29552710562591 -1.575006114379738 0.9999264478683472 
Pedestrian -1.0 -1 1.6558353099345187 303.7207755326475 173.63278081385758 321.42022938660756 213.22853672944453 1.8 0.714418713748455 0.47579147182404996 -13.446251159479129 1.4892800258455512 32.4719391657921 1.2632431228968757 0.9999140501022339 
Car -1.0 -1 -1.6541497803949492 598.1170849054821 176.1052834081773 636.583039801442 206.18815804184894 1.5 1.6619086757302284 4.46984865963459 0.5849199743452437 1.2823002358935605 37.53615908618701 -1.6385682011630875 0.9998648166656494 
Pedestrian -1.0 -1 1.6726978071322318 296.9522013066539 173.7563720239858 315.16231888438415 213.12620834361795 1.8 0.7078963823616504 0.7348457843065261 -13.872241539918697 1.493137516912843 32.77677289400554 1.272324009737696 0.9998682737350464 
Pedestrian -1.0 -1 -1.3488190107857752 429.98713935775083 173.51892372677835 445.89796730219564 204.3893666656212 1.8 0.7216221213340759 0.9573706917464733 -9.855622112604792 1.3943209169866222 41.704093514434526 -1.580884035737489 0.9987564086914062 
Pedestrian -1.0 -1 -1.319595197202372 334.95149927757825 173.03123212180967 355.00643074731806 213.65898974226727 1.8 0.6728260338306427 0.7836105793714523 -11.689247249437113 1.4705660318660847 31.74452763848644 -1.6724162409689767 0.9976220726966858 
Pedestrian -1.0 -1 -1.2409442954184169 327.1856610378142 173.14193435747117 349.3303969587682 213.63492718719928 1.8 0.7045502334833145 0.8278641410171985 -12.029917587284318 1.4743847349459338 31.84962206296178 -1.6020886498179776 0.9961511492729187 
Pedestrian -1.0 -1 -1.0647390996494162 318.7403634413602 175.04224947699734 335.5141443386003 205.4370072330881 1.8 0.7083223693072795 0.6473084472119808 -16.602510089899685 1.478156871814431 42.23430241015467 -1.4392873058703286 0.9086840748786926 
Pedestrian -1.0 -1 2.6233692644320716 973.3919231988414 165.51324568406272 998.7544984549282 201.61459193071693 1.8 0.6292183443903923 0.9336615473031997 19.156112552354696 1.054196615421302 35.57408340377745 3.1173288702925266 0.8199158906936646 
Pedestrian -1.0 -1 -1.2814875832357286 347.9246582768829 174.5634928975544 363.4893932853806 205.58072279289738 1.8 0.6832738898694515 0.7213062167167663 -14.602541131954787 1.456867807241139 41.40388823211972 -1.6205526115980489 0.54472416639328 
