Pedestrian -1.0 -1 -1.5452269072525353 531.1805186818046 171.74720210156136 553.9881821888181 219.02911720723893 1.8 0.859942802041769 0.8316103860735893 -2.2887543914536863 1.429740471696955 27.783530439947917 -1.627419416853462 0.9999996423721313 
Pedestrian -1.0 -1 1.438977589255168 657.7365717666682 167.87360519896572 690.3137297219131 229.09468879202723 1.8 0.8761454865336418 0.7616719722747802 2.137437931718518 1.400492357632391 21.512601661755816 1.538010044893946 0.9999985694885254 
Pedestrian -1.0 -1 -1.2477186763528951 68.04472384096348 154.76757533030613 184.9490639428983 326.5982466826725 1.8 0.8412967927753925 0.9530617415904998 -5.353095641343934 1.5213280699784169 8.091303942471583 -1.8321958343174798 0.9999817609786987 
Cyclist -1.0 -1 1.637587552461995 477.3843462556909 183.65455042507094 505.90410760240195 238.17442624898683 1.4 0.6505422785878181 1.7483853295445442 -2.9811101868008856 1.4620739307907247 19.41273371924848 1.4852132042262214 0.9999504089355469 
Pedestrian -1.0 -1 -1.8936857769650457 336.27266162280245 152.68984941615744 429.9431243754733 319.6503429069605 1.8 0.7756173171103 0.953556739538908 -2.5982946339937043 1.4907559098871321 8.355283077661266 -2.1951818625119075 0.9999808073043823 
Car -1.0 -1 1.8438161989108819 316.62275572940996 180.7568859514725 458.75200930569855 272.803736140708 1.5 1.5519224599003791 3.9813926935195925 -3.9193370765174795 1.4891808113563956 13.698456606141582 1.5651458938929694 0.9998865127563477 
Pedestrian -1.0 -1 -1.7530739902627346 196.6090351922117 128.7894124955799 342.30918420942044 373.0 1.8 0.7021604597568512 0.9286248616874218 -2.2512717751030356 1.4978027507335168 4.717029606663479 -2.198368505635534 0.9998667240142822 
Pedestrian -1.0 -1 -1.748523466455864 256.93060462024124 138.96664018429908 369.721458055027 373.0 1.8 0.6890628047287464 0.8114845983684063 -2.3444057653813917 1.4959405547275244 5.683682215521076 -2.1397420326855525 0.9995381832122803 
Pedestrian -1.0 -1 -1.47492078888016 166.38156094985607 151.09643854831393 245.25903600702637 338.81034560741205 1.8 0.6358689188957214 0.8698454618453979 -4.1031475672754025 1.5098309185627024 7.411122577011804 -1.9805598715927941 0.9991587400436401 
Pedestrian -1.0 -1 -1.4359059743938303 104.36506743021766 143.68723348435253 212.62956039450523 373.0 1.8 0.6655321948230266 0.9252096086740493 -3.7651290874981838 1.5100998244114736 6.089135323306268 -1.9896985451367242 0.9975998997688293 
Pedestrian -1.0 -1 -2.0207609914263336 303.09149563633054 153.33602438744384 396.30877737197744 318.7867750739779 1.8 0.6655135683715343 0.9774022296071052 -2.9963949414426527 1.494950433344213 8.392432793528657 -2.363689557709966 0.9799111485481262 
Pedestrian -1.0 -1 1.4965268906115519 664.9923405924397 167.71333514602813 691.1002090076975 229.59111192119585 1.8 0.711468656361103 0.7785764083266258 2.2352133633606437 1.400085847133647 21.29335996351048 1.6011161684950412 0.9786605834960938 
Pedestrian -1.0 -1 -1.789235563393766 141.05104488519063 149.50367317529532 248.46160911829898 347.47481402968936 1.8 0.7502658784389495 0.8663523502647876 -4.076374863286076 1.5104604709827059 7.101496124519654 -2.3103302876141414 0.9711868762969971 
Pedestrian -1.0 -1 -1.5766337239236279 548.4813024470477 171.5717293551241 567.6616489977738 218.89630362613832 1.8 0.7289396159350872 0.8562339961528778 -1.6990757886416623 1.423401430250715 27.77094615442026 -1.6377393315222604 0.7781955599784851 
Pedestrian -1.0 -1 -0.7058192072808349 80.60648792572604 154.40497543035934 212.27622289116312 327.0970517247658 1.8 0.7967180132865905 0.9629692442715168 -5.124804133246635 1.5189461000818587 8.062120705647128 -1.2720506648209435 0.5569155216217041 
