Car -1.0 -1 -1.780932541200279 689.742273740471 177.30088110778215 812.7433170473545 263.3861923705855 1.5 1.603156004846096 4.155068334937096 2.689412604299502 1.605086811006194 14.88857111162795 -1.6022235872831685 0.9999997615814209 
Car -1.0 -1 1.7793055057855187 414.1917630259793 180.57176429955433 495.4841443894516 237.13623177411506 1.5 1.607806098461151 3.854070466756821 -4.580343029747274 1.7518811176726887 21.584787006059994 1.5702048977229255 0.9999924898147583 
Car -1.0 -1 1.7139404131389147 459.6719781106015 180.49430772657917 518.280383338162 224.79446151834182 1.5 1.6151711836457252 4.027148944139481 -4.516720992885536 1.8094781522158765 27.159472943057445 1.5491449077937263 0.9999916553497314 
Car -1.0 -1 -1.9639183045103683 796.5630725663377 174.61953086056872 1098.5349456934955 367.6706336857082 1.5 1.5013214692473411 3.2966601222753527 3.0083699437638622 1.5222215708752087 7.2831295710612105 -1.5722041993311164 0.9999905824661255 
Car -1.0 -1 -1.7373481843771883 674.1755131460453 178.1332317115975 749.7876255546906 235.3162812029796 1.5 1.5775062635540962 3.706907716393471 2.8469873497945413 1.668863154257424 21.149400408088 -1.6035394045200688 0.9999794960021973 
Car -1.0 -1 -1.63650531505908 640.0531574678898 179.09233960425848 683.2450659045288 206.4750009934691 1.5 2.220476654171944 5.685470116138458 3.007490536416113 1.9025153943578574 43.66543122315441 -1.5677381409939868 0.9999880790710449 
Car -1.0 -1 -1.6869026823236197 655.8607046543358 178.77724512599627 704.1676767185202 218.18242084067447 1.5 1.5682815134525299 3.593059864640236 2.792928419937532 1.7600900668632664 29.822555242828553 -1.5935234977540118 0.999975323677063 
Car -1.0 -1 1.700531724659315 492.1977556659417 180.43239786805034 538.9832724633172 216.62238104775136 1.5 1.6042754545807838 3.9603477835655214 -4.256416507499393 1.8647802535600104 32.713393134416776 1.5711462378462375 0.9999154806137085 
Car -1.0 -1 -2.3483317193685367 935.7161647231945 157.04843483317188 1241.0 374.0 1.5 1.6052008166909217 3.7113732218742372 2.881818879227826 1.4776731373919387 2.8932153453263636 -1.5649069557574136 0.9998847246170044 
Car -1.0 -1 2.490375486659793 0.0 180.8264520715688 134.4657308356845 374.0 1.5 1.6051631912589073 3.8975833475589754 -4.3620273188042455 1.5590197344910681 3.354153706977289 1.5750944495161594 0.9998635053634644 
Car -1.0 -1 0.5102308465108163 97.78319822034908 183.21656933173492 310.5431079261358 250.85324392922456 1.5 1.5871670588850975 4.133640465140343 -9.517418739909932 1.7565140357047588 17.037959502352283 0.000808282694544115 0.9989433884620667 
