Car -1.0 -1 -1.933371868137456 866.7696848621172 176.27408010068888 969.8514881790494 222.07253660347675 1.5 1.8777676418423652 4.74591166973114 11.062954436069912 1.6368626330914469 26.392017987378296 -1.5364427874472482 0.9999799728393555 
Car -1.0 -1 -2.0979328535118587 931.142391828839 175.75344439133124 1025.8420112203266 218.87458478625584 1.5 1.570364136993885 3.5943544030189516 13.726838856282868 1.617005285388159 27.184715951380802 -1.630335536846195 0.9999805688858032 
Car -1.0 -1 0.28318414918027757 397.1214103599216 181.18634724634106 513.6727268380325 220.29200930514978 1.5 1.654522542655468 4.302058976888657 -6.21796390649032 1.8474477818436197 29.07257326869975 0.07248131831618718 0.9999537467956543 
Car -1.0 -1 -0.07328468156927206 649.8559700016772 179.07509484057587 725.7975889956464 205.13467713177724 1.5 1.7170982927083969 4.3718433499336244 4.545212823504506 1.8782823476967 42.90125147306256 0.03226749499770574 0.9999301433563232 
Car -1.0 -1 3.4447150466229237 259.63595570487183 181.77720010364834 438.47058039257445 246.72488879925794 1.5 1.5820555880665779 3.8453789919614794 -6.368706104809652 1.7308963211054322 17.769587694110513 3.1005723357161106 0.9998315572738647 
Car -1.0 -1 -2.4335022620386124 0.0 183.12332064245936 260.6237209914085 334.60034358047903 1.5 1.6643470644950866 3.7911305695772173 -6.31585219235532 1.6302812621813108 8.19703909086434 -3.0899973670628413 0.9993641972541809 
Car -1.0 -1 3.5493453689793912 105.07184520103594 182.32724078813527 368.72969593434595 275.0302052485366 1.5 1.569162544608116 3.836435687541962 -6.486426760168929 1.6797748971417963 12.759752350473828 3.0790396809538425 0.9993000030517578 
Car -1.0 -1 -2.8056401337409023 300.9985507226658 181.7392706348048 446.37081346822856 237.1191773381616 1.5 1.576734010875225 3.634665769338608 -6.729593691373084 1.7646203511070369 20.631247305733286 -3.120943025746618 0.9988178610801697 
Car -1.0 -1 -2.853198381792771 321.546477570051 181.5689497203506 477.37278908158663 231.42926300857886 1.5 1.6841285422444343 4.444614288210869 -6.627384827433928 1.7868265798427532 22.859051117635612 -3.135385588803564 0.9986323714256287 
Car -1.0 -1 3.325253700203921 414.69704458326225 181.16876663320792 519.0931176677697 216.93747753333713 1.5 1.6025109708309173 4.245259475708008 -6.222068891274824 1.872501853091068 31.46537887146014 3.1300289511641086 0.939558744430542 
