Car -1.0 -1 -1.7184338870872649 676.594035378987 178.34853965992713 738.3643807807721 224.87492439977257 1.5 1.5995312973856926 3.937492009997368 3.3461047888415814 1.7112681987681702 25.71081897831024 -1.589017433175121 1.0 
Car -1.0 -1 1.3943308617535648 695.1868000804678 177.85810109524914 775.809683674075 238.5010820463296 1.5 1.5621651455760002 3.6101846516132357 3.3237535126724094 1.6513701745561722 19.95770816673049 1.559356137118067 0.9999996423721313 
Car -1.0 -1 1.9318181780921453 284.2356408906229 181.1160300249498 416.0825030459982 258.5299391249804 1.5 1.5418457359075546 3.8040848940610887 -5.750838049564065 1.7090712055685788 16.3060508632172 1.5927567362745823 0.9999990463256836 
Car -1.0 -1 -1.7155413197602831 654.9372693920882 178.9188067396108 698.5915607422138 212.87228815006642 1.5 1.5649056553840637 3.526585039496422 3.0852026973731843 1.8040270819088395 34.321476190251346 -1.625890956321035 0.9999964237213135 
Car -1.0 -1 2.114261271547649 46.96334647422498 181.32393895802971 333.89065002021925 314.4378280709079 1.5 1.6299102947115898 4.165119913220406 -5.76092997548619 1.6486171413007447 10.512133925146 1.6129343390425266 0.9999963045120239 
Car -1.0 -1 -2.2260861984307856 873.6388813328371 170.55674841545735 1241.0 374.0 1.5 1.6008433446288108 3.9161669582128527 3.218320413736611 1.4920263983594662 4.606523110263519 -1.6162707815554482 0.9999943971633911 
Car -1.0 -1 1.894314929799525 409.7621942470282 180.76976350702859 491.44748433690194 228.4034229347529 1.5 1.6055884331464767 4.072242465615273 -5.575369302160293 1.8036456091531112 25.531455552975796 1.6793174624403537 0.9999781847000122 
Car -1.0 -1 1.7253454604648109 488.95471074418504 180.68279799307405 528.3631878044594 209.62185126269307 1.5 1.6079554826021194 3.8827403008937837 -5.658146585453598 1.960009088904142 40.407281466794814 1.5862221598585666 0.9999768733978271 
Car -1.0 -1 -1.9024151212489993 757.0709752463922 175.77461233419174 976.0098360911459 309.9994689045352 1.5 1.5913695588707923 3.987354648113251 3.2591842392565615 1.5496230698624986 10.158171842842778 -1.5919471411642176 0.9999121427536011 
Car -1.0 -1 1.6705933232450536 508.0219195322771 180.63091721198217 538.9356922512404 206.11573117503158 1.5 1.5738716840744018 3.7206201374530794 -5.4465079722283525 2.0108543444826794 45.48562139778256 1.5514194210383552 0.9161246418952942 
