Car -1.0 -1 -1.272512989974903 307.5560678845475 180.95364555941222 444.37477643717096 266.7860059563767 1.5 1.5831603229045867 3.6511974900960924 -4.515373579462017 1.4266478675270031 14.389047269960075 -1.5765874898668868 0.9999990463256836 
Car -1.0 -1 -1.348174814844081 397.255399670043 180.7896384680617 476.0333076394577 233.30795670130874 1.5 1.5791498616337776 3.84152629673481 -5.282708919332725 1.374716443658627 22.455153027142167 -1.5792293400180084 0.9999986886978149 
Car -1.0 -1 -0.8165133497344133 0.0 183.46007627627785 241.63548513594404 375.0 1.5 1.6060583785176277 3.970639643073082 -4.544675147860088 1.4934418489752936 5.154444436234511 -1.5391256260362012 0.999997615814209 
Car -1.0 -1 -1.201544597908567 268.9374865773484 181.83618771792987 366.65452744896436 234.5563151889589 1.5 1.551602829992771 3.7782839059829714 -8.928810638525825 1.404976908003111 22.34667257744176 -1.58167060936359 0.9999942779541016 
Car -1.0 -1 -1.0079670122354536 0.0 183.17389564683825 232.3379712612526 283.7147706000715 1.5 1.5693780526518821 3.952683371305466 -8.468892668546761 1.4706689097682324 12.716176566011226 -1.5955035268005473 0.9999719858169556 
Car -1.0 -1 -1.559015884923574 573.0137311849954 179.6976863622982 611.4111220341867 213.21343726945338 1.5 1.7186707377433776 3.836503115296364 -0.7499216226413212 1.254172141373745 34.09560222255677 -1.581007012226854 0.9999418258666992 
Car -1.0 -1 -1.4406625801520005 485.13690723233964 180.32909283459142 536.1152857163569 213.8923643180077 1.5 1.8294735372066497 4.664820295572281 -4.606538346116592 1.2827404335028745 34.45805429234816 -1.5735600013893587 0.999936580657959 
Car -1.0 -1 -0.8719360927920434 0.0 184.76086837650504 83.29018433165498 277.33417129182055 1.5 1.556020651757717 3.8355893015861513 -12.098293587868886 1.4937614067176144 13.583496539832002 -1.5995676229384286 0.9998815059661865 
Car -1.0 -1 -1.5507459263383274 515.3957516894313 180.3915527134011 540.4332335545199 202.96611128565766 1.5 1.6483497366309166 3.615241360664368 -5.50179691588703 1.1805836867964705 49.636278656960805 -1.661137559511934 0.8991426229476929 
Car -1.0 -1 -1.5422946715324781 450.3638657034508 180.86732575871252 479.4906517430273 204.77704153880262 1.5 1.7618436858057975 4.324181240797043 -9.389883398606345 1.228331676873706 47.3729046360831 -1.7379705170777184 0.7975600361824036 
Car -1.0 -1 -1.2895620909866743 383.32752052587665 181.17785817423842 444.72894439061605 216.69482359527976 1.5 1.6151095300912857 4.026945915818215 -8.677774195187755 1.3305997221066765 32.38468859273094 -1.551370785632406 0.7898172736167908 
