Car -1.0 -1 1.8215941471763075 374.98871899361114 181.17461275962205 449.6514814464017 229.4292560425419 1.5 1.5875552341341972 3.852236133813858 -6.803082969453592 1.8113950190940107 25.0319608522585 1.5562278469416755 0.9999996423721313 
Car -1.0 -1 2.21072151036688 0.0 181.95857696102198 215.29106344740802 374.0 1.5 1.6567236304283142 4.165626552700997 -6.258899354572253 1.6260004399814865 7.8450515275593595 1.5373143394801276 0.9999828338623047 
Car -1.0 -1 2.9248350467073707 700.9305542696943 178.53235930772644 779.1426021962052 204.5583460073475 1.5 1.717085812985897 4.310348492860794 7.663644574858387 1.8457346832282484 42.93927672253708 3.1014517426451267 0.9999756813049316 
Car -1.0 -1 1.7214466825576615 482.9926657956171 180.341499089198 540.2299600440844 220.28649563877326 1.5 1.7310793071985244 4.337077823281288 -4.059879534448825 1.835313978685239 30.092963769679155 1.587345111366135 0.9998965263366699 
Car -1.0 -1 2.0120175639523996 182.02134685466024 181.51102420826942 359.8851982683831 272.62694208620167 1.5 1.590329085290432 4.02344600558281 -6.516728314567559 1.6960044574598974 14.281828111499307 1.5839409708937229 0.9998244643211365 
Car -1.0 -1 -1.646190659877948 630.1945671400686 179.41308495358604 659.434369087116 204.12461872891578 1.5 1.5952097743749618 3.954792630672455 2.1901236033677827 1.9444973660259903 46.855759873046715 -1.5994828334685904 0.9996846914291382 
Car -1.0 -1 2.90822458656048 708.5951960821178 178.35782173309212 798.5982915291488 206.39601302781992 1.5 1.706295882165432 4.611255463957787 7.860280867181835 1.811999097292794 39.91049736067749 3.102683532234055 0.9996104836463928 
Car -1.0 -1 -0.4610108721063282 883.8902533676356 176.68806276235594 962.611808038693 199.2846264505932 1.5 1.8173523738980293 4.6030113965272905 21.319561231058017 1.767654721918985 49.271751809542174 -0.052641944089208324 0.998832643032074 
Car -1.0 -1 1.7149078577335928 519.7306850452181 180.42766586408635 555.5964766715372 208.6584289784183 1.5 1.5373265862464904 3.5854904472827913 -4.115692277788868 1.951366638987292 41.139456610684384 1.6151971697767795 0.8814279437065125 
Car -1.0 -1 2.173969352328377 466.96703690253423 180.71160736374804 533.5871484548917 210.47028919655193 1.5 1.6337285310029983 4.011944544315338 -6.001689036782521 1.9559230066728805 39.66913117559464 2.023814427848679 0.7875906825065613 
Car -1.0 -1 -3.2797458467229026 860.0083176091442 176.96947798308503 928.6455046877019 199.70010981813155 1.5 1.6539697095751762 4.178646814823151 19.365093940632768 1.7893448958918952 49.3714338505384 -2.9059532443669185 0.5419052243232727 
Car -1.0 -1 1.2579214984537357 851.0644422823652 177.0860515422489 897.8139750466726 201.1173568692369 1.5 1.654892836511135 4.344093289971352 17.49478500213063 1.7948802035907787 48.010621038747495 1.6073615431746067 0.5310866236686707 
