Pedestrian -1.0 -1 -1.770588992420478 769.6260364941679 165.26522323298943 804.9514803515804 234.18938475902033 1.8 0.7571281425654888 0.854791098088026 4.926376625332803 1.3771888484421428 19.203433967943532 -1.5194681035962445 0.9999964237213135 
Pedestrian -1.0 -1 -1.6103517857977294 692.0351874444896 157.87219080535203 738.5765416049373 273.4691527849985 1.8 0.7058159939944744 0.9296524830162525 1.7936338211640532 1.433382748359981 11.684410539925686 -1.458034203448568 0.9999954700469971 
Pedestrian -1.0 -1 2.4952206416941305 421.28377529253004 166.10649624198783 474.87090608914093 251.69571769860121 1.8 0.7848347097635269 0.8409196071326732 -3.38253249933507 1.4774969020822384 15.679159179935994 2.2827427267988742 0.9999251365661621 
Pedestrian -1.0 -1 1.9126647693285177 387.5706466541772 167.10458902110156 433.2454012661918 249.36011098559143 1.8 0.7283329524099826 0.9310267426073551 -4.3337830014989205 1.4862072332957945 16.210062293146557 1.6514232039412082 0.999908447265625 
Pedestrian -1.0 -1 -1.6086135249960287 638.9684631800675 167.44396352973294 673.7401318568642 232.17687035343963 1.8 0.949784417450428 0.9224335223436355 1.5221167826632271 1.4102999859342638 20.45004594543347 -1.534319547065769 0.9998703002929688 
Pedestrian -1.0 -1 1.3600627177646403 802.6846072430408 162.0885572007337 846.6030264337262 246.69140082877107 1.8 0.7431641712784767 0.9105138972401619 4.848320379403349 1.3882343061028513 15.766613657541205 1.6583909869154514 0.9998086094856262 
Pedestrian -1.0 -1 -2.0853532967549464 0.0 163.29361323923243 77.95058344866663 291.78509024744113 1.8 0.6949534200131893 0.756035328656435 -8.327716948632972 1.546270540954102 10.524748550871987 -2.754736618199621 0.9997102618217468 
Car -1.0 -1 1.697330569445657 560.5767519870117 179.1761122068883 601.9269636059014 210.83661200077765 1.5 1.58932865858078 3.9650680989027025 -0.9666076601964879 1.390810883643557 36.08222645782224 1.67054795026384 0.9993767142295837 
Pedestrian -1.0 -1 -1.578375046048086 716.4425844281741 158.05375265373758 762.8411089942185 270.96169838379205 1.8 0.7303475894033908 0.9505946680903434 2.2550676738163618 1.4275104081189007 11.981788953902916 -1.39234329859284 0.9988270401954651 
Pedestrian -1.0 -1 1.385065697152599 772.3265001734272 163.16381419351205 812.899769120753 243.80000600851295 1.8 0.7704075917601585 0.742566355317831 4.326399391915678 1.3919078784143215 16.430346033650043 1.6425387740095676 0.9980058073997498 
Pedestrian -1.0 -1 -1.6698457070061494 740.3331996810705 162.95932870519795 780.7292055448567 246.6654179099955 1.8 0.78632268384099 0.8980617418885231 3.479649841703198 1.4025319544793697 15.935820317897038 -1.4548659707095963 0.9972714781761169 
Pedestrian -1.0 -1 -1.6658859351661055 679.3702196288574 162.79781112919758 721.1487174723891 251.27669869890357 1.8 0.7804163292050361 0.9330774217844009 2.024879513771593 1.4207669551537452 15.092205869034641 -1.5325151580062253 0.9963794350624084 
