Car -1.0 -1 2.0555169430841884 53.457397930717455 182.61180944191486 246.9722029863768 277.925358616317 1.5 1.5419671803712844 3.6220001548528673 -8.467169649853286 1.7094381029954755 13.595666811982438 1.4985124309870856 0.9999996423721313 
Pedestrian -1.0 -1 -1.7659786236266775 699.3161680068285 169.99860499503674 726.5738492835967 222.8303597712088 1.8 0.7526880621910095 1.0234049081802368 3.529488603714946 1.7030732910056228 25.11215384710344 -1.6263442570951325 0.9999996423721313 
Car -1.0 -1 1.9895241653877263 209.22181910960273 182.16532408260733 329.97081378819684 251.31805917536073 1.5 1.461835254728794 3.309023988246918 -8.291681163931944 1.7511598573815246 17.76461173728769 1.5528263290736335 0.9999990463256836 
Car -1.0 -1 -1.5517631024246292 587.1515976146339 179.1690736517352 641.8561052583354 231.60834178455906 1.5 1.5974544480443 3.352891889214516 0.12488749496978718 1.7142509695152466 22.74039427395081 -1.5462712785836799 0.9999994039535522 
Car -1.0 -1 -1.5913693669954128 594.5975109389132 179.61077013402078 629.006997600605 211.7739710390181 1.5 1.6418204203248024 3.5436304777860643 0.011659609163974124 1.8559979113823806 36.18706011971315 -1.5910471631821734 0.9999970197677612 
Car -1.0 -1 -1.9229743977783238 768.8622120162831 176.0771755428419 955.2896785066578 282.06859487686165 1.5 1.6426584243774414 4.089006271958351 4.024186094256002 1.5650716571164323 12.409370209261244 -1.6093883449819428 0.999976634979248 
Car -1.0 -1 -2.295768991366666 483.3133640522419 180.45701752244503 565.5555319162213 211.73128860074297 1.5 1.7511550828814506 4.463611033558846 -4.564268997124692 1.9209779902663338 37.77874497125033 -2.4160020510342464 0.999976396560669 
Car -1.0 -1 -0.5558036212735977 946.8821936203448 174.98399150153034 1164.6119045534474 221.89724269508758 1.5 2.318405967950821 5.930312213301659 14.835074658688313 1.575777558728172 24.360537596764704 -0.008807496228490553 0.9999737739562988 
Car -1.0 -1 -1.8780891698899636 0.0 180.85828649371925 306.2607709563192 374.0 1.5 1.572427761554718 3.7518254041671755 -4.316716235495853 1.5850385629222157 5.889205291780897 -2.5106133381512503 0.9999586343765259 
Car -1.0 -1 -2.056613764616205 288.91872595781376 180.87093998432164 447.27591968923997 272.1473551428451 1.5 1.5012722954154014 3.27937328517437 -4.747965588198147 1.6724663840691958 13.817657494765655 -2.3875898281720023 0.9999579191207886 
Car -1.0 -1 2.389187517327378 0.0 183.40506576662412 131.1067143297767 330.25136111346944 1.5 1.5118038773536682 3.3714944988489153 -8.253626903122232 1.6630107168898856 9.369734803874257 1.667036044593674 0.9999189376831055 
Car -1.0 -1 -0.540587806859574 827.3575286916398 176.55697626071753 965.0426077346586 223.74787817901844 1.5 1.6314205273985862 4.0398361653089525 9.529644024196958 1.6306627397536637 24.249099150650547 -0.16613943974045345 0.9998741149902344 
Car -1.0 -1 -2.2294295731242375 423.5792222574023 180.59917653507728 528.8844793459217 229.67054225291022 1.5 1.552208748459816 3.7113240480422975 -4.623227142953108 1.7821418193096663 24.436522176295977 -2.4164128462460384 0.9996910095214844 
Car -1.0 -1 -2.081219881640378 347.27983742097166 180.69135772702805 484.8238274048847 254.78670256818955 1.5 1.5570749089121818 3.510834139585495 -4.627590649175537 1.702157449300234 16.77990611830029 -2.35031266609696 0.999395489692688 
Car -1.0 -1 -2.0703598381466426 865.6030656060855 173.64266526199182 1241.0 374.0 1.5 1.595415410399437 3.928772968053818 3.9313997673225107 1.5102426429136675 7.070026968780715 -1.5628715614464623 0.9993436932563782 
Car -1.0 -1 2.0175089702691595 273.21592539099095 182.45201586889527 348.66962307553 217.37633054935915 1.5 1.6083306193351745 4.329291221499443 -14.189526194014775 1.9874094332784729 34.405761363756 1.626344192024094 0.9954203963279724 
Car -1.0 -1 -2.128981154813526 446.3398579013071 180.55623799639318 535.0196599397185 223.5661644026249 1.5 1.529637959599495 3.9043287307024004 -4.7047656733177945 1.8185164204503703 27.834112546038945 -2.2964272061970576 0.6601811647415161 
