Car -1.0 -1 1.872648521211724 360.46259199214313 181.2212886083172 443.5293120666976 231.818940170633 1.5 1.57970083206892 3.822796654701233 -6.842916970236012 1.800562932753303 23.955379935123265 1.5944058775862278 0.999988317489624 
Car -1.0 -1 -1.6102221441541171 629.1288080792509 179.40941736523405 657.7159905006137 204.7566501790875 1.5 1.6447127357125282 4.0492894619703295 2.048385248782198 1.9346972030565714 45.774906290034146 -1.565502891377781 0.9999852180480957 
Car -1.0 -1 -0.46917349107824435 888.6842846257964 176.5803465431228 976.3258890033773 199.73675173759096 1.5 1.924225364625454 5.01386248767376 21.451819649908796 1.7547702003767545 48.17275128643948 -0.05022640625504085 0.9999741315841675 
Car -1.0 -1 2.304425206105554 0.0 182.18828193432506 166.02229171805195 374.0 1.5 1.6270377233624458 4.088732835650444 -6.224063956702924 1.6136221907602064 6.696018068879715 1.5555395325038093 0.9999675750732422 
Car -1.0 -1 1.6938079191640996 477.7662729024506 180.31423238649887 536.1561539080237 222.93808455066463 1.5 1.7408622920513153 4.429052633047104 -4.008170853847762 1.817059358324117 28.398784841953482 1.553595228991236 0.9999252557754517 
Car -1.0 -1 2.0606831580584934 135.7613847566907 181.5690456501057 343.6256456101778 282.52349441395774 1.5 1.6033677875995636 4.0651342391967775 -6.501934830068196 1.6837947272998235 13.128660063980924 1.6008448481520237 0.9998227953910828 
Car -1.0 -1 2.9494225665909357 698.9823675778329 178.52631472617202 780.8407410984795 205.26982105201157 1.5 1.7421735942363739 4.408507657051087 7.437104133369068 1.83577601424243 41.75754641335749 3.12567650079332 0.9995391368865967 
Car -1.0 -1 2.910107202913681 707.3696244399372 178.33711272855774 801.1378249867156 207.27326311218408 1.5 1.6916551187634468 4.664038729667664 7.648567374107004 1.8014030130716947 38.682770814616404 3.1053147196730198 0.9993676543235779 
Car -1.0 -1 2.1888823862014224 459.2309114335353 180.73036406404066 530.1664377880309 211.45337419782405 1.5 1.6291961565613746 4.175219547748566 -6.131122513980129 1.9461337805330603 38.60176087672974 2.0313680052717746 0.850334882736206 
Car -1.0 -1 2.530700914418868 458.99956758277693 180.69331141207698 543.8182290207661 211.38731245495993 1.5 1.629863914847374 4.308141258358956 -5.762403361969228 1.9400528394468177 38.39266612221427 2.3817217230757297 0.6624607443809509 
