Car -1.0 -1 -1.817644061559665 697.6001508827876 176.98904207738008 842.2284941630206 274.5238994231441 1.5 1.5919123336672782 4.110955682396889 2.708218904346554 1.5889279203684843 13.361637776957306 -1.6176670054581506 0.9999995231628418 
Car -1.0 -1 -2.123711866180253 837.5633586454051 172.11666946488975 1241.0 374.0 1.5 1.6005533307790756 3.8014604270458223 2.868057953814464 1.4974326238220292 4.769721753803921 -1.5823332956668479 0.9999778270721436 
Car -1.0 -1 1.6542198892430127 490.18691627223404 180.33001746695194 539.9148658809221 218.41539158969982 1.5 1.786782082915306 4.544462871551514 -4.123994530098076 1.8520942299974636 31.633548477783272 1.5245832641932624 0.9999321699142456 
Car -1.0 -1 1.836487114290608 334.8948454983155 180.1530417297838 478.73152142979524 279.8344108540698 1.5 1.5287286162376403 3.7954146534204485 -3.53323995124104 1.6514143374327515 13.031344709317851 1.5717186808546604 0.9999270439147949 
Car -1.0 -1 1.890924983564371 187.753898048534 179.89785771654243 432.9622127929349 344.9441582179063 1.5 1.538352344930172 3.6904534816741945 -3.3055913836191455 1.602634604916198 8.594617965086961 1.5237542827937263 0.9999030828475952 
Car -1.0 -1 -1.6990193484824234 660.8271241763999 178.6193650689961 714.911333518199 223.5629630407121 1.5 1.5310435116291046 3.257604178786278 2.7180737396029913 1.7224776179244385 26.1484666542893 -1.595443599918161 0.9998917579650879 
Car -1.0 -1 1.7088414586773142 474.89125372718996 180.39265406195565 530.2007721691327 225.73765571472666 1.5 1.5143171444535255 3.5548462092876436 -3.8840238726896814 1.7932126258443362 26.242817253893016 1.5619048317286628 0.9996065497398376 
Car -1.0 -1 -2.801910315585442 335.2367567630684 181.90999648384675 464.4803764587419 210.53513251017532 1.5 2.1871921166777613 6.505436313152313 -11.573888526884373 2.0171391889087062 39.89375556603183 -3.08427639404801 0.999583899974823 
Pedestrian -1.0 -1 2.0999050121799376 0.0 151.3223808287089 84.64398008092981 352.716479896319 1.8 0.5635659702122211 0.7036325082182884 -5.544695136808199 1.6079147437631476 6.8366397911954975 1.4184767444941657 0.9987528324127197 
Car -1.0 -1 -1.6047222723128634 649.6999295554384 178.8548525478511 690.765601648091 217.36063356477698 1.5 1.5956199288368225 4.063230988383293 2.4728014175856057 1.7738473891872033 30.81517276964805 -1.5246476280179364 0.9983277916908264 
Pedestrian -1.0 -1 2.005735565783408 0.0 152.0150171614061 75.27879977203264 350.0173188025279 1.8 0.5402754552662372 0.7100970044732093 -5.6991271678784 1.6109147952765905 6.967568981738807 1.3201445778224128 0.5530058145523071 
Pedestrian -1.0 -1 1.9794702914864926 0.0 146.10943231770992 23.90694679736799 374.0 1.8 0.6717959910631179 0.7766389779746532 -5.462062320509223 1.5976912797681246 5.942067778296892 1.2361377914759772 0.5096263289451599 
