Car -1.0 -1 -1.6731731335807296 634.5242179430927 179.1113871114288 675.9392693086129 212.8837344665427 1.5 1.5858777359127998 3.944857653975487 2.08698651269816 1.8194848581742387 34.791411279035486 -1.6132592457023007 0.9999992847442627 
Car -1.0 -1 -0.7281102921680968 1053.2654162329761 169.38725347798123 1241.0 374.0 1.5 1.6348857924342155 3.9829882353544237 6.178269962184507 1.4758431855092946 6.049972949122711 0.06777934630843571 0.9999872446060181 
Cyclist -1.0 -1 1.6291220658195231 519.4066989236993 182.94752675221875 535.8646271080021 220.36235057151004 1.4 0.5480194024741649 1.66919497102499 -3.263975626655511 1.8081924236289013 28.30265656465109 1.5143052776667731 0.9999823570251465 
Car -1.0 -1 -2.902988073920246 376.9255669667266 181.45176415822732 491.3977855825612 220.2560402995743 1.5 1.600489442050457 4.21912134885788 -7.057407413942393 1.8560202576856002 29.044259729365763 -3.141356424489294 0.9999707937240601 
Car -1.0 -1 -0.46513707607059485 854.6852454753429 174.858526533593 1141.6373528885376 278.43474161292164 1.5 1.599142749607563 3.630408135056496 5.865049636526765 1.534054842664353 11.302573651133315 0.013526006540979662 0.9999735355377197 
Car -1.0 -1 -0.30299559088835726 738.030107038854 177.42760347566693 874.0600337452847 229.9553082836108 1.5 1.6230643287301063 3.6155378937721254 5.765791912571757 1.6431992667806667 21.64423554017209 -0.042652205624852856 0.999964714050293 
Car -1.0 -1 -0.5925680346679433 941.0432039712231 173.10231734975852 1241.0 313.5695136271759 1.5 1.5978364765644073 3.5699135184288027 6.01756937065435 1.5035863596343162 8.541772096609597 0.021163149676050465 0.9999668598175049 
Car -1.0 -1 3.5010319541564074 177.03321461516984 182.1666596432265 391.98952185378624 258.98064639584 1.5 1.6003676250576973 3.8154757142066957 -6.782168722456423 1.7086269412906474 15.221147743806052 3.081863629814011 0.9999570846557617 
Car -1.0 -1 0.3205245102576546 222.41023899591426 181.9882854552871 424.58356685541446 247.09841384007498 1.5 1.677374218404293 4.3395309269428255 -7.000564671103638 1.7383155641673766 17.84075583797506 -0.05340583721664974 0.9999527931213379 
Car -1.0 -1 3.674018659804363 0.0 182.93144630586872 307.60524197252386 295.2129120711023 1.5 1.6020454958081245 3.952339527010918 -6.836124984769168 1.6616046237349729 10.667927855392708 3.1041303753813327 0.9999444484710693 
Car -1.0 -1 3.7800976848263197 0.0 183.32050364569767 252.3074301322365 332.5760152557143 1.5 1.5986470997333526 3.8484091430902483 -6.454083275849281 1.6319744408153662 8.219312932118005 3.1144255280455173 0.9998897314071655 
Car -1.0 -1 -0.352247445144505 834.5850282314699 175.77149289581925 1022.064655784591 259.2977027038195 1.5 1.5580567091703414 2.9356951385736467 5.9581792689632636 1.5599185461485177 13.871116014945892 0.053461118540491376 0.9998844861984253 
Car -1.0 -1 2.7227577459624355 775.2490893867583 176.48516681963778 970.7436042012142 246.75459833094322 1.5 1.5918657675385475 3.872930121421814 5.85558093319955 1.587840013442418 16.438698553939204 3.064951527114731 0.9998689889907837 
Car -1.0 -1 -0.2898995088838663 740.5443575096607 177.14781051574835 911.8019882384683 236.05329937250576 1.5 1.572463896870613 4.103990507125855 5.638427141028376 1.6198799275615334 19.284513139891715 -0.00544710556534358 0.9998024106025696 
Car -1.0 -1 3.3467504663779275 402.80368661585857 181.29198882431035 507.04431813548223 216.94993240393669 1.5 1.6455030560493469 4.214669626951218 -6.7681985580967 1.8794733362514822 31.58035827517175 3.1356274962385715 0.9997710585594177 
