Pedestrian -1.0 -1 0.4030901979547472 265.6424113417751 164.57773837490103 292.6207082049587 273.6014047222447 1.8 0.4002556696534157 0.2782217252999544 -5.604985452925622 1.6637153204966737 12.114214053962938 -0.030256942906652175 0.9999942779541016 
Pedestrian -1.0 -1 2.4948489819485284 708.8427488187771 162.8455802184536 736.3235090839113 254.9994300474584 1.8 0.4205349858850241 0.35909065306186677 2.1882458199606734 1.6048678562347891 14.361077697645214 2.6460592627485813 0.9999891519546509 
Car -1.0 -1 -1.554048016532792 596.2569220959252 179.79048492586153 622.2379741343461 204.533675464799 1.5 1.6115334376692771 3.5246776908636095 -0.05186886682869673 1.9645546829421454 46.50861327109043 -1.5551632689919812 0.9999890327453613 
Pedestrian -1.0 -1 0.40973193378482153 272.13075904082837 164.4656692168486 296.3738053986416 273.6210091783142 1.8 0.32939138151705266 0.2607220809906721 -5.496731781458011 1.662032102262015 12.062593981480545 -0.01783879200485774 0.9999617338180542 
Car -1.0 -1 -1.071241976836338 0.0 178.8328484636697 430.1463253413277 374.0 1.5 1.5848668783903122 4.039849576354027 -2.6718498937573747 1.559884079756704 5.145164563490961 -1.550204888978277 0.9998668432235718 
Cyclist -1.0 -1 -2.822842869970163 728.702723590865 182.46274595861604 812.1144627185666 261.5073471858803 1.4 0.49989302903413774 1.4394475638866424 2.9413713187043102 1.5879025190044047 13.499191138367163 -2.608303741612707 0.9998394250869751 
Pedestrian -1.0 -1 -3.273140193946861 740.5971223509221 160.02081295919686 770.2851362328797 265.9223855950946 1.8 0.38452968262135984 0.4548350375145674 2.4571410440694033 1.5822332748911923 12.467379944781355 -3.0785485068943843 0.9998310804367065 
Cyclist -1.0 -1 -2.6262853104672907 737.1659845970992 182.93266991633456 850.6830371571614 283.19331104028197 1.4 0.47376333065330983 1.6485380500555038 2.710185010020887 1.5637997539420765 10.959581559437286 -2.383859709897314 0.9999998807907104 
Cyclist -1.0 -1 2.4933460964774987 731.0573873224912 182.89994676551547 761.8458562749116 259.11850153245376 1.4 0.3881609559059143 0.42050117887556554 2.517123408041631 1.5933229968124787 13.588973796004236 2.67650293111406 0.9999988079071045 
Car -1.0 -1 1.7937595679721876 427.32051566015775 181.38529610973237 467.20806804930567 207.91847175041104 1.5 1.5946463242173194 3.651500728726387 -9.859632643385744 2.03975123078226 43.78973291879675 1.5722942233046115 0.9043707251548767 
