Car -1.0 -1 -1.7533345642365088 670.0706897661917 178.19038057334618 746.0191552698159 233.64581795710296 1.5 1.5861183896660804 3.8216257959604265 2.8234162973543944 1.676332789416547 21.840205802651493 -1.6247715103116376 1.0 
Car -1.0 -1 -1.8819286654997056 748.0972925193088 175.7918107287397 966.5591201691368 316.65487584040545 1.5 1.5825404345989227 3.8019231081008913 2.975826557707832 1.5475260797248818 9.671151229102733 -1.5834214483064157 0.9999996423721313 
Car -1.0 -1 -1.673286803616712 650.0496835153507 178.90544324196725 694.2154911578601 215.06245291428337 1.5 1.587596771121025 3.8042376309633257 2.700247311239272 1.7889488876724813 32.48983924396042 -1.5903668562558038 0.999998927116394 
Car -1.0 -1 -2.2249121592084635 879.3409087620793 169.90857723548237 1241.0 374.0 1.5 1.5316198140382766 3.3483488976955416 2.9422263580593273 1.490304345826188 4.1627148360791875 -1.6096338751402242 0.999990701675415 
Car -1.0 -1 -2.3793500000883387 0.0 183.35927837789916 219.6436929434888 341.21924308999155 1.5 1.5454086035490036 3.4421911954879763 -6.437889661999399 1.6282184418956718 7.876339188260449 -3.064593509831701 0.9999896287918091 
Car -1.0 -1 3.382974357443768 369.77577658228125 181.389396425495 487.8978407652485 226.40308998209488 1.5 1.5640941008925437 3.7251445025205614 -6.290154911216952 1.8069987274947683 25.12979532169753 3.137707102294785 0.9999840259552002 
Car -1.0 -1 0.5734706212937615 0.0 182.64064563212077 335.81443895166797 303.69980017642524 1.5 1.5688220530748367 3.9846959084272386 -6.105573111036494 1.645823086347612 9.896481018090551 0.020685478052820484 0.9999181032180786 
Car -1.0 -1 3.3309114088768617 419.77752442929756 181.1848873791495 516.9709228858148 215.42237735680487 1.5 1.6303297623991966 4.10748892724514 -6.429485145141731 1.8889906001845593 32.83323571297476 3.13753591775499 0.9996004700660706 
Car -1.0 -1 3.594007926558338 87.59369780081805 182.3853665507772 374.922239005935 276.2487661695687 1.5 1.6066343083977699 4.145591941475868 -6.473219932055415 1.6774759929686947 12.553161859222376 3.1179073929747165 0.9994292855262756 
Car -1.0 -1 0.3814085905320661 294.5386146513057 181.6378282270987 459.13400137655697 238.5075739634927 1.5 1.6075581803917884 4.096368935704231 -6.522085149636704 1.7586073334565742 20.265710011859085 0.07004777987929754 0.9980254173278809 
