Pedestrian -1.0 -1 -1.548424292292982 576.4541830235298 167.64137102106963 608.4892591770239 235.2646095799283 1.8 0.8529927141964435 0.8838999576866626 -0.2667757427586546 1.432274696978621 19.563735382206755 -1.5620596847173316 0.999998927116394 
Pedestrian -1.0 -1 -1.3398089778530184 885.1127082164467 155.48665900082182 936.1838850735252 272.2018354954477 1.8 0.6268413297832012 0.6263317100703716 4.9166407688969915 1.4001194231954426 11.513668096866358 -0.9362231651928765 0.9999988079071045 
Pedestrian -1.0 -1 1.3107873644111934 689.7106647473187 168.932602714429 716.8656872861835 222.17459128171478 1.8 0.7081864893436431 0.9393807061016559 3.483911522836996 1.3761995147760537 24.791605327861102 1.450400992235865 0.9999958276748657 
Pedestrian -1.0 -1 2.0745725967641953 355.5917998119926 151.78531826567723 468.95465249945613 321.7831900872548 1.8 0.9326018884778022 0.8881249956786632 -2.16878704012078 1.4867303276519723 8.146801589694684 1.814393508430344 0.9999696016311646 
Pedestrian -1.0 -1 -1.8111424893170824 776.7325540475454 161.69958482020203 828.3133634148361 249.84571030284883 1.8 0.8193812824785709 1.056392353773117 4.20047913583396 1.3969032017155458 15.206163126346475 -1.5416281866517407 0.9999028444290161 
Pedestrian -1.0 -1 1.9140308820893146 541.8762263559756 169.67702643318677 571.4450543656532 227.90743604886015 1.8 0.7054003447294235 0.7996099561452865 -1.4349107713338212 1.435644202423996 22.684050193022337 1.8508586764296115 0.9998459815979004 
Pedestrian -1.0 -1 1.6436612538681499 465.95414138533636 162.91946112003055 516.6672802098116 263.9918614279272 1.8 0.868203167617321 0.8417812667787075 -2.055337748290967 1.4703710503631606 13.24489375352932 1.4897095402094978 0.9999271631240845 
Pedestrian -1.0 -1 1.6118525159157675 559.926388874783 170.8408936006946 582.0604796748261 221.52483777784084 1.8 0.7654854588210582 0.8699248105287551 -1.114847734392561 1.422506344618673 25.944167723149498 1.568907900652613 0.999609649181366 
Pedestrian -1.0 -1 0.4173274411903467 313.30887350624465 158.15011141534367 381.1684466695332 295.87679493241285 1.8 0.6309378452599048 0.6697720408439636 -3.474214916484086 1.496161856470198 9.724995930719093 0.07421211799117497 0.998840868473053 
Car -1.0 -1 -0.0641776403525054 0.0 0.0 1237.0 373.0 1.5 1.7570863038301467 4.829213258624077 2.386560603025491 1.4617170307110074 -0.021332758557529308 -1.6260355013099057 0.8947126269340515 
