Car -1.0 -1 -0.2815282202744287 692.8731658767135 176.91038743845675 937.9984880089538 260.2232928513298 1.5 1.6642448052763938 4.254972052574158 3.7830051072983912 1.5836156717799115 13.939729970458236 -0.016527847447667797 0.9999927282333374 
Car -1.0 -1 1.7119297233634339 427.15473924502845 179.9817111142859 520.5715243623451 256.089701134363 1.5 1.5683867529034614 3.8048094630241396 -3.0407414703389994 1.6826020677807043 16.512898664877863 1.5298263271662849 0.9999842643737793 
Car -1.0 -1 1.8919976147687056 209.26641151483722 179.63294645173892 462.2776238963441 342.68802666109326 1.5 1.6023273140192031 4.0611355125904085 -3.0592600909938064 1.6026433957000585 8.84443412097906 1.5589830120417731 0.9999746084213257 
Car -1.0 -1 1.7031571904986451 479.6333261170265 179.9755339654772 553.5071885273201 226.60319420274465 1.5 1.9697500884532928 5.893272024393082 -3.3977969616789214 1.7966713843548139 27.065166563456838 1.5782692313154758 0.9998846054077148 
Car -1.0 -1 -1.6594236148950174 622.8454583933761 179.49359728327104 652.700977914676 204.98501628576233 1.5 1.5591627478599548 3.466966983675957 1.6707161362747254 1.9321462075173395 45.149126744195414 -1.6224360960212094 0.9998630285263062 
Car -1.0 -1 0.0031023449038060924 633.7032453620869 178.81284939822515 737.8287889834215 219.6011703568321 1.5 1.6046206027269363 3.8794668883085253 2.8651005701929084 1.7384729268035184 27.827362908931445 0.10570065577956608 0.9998416900634766 
Car -1.0 -1 1.6373127147951108 529.8601179481097 180.0267581435436 573.2730578309646 209.98012486254535 1.5 2.0206375539302828 6.592819702625275 -3.2577852374104928 1.9410972267653808 41.0240838022338 1.5580674846980231 0.9998058676719666 
Car -1.0 -1 2.570076097530431 0.0 0.0 1241.0 374.0 1.5 1.743536677956581 4.629801821708679 -3.055572643883213 1.5299507336547318 1.8935623381867996 1.554064436754908 0.999695897102356 
Car -1.0 -1 -0.1679531588516985 672.5599941891055 177.79035394674293 853.5161241879579 235.5950822871259 1.5 1.7141893997788429 4.631984469294548 4.038232139583018 1.642313932932716 19.81343311223936 0.03310589393111638 0.9996522665023804 
Car -1.0 -1 2.0333640768537498 83.16392744426506 181.72558819016376 301.0614222170469 308.20648978171494 1.5 1.4203005030751228 3.183421728014946 -5.836880888228307 1.6483156495717834 10.406523747755996 1.5222009857508796 0.9953319430351257 
