Car -1.0 -1 -1.7135929909280239 680.6631811313315 178.00522220914698 757.1843688717179 240.2315305349258 1.5 1.5352789804339408 3.4465088069438936 2.7895066073172345 1.6511734593682115 19.398907276654995 -1.5707748999000783 0.9999942779541016 
Car -1.0 -1 0.33270912942911535 318.0233840665377 181.5017437913364 463.3137394629196 240.17223325108029 1.5 1.542624507844448 3.44864861369133 -5.91414298808061 1.7444806578864802 19.52866023076429 0.038644953570093434 0.999991774559021 
Car -1.0 -1 0.30154492500836816 331.83017461802336 181.41987214171334 485.80743581550263 233.6960427511988 1.5 1.6442755728960037 4.199498009681702 -6.06674282714536 1.770654112004121 21.87846997886067 0.0310483415934699 0.9999903440475464 
Car -1.0 -1 -0.18567122991130702 736.3368603494201 177.59893108888903 861.239028523485 223.83899204254155 1.5 1.5991181626915931 3.872654077410698 6.290828543671059 1.6676885287152796 24.51782593822317 0.06549243529769354 0.9999885559082031 
Car -1.0 -1 0.385229005189782 219.4779248955891 181.83309239883812 426.1164500192731 259.7775870646564 1.5 1.5339037895202636 3.642815586924553 -5.8547346706156755 1.6949293582513234 14.848070737369023 0.009637876352991381 0.9999861717224121 
Car -1.0 -1 0.3623051237616206 283.9659256241674 181.5106321970363 460.7190705976572 249.04434073581552 1.5 1.5341714516282081 3.672669690847397 -5.596455985735242 1.7156547824470938 17.091949003899295 0.04587487777205876 0.9999819993972778 
Car -1.0 -1 3.6006896606215877 79.93127514924281 182.6276664127525 324.07651705473376 280.02394596039215 1.5 1.5345298245549202 3.2280667245388033 -6.767688028535762 1.6761272488933296 12.126497230082126 3.091655838485581 0.9999740123748779 
Car -1.0 -1 0.7239491553812762 0.0 183.51735693439372 230.5019569840536 358.7858279852971 1.5 1.6047811627388 3.943382811546326 -6.176570937926541 1.6172202831877354 7.088254871130973 0.007172509035791674 0.9999648332595825 
Car -1.0 -1 -2.0558749267919705 798.4451544258397 173.64095995408442 1241.0 374.0 1.5 1.5633943051099777 3.568604823946953 2.7414269046247646 1.5085611652514215 5.706413208672663 -1.6080205077913148 0.9999544620513916 
Car -1.0 -1 3.343591641830548 387.21882578737655 181.30751319259505 495.35947905487967 223.41502200207003 1.5 1.5589239567518234 3.6833012968301775 -6.262990077761943 1.8248230746396623 26.862529519274347 3.114533889289719 0.9999363422393799 
Car -1.0 -1 3.753189680935107 0.0 183.23955242363587 261.90394772842626 308.4279061347232 1.5 1.5696742132306098 3.4650931626558306 -6.782160957427366 1.6495365787893204 9.567905965892594 3.136552202697617 0.9998769760131836 
Car -1.0 -1 0.16878107984928611 428.74301345888927 181.1481583742957 524.2297384071546 212.0750075503446 1.5 1.7572500303387641 4.505070161819458 -6.711553720559304 1.9291453877717872 36.389798990563186 -0.01360435883072444 0.9998396635055542 
Car -1.0 -1 -0.18442019944027901 684.9672091150226 178.69055386611265 759.8442191698642 206.50097962620754 1.5 1.6328417256474494 3.8821129620075228 6.182391120562846 1.8323370053826797 40.1603524266804 -0.031676606335912426 0.9991937279701233 
Car -1.0 -1 0.9576944310947171 0.0 184.90398987443803 71.98536785479128 374.0 1.5 1.6404344260692596 4.28061546087265 -6.1361987866194605 1.5895172405572915 4.478675246587834 0.017396136126245777 0.9900807738304138 
