Car -1.0 -1 1.6678297861361062 525.7614645401496 179.99847001963863 573.4715727028348 222.58900343919913 1.5 1.5011290580034256 3.4380784749984743 -2.3063732064569766 1.7919724744954848 27.718753768677747 1.58481477498613 0.9999953508377075 
Car -1.0 -1 0.5661959533762075 6.561474595431457 182.31010496113973 365.1671617094981 302.46359907376285 1.5 1.64227397441864 4.074106973409653 -5.786402807601735 1.6441444494953428 10.058479621693367 0.04415421088668279 0.9999746084213257 
Car -1.0 -1 -1.6746001418614946 656.7805162777878 178.7744830854927 703.9450080614668 216.44656567572275 1.5 1.613447305560112 4.096877810359001 2.9578828610373717 1.7751455728581085 31.429659393272768 -1.5807653228428704 0.9999653100967407 
Car -1.0 -1 -2.2518382386923337 863.6752962753236 166.80388894355303 1241.0 374.0 1.5 1.6087739288806915 3.9930688709020616 2.785358251960292 1.4866360528455025 3.6532128640293706 -1.6004224969681842 0.999896764755249 
Car -1.0 -1 3.1321482367528253 436.30270225163036 181.06328968402434 519.2305247018015 213.93737373399975 1.5 1.5423905596137046 3.8269998997449877 -6.367978696490126 1.9068206202187035 34.60122284178088 2.9501457095106662 0.9997954964637756 
Car -1.0 -1 3.8214577785474475 0.0 183.86158694235888 180.98615491282033 355.9854164883578 1.5 1.574369941651821 3.76767912209034 -6.774071833812 1.6258904699827625 7.313828808470304 3.074354398246628 0.9997929930686951 
Car -1.0 -1 0.4437545746595277 150.17311841026617 182.00254151878426 404.54311631490026 273.8931451015636 1.5 1.5716342747211456 3.7778305381536486 -5.8011913164384925 1.672495988271641 12.755959919698915 0.016930385431970875 0.9994383454322815 
Car -1.0 -1 3.3105383574257754 280.95541789017625 181.57798537434792 452.6562092010847 243.31414093537023 1.5 1.5527938053011894 4.0591640889644625 -6.294160705555263 1.7420068702879488 18.907893453943046 2.989191043372971 0.9994020462036133 
Car -1.0 -1 0.38725564721536054 228.79097872383213 181.87453738712887 430.0488375988792 252.47988270950435 1.5 1.6252348691225051 3.941633787751198 -6.31808775541806 1.7159865594487418 16.394313590448384 0.019413395724024094 0.9991323351860046 
Car -1.0 -1 -1.7816816123240031 716.8898932919024 176.76294481043467 861.6511898781143 278.3205705264114 1.5 1.5983932211995124 4.205821689963341 2.9493703792840997 1.5818729860484186 12.930423017004047 -1.5574228568610293 0.9986531734466553 
Car -1.0 -1 -2.5860554560337023 454.79758003515394 180.89233198617077 535.4173108769826 210.0328228689616 1.5 1.6190169870853424 4.128864642977715 -6.334167864834804 1.9580275860037413 39.534431663916685 -2.744924263158117 0.6146710515022278 
