Car -1.0 -1 1.9801968023084675 241.55438503564517 182.2813864842948 340.62085285043423 232.93359385928667 1.5 1.5616523593664169 3.988076236844063 -10.563345053064499 1.8414299873499684 24.104823778286608 1.567177697024073 0.9999972581863403 
Car -1.0 -1 -1.5726407053608915 590.1250178554029 178.93570989257952 653.7993102551152 239.03331420878922 1.5 1.6226832315325737 3.6512429386377336 0.27754099171973173 1.686220308987028 20.2129574760275 -1.5589107229050738 0.9999972581863403 
Car -1.0 -1 2.0880226143319893 85.51413047069939 182.7632295586134 259.9544096477874 255.24379704313102 1.5 1.6783124327659606 4.431064662337303 -10.550140593015819 1.7750789466968397 17.770282082777584 1.5522515018794196 0.9999821186065674 
Car -1.0 -1 2.0018777157231207 200.52400811712664 181.47094849718138 367.8169944829456 270.24933077389835 1.5 1.5652355298399925 3.8787374764680864 -6.38562113157833 1.697103899735136 14.519527480119773 1.587542283531052 0.9999767541885376 
Car -1.0 -1 2.4101103959034678 0.0 185.10621959429918 45.15649193311019 262.1699561505359 1.5 1.5153484910726547 3.2670097917318346 -14.924615879296494 1.8057307988225721 16.281357604429584 1.6681618571241916 0.9999581575393677 
Car -1.0 -1 2.0339006003269673 366.37446830836893 181.50468907468337 441.4501625256536 216.4583344670114 1.5 1.6473910331726074 4.403774303197861 -9.76739618726358 1.9408861790099199 34.42441494122491 1.7574322104414524 0.9998888969421387 
Car -1.0 -1 -0.9300597390850045 681.0220952310457 178.05606653048707 783.543860160418 226.33207640461993 1.5 1.5649602308869361 3.6788562804460527 4.182899121327726 1.69131873639983 24.648004236537282 -0.7619559327748162 0.9998000264167786 
Car -1.0 -1 -1.3380892747710709 924.8264161613804 173.07005910982716 1222.659454589599 374.0 1.5 1.6133832305669784 3.8441261768341066 4.700898189144515 1.5030742041324003 7.161970711317991 -0.7572494904187066 0.9996310472488403 
Car -1.0 -1 2.0792516161201453 266.66318305559696 182.47633683809835 345.38886090188436 218.56879957863262 1.5 1.4881084233522415 4.205429044365883 -13.966372690948663 1.9736518613029392 33.31510565072964 1.6822864890059055 0.9991845488548279 
Car -1.0 -1 -1.0700871632748246 729.3305368882503 177.16528175748044 851.3467296874145 244.39272124811032 1.5 1.5061507493257522 3.430442747473717 4.53748863964527 1.6190677894361893 18.094060145611575 -0.8243817845967156 0.9960429668426514 
Car -1.0 -1 1.930881544112918 463.63131906511467 180.9419478591182 512.1469339494527 205.8612911347575 1.5 1.7041732117533683 4.359804701805115 -7.957677620943853 2.0555905440748536 47.227468459036615 1.763952720161301 0.9946662187576294 
Car -1.0 -1 2.6188017202351053 0.0 184.90675949602527 100.9514679393215 232.52801578146193 1.5 1.6845133647322654 4.307953131198883 -21.298079420173526 1.976822627809982 26.208060018703428 1.9363925337751926 0.9944809675216675 
Car -1.0 -1 1.9351899295066983 439.0063080504782 180.72545807406019 511.66742199649997 219.00403086858333 1.5 1.703609575331211 4.2589767396450045 -5.812082246453835 1.8679545613692694 31.4447206998177 1.7524177908857883 0.9895436763763428 
Car -1.0 -1 1.8322904543569833 506.7461123656902 180.5726954576757 548.4656321081329 204.37195749196533 1.5 1.7586857572197914 4.3752534806728365 -5.595839140751998 2.0518317065363845 49.25504347183478 1.7191660284956516 0.7481112480163574 
Car -1.0 -1 1.8205613128946923 538.9480672993016 180.37183027090416 573.0147175448072 203.57031711828222 1.5 1.5713612109422683 3.2833109170198442 -3.7038264748400795 2.0348358503369854 49.5413478014201 1.745937812324387 0.6066490411758423 
