Car -1.0 -1 -0.9592282685768556 157.6943109996963 181.896578533269 344.49387845723595 257.12493333287455 1.5 1.643809911608696 4.625461485981941 -8.41671989741613 1.7484503685719726 17.379010764130737 -1.4102402041342599 0.9999995231628418 
Car -1.0 -1 -1.4632180949552551 543.1971487691029 179.442494124393 607.2717895980013 232.79081149433438 1.5 1.5982067704200744 4.05137003660202 -1.0602057638653637 1.7280953122319502 22.86708733839802 -1.5095487470414979 0.9999992847442627 
Car -1.0 -1 -1.1940381267155182 303.16321311623136 180.71891580321926 449.9870002395855 258.1872176014627 1.5 1.6537482410669326 4.5659227788448336 -5.2535802166917485 1.708774283368684 16.78023877000212 -1.4974525580790383 0.9999992847442627 
Car -1.0 -1 -1.9390696946924604 912.4198620105608 175.14856395937014 1073.8691164799047 255.04517223592458 1.5 1.6380958750844001 4.347256061434746 8.153694900080614 1.5581418692834759 15.920218875353253 -1.465741694965635 0.9999985694885254 
Car -1.0 -1 1.3990467261192927 770.249235529533 177.71860471991886 823.0323213749875 205.3948360786524 1.5 2.0144042119383814 6.248904627561569 11.081915154511247 1.8146407730289686 43.419441434147906 1.6489410281141819 0.9999938011169434 
Car -1.0 -1 -1.6130479202965207 644.2925248842549 177.93787853551788 731.8923408280575 258.33243908392166 1.5 1.665719275176525 4.235016417503357 1.5542672323495603 1.627579654187962 15.893161111045705 -1.5155631872501714 0.9999895095825195 
Car -1.0 -1 -1.9838431785263149 1013.129700167343 174.15227589813796 1193.7204133142843 252.73895207410817 1.5 1.660386335849762 4.403311622142792 10.711770495616012 1.533593706781659 16.157196206543148 -1.398402706780706 0.9999533891677856 
Car -1.0 -1 -0.7416778902977434 0.0 183.8273899096713 165.9293885807405 254.81259954801072 1.5 1.638110962510109 4.6529973417520525 -13.937166399323015 1.8177951953043079 18.43362128751895 -1.3890545080092294 0.9999386072158813 
Car -1.0 -1 -1.545893547259716 720.6997718599009 178.1545169405145 760.1161042611832 213.8842809978926 1.5 1.6753435626626014 4.455350947380066 6.037506158047922 1.7625523067699949 33.337522163318916 -1.366732985773359 0.9998780488967896 
Car -1.0 -1 -2.040344378456522 1143.7415365033683 172.7146373155299 1241.0 255.95814070049587 1.5 1.637686651945114 4.366745290160179 13.262671632018927 1.497846621429873 15.315506980102825 -1.3266553143647057 0.9991177916526794 
