Cyclist -1.0 -1 -1.9048282503227767 793.0620767543784 178.9203234576133 853.7835834306928 266.05816187666613 1.4 0.4533479481935501 1.7210079848766326 3.6966259833808905 1.3762741389450905 12.223776069822348 -1.611159377792154 0.9999938011169434 
Pedestrian -1.0 -1 -0.9401680009934968 788.5388220428288 163.0426870694487 814.43550421222 226.84079183070858 1.8 0.6493548423051834 0.3247223820537329 5.605522077911036 1.3090330498789724 20.298969908182375 -0.670734719434057 0.9999887943267822 
Pedestrian -1.0 -1 -1.0477355374392883 599.889120501394 160.9560727580435 648.8476927375624 249.55696198096103 1.8 0.6479572065174579 0.9496568262577056 0.37634108638808 1.404574964823326 14.933400521999614 -1.0225395719197137 0.9999943971633911 
Cyclist -1.0 -1 -1.156096637289622 456.1086007787724 180.89456603964663 494.92115789227745 222.65541498703962 1.4 0.627614327520132 1.8927131339907646 -4.531243460857184 1.4158663307768615 24.7100234921375 -1.337458402910505 0.9999902248382568 
Pedestrian -1.0 -1 2.502707583103099 701.9675386800099 169.0436582964265 725.7471865949831 204.97481005038583 1.8 0.585609071701765 1.0526119291782379 5.517027098197863 1.2275145081005534 35.92011727937334 2.655108201499802 0.9999818801879883 
Pedestrian -1.0 -1 2.8786830299596033 714.0265041344792 168.74377147179808 735.1306927639632 205.73919343253726 1.8 0.590206079930067 0.8990414932370185 5.855942277546883 1.229443294249275 34.733051715067916 3.0457107901533664 0.9999618530273438 
Pedestrian -1.0 -1 2.8569821921116674 658.152644808971 169.2856354529387 676.7627972153372 207.37046383976352 1.8 0.6657388553023338 0.7280367918312549 2.967177056899119 1.2714243378364587 33.8099320629968 2.9445184349974216 0.9999303817749023 
Pedestrian -1.0 -1 -1.450937682921115 638.2213395034145 169.57993880857614 654.1383724625211 207.61547724151632 1.8 0.7035094805061817 0.5123007602989673 1.9526617975505831 1.2846647396431683 33.76980584835242 -1.3931792835381371 0.999846339225769 
Pedestrian -1.0 -1 2.464166326242347 0.0 161.75096960230678 79.23865145871824 291.0538467923619 1.8 0.620205283910036 0.7602512396872043 -8.30187361625845 1.5406666114664618 10.274978060322741 1.7845845103224338 0.9991157650947571 
Pedestrian -1.0 -1 2.3596879228809717 699.3519445945594 169.17492868893484 719.847497238942 204.68214522470788 1.8 0.5338041603565216 0.9387019582092762 5.36322584806229 1.227312964551301 36.33147981610522 2.506248700614792 0.9988842606544495 
Pedestrian -1.0 -1 2.2270233157073713 666.7256424729105 169.0600716008497 689.1930197692144 207.52995975423974 1.8 0.7059972293674945 0.8255995370447635 3.4538545101608813 1.266178574085973 33.62018486334267 2.3293957591017307 0.9986851811408997 
Pedestrian -1.0 -1 2.594386007540782 0.0 162.4724441649241 59.57574676423144 288.6639434893555 1.8 0.5220792748034 0.6933510795235633 -8.69187348790215 1.5445202269518878 10.49319604250194 1.9026052832563938 0.9945142269134521 
Pedestrian -1.0 -1 2.6352937148748627 0.0 161.32427597213928 83.93018512265736 293.03528032006994 1.8 0.5812409825623035 0.8425801552832126 -8.171141812789381 1.5396089772692323 10.157579405737254 1.9578525900801242 0.9668045043945312 
Pedestrian -1.0 -1 2.5608589916326707 703.9695938709921 168.9949263413584 725.4271076148982 205.21988625462848 1.8 0.4587623316794634 0.9739285826683044 5.500157130146394 1.2297505503184039 35.53846570294459 2.714407074447495 0.8531823754310608 
Pedestrian -1.0 -1 -1.620479744941517 800.7971166427568 162.97044046667915 824.4279815049772 226.3832630091613 1.8 0.6260915219783783 0.5536138571798801 5.953905966082035 1.303988598811883 20.406811720404956 -1.3365989635374886 0.8400859832763672 
Pedestrian -1.0 -1 -2.8934630478314203 654.4808410114744 169.34947411759114 673.3348771717901 207.28549479102793 1.8 0.6857300668954849 0.7589354671537876 2.8187499979259605 1.2723730808590559 33.99085631427584 -2.8107256452229366 0.793556809425354 
Pedestrian -1.0 -1 -1.495638856652599 642.9239696868324 169.53105306517224 657.1775275759517 207.47786850653037 1.8 0.6287748485803604 0.7639784857630729 2.150878956060857 1.2811368390946074 33.95548284429648 -1.432379291453634 0.6687799096107483 
