Car -1.0 -1 -1.4347759048564526 473.91988746390604 177.44683682598267 533.4460060046176 222.65724509376636 1.5 1.6107237458229064 3.802906957268715 -3.5818048124964417 1.4002424920714962 25.358540342306984 -1.5750941648755712 0.999996542930603 
Cyclist -1.0 -1 -0.03894092741408153 758.0610043985176 176.55071065495233 800.8887181287201 210.59278087336588 1.4 0.5752158842980861 1.7138964056968689 7.251479735306561 1.2390716153033086 29.52643394799812 0.2018855055186408 0.9999959468841553 
Cyclist -1.0 -1 -0.3829875794115667 602.1053728911301 178.05907525281603 633.9437326069087 202.55007008418286 1.4 0.5951318450272083 1.750819993019104 0.7489926987389102 1.2618497775687187 41.00293602490196 -0.36472280422714776 0.9999874830245972 
Cyclist -1.0 -1 -0.8838465397040411 325.38037158552356 182.32634277233942 368.7084651042388 221.05226697485244 1.4 0.5754952810704708 1.7113682374358177 -9.689907095303399 1.4724112316323938 26.5434430811742 -1.2338729361679894 0.9999892711639404 
Cyclist -1.0 -1 -0.18335036875060065 696.0415063090202 177.13646360384973 735.6857162356 206.853717997303 1.4 0.6227992966771125 1.7791040733456611 5.250878547129686 1.2429904202417226 33.64122683905846 -0.02851505676773616 0.9999798536300659 
Pedestrian -1.0 -1 0.26476472876158175 512.8635491692858 170.84213397942162 537.9184593204013 210.57316262684267 1.8 0.65507288351655 1.0065176084637641 -3.665641859686233 1.3639146771554198 32.42768624581983 0.15220205386611393 0.99991774559021 
Pedestrian -1.0 -1 0.2306267431815838 427.1196113743398 171.34286851325754 454.64714211802885 214.5386940734478 1.8 0.5881837129592895 1.0221165165305137 -6.9234491393083495 1.4199008243540736 29.753367914007658 0.002000614008631029 0.9997435212135315 
Car -1.0 -1 -0.5739295740290209 970.6420618473351 171.1102723295002 1053.8806619520467 197.20707523407742 1.5 1.648193460702896 3.9826864868402483 23.8937545317874 0.9616747685013443 41.56183811385297 -0.05217309395340511 0.9997413754463196 
Pedestrian -1.0 -1 -2.8654531135733134 431.46727089142354 171.70903318262103 455.74319537856184 212.60078075451855 1.8 0.543069702386856 0.9399856932461261 -7.187176035513892 1.4145027353796709 31.4136244284537 -3.0903735915806636 0.9996131062507629 
Pedestrian -1.0 -1 0.19591983148066913 420.41138817111903 171.42232370460314 454.1592845063587 214.41549313359505 1.8 0.6096610359847545 1.2971837565302848 -7.113472620453052 1.421427420533937 29.926036035556045 -0.037450985112462726 0.9966709017753601 
