Car -1.0 -1 -1.70467972812561 663.5706682495118 178.5949518378915 717.5025992210018 223.34890144646903 1.5 1.51394275277853 3.2721253603696825 2.827346428320789 1.722500981486936 26.261147372390706 -1.597430125870977 0.9999971389770508 
Pedestrian -1.0 -1 -2.164915302612657 993.8559433599884 157.1631400722253 1038.5325411633964 263.41279453987306 1.8 0.5375591598451137 0.40351120084524156 6.949654992709298 1.5345353694868562 12.444792526695284 -1.6556162620571 0.9999942779541016 
Pedestrian -1.0 -1 0.8640319254740136 1097.1283659807566 157.56580057271302 1139.9726000176731 255.38248944024508 1.8 0.5256706409156322 0.3932024843990803 9.457162203176631 1.5190279586229403 13.495598859618 1.4752670963618415 0.9999676942825317 
Car -1.0 -1 -0.26179921232362346 728.6506587541219 175.3304465578 1103.3196318497946 313.29531589264286 1.5 1.650305514037609 3.953031313419342 3.458136142221712 1.5345075260234826 8.913135893833463 0.1083040674540656 0.9999644756317139 
Car -1.0 -1 1.7812211539044756 385.0241809283534 179.15804479211187 558.7458157048495 276.593250647966 1.5 2.0441582918167116 6.710871917009354 -2.5131946777728666 1.660606240068426 14.941738916879071 1.6145813345869602 0.9999690055847168 
Car -1.0 -1 2.154245759827062 0.0 178.13472311303786 442.6340826253025 374.0 1.5 1.9154554724693298 5.928640675544739 -2.8417858902680257 1.5558097302030276 4.583606499977646 1.5992579340895237 0.999970555305481 
Pedestrian -1.0 -1 -1.6753784996243006 740.1350671914025 168.86258142310592 763.2756409514585 225.38193300393425 1.8 0.6818941354751586 0.5038949221372604 4.517946191713497 1.6732411031100844 23.257137304944745 -1.4835076043989999 0.9998658895492554 
Car -1.0 -1 -1.6778815025334817 648.4052592279423 178.87135041288954 695.5127899800458 216.7397474689015 1.5 1.61116314381361 3.8224353015422823 2.5701487734027433 1.7760264276224138 31.122036300212837 -1.595485550412212 0.9993035793304443 
Pedestrian -1.0 -1 -1.7680160975610388 747.5944158486056 168.75648693320863 770.6948546677748 225.43770206010078 1.8 0.625652589648962 0.5750993758440017 4.745746835776554 1.670234913113443 23.19977690558469 -1.5662397724252684 0.9808595180511475 
Cyclist -1.0 -1 1.681258393886193 535.2026976554786 182.29020077283607 553.4910405656478 209.76463935782851 1.4 0.75129424482584 2.0698227480053903 -3.5286736374789975 1.9178045843048168 38.521851467853715 1.5899114489515842 0.8044934272766113 
