Car -1.0 -1 -2.2120099372323088 952.7608147160603 170.45253419302833 1069.2652942254576 218.04691101640623 1.5 1.658175003528595 3.5222238421440126 13.694250826860433 1.1848927029067748 24.129359353925324 -1.6958040604975564 0.9999984502792358 
Pedestrian -1.0 -1 3.0739108145323373 119.43431070596596 168.3574179735514 164.01543108276374 251.3737834034618 1.8 0.6006259031593799 0.7939654894173145 -10.3988713586851 1.5383357135807938 15.804868687875366 2.4919645667036594 0.999991774559021 
Pedestrian -1.0 -1 -1.079302483451908 278.73432081984447 169.06413419081122 321.4670221129087 235.8890650771007 1.8 0.7158746503293514 0.9657643295824527 -8.454557696860629 1.493545086825693 19.551141647498167 -1.4874520162728173 0.9999901056289673 
Pedestrian -1.0 -1 -1.8888761095659992 346.78432806237356 159.93388076802995 403.19035359203883 273.6214659922974 1.8 0.6306554682552814 0.9253564782440662 -3.876322028362274 1.476034999112196 11.74913158017127 -2.2075552503254756 0.9999881982803345 
Car -1.0 -1 2.6884411210390837 850.0549779916946 171.71456834351008 1020.9124776124681 229.50413867425502 1.5 1.5523434177041053 3.9117130011320116 8.835840205881352 1.2735518894556856 19.16472041517323 3.1204438090284885 0.9999860525131226 
Pedestrian -1.0 -1 -1.0326584209976148 181.10138218154108 172.71287807468076 211.26541694892373 226.33012093297552 1.8 0.632707916945219 0.6769740514457225 -13.944645685276583 1.5401146284050449 24.074186618317434 -1.5576706547897798 0.9999746084213257 
Pedestrian -1.0 -1 -1.0881563761840825 167.6205573065201 172.8133303996771 196.09647124536758 226.9309220094857 1.8 0.5832223713397979 0.6662313386797905 -14.305534512391796 1.5458748293349827 23.86142285656491 -1.6282270001855237 0.9999756813049316 
Car -1.0 -1 0.9360310956458524 1097.3646924314971 168.29140798622564 1223.0 215.47583297395207 1.5 1.623280395567417 3.900299456715584 19.12843815117976 1.113437138746287 24.44524929775805 1.6000106215437473 0.9999644756317139 
Car -1.0 -1 -2.280371527203743 1035.2696352392995 169.33319119799373 1155.7868787083978 217.40421152239517 1.5 1.5893707543611526 3.24190468788147 16.323910247690424 1.1531067814358094 23.754524301538805 -1.6782936091211182 0.9999679327011108 
Pedestrian -1.0 -1 2.112409068072733 249.58735115968508 171.65156980584018 279.5334625198837 226.25943669068621 1.8 0.6168034419417381 0.7310360230505466 -11.433127978552562 1.509877912979316 23.69329107545204 1.6628210425337375 0.9999039173126221 
Pedestrian -1.0 -1 2.0403645919729034 234.7597655673959 172.20709129341606 259.6185081186509 224.90733297701277 1.8 0.5430814370512962 0.6278839454054832 -12.403257500603816 1.5182865412461894 24.458609330157255 1.5710434794386448 0.9998533725738525 
Pedestrian -1.0 -1 -1.1776809216339446 172.29359040109966 172.0689319209915 207.64312492600789 229.91894930521752 1.8 0.6804538451135158 0.8944551020860672 -13.220244851567765 1.5392223810774996 22.484708992931214 -1.7092049131777627 0.9998476505279541 
Pedestrian -1.0 -1 -2.624567145490726 225.43072670252604 174.35144861633663 238.76086122214232 215.81192255764924 1.8 0.49581215977668763 0.31258883215487004 -16.340794908463405 1.534534920697058 30.94411139059095 -3.1104212562229976 0.999815046787262 
Car -1.0 -1 -1.5811231267089465 604.6394914702315 176.0576503682531 637.1043874418326 206.09362572799012 1.5 1.6213855266571044 4.417005416750908 0.8024840673182566 1.2795787637208866 37.52247277647394 -1.5597396279361588 0.999782145023346 
Car -1.0 -1 -1.5115295263746322 546.2772696008275 176.680387141913 588.2056059947421 212.44399872764978 1.5 1.6304361194372177 4.338074338436127 -1.6547959841936086 1.3412805688050204 31.825076858101106 -1.5634793481465918 0.999723494052887 
Pedestrian -1.0 -1 1.618629139759906 210.4223582314234 172.55841802991128 232.45300263326192 225.20042722146493 1.8 0.6434417821466922 0.6992700070142746 -13.383309741787846 1.5299859569739032 24.626076515091206 1.1208202083918708 0.9939728379249573 
Pedestrian -1.0 -1 -1.159850821756261 152.24949760477944 172.21544967091054 191.40508220739545 230.58417785837358 1.8 0.7820351541042327 0.8419090442359447 -13.665527701982114 1.5460738775202316 22.270521349345067 -1.7102213064816338 0.9927843809127808 
Pedestrian -1.0 -1 2.9661510549757657 104.79790955603794 168.61720992454127 153.0446910277577 251.1109184558519 1.8 0.5740331977605819 0.8126124300062656 -10.75430718510329 1.5423353507890103 15.91160349322816 2.3717982649763645 0.9890435934066772 
Pedestrian -1.0 -1 -1.2305021107341483 185.96970386586074 172.05696645360675 218.87843842324216 229.02283920212844 1.8 0.6969402104616165 0.7983903892338275 -12.999648074661469 1.5347695534366446 22.790875174430486 -1.7488636533406121 0.9890711307525635 
Pedestrian -1.0 -1 2.0445083753152167 227.17808635797942 172.3383842758573 252.61381021312707 224.82254103559123 1.8 0.5938333950936794 0.562333457916975 -12.690913744010984 1.5216222715551218 24.52631777922144 1.5670057972285407 0.9885830879211426 
Pedestrian -1.0 -1 -1.9262017093792032 217.58634506461522 174.38048401969567 237.52869058771697 216.04680204584506 1.8 0.6281211532652378 0.5209630846977233 -16.54272164976692 1.5371094333143092 30.947620395497594 -2.4170975248005733 0.5820580720901489 
