Car -1.0 -1 -1.0441937847522642 6.150931847898227 183.61729701560802 179.86959386960464 250.86300346729396 1.5 1.6955873489379882 4.496980693936348 -13.490278214673854 1.8205254997846487 19.146517536622056 -1.657987834015165 0.9999997615814209 
Car -1.0 -1 -1.5516642324233014 454.1857671523332 180.10182545773378 521.1977621680327 241.580271412898 1.5 1.67159294039011 4.224006694555283 -3.449912778776923 1.7268881234726474 20.33623867272724 -1.719707981744085 0.9999990463256836 
Car -1.0 -1 -1.2190283546565317 157.39171352955483 182.4097260126605 289.9599359384483 248.17617608627776 1.5 1.6577251747250557 4.604462769627571 -10.292229298402436 1.7908619851374403 19.540944727238607 -1.7038076529887063 0.999998927116394 
Car -1.0 -1 -1.9056311767665501 728.8700990578033 177.53550283954988 824.6540037624503 230.63484477170914 1.5 1.628417943418026 4.2840252190828325 5.133956163067114 1.6639723206121817 22.993002691214585 -1.6859512040999276 0.999988317489624 
Car -1.0 -1 -1.3711299900678255 363.18616573360345 181.35708474018156 430.523666759629 227.19897882726104 1.5 1.602502030134201 3.985302758216858 -7.754061981720221 1.8359789351460534 26.42274942510525 -1.6565774987128121 0.9999781847000122 
Car -1.0 -1 -1.8239928761498765 664.3063538622096 178.14362843294944 752.7681524758474 233.50690381971503 1.5 1.625823837518692 4.384830456972122 2.8666985711544735 1.6802446247781133 22.25820284944863 -1.6959050903704507 0.9999756813049316 
Car -1.0 -1 -0.6964156139443696 846.9520498854127 175.07320997847168 1165.02352610657 247.86925384317098 1.5 2.1469465017318727 6.630536031723023 9.021019307984869 1.5569431733892602 16.682171399296685 -0.20069559017685482 0.9998446702957153 
Car -1.0 -1 0.8081929182426864 1159.4740140882966 172.9339108697735 1241.0 222.92092591505747 1.5 2.120119009912014 5.421314996480942 21.7322419293641 1.5033649755635352 24.40392785233407 1.535746975741114 0.9998212456703186 
Car -1.0 -1 -1.4606164122829888 518.6783837993972 180.30353495287352 558.5318848572496 211.07113943333258 1.5 1.6473586231470108 4.29677092730999 -3.7750040318743734 1.9188971289808316 38.37740237453819 -1.5586662721496565 0.9997056126594543 
Car -1.0 -1 -1.540103454846499 1241.0 167.09786396267518 1241.0 374.0 1.5 1.6078049808740615 4.14498285651207 6.813742616473974 1.4682205104547283 5.9629950870143205 -0.6882177750256402 0.9995587468147278 
Car -1.0 -1 1.4942987495133209 565.6638521688161 179.8987703545335 602.2411289236256 204.36390533573748 1.5 2.010304716229439 6.237207216024399 -1.8851639617386775 2.0130956442753987 49.29961677708702 1.4560784538600104 0.9995105266571045 
Car -1.0 -1 -1.9828770832258886 803.0891781597835 176.76696862227578 912.5038061838654 229.11845727841535 1.5 1.6903039559721946 4.396181789040566 7.788056894324474 1.638872468004104 23.274254892528603 -1.65996798227099 0.9989385008811951 
Car -1.0 -1 -2.4428841597593838 0.0 0.0 1241.0 374.0 1.5 1.6625233486294746 4.367361825704575 3.839859706279629 1.4563557886464413 1.8220810013955937 -1.3151424984124047 0.9900856018066406 
