Pedestrian -1.0 -1 2.1107456980248287 338.4052316181065 140.31902612006238 453.9085075157552 364.8100023878881 1.8 0.6109229780733585 0.863759920746088 -1.844804282665709 1.479530526382558 6.158053596930392 1.81967805623613 0.9999997615814209 
Pedestrian -1.0 -1 2.8493374536749285 771.1312568594755 158.98848952576319 826.1128573485131 246.2843740189627 1.8 0.5711817674338817 0.9918905355036258 4.022700336153353 1.3580667198615144 14.873461481037282 3.1134794831236423 0.999990701675415 
Pedestrian -1.0 -1 2.505326865090969 1070.9151020619481 151.43425772783172 1131.0158353080774 259.1977247500389 1.8 0.5623428642749786 0.6304223582148551 8.431149410398277 1.3161574792058723 12.094770479202682 3.1140974640806736 0.9999769926071167 
Cyclist -1.0 -1 -0.8449916582484176 930.8574097289433 176.43335353856884 1016.439326522037 252.52067612545287 1.4 0.4655946072191 1.665610682964325 7.014008970221234 1.326812658767883 13.52039397936455 -0.36643906036881035 0.9999560117721558 
Pedestrian -1.0 -1 2.12130214035803 246.08151810722228 144.65343890220308 357.18442318374554 351.76925639242756 1.8 0.586416807770729 0.8763697490096092 -2.861489945377161 1.490167820710062 6.615162022516789 1.7130410551985324 0.9999312162399292 
Pedestrian -1.0 -1 -3.712160886368661 1053.337009413485 152.44321009113358 1113.525744190145 255.7332220976556 1.8 0.5876807987689971 0.6790638461709022 8.48428704913275 1.3127088639899795 12.617568077547288 -3.120186762013708 0.9998786449432373 
Pedestrian -1.0 -1 -1.6241474417356678 958.1255040992331 160.90928290896937 984.5258435125724 224.2776017646437 1.8 0.6531871415674686 0.43672086000442506 10.53810229965103 1.2450910875465446 20.41223719205775 -1.1475734869625909 0.9997900128364563 
Cyclist -1.0 -1 -0.8867966782793824 954.8868325751876 176.31282978747032 1030.3811191830957 253.88462917917957 1.4 0.31886170879006387 1.5689697608351707 7.203903904191847 1.3260717268760633 13.19955338422261 -0.38720782200363707 0.9997581839561462 
Cyclist -1.0 -1 -3.4440856232407433 1007.5498471764117 174.71494925547535 1093.3975325043464 237.75379963169456 1.4 0.5196405135095119 1.5751053139567375 10.110835753533989 1.2731359752456597 16.148937842009424 -2.8846963206913814 0.9996143579483032 
Pedestrian -1.0 -1 2.015328122532466 366.5635180474391 139.5611104365212 474.1141311397375 366.4980114749539 1.8 0.589915507286787 0.8492295190691947 -1.6128042880974098 1.4769919406437122 6.074767543384528 1.7558224081953586 0.9991894364356995 
Pedestrian -1.0 -1 2.3880957222580665 1084.5336180795714 150.07314124241282 1153.6726357664127 264.0557254694031 1.8 0.5518915623426437 0.7275507345795631 8.294731093955368 1.3211583338097463 11.480732116733897 3.013757693763596 0.9983214735984802 
Pedestrian -1.0 -1 -1.5835459009680146 963.6844529216188 160.8660716573241 990.2324055486757 224.0060842385144 1.8 0.6744055569171905 0.45808302499353887 10.751080403880367 1.2418463733423422 20.508569664067295 -1.1007075766709191 0.9982979893684387 
Pedestrian -1.0 -1 2.063089162225349 306.7937412862164 142.17084779592966 418.187853671987 358.7037400626987 1.8 0.6024012833833694 0.888861671835184 -2.204148293450963 1.4830817120406847 6.359027346441067 1.7294311404188694 0.9978951215744019 
Pedestrian -1.0 -1 -1.4769400474646406 946.3503020458031 160.97209641014013 972.4268624909847 224.69816658023726 1.8 0.6236864745616912 0.5482007309794426 10.176536939367033 1.2499903916253934 20.363818187525844 -1.0135035077717645 0.5609071850776672 
