Car -1.0 -1 -1.7460579020152824 697.3944359630307 177.7965449452582 781.0442773211078 238.7471759574497 1.5 1.597156797349453 3.925265607237816 3.4284478009027475 1.6511311858372468 20.04066177085942 -1.5766235334475083 0.9999953508377075 
Car -1.0 -1 -2.5693919139160544 1043.9320065270663 130.1306980982162 1241.0 374.0 1.5 1.6112283363938331 4.096812990307808 3.659234420419679 1.4669308904694163 2.651250441042203 -1.6256001787867886 0.9999780654907227 
Car -1.0 -1 -1.5696187636516863 595.4874333124576 179.51560413047795 632.4999864934593 214.67919196679782 1.5 1.6138908013701438 3.57437678873539 0.1431992768912565 1.823875758088272 33.24684459963417 -1.565311636370842 0.9999723434448242 
Car -1.0 -1 2.2270523570373455 36.5575655967609 183.89383643770884 181.8696072426567 241.33948520973726 1.5 1.5781501799821853 3.771014374494553 -14.787558508781494 1.8588618312689884 21.502998983549634 1.6246309161146701 0.9999710321426392 
Car -1.0 -1 -1.561326996344402 572.1264548595636 179.36268117842533 626.3661839986319 229.94656936625242 1.5 1.6413327798247337 3.361763295531273 -0.3832153776129414 1.7277045894312293 23.513962819894537 -1.577622907762651 0.9999260902404785 
Car -1.0 -1 -1.7030158360972352 648.4259844767447 178.94985385113424 696.6529355484533 208.26655562172482 1.5 2.004077707231045 5.402668055891991 3.413497938316652 1.8683204246306027 40.80432029280556 -1.6195548596468312 0.9998970031738281 
Car -1.0 -1 -2.278866237467472 317.31797823015074 180.9127802206985 477.5802603979337 254.69482027548182 1.5 1.581980337202549 3.5992054760456087 -4.993301977082507 1.704798949912208 16.662985364417956 -2.570015029111181 0.9998656511306763 
Car -1.0 -1 -2.6969467695044225 447.88758978716004 180.8223396480033 539.0687584778124 215.94444245111055 1.5 1.5813729286193847 3.7634602308273317 -5.303535521283307 1.8755164911336903 32.68218495604202 -2.857820467152868 0.9998477697372437 
Car -1.0 -1 -1.9665755802683766 158.22375997910675 181.20101910913624 375.541056770835 306.0217125884056 1.5 1.5934300169348716 3.6697308093309404 -5.2438727769968425 1.6453164514256515 10.718959453264409 -2.4215577999737605 0.9984124898910522 
Car -1.0 -1 2.0636872939873756 130.53452297245926 182.5866739540798 282.58491682227526 257.19829234348543 1.5 1.5710523843765258 3.563409161567688 -9.233778731679697 1.7506131626195722 16.76009979513478 1.5601240833613532 0.9907714128494263 
