Car -1.0 -1 -1.8901930215278564 726.7073784887 176.11672962617246 936.2165720140159 305.8843881830953 1.5 1.61374272108078 4.108044368028641 2.8894482320351926 1.557476732470253 10.535837335738863 -1.6225246685233456 0.9999982118606567 
Car -1.0 -1 -2.882358036359376 371.92619220854016 181.55032868577354 469.5456767841832 223.59348242505268 1.5 1.4496382817626 3.2412777215242388 -7.017769802409488 1.8318427869824105 26.771233601292153 -3.1387280980732783 0.9999672174453735 
Car -1.0 -1 0.32633061866820046 280.3320325200148 181.56709337994798 457.9695498308685 248.32775723669494 1.5 1.5969090655446052 3.7085285902023317 -5.7052523013711 1.7182603029817045 17.231258434225577 0.006592317423548021 0.9999573230743408 
Car -1.0 -1 -1.7390985999849928 619.3980800636834 179.51860327270646 653.1462386069004 203.55677337165085 1.5 1.633789812028408 3.7602006018161775 1.6795072873271968 1.9627644207073134 48.087295383672085 -1.7041865746167046 0.9999042749404907 
Car -1.0 -1 -2.2520986349979637 697.3594992788984 178.35514820294148 769.4696861139291 210.94178721611803 1.5 1.5356291577219963 3.7071576833724977 6.036859061926055 1.789074279252264 35.87425873321571 -2.0853822986271724 0.999777615070343 
Car -1.0 -1 3.538487281846893 170.04795611465195 182.2416985872198 382.036249901722 261.80555804905026 1.5 1.5524933606386184 3.5808293640613558 -6.7016278814667105 1.7016110235991164 14.631331309513504 3.1089734911879123 0.9987757802009583 
Car -1.0 -1 3.4646151137255456 36.84170760787084 182.62131379720813 310.26803120252714 284.58761233576047 1.5 1.5517211079597473 3.569321942329407 -7.074709382030198 1.6776428828687848 11.96118327819123 2.930489528175217 0.9986324906349182 
Car -1.0 -1 3.364412089919785 397.6414676323124 181.35966637867722 490.3838019203833 220.1158997848852 1.5 1.5509440124034881 3.380366650223732 -6.6746263694705625 1.8519999239077916 29.04651869580992 3.1385422825773777 0.9972959160804749 
Car -1.0 -1 -2.9359125280469875 411.87372430024664 181.217235753337 511.7666999427166 217.2422916497402 1.5 1.6345192238688468 3.98885892033577 -6.40246168933863 1.872131157692914 31.24758504675882 -3.1380099813130244 0.9790090918540955 
Cyclist -1.0 -1 1.6157950124822233 510.12240348946926 182.49172193012103 522.5796858231248 207.00471759441288 1.4 0.6568219073116779 1.7609166473150253 -5.584254912549537 1.9844775601403408 42.822895761171274 1.486123247942652 0.8789324760437012 
