Car -1.0 -1 -1.7297736332817968 692.9788574268958 177.30921565285166 806.2880527581221 264.60920770155724 1.5 1.5934359773993492 3.936186295747757 2.615410605885674 1.6026398475973942 14.579670780106815 -1.5522740418699128 0.9999998807907104 
Car -1.0 -1 -1.6938710233215408 648.9182025974516 178.86535897932114 696.026267122585 218.30117571757808 1.5 1.5154377117753028 3.3797512322664263 2.4745550088531707 1.7620133698732112 29.6847696048845 -1.6107022176173074 0.9999979734420776 
Car -1.0 -1 -1.734322052219739 668.6709605517427 178.12988463512937 746.121164313253 237.57427445382896 1.5 1.550159466266632 3.827738252282143 2.617680290503917 1.6643897858015868 20.48965941839954 -1.6072542230275018 0.9999961853027344 
Car -1.0 -1 3.3482578865976773 416.66794093680653 181.3167401988644 498.08188580873104 215.1861752634267 1.5 1.5623115494847297 3.4102054804563524 -7.00351362520183 1.8981392603837386 33.128310147164086 3.139919745918137 0.9999867677688599 
Car -1.0 -1 0.5929347991108649 0.0 182.81172165979552 309.5094272034605 307.3968545634577 1.5 1.5390193581581115 3.6972547441720964 -6.228030287032338 1.6441842083510918 9.61591599883203 0.018192692599024098 0.9999798536300659 
Car -1.0 -1 3.52921556044733 166.6622491640838 182.12029924913418 404.2002428097751 262.11901313466336 1.5 1.589817789196968 4.081586983799935 -6.46998145179766 1.6986310139709841 14.580362680943573 3.1115743994673313 0.9999583959579468 
Car -1.0 -1 -2.2653143398550584 861.0627413804542 167.23395052145972 1241.0 374.0 1.5 1.5849169835448265 3.7467299520969393 2.728230196249554 1.4869656153006732 3.6270013176262945 -1.6204067515817029 0.9999415874481201 
Car -1.0 -1 -2.4023725559752345 0.0 183.7660772522985 205.31196673836826 360.3646039173538 1.5 1.5976923078298568 3.8821043938398363 -6.386370082828536 1.6187942562630089 7.026787975007083 -3.140061453976904 0.9999386072158813 
Car -1.0 -1 0.1571028772174061 454.34131183402394 181.04340130059092 530.6826083303848 210.08724160432823 1.5 1.5911149352788925 3.8216552257537844 -6.266228452406591 1.9466905616323869 38.51847281707811 -0.004165486493383132 0.9999372959136963 
Car -1.0 -1 0.47361116767895006 107.33743687827649 182.29829088306923 370.4783685197975 279.55108220185286 1.5 1.5605083227157592 3.6014607667922975 -6.119215815096673 1.6686553733497411 12.067085629209899 0.004299922785486497 0.999932050704956 
Car -1.0 -1 -1.6548174496957169 636.742721531763 179.31151785354265 667.9255218212946 205.90736409143213 1.5 1.5638381734490394 3.674266350269318 2.477016909250534 1.9058838157384346 43.45152522847711 -1.5978726382043702 0.9999226331710815 
