Car -1.0 -1 -1.556309748490071 586.3299471473242 179.29271086290663 637.2055637125173 226.90106031062945 1.5 1.6363658502697944 3.3689117550849916 0.03766585659442715 1.737612203624988 24.887235276751067 -1.5547962887820346 0.9999997615814209 
Car -1.0 -1 -1.5288195788623682 595.603705161674 179.62004620387344 628.5768099621205 210.7504437241847 1.5 1.5627351149916648 3.4350095808506014 0.10931576222005043 1.866348912503433 37.276057755162526 -1.525886987396751 0.999991774559021 
Car -1.0 -1 -2.184327730026493 399.4287195405883 180.4239921293378 537.4152871674302 237.54103654150342 1.5 1.7389648154377937 4.585954409837723 -4.402787420136975 1.751611058028735 21.73841134686656 -2.384159521260534 0.9999475479125977 
Car -1.0 -1 -2.1622367003072918 359.01467789651264 180.77382711030884 492.3193903959472 245.23101758608104 1.5 1.5724625930190086 3.7601067245006563 -4.982198558338334 1.729875221697677 19.073286553803243 -2.417741016545568 0.9999332427978516 
Car -1.0 -1 -1.9603314662898117 90.75802771225669 180.9288438290754 371.06390298731355 347.2096713418673 1.5 1.5796909600496292 3.702668708562851 -4.6084959231073475 1.614988777869401 8.459668873844532 -2.459143356480871 0.999919056892395 
Car -1.0 -1 2.2465645558577565 0.0 184.13087305380878 140.2235950902062 252.94222612728043 1.5 1.6542556256055831 4.187942904233933 -14.327447170246822 1.8228723838870526 18.524892735409512 1.5882449030836643 0.9998443126678467 
Pedestrian -1.0 -1 -2.051913751858021 834.1914347815136 154.00762754064934 917.7240553089124 287.5019705863292 1.8 0.7076740756630897 1.0514528051018714 3.7146910630730057 1.5462387136737568 10.294781923167589 -1.7056214521315438 0.9998399019241333 
Pedestrian -1.0 -1 -1.549613967623504 209.56230038728202 175.9185066455589 231.3332697952907 224.42542051581552 1.8 0.7133889503777027 0.4293726317584515 -14.708757962531154 1.9172732379301176 27.17093834794265 -2.0457853237774715 0.9995822310447693 
Car -1.0 -1 2.15846646431009 119.44844947543679 183.5048888152603 230.29333709368186 233.86907066872016 1.5 1.4793448641896247 3.468936172127724 -14.391177272998831 1.8807968136943707 24.00218199933647 1.6183574080427707 0.9994633793830872 
Car -1.0 -1 -2.519524510674766 461.5250220472881 180.5765304347854 556.4987542081748 216.86219683686804 1.5 1.615532723069191 3.999081489443779 -4.556304084927316 1.862218107987614 32.16516320378164 -2.6602416793492183 0.9994561076164246 
Car -1.0 -1 -2.015291567068125 228.77479225407276 180.80866702575528 429.0516248338362 295.4928378168835 1.5 1.5702516332268714 3.5313128054142 -4.601951913793748 1.6462200821551152 11.454221452953073 -2.3973220745709285 0.9992392063140869 
Pedestrian -1.0 -1 -1.066660490496001 268.49556958832807 177.19113833609353 288.8503008575633 214.85028796578405 1.8 0.7118056088685989 0.5608808740973472 -16.044111029652978 2.0117574091468127 34.86067314817092 -1.4979933882739884 0.9976751208305359 
Car -1.0 -1 -0.9378102883529699 1207.5000215958303 169.19915024639332 1241.0 321.05012978211676 1.5 1.6380703568458557 4.1098813086748125 9.315495434082315 1.464254897016173 8.112203605854548 -0.08347673813370296 0.9953953623771667 
Car -1.0 -1 1.9620564959305309 204.43651163154098 181.8815567986583 345.07807163708003 251.43009134907814 1.5 1.6618434831500053 4.434019935131073 -8.374362830533236 1.7585457224628138 18.387657702912726 1.534692927202906 0.9549601674079895 
