Car -1.0 -1 1.921374877389583 314.3786057861678 181.91554248074624 391.1267176411386 221.57620940613194 1.5 1.6609823822975158 4.32784618139267 -10.78431390833096 1.9101012405905091 30.45134884283967 1.5810086607893528 0.9999991655349731 
Car -1.0 -1 2.0266266485316677 220.60302623892935 182.23228383942075 340.97949618281785 234.47541550943106 1.5 1.76272155046463 4.60800216794014 -10.753561159863828 1.8411180273744172 23.88272050478628 1.603552091117722 0.9999982118606567 
Car -1.0 -1 -1.5488458673618553 590.3574927905613 178.93075196359823 653.6470674843464 238.55439210638698 1.5 1.6276389852166175 3.5861799985170366 0.32692756819317786 1.6870664662573027 20.343827046383602 -1.5327771390464646 0.9999969005584717 
Car -1.0 -1 1.8680438222819111 376.08916465868754 181.65989174265957 430.16443305540895 213.37853633669081 1.5 1.5767619505524635 4.016981509327889 -10.647696145910805 1.9798847955105605 37.265713756933415 1.5897354960402073 0.9999840259552002 
Car -1.0 -1 -0.8046429861650819 658.3715696707026 178.92418644254778 720.8726949954892 205.817194804564 1.5 1.605151829123497 3.6526086300611498 4.717359976759389 1.8757638738430915 42.834300681597355 -0.6949545900013787 0.9999459981918335 
Car -1.0 -1 -0.9778961665008414 678.3637661302885 178.03681112342753 784.581034690925 225.8709745707368 1.5 1.642879892885685 4.0845370411872866 4.250917925997014 1.6954555994623033 25.112531992196555 -0.8102109591153008 0.9999148845672607 
Car -1.0 -1 -1.235438990800395 826.4763629826037 175.1740294291517 1020.5836996993072 294.4217970405335 1.5 1.571342770755291 3.7397059172391893 4.862234243599536 1.5420223403338265 11.051255753681673 -0.8209562460568292 0.9999109506607056 
Car -1.0 -1 1.7912310045241724 425.375246999718 180.72309721550107 498.8796856785288 215.8054991026242 1.5 2.118610826134682 6.808785212039948 -7.205629404390354 1.9283223486696306 35.811679273805325 1.5926732897718967 0.9997338652610779 
Car -1.0 -1 -1.0878675825011894 707.0463498899776 177.0656781499582 862.9204150112954 247.51099288668578 1.5 1.8236013621091842 4.626588013768196 4.43321840588148 1.6189436941152633 17.976798438506243 -0.8460841337826592 0.9995102882385254 
Car -1.0 -1 -1.3245457091225499 908.8633626125659 173.20110741385045 1208.5201195152779 374.0 1.5 1.608666081726551 3.878980365395546 4.577039860562499 1.5047436448938827 7.196500535911841 -0.7580688754704339 0.9994040727615356 
Car -1.0 -1 2.005777865051838 244.53069101658096 182.9649502515272 305.0972271687855 219.38949392858294 1.5 1.3356810927391052 2.902718868851662 -14.831545642180515 1.968718311534327 31.96864798561983 1.5713918089827121 0.99813312292099 
Car -1.0 -1 -1.61445621424387 1241.0 156.19153361474187 1241.0 374.0 1.5 1.5501682206988334 4.002317276597023 4.326312123235287 1.4669327354311164 3.325664301456242 -0.6990260640766961 0.8174782395362854 
