Car -1.0 -1 -1.718070596298209 661.695837035382 178.49180325580826 722.6527884391071 227.12008945822868 1.5 1.5401551991701126 3.4769854068756105 2.6656056765661167 1.7050759324825844 24.430594230310877 -1.60939117992786 0.9999983310699463 
Car -1.0 -1 -1.8290331752307645 723.8058151409906 176.39003286323899 894.1429992818366 298.16864872573916 1.5 1.5487593159079551 3.4190064787864687 2.698116512434364 1.5612417609618034 10.702657112622504 -1.5820810711619002 0.9999966621398926 
Car -1.0 -1 0.6278262496658573 0.0 182.69856055351502 328.47280079455817 313.05714377567233 1.5 1.6431401044130325 4.24508438706398 -6.146353482515407 1.640630560360715 9.35848743621239 0.04670803149672917 0.9999949932098389 
Car -1.0 -1 0.5287323915941757 94.13636210406207 182.2723505175445 371.3013546401695 281.7439279449892 1.5 1.5720531836152076 3.789661315083504 -6.159538785889466 1.6676353520578588 11.928743152313002 0.05208174785109929 0.9999895095825195 
Car -1.0 -1 0.2513818909557124 371.5830814174011 181.3493745355605 488.42335957709525 227.76289715956395 1.5 1.56598002910614 3.5575112819671633 -6.071204064780117 1.797098968127135 24.40397365111244 0.007552429041590013 0.9999867677688599 
Car -1.0 -1 0.1313705089984369 443.88405375510666 181.0970845943911 531.3172326988373 208.290538145856 1.5 1.7844819024205207 4.750173401832581 -6.993270766943061 1.9841501686866991 41.36743519097901 -0.03609867493179866 0.9999741315841675 
Car -1.0 -1 0.2985340962091432 319.3575490298359 181.51846700409183 466.2339404639542 239.24097761404946 1.5 1.5197862431406974 3.5616012781858446 -5.918718462162919 1.7468692773703869 19.752557892229476 0.007404728731836596 0.9999483823776245 
Car -1.0 -1 3.498245674918399 231.14963873937867 182.12355281106454 392.44844121835564 250.13612520589152 1.5 1.5261102959513664 3.1688882529735567 -6.963889990854772 1.7285971750065783 16.948053574473885 3.108381497856003 0.9999356269836426 
Car -1.0 -1 0.2434089810482973 359.25052602890264 181.3044207825913 490.3749533017583 233.08841005757938 1.5 1.5267260864377021 3.598485004901886 -5.604243231133822 1.766269318550418 21.92643478684636 -0.006826714673314771 0.9999208450317383 
Car -1.0 -1 3.569636036437517 161.56584702100318 182.31309142500783 375.22536562104045 262.91061528769495 1.5 1.5791280686855316 3.5243986666202547 -6.761203592265601 1.7000636143251953 14.423073581293934 3.131277430053574 0.9998816251754761 
Car -1.0 -1 0.24227258962751128 382.3703282961251 181.32845006447542 497.2687926527566 223.41286845839988 1.5 1.5754879012703895 3.8983682662248613 -6.316014248643641 1.8252568287537987 26.85043405173135 0.011243148646082201 0.999504566192627 
Car -1.0 -1 -0.19867364521885603 711.629341490878 178.14277169365778 808.0546600415604 216.17503676185117 1.5 1.5928432837128639 3.610772502422333 6.027205732365049 1.7223372238514736 29.47968340023065 0.0029998262736456774 0.9995052814483643 
Car -1.0 -1 -2.622512221909113 0.0 0.0 1241.0 374.0 1.5 1.5807712942361831 4.075644028186798 2.733672914548382 1.4644040637032951 1.4740103096717543 -1.5462334966894729 0.9060181975364685 
