Car -1.0 -1 -1.5393029111882397 594.5619141382243 179.49674841454367 632.2234526743329 215.22843696097465 1.5 1.600649070739746 3.5577184081077577 0.15987598991103102 1.818669914841622 32.76565070170674 -1.5344235720720631 0.9999978542327881 
Car -1.0 -1 -1.583243751544134 588.1625520046191 179.0013156074037 650.9235789416031 239.1112213153801 1.5 1.5960097804665565 3.3196239292621614 0.18916298831346523 1.6849791232212927 20.004885114255263 -1.5737881935809297 0.9999971389770508 
Car -1.0 -1 -1.9790713001183122 795.8034711721036 174.58539005434702 1163.5632038653102 361.5250936467299 1.5 1.8314695477485656 4.452643406391144 3.5063759822763796 1.5250437890932282 8.056485817898185 -1.5685728018314136 0.9999990463256836 
Car -1.0 -1 -1.7584379588220012 716.2418874529789 177.5194948981742 807.20811377651 242.41083476859143 1.5 1.5996579572558403 3.9161896824836733 3.8079730177367144 1.6354656185924907 18.925515768741533 -1.5598807326194388 0.9999969005584717 
Car -1.0 -1 -2.1619902505851294 261.6666553952831 180.88406089441267 454.1423704883615 275.29442548135523 1.5 1.6160354509949684 3.6623506367206575 -4.825818171101499 1.6699123190262661 13.494618702359567 -2.5054289261486873 0.9999810457229614 
Car -1.0 -1 -2.197692137440648 333.6962917097056 180.650105119003 497.83531033076906 255.9262075292154 1.5 1.5924945965409278 4.003363338112831 -4.599653940683683 1.7003402352880135 16.634287507272553 -2.4674676219609126 0.9999645948410034 
Pedestrian -1.0 -1 -1.2264447431649652 681.2719179339562 170.67871627478834 711.1420839799756 220.69591114321977 1.8 0.8631514877080917 0.8262345127761364 3.129575322920916 1.7220744938824788 26.525817437799617 -1.1090054074910027 0.9999632835388184 
Car -1.0 -1 -2.207511813526988 435.6857616886479 180.50454509940658 535.7964683452111 230.4207407903854 1.5 1.5339676782488822 3.420672428607941 -4.212611877900989 1.7726713809641212 23.945495715125144 -2.3816548744824275 0.9998867511749268 
Car -1.0 -1 -2.002493421968054 167.3481952846867 180.9635386242863 400.0664696532732 311.17541602290646 1.5 1.5936270847916603 3.7316235274076464 -4.830892807925301 1.6370823620374368 10.348606142699785 -2.439243034520422 0.9997773766517639 
Car -1.0 -1 2.210823240061421 0.0 183.367184464901 193.38820659383578 266.8512244561869 1.5 1.6374553114175796 4.174999755620957 -11.112837611785086 1.7582930215041097 15.595615050923879 1.591716277595383 0.9991487264633179 
Pedestrian -1.0 -1 -1.196016846246342 672.6400129561933 170.8106961384784 699.327010885047 220.61665349802533 1.8 0.7629883036017417 0.733095084130764 2.757975595103546 1.7265122633568504 26.57479639586724 -1.092605427899633 0.9990003705024719 
Car -1.0 -1 2.0746281101183044 199.19382429308624 182.9063474490249 295.6783183295343 224.52338805173156 1.5 1.6483091309666633 4.221912708878517 -14.568020153313071 1.9368025402902556 29.181579702705914 1.6116049170454563 0.9987442493438721 
Car -1.0 -1 -1.6688377461679327 700.5271600259629 178.1072068347144 760.2096489379732 224.0034685957732 1.5 1.7097747445106506 4.280680280923844 4.248427031282318 1.7075744487849727 26.269439986883636 -1.508500927188669 0.9975904226303101 
Car -1.0 -1 -2.2799561997009157 501.7896832728884 180.43607299378968 565.9730530407805 211.51118795063002 1.5 1.5029414117336273 3.314958003163338 -4.001663361444039 1.9103467501559739 37.33028479998865 -2.386744574704443 0.9972041845321655 
Pedestrian -1.0 -1 -1.1972793142753761 261.084673822209 176.85062022143828 283.7257598745259 216.8797575863587 1.8 0.729478944838047 0.7029532015323638 -15.42475829722977 1.98463673262675 32.89200392040861 -1.6357811550286157 0.5355623364448547 
