Car -1.0 -1 -1.531242390742581 587.4636934729086 179.25825701581007 638.5758505386602 226.9118988039174 1.5 1.6317926838994026 3.433240440487862 0.11919135096353595 1.7372078598973355 24.930951697160943 -1.5264615687218053 0.9999997615814209 
Pedestrian -1.0 -1 -0.9479155367506717 252.53786796937155 177.02555495149963 275.10307508035055 216.5559683506703 1.8 0.7312246158719062 0.5912117220461368 -16.00515085730887 1.9948409948782768 33.28163675167072 -1.3961670110609872 0.9999898672103882 
Car -1.0 -1 -1.545801536621224 595.3059589121206 179.61330407168816 627.6999943295187 210.65053115842284 1.5 1.5957305699586868 3.656965729594231 0.08178143923273441 1.8692266431047135 37.52354403221063 -1.5436220700528962 0.9999879598617554 
Pedestrian -1.0 -1 -1.9557441964986004 874.9434776662126 148.89759153271498 970.7252635345244 308.20778998595796 1.8 0.7193637572228908 1.0189198449254036 3.669179719091629 1.5296813308536532 8.664716382083077 -1.5551768141475064 0.9999771118164062 
Car -1.0 -1 1.9046873434876315 293.67514102493345 181.80729767076676 384.0732512542809 234.68264551259986 1.5 1.5711471930146217 3.6645977318286898 -8.55190365106816 1.8080310871676855 22.94253871622358 1.5478879650447028 0.9999747276306152 
Car -1.0 -1 2.306618247676736 0.0 184.422208873848 100.81907585292909 261.9003446810701 1.5 1.6668901339173317 4.28417683839798 -14.283301874963254 1.8041679569913107 16.780035686269553 1.601423251624924 0.9999600648880005 
Car -1.0 -1 -2.084281605074289 339.15500387968933 180.76726209428486 480.3564257999049 252.3444978969123 1.5 1.5890446051955223 3.848949682712555 -4.972757933685387 1.7129164822604015 17.460364478247318 -2.3617382208493094 0.9998866319656372 
Car -1.0 -1 -2.1892337979756755 383.18044067414354 180.43526702915912 531.3421233709029 243.0247021704584 1.5 1.708398063480854 4.479117926955223 -4.359958762391725 1.732414417219778 19.94513280204391 -2.4044460813191275 0.9998824596405029 
Car -1.0 -1 -1.9240777729325846 166.6304339697584 180.89661952060487 387.221033140108 320.94401660487887 1.5 1.5527941778302192 3.463244301080704 -4.6288911722783235 1.6280874990195158 9.692225924800663 -2.36963559786347 0.9998561143875122 
Pedestrian -1.0 -1 -1.4321453041390428 175.8935374891542 175.6875799143602 202.60056209657273 227.40482609309882 1.8 0.762813214957714 0.438253490999341 -14.90702758142087 1.9018608480337835 25.496017919071193 -1.961224393048559 0.9997736811637878 
Car -1.0 -1 -1.8493290189843399 0.0 181.00486091280615 305.47853431203407 374.0 1.5 1.5736330792307853 3.7712475776672365 -4.6060541571239275 1.5971012064311665 6.750810291011966 -2.4480743567135677 0.9996919631958008 
Car -1.0 -1 2.19694229856325 81.84054891720295 183.76024881149266 202.42793462898825 237.8751733668203 1.5 1.481466044485569 3.2978611558675768 -14.414723123352903 1.863915595151199 22.363335931610933 1.6243941664656223 0.9996867179870605 
Car -1.0 -1 2.016007943233535 162.7564317173014 182.08989566113485 320.16105037092825 258.3839168275485 1.5 1.6053632393479347 4.152844709157944 -8.393937751320538 1.7419538642307344 16.780508650658437 1.5521847446772712 0.9995427131652832 
Car -1.0 -1 -2.4519520950257494 454.4984619214666 180.57845710628695 551.4217378205949 219.20982743087364 1.5 1.5896281719207763 3.9177904397249224 -4.570217349202266 1.8436882032468016 30.378321216050196 -2.601275638737951 0.9994238615036011 
Car -1.0 -1 -2.6083596472226516 428.1922029612611 180.79412422627027 534.2472105250816 222.47765978978583 1.5 1.5126389011740684 3.786294397711754 -5.0104003199037415 1.8219182425345886 27.850654183468446 -2.7863580743458614 0.8565388917922974 
Pedestrian -1.0 -1 -1.5260667465617286 170.1914811659872 175.76445142279948 197.00444509497368 227.44244604677579 1.8 0.7992865078151226 0.45167715549468995 -15.143793641350758 1.9050330818770569 25.560202302624116 -2.0609351555493216 0.7495949864387512 
