Car -1.0 -1 2.1933555787404124 0.0 183.17906044520024 207.59494618631075 269.6351136839779 1.5 1.5771938979625701 4.053149607777596 -10.388379061061201 1.744871823788646 15.043826169969677 1.5890061736067356 0.9999990463256836 
Car -1.0 -1 2.036976482998195 188.33298906380784 181.8538840257768 342.9969238225848 265.6614705327619 1.5 1.5229711800813674 3.3984972655773165 -7.03088016970414 1.7089495020926917 15.000626712241544 1.5986761927565158 0.9999974966049194 
Car -1.0 -1 -1.5985238561445243 597.9695251040702 178.16855353114047 695.8378111836455 273.32913669935834 1.5 1.5688324838876724 3.357893463969231 0.563151716757453 1.6104215161985693 13.24986736061542 -1.5560469795626146 0.999992847442627 
Car -1.0 -1 1.9145927907260007 394.1853712104952 181.48361413685421 449.5281324461396 212.9410667082872 1.5 1.5697395920753479 3.87143814265728 -9.743910034336137 1.9727554120492412 37.497122951225904 1.6603581786116184 0.9999923706054688 
Car -1.0 -1 2.350185938728506 204.42668052628193 183.18122483018536 292.7273514890967 212.7113358749418 1.5 1.7496509969234466 4.5814263194799425 -20.362015524703974 2.1195649693260292 40.81051068338146 1.8873863100966037 0.9999029636383057 
Car -1.0 -1 -0.8784659683153263 690.2858444454012 178.317666014661 768.8027409736092 215.65910909505178 1.5 1.4883772030472755 3.4495166063308718 5.154615901206548 1.7492124932719295 31.16891916514765 -0.714572564759527 0.9998941421508789 
Car -1.0 -1 -0.9785499416304799 728.5232484207702 177.2884455553403 852.5286772397958 236.4947745265268 1.5 1.5724588677287101 3.753846001625061 5.1132794890575 1.6370163218321858 20.39318964208233 -0.7328799525883538 0.999855637550354 
Car -1.0 -1 2.2410078068524735 222.28860726027065 182.94431243422468 303.89859560525855 222.57814886225856 1.5 1.431772907078266 3.0871721476316454 -14.301781200734505 1.9406176196497875 29.81566962088559 1.7937533736189426 0.9998379945755005 
Car -1.0 -1 1.8823979518806455 345.53237705164605 181.65064510136796 417.33350802548415 220.07485202522375 1.5 1.6897367805242538 4.4629501670598986 -9.885872352443872 1.9107980544190275 31.426098300253894 1.5776235938032688 0.9996767044067383 
Car -1.0 -1 -0.8795278040652885 668.9459943053453 178.72260493758313 735.0724143537992 209.2138248104652 1.5 1.5423914909362793 3.5502857089042665 4.833242648690151 1.823520705970675 37.953257238929574 -0.7528623501446587 0.999212384223938 
Car -1.0 -1 1.9205934647630905 453.2861000422625 181.0961027489106 498.1649428817987 205.60327824754273 1.5 1.6055087119340896 4.127066817879677 -8.864809567204567 2.071015479482929 47.78632345378741 1.7371692538221897 0.9987307190895081 
Car -1.0 -1 1.8038610932886312 502.52140379733737 180.5821544606187 543.322215375385 206.96939243280437 1.5 1.6051108509302139 4.014751923084259 -5.3280497864010155 1.9974226312404058 44.320322004584355 1.6842183947523655 0.9938215017318726 
Car -1.0 -1 -1.6281893564963603 604.3080081194843 179.43448742368253 642.930296023316 214.01641493024712 1.5 1.5951108679175376 3.6070513099431993 0.5520053614010306 1.8256225209763732 33.82715335237967 -1.6118723946299893 0.9093480110168457 
