Car -1.0 -1 1.7373397030609046 447.0423978954443 179.93148544243064 538.7150815396408 245.52820586167678 1.5 1.68084507137537 4.429139059782028 -3.0249302474637045 1.7105161769343318 19.199457672474086 1.5810713648756565 0.9999998807907104 
Car -1.0 -1 1.747032835908378 493.62981960727154 179.99517893449058 560.8376408264722 228.68357215305204 1.5 1.6003186374902725 4.1745251536369326 -2.816453926064893 1.7688046603602043 24.986704382015205 1.6347885012587131 0.9999997615814209 
Car -1.0 -1 1.8743545617217419 345.2650128291278 179.8455797820019 513.357827558999 276.18979487839925 1.5 1.8099548786878585 4.578541827201843 -3.279648127332645 1.6580284703461439 13.920440748434771 1.6429746031721653 0.9999990463256836 
Car -1.0 -1 -1.8548733116675147 772.3613216566472 175.57101313979257 988.689659943136 318.2240287400191 1.5 1.5858294934034347 3.8182808578014376 3.255170055995396 1.5438264761941858 9.599547137154829 -1.5279451655831677 0.9999969005584717 
Car -1.0 -1 -2.21802368833419 903.9052714728186 166.49742468633838 1241.0 374.0 1.5 1.5951639533042907 3.979293864965439 3.0244930332775737 1.4850779791327422 3.745851363776071 -1.5387718389418465 0.999996542930603 
Car -1.0 -1 2.0176143920886194 139.17073832717583 179.83258757058067 443.19503102652374 352.9831358732503 1.5 1.5849523738026619 4.017225143313408 -3.387468039676717 1.602201945984637 8.47046951227251 1.6371812701185764 0.9999939203262329 
Car -1.0 -1 2.7793578253968105 807.0160619670845 176.7747818000662 945.4217584479524 225.94944176092432 1.5 1.606915195286274 3.810066220164299 8.354747242873545 1.6296811534613012 22.967682772794554 3.128238904472214 0.9999657869338989 
Car -1.0 -1 -3.4746531420345317 789.7225290938799 176.97190147582657 939.5246920740205 221.01453033870973 1.5 1.728924599289894 4.704813894629479 8.901251163693571 1.6514400657299126 25.601754864203805 -3.140045479932104 0.9999284744262695 
Car -1.0 -1 2.168183121756742 882.3488738429927 175.7860453028049 1014.1772644019562 235.02289141641077 1.5 1.4901482060551643 3.698957946896553 9.362171796156705 1.5881213084900019 20.009836998217807 2.6058049082716526 0.9993871450424194 
Car -1.0 -1 1.9691260962547532 1089.6034348618177 172.62830820054725 1241.0 283.1541624536577 1.5 1.5674975261092186 3.7009338408708574 9.382524199052071 1.497294901208968 11.340930719635193 2.6603021502455295 0.9991849064826965 
Car -1.0 -1 2.0304907188343035 926.9866033629735 175.1361299522073 1067.7406911450248 245.74946410373437 1.5 1.5104920163750648 3.5700103759765627 9.16348426571781 1.5596141127981573 17.081697559969907 2.5228717207869114 0.9988407492637634 
Car -1.0 -1 1.990279933193551 1004.4177436937863 173.9929086495073 1187.0991273898821 260.55984598395355 1.5 1.5871903419494628 3.777649861574173 9.564672424150036 1.5254488192723477 14.218554821595502 2.5824406027754367 0.9986944794654846 
