Car -1.0 -1 -1.7350918680485865 688.1622132930178 177.76923060298003 774.5163228508123 247.73083157554697 1.5 1.4952274531126022 3.3631986498832704 2.775357992177535 1.6303276326884348 17.39026023458784 -1.576833797679518 0.9999990463256836 
Car -1.0 -1 -0.21959472271772376 749.9882239736102 177.36167084067512 882.9131522032171 227.56898707564974 1.5 1.5866961821913719 3.744083133339882 6.341036635331623 1.6471887781342975 22.607335871664333 0.053864403567041676 0.9999955892562866 
Car -1.0 -1 0.482742750103883 155.3604049770304 181.9673441528701 404.7685097569787 272.7124152391667 1.5 1.5719363957643508 3.7929265320301058 -5.8801747266878195 1.6758624579951016 12.998203203145884 0.05790834029647282 0.9999945163726807 
Car -1.0 -1 3.3686020684391833 371.6956769023088 181.3561300646826 488.92293518109057 226.90927980063304 1.5 1.5714383244514465 3.662969034910202 -6.174245177169139 1.8031240880978716 24.876257452299686 3.125319826598984 0.9999938011169434 
Car -1.0 -1 0.35293211108787115 282.49305393029107 181.64187780985282 446.14091312992423 247.20052128189977 1.5 1.5444150686264038 3.4460099905729296 -5.940994744476612 1.7240071864190736 17.542797400021165 0.026397748789514817 0.9999878406524658 
Car -1.0 -1 0.39098963709695966 305.83004779394827 181.464199244691 473.97971833620574 239.56045523123265 1.5 1.6160756841301918 4.13962886929512 -6.0562165874750535 1.7501406034833236 19.92655592129449 0.09593407710524968 0.999984860420227 
Car -1.0 -1 -2.2578648161568204 880.1896765621334 168.1183448029918 1241.0 374.0 1.5 1.5511248752474784 3.2968735814094545 2.775778864478008 1.4871367820139596 3.6914360544684603 -1.6131162653353555 0.9999525547027588 
Car -1.0 -1 0.38185802952017855 247.34491752615375 181.5996134448121 446.6485786965704 258.2163197845141 1.5 1.5333343788981437 3.620431062579155 -5.473974085343811 1.6939829021210109 15.14236931692474 0.03497473796340398 0.9998693466186523 
Car -1.0 -1 -0.1476458350951189 688.5054987723772 178.60858947676178 767.9840742944401 207.92602669431358 1.5 1.651434090733528 3.938332062959671 6.160577225182837 1.811016953282239 38.0985880889778 0.012667461237634936 0.9998346567153931 
Car -1.0 -1 0.16361729344667572 426.1573638672031 181.14443414256536 521.7995367998443 213.85585541431863 1.5 1.6670994952321052 4.268684473633766 -6.467980764477535 1.9058870921670836 34.41083565819354 -0.02217836777237483 0.9997649788856506 
Car -1.0 -1 3.680768472008416 0.0 183.07127725154302 273.18334144814145 301.28942593728516 1.5 1.5384372815489769 3.3904346197843553 -6.849895781130753 1.6564472320813532 10.160595084513943 3.0875941395720066 0.9994418025016785 
Car -1.0 -1 3.8590035492656485 0.0 183.96204304733394 175.88484503808212 347.95373220932834 1.5 1.5398210406303405 3.548812356591225 -6.818342157148594 1.628416526200957 7.510754327634193 3.121889936920029 0.9993652701377869 
