Pedestrian -1.0 -1 -0.9173015682617969 851.9842171252923 159.0516743574898 891.414325922953 240.1931402350333 1.8 0.6493811056017875 0.5334360085427761 6.0302254131926984 1.3258151150862423 16.096543807545626 -0.5588565627720696 0.999997615814209 
Pedestrian -1.0 -1 2.423478227296471 701.2109699168303 168.1351505838314 728.1957309561587 209.14233158425026 1.8 0.6105718694627285 1.0480608351528644 4.879918518784855 1.258718161327211 31.5691179127795 2.5768432497938694 0.9999949932098389 
Pedestrian -1.0 -1 2.5992799929110477 694.8963423300253 168.32148648933313 718.1544997279032 208.9871605493996 1.8 0.5423339575529098 0.8787004768848419 4.533754781352677 1.2624055960231624 31.712353407558115 2.741282689567429 0.9999860525131226 
Pedestrian -1.0 -1 -1.1760537007266556 667.4286057329423 156.02847734344283 723.0666128124774 267.26535467444575 1.8 0.6203141555190086 0.9551024556159973 1.4983270205017323 1.4056628025708324 12.004771580119245 -1.0518848458912713 0.9999529123306274 
Pedestrian -1.0 -1 2.6935341285173733 719.2012217048175 167.62771049236198 746.6652300918245 210.28920114820644 1.8 0.6058612398803234 0.9913662008941173 5.450314830323179 1.25836579346778 30.251372963094372 2.871789324279648 0.9999099969863892 
Cyclist -1.0 -1 -1.189259595661101 480.14643301366453 180.7276588909324 517.1492461821281 224.5350546933422 1.4 0.5887725882232189 1.8135631948709487 -3.551708995463171 1.4094216693088761 23.550705152026907 -1.3389427522805077 0.9998692274093628 
Pedestrian -1.0 -1 1.9506274235317058 669.2941477963191 167.84751624937743 694.2401165108379 212.91470363622363 1.8 0.7381755419075489 0.8780205182731151 3.1077380112851904 1.2961514313021736 28.795564790514323 2.058135497566086 0.9994864463806152 
Pedestrian -1.0 -1 -1.2101763350792933 659.409447847421 168.66577861495455 679.3654070682989 210.1185701407657 1.8 0.7106731206178665 0.5962142281234264 2.815999501576774 1.2875971739000291 31.12029624205808 -1.1199345449593407 0.998859167098999 
Pedestrian -1.0 -1 -1.2276902902682263 698.8143355971321 155.6333941012578 746.1479494380998 267.08609297227366 1.8 0.4932822220027447 0.9766328640282154 1.9535921611721645 1.400049089309784 11.960800999145102 -1.0657870332386834 0.9995749592781067 
Cyclist -1.0 -1 -1.9124846812464305 819.4511060382704 178.81758702158987 881.6972322320034 270.3967322178663 1.4 0.4231910713016987 1.668085765838623 3.962908288603061 1.3759395675811126 11.6407459589879 -1.58435699908552 0.9965872764587402 
Pedestrian -1.0 -1 -0.8479081253461165 672.543301226223 168.47882898052734 692.1349837155692 210.03647573266323 1.8 0.6512999095022678 0.554400172829628 3.3757018623049673 1.2807970615867603 31.047078960897146 -0.7396050850537164 0.8199653029441833 
Pedestrian -1.0 -1 -1.0538691536323364 875.8387076862786 158.43027442959527 921.1226683097057 240.8533732926972 1.8 0.6023679420351982 0.8501612141728401 6.577293756437832 1.319645327676717 15.934862502229231 -0.6624103347447259 0.5199587941169739 
