Car -1.0 -1 1.9858174935093167 238.0569097481233 181.0968310359032 404.25005237993395 268.3142339718076 1.5 1.6198432564735412 4.16123369038105 -5.789889160710145 1.6950081503798724 14.921150367155738 1.6156704306562961 0.9999997615814209 
Car -1.0 -1 -1.9364198582053183 767.8478530027082 175.38940438585922 1021.2972387368096 328.09609704555606 1.5 1.5772855401039123 3.891064089536667 3.2046205418423024 1.5393124934826523 9.116596654140105 -1.5983960042384011 0.9999997615814209 
Car -1.0 -1 -1.7544922555113216 663.4290021791572 178.6464025729596 718.7263745346252 217.7777732831017 1.5 1.6017476588487625 3.912574660778046 3.2869924179202243 1.7594642999613541 30.262054047704968 -1.6462987820294244 0.9999997615814209 
Car -1.0 -1 -1.7836785064727463 716.5859801426117 177.06102236703842 839.6594765499921 263.33678958151626 1.5 1.5857484683394432 4.004662346839905 3.2136803371222316 1.5980069975814235 14.741131039726241 -1.5690293012328935 0.9999992847442627 
Car -1.0 -1 2.241309221555127 0.0 181.82484889289083 226.2424988461192 374.0 1.5 1.6092688336968421 4.051246729493141 -5.9187207292137956 1.6186095601086457 7.481786426586278 1.5720286250074924 0.9999901056289673 
Car -1.0 -1 1.4509558153153235 679.6651267713858 178.29570797139476 740.4615899218863 226.94285631890494 1.5 1.590377141535282 3.7803935378789904 3.2829830856926376 1.7000197687461052 24.570868289351555 1.5837819457014621 0.9999852180480957 
Car -1.0 -1 -3.77542663284227 1000.3365104100423 173.1370540489131 1241.0 280.78700670241676 1.5 1.6115176051855087 3.86070893406868 8.206188095131532 1.5049542335702 10.884747174354848 -3.12942381302384 0.9999710321426392 
Car -1.0 -1 1.839571423559943 365.57551057485307 180.97032514945363 455.11598997632433 239.92480779365232 1.5 1.5426332622766494 3.7053565055131914 -5.66649691057149 1.7543187439955696 20.720186383536934 1.572621572013718 0.9999265670776367 
Car -1.0 -1 -1.6782618984242066 650.4759895923833 179.08490021033884 687.0255597507754 208.9686633360274 1.5 1.5782809376716613 3.524356570839882 3.0745408616231407 1.8503461189359882 38.74210070738935 -1.5990687022593362 0.9998444318771362 
Car -1.0 -1 1.652634822022405 506.3822644480587 180.64558477158533 536.6464843332503 206.3910294151925 1.5 1.5814995884895324 3.6774570614099504 -5.5164811480988085 2.006895371630513 45.03613727608024 1.5307518680903571 0.9997425675392151 
Car -1.0 -1 2.2765472597473466 1165.3057279266052 169.9005062349828 1241.0 319.73994196777664 1.5 1.6269809126853942 3.8268330067396166 8.703460039503852 1.4707913014784892 8.118945396577619 3.096677649017197 0.9996143579483032 
Car -1.0 -1 1.8298035647676012 444.51244705614306 180.70142888250064 508.52039081065436 220.57406959121252 1.5 1.6188737496733665 4.130424049496651 -5.521564818847576 1.850811297537094 30.09823850162438 1.6483695387800754 0.9988654851913452 
