Pedestrian -1.0 -1 -2.435627965179295 420.37817998952625 156.38650083976887 497.21094535111587 283.9441363323727 1.8 0.6363568387925624 0.9221927754580974 -2.210117360604102 1.4613948760943296 10.472157882070093 -2.643622712292944 0.9999957084655762 
Car -1.0 -1 -2.181070727830384 959.4756278561351 170.463287302868 1068.8238740375737 217.88675197045413 1.5 1.617952112853527 3.2893332213163378 13.781219997902275 1.1840908459316546 24.06983176883687 -1.6610784540560586 0.9999940395355225 
Car -1.0 -1 -2.2376165737589764 1034.0249531893223 169.38292465407656 1151.3899509943556 217.34830923100304 1.5 1.5570156767964363 3.2606987774372103 16.249877532404412 1.1538942227103213 23.785379838658727 -1.6382634128120286 0.9999935626983643 
Pedestrian -1.0 -1 -1.2419643718348354 163.48468559190493 172.03967144062585 192.7834611614357 230.91748345675188 1.8 0.6035034105181694 0.6516629390418529 -13.305087914830409 1.5429108003772831 21.993538675626024 -1.7860188494112832 0.9999853372573853 
Car -1.0 -1 0.8911003986647302 1099.497617238185 168.26202578038098 1223.0 215.52986692684607 1.5 1.635170590877533 3.827541929483414 19.184281155643138 1.1131900173745668 24.35642353317188 1.5582639416072028 0.9999645948410034 
Pedestrian -1.0 -1 -1.0447625082336376 239.03897178461764 168.10321282348042 286.5271846265885 243.30039331369485 1.8 0.6326354600489139 1.0154315762221813 -8.469643331364347 1.504859275493933 17.44946028518172 -1.4966469864037377 0.9999645948410034 
Pedestrian -1.0 -1 2.884181414286845 116.84699460721444 168.38674291010489 165.99289404267836 251.26553015724716 1.8 0.6244574233889579 0.7882625356316566 -10.434213252635807 1.5385353235088814 15.852917986618184 2.302071082588059 0.9999574422836304 
Pedestrian -1.0 -1 -1.222678479074229 148.5260736443214 172.3493884759328 178.2867884174631 230.5524663179928 1.8 0.6048325940966606 0.6659950621426105 -13.923097713340152 1.5494883932970689 22.250321309639144 -1.7818156192686898 0.9998917579650879 
Pedestrian -1.0 -1 1.9709776988988088 268.8471070802702 172.05104065717512 291.824638259771 223.1669844772342 1.8 0.5501658216118812 0.613356989622116 -11.600008595506916 1.5040053259573187 25.20818017534503 1.5396999557826179 0.9998823404312134 
Pedestrian -1.0 -1 1.7473425627767967 244.03257809557735 172.57402737080452 264.70193305689116 222.62901397524493 1.8 0.5844762109220027 0.5754613809287548 -12.80827759125179 1.5165010028962957 25.77903738849932 1.2862192829463142 0.9998608827590942 
Car -1.0 -1 -1.593297624415505 604.1436792616354 176.0615603125057 637.3834506534442 206.04785659468558 1.5 1.6538138061761856 4.51649711728096 0.7743005177135 1.2794062565684872 37.62347616656536 -1.572720279977892 0.9998393058776855 
Pedestrian -1.0 -1 3.5899837021408896 226.02565365504918 174.37323646387168 239.54490618558117 215.65568500452605 1.8 0.48454287722706796 0.35118661150336267 -16.377885955121325 1.5343325403746375 31.072378884328888 3.1049010634382785 0.9997629523277283 
Pedestrian -1.0 -1 -1.4580292251114548 186.99801475113242 171.27768977435224 217.17077094664498 232.8021431996568 1.8 0.6933258406817913 0.8905184015631675 -12.12032250818041 1.5317528701644518 21.226900422012992 -1.9768437604096276 0.9997064471244812 
Car -1.0 -1 2.4808198075818972 1026.832975545778 169.23957544727546 1210.13646999762 226.71909243724883 1.5 1.5899668008089065 3.9009156197309496 13.90025029385579 1.2077328589550498 19.31279073236718 3.104673731323105 0.9996984004974365 
Car -1.0 -1 -1.4499931662536474 521.9637335275381 176.6264875331945 587.1794623578239 226.54486722218394 1.5 1.6477644935250282 4.25244705080986 -1.6039528815967323 1.385166248594321 23.407628734534054 -1.5184088769045216 0.9995940327644348 
Pedestrian -1.0 -1 1.9498504564742685 270.83313651879286 171.96179055512775 295.57932111561905 223.37819235528028 1.8 0.5890795521438121 0.6858069010078907 -11.449463836858028 1.5026207995353547 25.10447599335267 1.521958037218775 0.9995729327201843 
Pedestrian -1.0 -1 2.7252351716395515 103.67680433165395 168.68036111142612 155.38478244540414 250.75421082360808 1.8 0.5889190852642059 0.8014989577233791 -10.794260139759693 1.5423932296523033 15.997629810056962 2.13166331052385 0.9990952014923096 
Pedestrian -1.0 -1 -1.392491057445506 163.06202964466334 171.42355478287624 195.7263166948066 233.8349289686868 1.8 0.6769072756171226 0.9291046790778636 -12.629168311366136 1.5397967899676466 20.94161995196015 -1.935161546864782 0.998784601688385 
Pedestrian -1.0 -1 1.696245646344125 230.138609446874 172.80964213683208 248.7495854158339 222.63608024361875 1.8 0.5289204910397529 0.6654977358877658 -13.435955182478736 1.5237042275301687 25.941044010242276 1.218347712359156 0.9954270124435425 
Pedestrian -1.0 -1 1.4391152603540822 221.88096140682896 172.8650307040432 242.60407409970628 222.94190136020566 1.8 0.5808901533484458 0.7167805477976799 -13.670045324203656 1.5270857023612587 25.87010330770192 0.9529980858180183 0.9861952066421509 
Pedestrian -1.0 -1 -1.4555144520640797 197.03658444061443 171.19153194532004 228.72356282954175 232.4092178676879 1.8 0.7286393575370311 1.0167865574359893 -11.886361325201205 1.527866516872257 21.393572216736604 -1.9626502255585534 0.8330536484718323 
Pedestrian -1.0 -1 1.8471058804889087 254.24653740576227 172.34852469330036 276.56751190226964 222.8728780951257 1.8 0.5839813061058521 0.6088498540222644 -12.288311269757829 1.5111171904803555 25.534588938931105 1.3985771377894538 0.8306171894073486 
Pedestrian -1.0 -1 -1.4177926831598755 206.12232411430836 171.22960396808864 234.73485901709145 231.61316288845646 1.8 0.662836667895317 0.735479363054037 -11.73637287784814 1.525217907752432 21.53012001294974 -1.9168770174172265 0.7279991507530212 
