Car -1.0 -1 1.723989468700828 470.07421784507346 180.05979611218734 543.2616156267677 235.1710824364834 1.5 1.611722868680954 4.177233812212944 -3.132596963445927 1.7438959937056937 22.284124622820276 1.5843293547590793 0.9999998807907104 
Car -1.0 -1 1.9304139520904147 255.6816630869409 180.1650600753654 455.6296037650165 302.6567528978322 1.5 1.5734073266386985 3.8671216487884523 -3.678246235897536 1.6320173373273075 11.02904659002838 1.6085085749586643 0.9999980926513672 
Car -1.0 -1 1.8118570971957138 420.36182373638997 180.13966087880056 518.9468409223072 251.91665700619964 1.5 1.4983999103307724 3.564313289523125 -3.289066726987202 1.6930818840512545 17.264525430644756 1.6236028552015842 0.9999978542327881 
Car -1.0 -1 -1.5642741412275374 674.6448752438198 178.19992827741612 733.5986796881272 233.7122591371938 1.5 1.6182518124580383 3.658799317479134 2.7985094116278675 1.676021363124268 21.78523704815875 -1.436514840522085 0.9999970197677612 
Car -1.0 -1 1.6979534948349015 506.6649077657809 180.3017780055127 551.8330486450761 216.85436773683227 1.5 1.5411852419376373 3.789561477303505 -3.5953850876008118 1.8533821047307575 32.291044011040604 1.5870671153029026 0.9999715089797974 
Car -1.0 -1 -1.19166533029047 690.7923829080298 178.15287013105808 765.0601587332764 223.40983103882556 1.5 1.5072757869958877 3.4068553268909456 4.292624293853061 1.7063073371815847 26.192885444461073 -1.0292242328312737 0.9998524188995361 
Car -1.0 -1 -0.9850362589699064 726.830140759642 177.94027834071701 801.9812359490053 216.89451944757258 1.5 1.5231883645057678 3.212620180845261 6.38432163290153 1.722797082706517 29.88462745126871 -0.7745677391674859 0.9989309906959534 
Car -1.0 -1 1.1140734107905057 860.5903153487492 174.6291482347599 1149.7685406659953 310.08639149274967 1.5 1.6890608265995979 4.4849036753177645 5.135320961975569 1.5312188157729223 10.293686629741217 1.5768251299818576 0.9978675842285156 
Car -1.0 -1 2.2916287480464756 0.0 180.09136622719402 314.05259614147474 374.0 1.5 1.5906041979789733 3.983677414059639 -3.867079491599112 1.5718612641645968 5.082979102994123 1.641257750984055 0.9973745346069336 
Car -1.0 -1 -0.3498716430166535 830.5573724914908 175.6139183500022 1067.713025920831 256.4093547388563 1.5 1.5552802503108978 3.986959767341614 6.559406459585487 1.5589578057404745 14.386880840907118 0.0779024799677985 0.9955686926841736 
Car -1.0 -1 1.4614284910670021 523.5369018042219 180.25783191768485 563.5236403893441 211.83522591141306 1.5 1.6225912168622016 4.0420571833848955 -3.534797023907188 1.9063559073888967 37.42035297694705 1.3672460754725593 0.995008111000061 
