Car -1.0 -1 1.986154205322773 238.8376604109716 182.0954603301789 347.61663623941513 245.76388596245963 1.5 1.4782013863325119 3.146769341826439 -8.286156804930318 1.7643380449250126 19.03096923803387 1.575504529472214 0.9999997615814209 
Car -1.0 -1 -1.5867390354299096 588.2586242015747 179.16495405787654 643.6508411783418 232.14137863410636 1.5 1.6002830609679222 3.3645159125328066 0.10635367949746927 1.7121563911329014 22.52127057792676 -1.5820167046648008 0.9999994039535522 
Car -1.0 -1 2.332353790940735 0.0 183.07045292792284 185.7768527466013 306.1218368365162 1.5 1.4915630713105201 3.3715041846036913 -8.28991833839612 1.67877516894814 10.841258900739275 1.6795337080915989 0.9999979734420776 
Car -1.0 -1 -1.541573508541181 595.7829156064245 179.59074392772132 629.750313422359 211.7933474031697 1.5 1.6007720053195953 3.4336304783821108 0.14029683548002694 1.8534980903587819 36.07791695541345 -1.5376848104086263 0.9999973773956299 
Pedestrian -1.0 -1 -1.7089756008658632 697.8373550938386 170.51079871256243 722.994608390715 220.61564119550573 1.8 0.7675303637981414 1.0986793346703052 3.6307150197361038 1.7161790506241623 26.46831129002782 -1.572654224643719 0.9999958276748657 
Car -1.0 -1 -1.8795049479208255 756.4601979828334 176.46044664800843 913.1997100152173 269.4938150283737 1.5 1.6460581243038177 4.092528533935547 4.0472295605844515 1.579957324226696 13.856791574483978 -1.595334083833967 0.9999728202819824 
Car -1.0 -1 -1.9970187620885462 41.48284470165604 180.75677541749278 376.47909431799854 374.0 1.5 1.5547631800174713 3.690897536277771 -4.24761877977006 1.599639016477651 7.355888196072592 -2.52068837086228 0.9999643564224243 
Car -1.0 -1 -2.2601107037807555 490.9050267905023 180.3970609295189 571.5685508015025 210.47441592258818 1.5 1.7811375230550766 4.714036968350411 -4.393671565615491 1.9361833812883378 39.40589236738825 -2.371149913468633 0.9999366998672485 
Car -1.0 -1 2.042654351961427 113.31448531023513 182.42679288905012 279.83489726809916 266.89530396911863 1.5 1.5058277666568756 3.655851495265961 -8.483066577638242 1.7252051112162086 15.088048858906925 1.5304643352839606 0.9999271631240845 
Car -1.0 -1 -0.5103436281955922 930.0550316754378 175.29040476120602 1128.4620454719957 219.2730958576229 1.5 2.2384975597262384 5.804114279150963 14.838054836464337 1.5916382406942697 25.880961240025673 0.010226651034082688 0.9998494386672974 
Car -1.0 -1 -2.104447930132491 368.67282388864334 180.69445234940613 494.1470176724591 246.9541972628451 1.5 1.5351821228861808 3.531732273101807 -4.702472389193324 1.7214498919996168 18.549953047667557 -2.352720991769109 0.9997860789299011 
Car -1.0 -1 -0.5042659267509 809.8099470882147 176.81665687890552 940.3449522484988 221.12908744641763 1.5 1.6654519855976104 4.079573091864586 9.37590630637231 1.6481145665180246 25.763349700833626 -0.15524073044327327 0.9997139573097229 
Car -1.0 -1 -1.9990702411041423 830.0166129528563 174.63664056272503 1122.2181222487027 336.1456892794652 1.5 1.5964242190122604 3.7192946791648867 3.9337585538934636 1.526207277987272 8.599767876649064 -1.570057929903504 0.9994518160820007 
Car -1.0 -1 -2.0938370431282785 320.86615714595365 180.80544700978015 467.1468343950471 261.6567284731025 1.5 1.516439814865589 3.33241545855999 -4.72231551915486 1.6888077033980773 15.406977525595254 -2.3912509838726863 0.9991790652275085 
Car -1.0 -1 -2.205708305948878 437.7149782895789 180.56345152746803 534.922136807444 226.22334680786142 1.5 1.5389489501714706 3.759293493628502 -4.5822943639703695 1.7999552278823923 26.18212558173623 -2.3789696256306514 0.998675525188446 
Car -1.0 -1 -2.4877213622427274 1051.839770775889 157.97592282097534 1241.0 374.0 1.5 1.5710719421505928 3.8139554232358934 4.028015448724802 1.470635454790031 3.3784098907243223 -1.6148386942830426 0.998149037361145 
Car -1.0 -1 1.9527571195156297 288.67378498235155 182.40881994998514 355.4869905500155 215.9010107886595 1.5 1.6229382276535034 4.166079920530319 -14.14406470718007 1.9992933647767994 35.58866152090205 1.574466693397385 0.5340620279312134 
