Car -1.0 -1 1.8785325267303157 303.6050907918473 179.91796164537394 489.5997314190682 289.6419012397072 1.5 1.7429687574505806 4.441219058632851 -3.439360543807588 1.6438502268637352 12.402563697266539 1.608019578452927 0.9999998807907104 
Car -1.0 -1 1.7611183809558841 426.33527954945356 180.04333689322735 523.1871869438125 250.7668509853833 1.5 1.5849680200219154 4.086996477842331 -3.2433116093059704 1.697869091878677 17.768769851617076 1.580577123161179 0.9999996423721313 
Car -1.0 -1 -1.9026502658741444 782.5645798551058 175.0098657235477 1056.8329106630094 350.2399449090856 1.5 1.568779957294464 3.7451701730489733 3.0694302261348603 1.5302763114552551 8.115452410973436 -1.5410591634598119 0.9999995231628418 
Car -1.0 -1 1.768252290626703 472.1854371434485 180.0465196733561 549.5383150740445 232.82998196149876 1.5 1.6558511674404144 4.294974964857102 -3.1348000231994844 1.754497615032398 23.29616842275002 1.6344928622206272 0.9999876022338867 
Car -1.0 -1 2.7676953557909956 800.5376051275404 176.73707401009625 948.9175500357636 229.2400963879759 1.5 1.603923787176609 3.8478339582681658 7.799239454168263 1.6211695036548768 21.591892510633084 3.1143230080565036 0.9999860525131226 
Car -1.0 -1 2.0697784802430963 0.0 179.80125999711848 402.56428599334686 374.0 1.5 1.5819734454154968 4.069643330574036 -3.4698922553926717 1.586552458919816 6.889954452785173 1.6032421469648899 0.9999849796295166 
Car -1.0 -1 -3.4644254975951956 785.2558799758356 176.880662364614 953.7787338297699 223.3776206071757 1.5 1.8046087145805358 5.045823243260384 8.615400068987425 1.6417147350937715 24.382401103886615 -3.1247738162663325 0.9999845027923584 
Car -1.0 -1 1.973251421139581 947.8284039570416 174.7838069629546 1098.4520167468208 252.72070663949467 1.5 1.5254481256008148 3.6730150252580644 8.985103603372558 1.5469102126696357 15.686004190496263 2.4934384703596653 0.9998509883880615 
Car -1.0 -1 2.1598336417986475 891.2665596300292 175.5808059798065 1032.2099424293176 240.08496003385102 1.5 1.5206888809800148 3.5648616522550585 8.977399705647086 1.5760272039167196 18.4638769425482 2.6123919367750705 0.9996511936187744 
Car -1.0 -1 -2.5155023731119392 989.2065241682153 61.0324948171471 1241.0 374.0 1.5 1.6114309921860694 4.021995005011559 2.990618780789359 1.4694560941011745 2.2170480685869265 -1.5826379536327464 0.9985697269439697 
Car -1.0 -1 1.9436903965653396 1142.2940368954296 171.5309806719478 1241.0 300.6288964300718 1.5 1.5136084079742431 3.5497064262628557 9.061579040814458 1.4849856042119653 9.838894910382434 2.687984931465012 0.9982666969299316 
Car -1.0 -1 1.968919599410468 1034.770277986343 173.4827665598575 1238.6220121730714 271.0204331805308 1.5 1.5605494871735572 3.8082341223955156 9.313123760103384 1.512923762054573 12.766018276113922 2.5991871237715305 0.9954509139060974 
