Pedestrian -1.0 -1 -1.425129869747598 612.5517267904956 168.94181443553694 645.8046855129854 226.76407654254888 1.8 0.9406535446643829 0.8927857063710689 0.8656357051344489 1.4101747653300836 22.883778261708247 -1.3873204151776177 0.9999991655349731 
Pedestrian -1.0 -1 1.986028025076481 445.1467503972726 170.59025083998085 475.15171015521133 229.70150310312036 1.8 0.6557191282510757 0.7844144038856029 -4.412418770474743 1.4689044710027588 22.325772966498782 1.7909047484358371 0.9999942779541016 
Pedestrian -1.0 -1 -1.6570313415316447 745.758565606632 166.92011452367248 774.6918754059669 228.07186836274732 1.8 0.7751126334071159 0.8794318445026874 4.743383469712742 1.371971765114879 21.627691746570235 -1.4411298195507867 0.9999854564666748 
Pedestrian -1.0 -1 -1.699327689099798 714.7614840708744 165.5152062171305 749.4182269610025 236.50121485845264 1.8 0.7800720192492008 0.8514699086546897 3.350538076396569 1.3958518581912889 18.656673531382395 -1.521632635095392 0.9999759197235107 
Car -1.0 -1 1.7234716643266172 550.9820861233735 179.357213513175 588.9425347094328 206.90005708697336 1.5 1.5830399960279464 4.023314502835274 -1.7546728323714746 1.3841273041626274 41.20480570446712 1.6809131979902805 0.9999451637268066 
Pedestrian -1.0 -1 1.8353570467577864 233.02666319932894 124.22461810508888 386.0202574360014 373.0 1.8 0.6578727185726165 0.8347192339599132 -1.7582546128080998 1.493675104958542 4.311569040799299 1.448145314058985 0.9999901056289673 
Pedestrian -1.0 -1 -1.5144181279041415 632.5571814763829 162.78185135119708 673.2964196269626 254.25730203621464 1.8 0.7799696668982505 0.9347273528575897 1.0232937258628085 1.4329246620426799 14.645070054566489 -1.4446585933354241 0.9999157190322876 
Pedestrian -1.0 -1 -2.322304977328723 270.23717557311284 166.40148562423056 328.6016449923726 259.8486571599306 1.8 0.6719941765069961 0.8514939367771148 -6.052882105442146 1.5104235169382558 14.31431759665207 -2.722357467808996 0.9999123811721802 
Pedestrian -1.0 -1 -1.5588113077003483 668.5821598179302 162.21491627466511 705.8523592669767 254.76892650971152 1.8 0.7220017284154892 0.9280798517167568 1.6926841156945023 1.4261938467622506 14.474084792438706 -1.4423942575838906 0.9998824596405029 
Pedestrian -1.0 -1 1.9738203149120956 258.76003435587216 129.20240452242803 401.2224051662892 373.0 1.8 0.6145403280854225 0.7537981055676937 -1.7653426651529356 1.492822887630849 4.624499803815863 1.6091563582380832 0.9993096590042114 
Pedestrian -1.0 -1 2.600021055271558 468.7368383170843 170.1220022001749 502.9236916697333 230.2909499037246 1.8 0.6881244972348213 0.7925558395683765 -3.5697507745720856 1.4607428887028369 22.005561840459933 2.439201581474167 0.9989521503448486 
Pedestrian -1.0 -1 -1.6508080472571593 706.1708859420594 164.57414941558469 738.3148058724277 241.50931772850737 1.8 0.6888654574751853 0.9097705155611038 2.8621712412125655 1.4052013044180895 17.28598607993409 -1.4867192367699487 0.9959143996238708 
Pedestrian -1.0 -1 1.761439647851337 445.24479113509585 170.75320153851646 470.38866234932647 229.07454238281076 1.8 0.6183652698993682 0.9041893787682056 -4.542283736267376 1.4694291245296087 22.622114133470667 1.5632850368830817 0.9953204989433289 
Pedestrian -1.0 -1 2.2226790482786773 455.0346571098756 170.21691320965274 492.1315946504639 230.6059340810713 1.8 0.7948062874376773 0.7990427806973457 -3.9297479751929205 1.4648136454909184 21.945599362194233 2.045489299293381 0.9874807000160217 
Pedestrian -1.0 -1 1.7758679690484802 165.40250002917534 118.8332648525678 317.98024326774765 373.0 1.8 0.6173435159027576 0.6760751388967037 -1.9613959090653152 1.497116970490938 3.8920553482845976 1.3090664585444587 0.9483119249343872 
Pedestrian -1.0 -1 1.9053929935376643 0.0 110.15051204283333 101.02948929000537 373.0 1.8 0.506400366127491 0.6125820361077785 -2.7688028500897297 1.507509214953276 3.332308671044725 1.2120947082850593 0.8741052746772766 
