Car -1.0 -1 -1.549294077393483 587.9868797937974 179.27582072514136 638.9050508698552 227.5816127776665 1.5 1.6131338223814964 3.1827481955289842 0.10347755435041511 1.7322701182146247 24.44266926228131 -1.5450606225666148 1.0 
Car -1.0 -1 2.1549166461249936 0.0 182.8179044783689 218.03508896058983 289.49459468211205 1.5 1.5456289544701576 3.772117805480957 -8.556101581020224 1.6978707683863996 12.399118872894462 1.5508949001643317 0.9999995231628418 
Car -1.0 -1 -1.5199613679159867 593.1506635631802 179.630362000801 627.7078945502755 210.7911370698655 1.5 1.612495493888855 3.496329349279404 0.02593349454240536 1.8674276590945973 37.294985606857 -1.519266006597553 0.999992847442627 
Car -1.0 -1 -2.3193096153224864 373.5073977332046 180.5912350775684 524.9358961870894 242.34760829994877 1.5 1.6268028438091278 4.207589712738991 -4.5240796446252 1.7330995181242106 19.8447949032755 -2.543452099957739 0.9999847412109375 
Car -1.0 -1 -2.1930641173286722 332.3684480265494 180.75991712935544 488.2917618349903 253.61821595436828 1.5 1.577022348344326 3.8781097650527956 -4.838543323647821 1.7074474902099286 17.07279421597562 -2.46922899881867 0.9999516010284424 
Car -1.0 -1 -1.9286989224281763 143.76101984869993 180.46814242800906 426.80564087703766 337.43186692477497 1.5 1.7696239545941352 4.580313202738762 -4.444699294310684 1.622425489189476 9.336703074392826 -2.373000280061041 0.9999021291732788 
Car -1.0 -1 -1.7476491711345408 0.0 181.25263555104257 251.903306268289 374.0 1.5 1.5821293488144874 3.8558422148227693 -4.985770217654299 1.6012875518829293 6.767531751096346 -2.3825962106373653 0.9998685121536255 
Car -1.0 -1 -2.4544757429506996 496.4494528162319 180.5491334031183 563.4504445521438 208.61348203368 1.5 1.5459301441907882 3.636053439974785 -4.61048522181791 1.9561649546862199 41.098414050464314 -2.5661902586605887 0.9998120665550232 
Car -1.0 -1 -1.6651459373496527 647.7246731543593 179.04208495459523 689.457137023272 205.76928014104232 1.5 2.037026596069336 5.590921503305435 3.5092904430367193 1.9070331132259029 44.60483274615881 -1.5866325470295293 0.998915433883667 
Car -1.0 -1 -2.2394425629675494 437.6826970551588 180.58091872880243 537.2780566882008 224.24827592012863 1.5 1.6232934340834617 3.9445313185453417 -4.742426398785482 1.814198125344065 27.382910865594678 -2.4109307686474666 0.9880350232124329 
