Car -1.0 -1 2.0289127957906166 218.17564760504237 182.40762304524557 326.5054645346978 236.1429974232291 1.5 1.558098991215229 3.820543971657753 -10.552865750111511 1.8271855820537533 22.752635305166006 1.5946352362593235 0.9999984502792358 
Car -1.0 -1 -1.5986242370519828 591.0376967236352 178.94516256447702 655.1614634926603 239.08088143883555 1.5 1.633922804892063 3.6097387343645098 0.25846679236517855 1.686077321781738 20.179998789512254 -1.5858168695729715 0.9999955892562866 
Car -1.0 -1 2.11170905557511 29.43662361420896 182.9655621773024 227.98629266106195 262.6352796837491 1.5 1.6446747377514839 4.515252497792244 -10.708677564126257 1.7629361781929511 16.448329555362324 1.5345963676783698 0.9999858140945435 
Car -1.0 -1 1.959756220105254 458.6717006573158 180.9577809119609 509.5441474723575 206.66173975404575 1.5 1.6546147435903549 4.363421958684921 -7.9664601344031185 2.041476130709511 45.86824792747357 1.7877902865370334 0.999984860420227 
Car -1.0 -1 2.0106171214499096 356.44059947829555 181.5897106034719 430.7123312098952 218.02382949614181 1.5 1.5990322947502136 4.231264677643776 -9.829784450333326 1.9263949052969374 32.97495861182511 1.7209057688673557 0.9999834299087524 
Car -1.0 -1 2.1402844625171102 30.43139405219936 181.77466134982916 301.2895533086411 306.0506392368785 1.5 1.5957607448101043 3.936305505037308 -6.456377021254077 1.660960943817879 10.990169927669957 1.6091303706129612 0.9999585151672363 
Car -1.0 -1 -1.0952413680163708 738.838377515873 176.94669638602429 867.6960806189915 250.1048526904505 1.5 1.5024064600467681 3.390828010439873 4.503907558405674 1.6053502561903812 16.74774490924756 -0.8325306336071832 0.9999594688415527 
Car -1.0 -1 1.8835321266175995 413.19920569615476 180.8210061748288 491.73514665576715 224.25147781320604 1.5 1.716831748187542 4.346208882331848 -6.041500055417119 1.83427336400128 27.990517883039843 1.6709523081739963 0.9998778104782104 
Car -1.0 -1 -0.9726079250021051 687.4868158926213 177.9373120315825 790.553289988147 229.31673841379953 1.5 1.5487727269530296 3.526449811458588 4.158061728352105 1.676654274637194 23.219932685758824 -0.7954130927708489 0.9998708963394165 
Car -1.0 -1 2.60631205192246 0.0 185.15870991973517 72.43461884595544 235.46655481180667 1.5 1.6916104152798652 4.255955156683922 -21.39187332061443 1.9643119972749041 24.916351614676373 1.8968765616377414 0.9997815489768982 
Car -1.0 -1 2.0895105119036206 256.8306184279437 182.5157524381198 339.9911317577513 220.04092068058696 1.5 1.5310213461518287 4.164018344879151 -13.791062583011287 1.9591425617822935 32.104174322526816 1.683773505683762 0.9996445178985596 
Car -1.0 -1 1.8152657684227436 521.7901637650091 180.3840566012942 563.7819779448475 205.68930752917177 1.5 1.6930999726057052 4.317508873343468 -4.293490335171275 2.0079765327215373 46.37569031854925 1.7229483008345188 0.9996359348297119 
Car -1.0 -1 -1.438937154992134 1008.894230607058 170.59398933323172 1241.0 374.0 1.5 1.6387878477573394 3.900098291039467 4.701430812275662 1.48837258825233 5.755986887982591 -0.754042104878698 0.9986028075218201 
Car -1.0 -1 2.4108740658376617 0.0 185.51618395676914 0.0 271.1598931331329 1.5 1.4871664837002754 3.3642152816057207 -14.967975688619681 1.791336490120223 14.860410723455841 1.621869790550095 0.6234986186027527 
