Car -1.0 -1 -0.3005439969857351 780.1521334999012 176.5992146478402 963.1596148784446 241.2769479350053 1.5 1.5768468871712684 3.925815460085869 6.259628975872806 1.5967185381615112 17.696502861033252 0.03944210608931951 0.9999871253967285 
Car -1.0 -1 -0.20932145234205726 699.5258103906667 178.37013007662136 787.8525540965184 212.18777650464588 1.5 1.612558078765869 3.7329050272703173 6.055346398063615 1.7603108358252249 33.14110952321136 -0.028600887456212722 0.9999897480010986 
Car -1.0 -1 -1.807461521826822 715.9024143300973 176.822402959891 855.4436385635177 278.50792700847506 1.5 1.5283287063241004 3.4877980619668962 2.8322453227757776 1.578952217364837 12.532607244717518 -1.5852048760887725 0.9999769926071167 
Car -1.0 -1 0.6541692204422727 0.0 183.01255021152494 281.81816880790456 335.153037984326 1.5 1.5339000642299652 3.7938641875982286 -5.945076477943768 1.624458045324985 8.014679774179939 0.015953942141260422 0.9999743700027466 
Car -1.0 -1 0.41310463945104803 137.87474573566763 182.0887064055177 386.28927065138106 276.00862858053887 1.5 1.6080664962530136 3.545079615712166 -5.9557777658861495 1.6719398573652187 12.546508570066033 -0.030095652737889965 0.9999693632125854 
Car -1.0 -1 -1.6439912272836725 635.021053580904 179.36344804597562 664.2622300094013 204.2721813720806 1.5 1.5903011456131935 3.900582578778267 2.4809775453578915 1.9370913858606869 46.441196030010666 -1.5906200474735839 0.9999349117279053 
Car -1.0 -1 3.399906526822483 311.3879555525681 181.53894280917464 462.9626727182443 239.05458337623259 1.5 1.6026245921850204 3.7191985666751863 -6.118410468576139 1.7510671175929393 19.95233529761408 3.1023588061293186 0.9999310970306396 
Car -1.0 -1 0.42966428151328717 192.9152732785581 181.8978972280509 427.77997218101643 259.87895921131013 1.5 1.641225677728653 4.207633671164513 -6.157312149930478 1.6996086495464637 14.989919447369804 0.03991357882949284 0.9999151229858398 
Car -1.0 -1 3.3188888948413586 385.74604268803927 181.33107528671735 489.0230523180726 223.5496154089429 1.5 1.567745816707611 3.5199834525585176 -6.409139664209018 1.8264464016127266 26.870117072789544 3.084740984435898 0.9999121427536011 
Car -1.0 -1 3.504827919632402 250.30305857473718 181.9987155303998 412.18782678579197 247.41733312637496 1.5 1.5179578706622123 3.346894916892052 -6.7331759555106 1.732144131465251 17.520585635028027 3.137928116317612 0.9998185038566589 
Cyclist -1.0 -1 1.5771703605176735 562.0644919513704 181.92799183512042 571.7414473248309 205.16442029618204 1.4 0.591102384775877 1.6650094211101532 -2.7147141691388024 1.9766982013935173 44.97897378868169 1.5168883045527595 0.9999210834503174 
Car -1.0 -1 -2.818864798613611 317.81685141957996 181.60937837523846 468.1110590961964 232.38187921463728 1.5 1.6520029425621032 4.184016820788384 -6.739996118018845 1.7844091146071224 22.513949233526972 -3.1097433129933223 0.9996005892753601 
Car -1.0 -1 0.18998005096179546 387.4534175000279 181.28904782817162 506.487326208345 219.70303858640085 1.5 1.7510828122496604 4.503133755922318 -6.637204887865403 1.8566814217676286 29.532226630867694 -0.03109116951492854 0.9995866417884827 
Car -1.0 -1 0.5218500089126212 45.25087935382844 182.24834265691422 365.4740383835614 298.9283803886804 1.5 1.5633509054780006 3.6718136191368105 -5.621406081254623 1.6441002998600973 10.221023382486228 0.019018574557031907 0.9984717965126038 
