Car -1.0 -1 -1.813996559195333 743.5433275569649 175.8545082557674 948.3217102134092 319.7825087613628 1.5 1.5883788958191871 3.866444391012192 2.795182402681266 1.5483061476207935 9.563198327703683 -1.5296324017134053 0.9999995231628418 
Car -1.0 -1 -1.3738480833370426 408.6622185512244 179.27539780201974 551.5792556993598 287.0688610928815 1.5 1.591411654651165 4.1571351259946825 -2.0797143724695966 1.6293570374276918 12.39022101100376 -1.540149129056607 0.9999986886978149 
Car -1.0 -1 -1.6519995385541557 691.5435663499525 178.411902037199 737.2317760583192 216.89948267874024 1.5 1.585860040783882 4.146828737854958 4.355000366496215 1.754285781247232 30.84608934283622 -1.5117417174067838 0.9999935626983643 
Car -1.0 -1 -1.7546670781646134 718.4617733677298 177.14262385128617 829.2385529496629 260.5556701117496 1.5 1.544780333340168 3.807824340462685 3.2300031464224284 1.6015269874787783 15.094390919460249 -1.543859380358134 0.9999880790710449 
Pedestrian -1.0 -1 -1.3297665401150593 467.57681385988883 169.6937876539473 493.03387101970714 237.81276852089718 1.8 0.5790216408669948 0.45781745836138726 -3.5156705817720204 1.7168512571755181 19.30953542311689 -1.509862960377012 0.9999700784683228 
Car -1.0 -1 -1.3707825460919112 489.1050351564944 179.38111098482784 589.3845529392156 251.13734303317733 1.5 1.6237207248806953 4.19480302631855 -1.6410450367086136 1.6796775664291732 17.64782709770401 -1.463504412272249 0.9999401569366455 
Car -1.0 -1 -1.556151257655175 592.1061033760285 179.77330994557042 619.959709509899 205.76574936291658 1.5 1.647781629860401 3.872784835100174 -0.25113447827744373 1.9468684694969602 44.61514658849538 -1.5617801044743997 0.9994858503341675 
Car -1.0 -1 -1.6586783074271851 681.3278727969595 178.82356434700478 714.2701978440725 205.69653637772748 1.5 1.600297962129116 4.05488224029541 5.181055486559216 1.8750552557807345 43.23517858255107 -1.539412775137697 0.9989546537399292 
Pedestrian -1.0 -1 -1.2983181028047421 492.1418080598281 170.92696255800357 510.5462814865208 230.8569309756856 1.8 0.4422219030559063 0.4766450755298138 -3.3469106189643463 1.742479130973017 21.931957722581455 -1.4497540454056603 0.9963003396987915 
Pedestrian -1.0 -1 -1.205845820190939 488.35965930410094 171.23285838044882 502.2093459399845 229.6435968452183 1.8 0.33299299217760564 0.3210057996213436 -3.610450594004505 1.7504002990967924 22.423417372191825 -1.3654881576683862 0.9929499626159668 
Pedestrian -1.0 -1 -0.9979456400986182 490.190046345485 171.43539801456 502.4357279109378 228.67108232961291 1.8 0.23801201283931733 0.33992557115852834 -3.65235346675019 1.7557443152802013 22.892333541103238 -1.1561570624497277 0.6468188762664795 
