Car -1.0 -1 -1.5796867784689599 582.5199379910405 179.16858751440654 639.489335687528 233.0554583651979 1.5 1.6201226532459259 3.6056144654750826 -0.03746587544159403 1.711549138571231 22.317810808975448 -1.5813655201953394 0.9999996423721313 
Car -1.0 -1 -1.9535081505464833 772.215072735909 174.55126577388035 1132.9211416275386 374.0 1.5 1.628134262561798 3.8398223489522936 2.7570795329537265 1.521190963734257 6.9305426098010825 -1.574886099030499 0.9999995231628418 
Car -1.0 -1 -1.7478572684641116 684.4433566548229 177.8173315673907 772.4289125247992 246.0862021563439 1.5 1.5385812640190124 3.4295989692211153 2.77545334346189 1.6349695788621903 17.834457463635967 -1.5934725562718255 0.9999939203262329 
Car -1.0 -1 -1.6079901652526067 639.7737014777704 179.14553491712715 674.2506937156207 211.62214409753065 1.5 1.566561360657215 3.5804259151220323 2.253754357181811 1.8286188938771086 35.833833752739395 -1.5451783082124335 0.9999884366989136 
Car -1.0 -1 -1.3636611620594845 370.15235731682344 179.45618256690986 525.8245600160213 297.1882253450486 1.5 1.5903471529483795 3.812428426742554 -2.387582068623272 1.6213292263405066 11.311018187900608 -1.5716919457216305 0.9999884366989136 
Car -1.0 -1 -1.7846866914561503 711.7799472010902 176.6598981136386 866.9923109866999 288.0898821929708 1.5 1.5857385963201522 3.987262260913849 2.678296572532577 1.5734126872928746 11.847032345185557 -1.562350992174123 0.9999810457229614 
Car -1.0 -1 -1.452080792081525 449.25020569166685 179.8562950351368 536.493642155058 254.62432109984726 1.5 1.5601762130856514 3.626098719239235 -2.6431394283272285 1.6799348374540877 16.659590816949727 -1.6094250577178342 0.9999555349349976 
Car -1.0 -1 1.1694492117227082 200.42605395763474 181.59144909289282 364.3245371726607 276.4318891133962 1.5 1.5095679581165313 3.5238789886236193 -6.240782558802241 1.6846251020349432 13.472058244399001 0.7356404503199714 0.9999285936355591 
Car -1.0 -1 2.1628739993641335 127.0566573027756 183.43851585773578 239.4236759859326 230.59200869449785 1.5 1.5777798861265182 3.842723232507706 -15.158793014308314 1.9076810280969534 25.798374303452455 1.6316316008528293 0.9999268054962158 
Pedestrian -1.0 -1 -2.1973418434331315 1005.4573916961858 114.89617314183046 1217.5242520137303 374.0 1.8 0.7648122988641262 0.6628210216760635 2.8042358441502984 1.4919586667100957 4.1815142588724985 -1.6066025654461724 0.9998421669006348 
Car -1.0 -1 -1.5844964423159622 586.8431337661428 179.6401643235748 622.3518625749892 213.9286563698376 1.5 1.5886614590883255 3.475748983025551 -0.32160205488672744 1.8367919745880368 34.012765371807106 -1.593951494493757 0.9997829794883728 
Car -1.0 -1 1.0232261482319638 372.1351377725171 181.0699394389098 474.147691351255 232.74893934420655 1.5 1.5255231902003288 3.609461945295334 -6.133475250396699 1.7863592644649762 23.31355310166664 0.765969439348902 0.9992461204528809 
Car -1.0 -1 -1.7052999189256477 0.0 181.93138103861517 133.12525324853704 374.0 1.5 1.6003156572580337 3.883493182063103 -5.470982377202125 1.5954980937883987 5.723227110717137 -2.4681683937695365 0.9989627599716187 
Car -1.0 -1 -1.5139757559447882 547.7932627147875 180.21094573964203 577.2643061561898 206.26258958610592 1.5 1.601496946811676 3.8766222566366197 -2.9264477786304903 1.9748253112865044 44.58578591074921 -1.5795180816811067 0.990711510181427 
Car -1.0 -1 -1.4047503549244298 480.019162697448 180.003228351844 552.2825580720436 236.05845694306424 1.5 1.5579402938485145 3.691719335317612 -2.7731275295835647 1.7335527578480825 21.657901749167124 -1.5320997136321408 0.9688010215759277 
Pedestrian -1.0 -1 -2.229107558772178 906.8749165904512 129.39185486533373 1011.8768036675232 374.0 1.8 0.4706945762038231 0.49757897183299066 2.4360657210407566 1.5062240071163864 5.174175756811401 -1.7890815297749383 0.5311073064804077 
