Car -1.0 -1 3.7004755912174923 6.161129149604883 183.46634332189305 264.02906631317154 272.53119045114954 1.5 1.5664244562387466 3.6596725255250933 -8.569628179540882 1.7059702954438651 13.16033908066187 3.1232777714689792 0.9999996423721313 
Car -1.0 -1 3.5647560801150058 197.111100006036 182.63091640323523 353.67778029612157 244.26833902342605 1.5 1.5326397985219955 3.324033555388451 -8.58429749953226 1.7628439209498754 18.586683914649466 3.1320898413618625 0.9999979734420776 
Car -1.0 -1 3.428944858701249 252.51436378097793 182.293288513383 385.78505205793755 235.8443528860514 1.5 1.5280936405062675 3.3812815815210344 -8.610227766340538 1.7930693978297219 21.45218489743364 3.0472594380339206 0.9999915361404419 
Car -1.0 -1 -2.7843816079214005 324.75549158018987 181.90389719436806 438.6578406253452 223.97862123469298 1.5 1.5939102068543434 3.743172299861908 -8.530401455220963 1.850170972820146 26.995847785502264 -3.090442256131445 0.9999294281005859 
Car -1.0 -1 3.3968255627488717 355.5333701452161 181.76798772650562 454.9509536846662 219.3096592190571 1.5 1.5867596983909606 3.7040899068117143 -8.513537570760693 1.881952468709267 30.05346852720001 3.1207781910856784 0.9999220371246338 
Car -1.0 -1 0.27983597527343695 286.27417547555774 182.0888551207574 416.61557047530704 229.57039728531603 1.5 1.5979882821440696 3.7996916592121126 -8.586745292705661 1.8201314359742489 24.06497878038844 -0.06289716164139339 0.9997686743736267 
Car -1.0 -1 3.268881058618616 446.43228961601164 181.25662643057808 511.9061315798522 205.6921414595729 1.5 1.6023781642317771 3.9197734117507936 -8.298110059261361 2.0443877768139838 45.81159931324376 3.0896884083708347 0.9996423721313477 
Car -1.0 -1 3.2952279828699833 399.211115499167 181.58905530451847 471.70148902938246 211.74192079818118 1.5 1.5470356240868568 3.4509027868509294 -9.02351994238558 1.9634601729428651 37.335957617563444 3.058090913291794 0.9996111989021301 
Car -1.0 -1 3.270849399029795 435.13444323304697 181.36289198630428 495.5008115102702 207.60601571860917 1.5 1.5908396363258361 3.3295086145401003 -8.565515532621681 2.01505391736654 42.734916426626604 3.073036897178513 0.997444748878479 
Car -1.0 -1 3.3471083970432756 418.4201007307279 181.48031625301118 488.9785932963201 208.96537822937202 1.5 1.5429668620228767 3.6484478533267977 -8.803726944577413 1.995819366787255 40.65395457436954 3.133848536010605 0.9962944388389587 
Car -1.0 -1 3.3785681925151243 375.6552370270246 181.69839355973872 468.3675264909816 214.37977794827995 1.5 1.545373585820198 4.023044419288635 -8.93961474592212 1.9314606502028988 34.35932859240921 3.1240314125975193 0.8901700377464294 
