Car -1.0 -1 -1.7290878740295064 653.4750513084632 178.36041218416463 726.8779451348565 232.40589527619866 1.5 1.6166940823197364 4.18877215385437 2.3606458392200125 1.6890930461961486 22.593258382095115 -1.6249810988691193 0.9999996423721313 
Car -1.0 -1 -1.6543212357359633 646.2095130094995 178.9766701960155 686.9833242475647 214.05960946279436 1.5 1.5537700176239013 3.9014751583337786 2.532566679637549 1.8011448102577365 33.487158240779124 -1.5788369337704522 0.9999860525131226 
Car -1.0 -1 3.5651523707268438 125.85096419295088 182.41258431473184 359.4752424298452 270.0436123154658 1.5 1.5351100385189056 3.543076527118683 -6.725304779175198 1.6887146399627466 13.373586977289836 3.099203693862778 0.9999741315841675 
Car -1.0 -1 0.26021635445637803 377.1266510165218 181.28187217960462 503.6833206195836 224.5525937714055 1.5 1.6172027707099914 4.203481462597847 -6.142236518252275 1.8168387517358042 26.220708850750867 0.030113979181970875 0.999914288520813 
Car -1.0 -1 -1.859264313943011 706.6154865881427 176.8709555552442 856.4698272746898 277.1558708340458 1.5 1.571974766254425 3.6011489599943163 2.8089421867785704 1.581895368967103 12.790629031276374 -1.6430866206672532 0.9997454285621643 
Car -1.0 -1 -2.4956775439226457 0.0 183.19926303045185 273.94676785979084 321.84849937897917 1.5 1.5635684624314308 3.8966438293457033 -6.430365173133371 1.6370199159294196 8.725992575622106 -3.1307552615788325 0.9997246861457825 
Car -1.0 -1 3.3374822481937256 397.10123986623194 181.36999229407095 488.57305028435934 219.54245156244426 1.5 1.5561439588665962 3.413250905275345 -6.836360884703442 1.85899831636661 29.552593354832332 3.11015235185228 0.9997122883796692 
Car -1.0 -1 0.5341069593651577 39.63371868955231 182.64730216197506 333.85693620185685 289.11971759165226 1.5 1.5203536048531532 3.636402127146721 -6.405401799806874 1.6614043242427714 11.08411102409005 0.010103150210108078 0.9996813535690308 
Car -1.0 -1 3.3175472161851323 411.5175524019951 181.32603881527825 490.8529296666697 217.49515954435054 1.5 1.527622391283512 3.1253254532814028 -6.848893149860219 1.8756659586196545 31.13454097241402 3.101018536086899 0.9995198249816895 
Car -1.0 -1 3.499046912061276 209.48146012858876 182.02000798370187 407.2227780560504 256.1396120547217 1.5 1.5582645803689956 3.64323468208313 -6.478780715506409 1.709906980315643 15.650254920554907 3.1065533041914524 0.998030960559845 
Car -1.0 -1 0.3346452333387908 294.5531788272805 181.79362650661955 442.82433580729764 237.48920196004428 1.5 1.545390535891056 3.6899252355098726 -6.821542781478204 1.7640371528161225 20.482516022226463 0.013156696161951342 0.9976008534431458 
Car -1.0 -1 3.305857941246182 393.0059324421694 181.36026411057483 487.21978944990883 220.67975029289124 1.5 1.549674992263317 3.453825277090073 -6.764817464998743 1.850325922373634 28.79520575094361 3.075113642211777 0.997351884841919 
Car -1.0 -1 -2.781986805801405 251.7438769282373 181.96799345228533 423.27473334630344 245.11774469311592 1.5 1.5635515123605728 3.7245972573757173 -6.809450200219121 1.739474786855864 18.144825811620876 -3.141005829968725 0.755763828754425 
