Car -1.0 -1 -1.0588444719858703 78.27734113518257 182.68372766749 277.67333335915197 272.46475698979015 1.5 1.5715860322117805 3.945538264513016 -8.140625070206449 1.4588287541636282 13.990724694317834 -1.5858179797094805 0.9999980926513672 
Car -1.0 -1 -1.0652122362026544 208.6674414440515 182.48213422906804 302.07117483849333 226.12097607016167 1.5 1.549755086004734 3.5883097469806673 -12.936027220894543 1.4071702591727981 26.537509404835333 -1.518779222914253 0.9999945163726807 
Car -1.0 -1 -1.206066790225536 239.1728670710441 182.02689410393208 344.39621908214116 239.61317820155108 1.5 1.5722042441368103 3.581540894508362 -8.942785846965451 1.4180696325514655 20.54577170791477 -1.6165969158199174 0.9999876022338867 
Car -1.0 -1 -1.0262448878454264 0.0 181.07767143345637 362.11563255684587 375.0 1.5 1.6091492518782615 4.000050437450409 -3.251601251496785 1.483302141789581 5.110773670307364 -1.5928753214564664 0.9999872446060181 
Car -1.0 -1 -0.9834017720992201 0.0 183.85555505974685 160.54053300928953 253.09622321790263 1.5 1.5605396151542663 3.99442897439003 -12.946527880699813 1.4716656300418998 17.600741947237772 -1.6176016973939282 0.9999767541885376 
Car -1.0 -1 -1.2319681147377957 310.7386174485361 181.84689846893508 371.26264628424894 214.71485410862428 1.5 1.5608268350362777 3.815509241819382 -12.838172618637216 1.3473887470323158 34.72225190271628 -1.5861184914272768 0.9999723434448242 
Car -1.0 -1 -1.5604409925411298 561.3271494622301 179.7769917068214 600.4040273399957 215.05978961660432 1.5 1.6614987075328826 3.7436334908008577 -1.2310017625160732 1.2699120001447466 32.451401387016965 -1.5983565142985923 0.999420166015625 
Car -1.0 -1 -1.301626327268934 349.5613969641073 181.1078563494957 438.8868267386137 222.93415820241796 1.5 1.8411847323179245 6.179667872190476 -8.424054659890029 1.3538132886191314 28.87925931143748 -1.5854503494363767 0.9993465542793274 
Car -1.0 -1 -1.361319967344685 405.7054147170268 181.1206271270551 452.65121320968996 212.40915492760124 1.5 1.5744155764579773 3.6666183292865755 -8.9936554526774 1.304809814930388 36.3173085979997 -1.6040771874275548 0.9984976053237915 
Car -1.0 -1 -1.2802959997834198 300.58922364486915 180.84981465522864 448.9599339909092 278.1958413812666 1.5 1.5538225442171096 3.52501594722271 -4.03150827201845 1.4338575066041241 12.84594714804604 -1.5843966650452954 0.9978006482124329 
