Car -1.0 -1 1.786963929307134 421.9146638705118 179.87083829107263 531.7454785967759 258.9031289797287 1.5 1.5763188272714614 3.9365483939647676 -2.8644494613908194 1.67584219958735 16.04435766082185 1.610292184348923 0.9999996423721313 
Car -1.0 -1 1.89453113188914 312.0449077594661 179.86297780527897 489.7345307288325 300.22015769046453 1.5 1.516098392009735 3.564705190062523 -3.0345861630351947 1.6251566158067885 11.02324107800197 1.6258954882582248 0.9999990463256836 
Car -1.0 -1 -1.1102398294578832 777.5539271786295 177.14488698334586 868.2272983622973 227.08813717710507 1.5 1.5169950693845748 3.3786265671253206 7.0007024526060055 1.6518918011208301 23.72402593623905 -0.823294476666723 0.999976396560669 
Car -1.0 -1 -0.6486393285536559 998.4853408002117 172.0447103329205 1241.0 319.8530095932504 1.5 1.5620718270540237 3.922913831472397 6.742507596324947 1.492144989403561 8.179880635358622 0.0407318313929694 0.9999724626541138 
Car -1.0 -1 1.4865121835023558 517.2367829594045 180.1410470936328 563.1547197548922 218.6224137390296 1.5 1.622519877552986 3.965158623456955 -3.098940588788027 1.8347953412602873 31.014597635408972 1.3869239528987067 0.9999477863311768 
Car -1.0 -1 -1.1211651038620458 725.9964487291923 177.46006497221904 823.4029359149589 237.28921211935045 1.5 1.4207944765686988 3.1148480743169786 4.571087069720548 1.6386652712205452 20.002935021529805 -0.8965020338681084 0.9999682903289795 
Car -1.0 -1 -1.6035443141714432 723.252803961413 177.1915010307849 809.7832495353663 258.29143024967607 1.5 1.6080318510532379 4.0294578790664675 3.259185753072685 1.6074680495870388 15.69227565570744 -1.3987620929863793 0.9998164772987366 
Car -1.0 -1 0.6900654570956312 1119.314343002468 158.00012439705748 1241.0 374.0 1.5 1.7052272826433181 4.618639734387398 5.234887371107698 1.4649344618345808 4.052813795776555 1.6020560145338596 0.9994028806686401 
Car -1.0 -1 2.2368708247571183 0.0 179.7179493712323 349.36611303291374 374.0 1.5 1.5879279494285583 3.940093380212784 -3.4947387275574364 1.567769148320844 5.067818254072172 1.6331627249678196 0.9990911483764648 
Car -1.0 -1 1.737672586116643 495.48604498274693 180.18809869880587 552.4150921721346 225.8104721049385 1.5 1.4964744940400123 3.376418960094452 -3.0795978903577295 1.7821460498421275 25.997123717116267 1.6197628855665744 0.9982821941375732 
Car -1.0 -1 2.218676937250898 925.801291029047 176.0753934525831 1004.7483617815607 206.600943358185 1.5 1.60911665558815 3.960155558586121 18.389334759950493 1.6745314480010105 37.400854391173525 2.6756482005079807 0.9959478974342346 
Car -1.0 -1 -0.7168673980276545 973.5049266435146 175.25733005621592 1093.7651278885917 216.10545002376196 1.5 1.61627349704504 3.892747175693512 16.237468189411274 1.5967775452959894 27.78707805603879 -0.18803234497574398 0.857029378414154 
Car -1.0 -1 -3.15181618362685 719.4880029132732 178.19088629052115 800.6605000528117 210.10208426525904 1.5 1.6476691260933876 3.8190590709447862 7.310937119079959 1.7715052517348033 35.481160227872294 -2.948608950772558 0.6555494070053101 
