Cyclist -1.0 -1 1.7285186962341712 604.1011484148263 180.8432560855378 647.5227701778647 255.99959394035506 1.4 0.6070861153304576 1.70958214700222 0.39619361152856386 1.408888413763412 14.070010481116867 1.7566699862440647 0.9999990463256836 
Pedestrian -1.0 -1 -3.1815134545341377 634.6503705111284 168.9825773809003 653.5309365286565 210.56716376930194 1.8 0.7106110945343971 0.7964269749820232 1.6869584310297687 1.3029394407011852 30.96088556373586 -3.12708051601914 0.9998645782470703 
Pedestrian -1.0 -1 1.527511882016374 186.19044822144426 173.2572432815684 207.52272741505644 223.72437001517295 1.8 0.6448546916246414 0.5758279494941234 -14.825572284356909 1.543198686589208 25.62931370723738 1.0030800541255134 0.999790608882904 
Cyclist -1.0 -1 -0.947107573418134 805.6746373052968 177.5117502770399 873.9629485287911 243.24161802135774 1.4 0.6245895780622959 1.612907138466835 5.2134932905627025 1.337971817753383 15.781212847581319 -0.6280347267773492 0.999873161315918 
Pedestrian -1.0 -1 -2.015093044771525 196.35232394369342 172.894211472345 224.9715932151409 224.43451180154256 1.8 0.5896567858755588 0.8306812986731529 -14.067788752939745 1.5359038919336268 25.168848753847 -2.524771408238683 0.9997588992118835 
Pedestrian -1.0 -1 0.032583696331121875 610.1556363236825 169.31445620555033 626.7585764284153 210.8850354233874 1.8 0.703171969205141 0.7061294771730899 0.5734200122906604 1.3171416680586474 30.979308888375947 0.051091357073511395 0.9998101592063904 
Pedestrian -1.0 -1 3.101243246258922 354.9738264837677 171.36616728844928 378.7480288645256 219.9400436773316 1.8 0.7214980691671371 0.8207185685634613 -9.01663523604454 1.4630432886423883 26.679895112991645 2.775337922569138 0.9977990984916687 
Pedestrian -1.0 -1 1.9956665100971558 339.2849623494616 171.85891978272244 364.05321821308627 218.73184524349801 1.8 0.6593608789145946 0.7495718568563461 -9.890235326490233 1.4696742745474392 27.54689910058655 1.6509675860365451 0.9937260746955872 
Pedestrian -1.0 -1 -2.1955402708881078 206.10374988275626 172.77135272759378 237.2420930617261 224.1763373064847 1.8 0.5586330339312553 0.8932263150811195 -13.690467887565873 1.5309020368910085 25.198410818450956 -2.693230227628027 0.9024904370307922 
Pedestrian -1.0 -1 3.060872059602567 640.9636637565004 168.94916988034652 658.4443526864355 210.31664951461343 1.8 0.6839263744652271 0.7135392658412456 1.9430266335262905 1.29886786442007 31.10890979917078 3.1232498764952243 0.8724845051765442 
Pedestrian -1.0 -1 3.103220727894478 195.0616188696039 173.0250553932097 219.87730322237513 224.051475562649 1.8 0.6478290565311908 0.7524678044021129 -14.318003788885088 1.537842119115377 25.40980543559877 2.590084540840012 0.7761248350143433 
Pedestrian -1.0 -1 -0.32126077691448085 661.0851435991956 169.5206940118457 681.9373507890635 205.8629016749411 1.8 0.9093234807252883 0.7962712578475475 3.3248990590703773 1.2576368211863085 35.547482032788295 -0.22799809376267025 0.7136399149894714 
Pedestrian -1.0 -1 -0.2586722576742717 617.670111448982 169.04700902880637 637.7442623690702 211.4120065984328 1.8 0.7620422661304473 0.6920971468091011 0.954195995350068 1.3148658484492473 30.48528590878605 -0.2273822585728509 0.6534315347671509 
Pedestrian -1.0 -1 1.7938693758382713 629.0908313964942 169.25046074311877 648.7752911180276 209.54742234991843 1.8 0.7154876857995986 0.8869195848703384 1.526699012382037 1.2989663403704974 32.100716908403264 1.8413932204207004 0.6468102931976318 
Pedestrian -1.0 -1 1.6353186661419763 436.32750968343294 171.25313319969007 455.93892789423825 214.5262938088254 1.8 0.7618467815220356 0.7580631904304027 -6.721430119403805 1.4168506091184183 29.83953905503018 1.4137639244410651 0.5895518064498901 
Pedestrian -1.0 -1 -3.1758926607945375 630.2144381010239 169.182052812901 652.4383181799234 209.81545031769255 1.8 0.7517805814743042 0.968460601568222 1.6036174501404008 1.3000989952706898 31.699974504158128 -3.1253484050419673 0.5481007099151611 
Pedestrian -1.0 -1 -2.1346673544804995 439.47546769735425 171.03423384157713 466.53986929625773 215.01093950549452 1.8 0.7486616753041744 0.8821032501757144 -6.368306050996543 1.4140487250381517 29.512048788898376 -2.3471952835705623 0.5344582200050354 
Pedestrian -1.0 -1 -2.8347826339414066 641.412994218573 169.04278113389736 663.967363412339 209.54804472563555 1.8 0.6675066918134689 0.8537234298884868 2.134191450632664 1.2923229977159931 31.88188587424663 -2.76794178883103 0.5247868299484253 
Pedestrian -1.0 -1 -0.5337760228393951 809.7101046590353 159.08614965702145 876.3231751088864 241.9867760045741 1.8 0.7789836756885051 1.1833305962383747 5.2861334276172816 1.3366632750192706 15.8522212011652 -0.21190853516129085 0.9698506593704224 
