Car -1.0 -1 -1.695677018052275 679.8807077678583 178.32191333693325 739.6502456984776 226.15696772664836 1.5 1.5788665533065795 3.668825936317444 3.320200216938968 1.7029027767216192 24.88430588161598 -1.563034959198211 0.9999996423721313 
Car -1.0 -1 -1.8764280186200464 735.5729645524273 175.8882584181131 959.1529925658443 316.5743953038402 1.5 1.6126061350107193 4.151834037899971 2.876494919341859 1.5506944333391233 9.873873871426952 -1.592949881279145 0.9999939203262329 
Car -1.0 -1 0.33436069899328924 348.9325837746901 181.28280218085612 489.6116639327937 234.47263223649142 1.5 1.6119501113891601 3.7499210357666017 -5.690752441667781 1.7636946757983305 21.59267776105685 0.07667021354171208 0.9999805688858032 
Car -1.0 -1 3.817519243648514 0.0 183.2459676890673 246.81050990076605 358.6208546844343 1.5 1.5771566450595855 3.760773923993111 -5.9048094944823575 1.6143626348301574 7.089538262260244 3.1230423331221164 0.9999732971191406 
Car -1.0 -1 0.6166656706224922 0.0 182.81554233421969 309.61542171812715 306.26715743491485 1.5 1.5839940428733825 3.8307959705591204 -6.365416700966885 1.647253520591064 9.770700015836455 0.03925065597030095 0.9999485015869141 
Car -1.0 -1 0.5082787329461984 100.27626357790527 182.37253966272982 363.87225058838044 277.79731115090254 1.5 1.5776651471853256 3.70192029774189 -6.3906683179015245 1.674517253298839 12.353533125985065 0.030875249705042164 0.9996708631515503 
Car -1.0 -1 3.3204228392706767 402.4257328496447 181.21811858798296 506.2706238101269 220.96299209492688 1.5 1.5467431887984275 3.783787649869919 -6.112874116683289 1.8394720636623165 28.415743938192538 3.108529317375046 0.9995779395103455 
Car -1.0 -1 3.2793857823284562 445.0371740675091 181.05422486568673 521.8913549952357 214.24032647826905 1.5 1.5092425540089607 3.3747805774211885 -5.928582805278323 1.8940895747597373 33.8273395035402 3.1058877587278904 0.998883068561554 
Car -1.0 -1 -2.967690092731876 462.91046608971067 180.9313424087543 542.2101149894157 209.9265462546353 1.5 1.6042229279875755 3.9855538427829744 -5.75121438842776 1.942668445401744 38.654213511245125 -3.1153927604344234 0.991269588470459 
Car -1.0 -1 -1.6957450907043277 673.9022700068178 178.57553350909214 724.0784172864215 218.05468916166816 1.5 1.5865998834371566 3.7874455124139788 3.575849758421995 1.7522139796966456 29.86036435327474 -1.5765602747586114 0.9832457304000854 
Car -1.0 -1 0.12814714121322843 460.6756006449126 180.89301336934636 544.261051194384 211.97494013699492 1.5 1.5985632807016372 3.9643096297979357 -5.368156906408941 1.9118143909687615 36.08953592947611 -0.019515709080968578 0.8941121101379395 
