Car -1.0 -1 -1.70542869784129 674.766577845466 178.02334340363623 753.3625382501317 240.1967116296168 1.5 1.58743956387043 3.843403843045235 2.6814973162042235 1.6549111401974264 19.647327384107665 -1.5697852435431001 0.9999998807907104 
Car -1.0 -1 1.741930308895972 490.0076588908664 180.23083128883192 549.8436234456273 220.6551001373553 1.5 1.7196923986077308 4.460241881012917 -3.679982818349455 1.8289527740967273 29.86835338311448 1.6193413615187229 0.9999839067459106 
Car -1.0 -1 2.0875939013372316 844.6080950331136 176.34042204615747 950.2868871463701 231.89263919062182 1.5 1.5013162538409233 3.220537540316582 8.459666262533053 1.6108543167812948 21.272540624864167 2.46609877347551 0.9999620914459229 
Car -1.0 -1 2.9291210927552647 724.9385766009143 178.27501351692553 799.2561096981023 206.84751372113408 1.5 1.5932299688458442 3.674318876862526 8.143529103347165 1.7994072946336 38.99211199191395 3.1350122570952 0.9999347925186157 
Car -1.0 -1 1.9621397896250743 898.1588701647321 175.6110139638235 1015.2824919707482 239.77560473684608 1.5 1.519903589785099 3.5118213415145876 9.013442869672257 1.5786652313169023 18.752690366459124 2.410186278816086 0.9998886585235596 
Car -1.0 -1 1.7989537207326487 461.44113196586176 180.2624186031685 535.3927901230564 230.50234275813747 1.5 1.5890149891376495 3.961906072497368 -3.6862362712622834 1.7695261136874114 24.17660914083435 1.647647845741135 0.9998810291290283 
Car -1.0 -1 1.9115909662826107 1009.659112256967 174.37126689662847 1143.5569971450252 244.6528148915761 1.5 1.5527714535593986 3.6426807314157488 11.119844216417645 1.5401569211339576 17.197560731179923 2.4855682730635227 0.9996019005775452 
Car -1.0 -1 2.1807761948291486 818.1381047287744 176.74535838004155 919.7419963179645 224.49766294982493 1.5 1.5221132457256317 3.509010237455368 8.799438063664079 1.6416745597358755 24.56457072430195 2.5247521281202854 0.9993172883987427 
Car -1.0 -1 2.0332214164829 41.3951509493218 180.34149976999652 380.3728823389829 366.908326403928 1.5 1.5922803923487663 3.833599251508713 -3.960108946138071 1.6019984550221487 7.872214296962921 1.5671376427027839 0.9963821172714233 
Car -1.0 -1 2.4103159338346742 795.7447317392242 177.10608517194188 894.967404255062 219.51605928364881 1.5 1.570863139629364 3.370654818415642 8.827430130810699 1.6689215241916768 27.199614735385907 2.724133956428391 0.9883853197097778 
Car -1.0 -1 1.8891061543272534 298.90008756780315 180.25694078058643 466.3809805756803 281.80639101193066 1.5 1.6319044426083564 4.1522136449813845 -3.928813702380942 1.6558670313757256 13.057520177128461 1.5968375086744846 0.9768396019935608 
Car -1.0 -1 -2.5510842509150145 1137.3204497415131 168.8213085709165 1241.0 374.0 1.5 1.771903645992279 4.277818885445595 8.093279402349696 1.4709251220509347 7.515018562770977 -1.7286547283318383 0.9601894617080688 
