Car -1.0 -1 -1.5906252164901036 591.748152106527 179.651633110274 625.034800970386 211.60440215774648 1.5 1.5987109884619712 3.50798876285553 -0.15786294203611204 1.8599771426140599 36.39641618636334 -1.5949625103410823 0.9999967813491821 
Car -1.0 -1 -1.7829790358633193 701.4641167305183 177.17311501198947 840.9462155198737 254.8901348979463 1.5 1.994003963470459 5.56032047867775 3.4868669606599156 1.6189800299483406 17.023766236171184 -1.5809498504411919 0.9999959468841553 
Car -1.0 -1 -2.079409746937578 284.7524280586805 180.71475916604123 464.210625157143 274.32000226494284 1.5 1.6042039290070533 3.740026292204857 -4.614034070934067 1.6700523832155998 13.722075968343596 -2.40378208557633 0.9999635219573975 
Car -1.0 -1 -1.5865630874068781 586.0513485042727 179.2547619642254 639.3714228537913 229.6274122734687 1.5 1.619928379356861 3.2714060068130495 0.01135378147120594 1.723912061210862 23.54993086652282 -1.5860809721660358 0.9999508857727051 
Car -1.0 -1 -1.637891459589385 657.5175507105987 179.05021165517144 689.9615584928458 207.17366069217547 1.5 1.5836919218301773 3.8837390512228014 3.5700290883503287 1.8718503199424303 41.300241012479496 -1.5516649177905661 0.9999366998672485 
Car -1.0 -1 1.9251078908038712 244.98950100411983 181.8330767336009 364.7911318058506 241.22516972831505 1.5 1.7705439150333404 4.507509109377861 -8.822533374254062 1.7926696719507353 21.199358364570692 1.5307401855799811 0.9999134540557861 
Car -1.0 -1 -2.059093068811729 173.74804809229846 181.17675884580086 392.01963829998215 301.4430143672214 1.5 1.53660089969635 3.4530295550823213 -5.051906812448116 1.644971468093984 10.879980769398433 -2.4938001195576533 0.9999077320098877 
Car -1.0 -1 -2.273994824739693 403.33374755650294 180.74492755364057 516.5774823805912 230.50343795445582 1.5 1.5960073590278625 3.8401524096727373 -5.105912265768627 1.7840178693800979 24.128140544545758 -2.4825347224858145 0.9998729228973389 
Car -1.0 -1 -2.2231029208430675 459.40349500908576 180.6600050059732 536.0606971800172 217.4349459937028 1.5 1.5344741314649581 3.5074910640716555 -5.045766485790937 1.8650673602429804 31.943039036874012 -2.379769817986761 0.9993259906768799 
Car -1.0 -1 -2.324232947366317 483.84075830485534 180.59071317098258 553.0639709998479 211.2709417689351 1.5 1.5346186727285385 3.6323810487985613 -4.8731385596850725 1.9255392519302026 37.90294202206847 -2.452100352444921 0.9961761236190796 
Car -1.0 -1 -2.177300142126385 385.3719851950297 180.63845603929312 512.3188202591549 239.72595655083234 1.5 1.6049609079957008 3.909314659237862 -4.741011877370895 1.7446193639982155 20.727652575673883 -2.4021608988430843 0.9955013394355774 
Car -1.0 -1 2.1814398973899074 0.0 183.28409395688934 136.52889871071386 317.75596543214743 1.5 1.567835409939289 3.7700189769268038 -8.698833806863018 1.6774003445896428 10.296423419012367 1.4799489219996589 0.9948610663414001 
