Car -1.0 -1 -1.867281965270662 775.9812519791521 175.83202855796443 968.1099148612443 297.3363797289743 1.5 1.5952313810586929 3.8843593120574953 3.6682636949256486 1.5537196091432872 10.96356297663912 -1.5444036955621583 0.9999967813491821 
Car -1.0 -1 1.7227958997896835 504.2633241714839 180.28855001452695 552.9886149400763 217.47363406433396 1.5 1.5773218616843223 3.7979430079460146 -3.5645425379583036 1.847964443678996 31.803903112602786 1.6111829161604465 0.999984622001648 
Car -1.0 -1 -1.7445428544311399 732.8804128047748 177.12918421361408 836.8401524583187 252.27914837021981 1.5 1.6029343500733375 4.189532858133316 3.8628916042614074 1.6124176781496447 16.775998211021555 -1.5182246985521657 0.9999473094940186 
Car -1.0 -1 1.7827200722114638 469.41308839636434 180.362128924551 533.977019971834 225.2364180572844 1.5 1.582239431142807 3.9000580579042436 -3.9790301481301014 1.7998420074598043 26.781032603646807 1.635222661491257 0.9993651509284973 
Car -1.0 -1 -3.078013576056005 1020.7003412031304 173.75582914384702 1241.0 250.9857956972183 1.5 1.5923873081803321 4.167533528804779 11.576889232543842 1.5227809693624277 15.997131888748125 -2.4515676657345638 0.9981607794761658 
Car -1.0 -1 -3.3743412556610646 1166.806258994898 171.57195393758772 1241.0 271.5314861358003 1.5 1.5739677965641021 3.7183581411838533 12.010168384806287 1.4811193922062695 12.449245647584002 -2.606892422833715 0.9968209266662598 
Car -1.0 -1 0.3173947035661058 215.2093643413503 183.11481264739476 324.8320310248732 219.31915612771985 1.5 1.6685611128807067 4.02046540081501 -14.836770409873607 1.964629040826757 31.572141446900165 -0.12191076675919124 0.9850873947143555 
Car -1.0 -1 -1.5204908752781625 692.0423348225768 178.7064018962186 723.0792744115233 204.53865657966625 1.5 1.7126251503825187 4.367424783110619 6.128293715559369 1.8860306624126921 45.242614398577174 -1.385856286683355 0.9697956442832947 
Car -1.0 -1 1.7189497446691613 521.9384275519253 180.27486134370898 563.6694192001313 212.20559946554667 1.5 1.5808819353580474 3.7242791175842287 -3.401234294240478 1.897212623239012 36.68059967107464 1.6264884352644504 0.821409285068512 
Car -1.0 -1 1.6499184397082645 543.214168266001 180.2121843143748 575.0081297980296 208.37328820842126 1.5 1.5303578719496727 3.641383957862854 -2.9015397496631525 1.9393005000399477 41.21225770535768 1.5796296477278293 0.6840023398399353 
