Car -1.0 -1 2.182616549216083 0.0 179.70910036919233 365.65865936477616 374.0 1.5 2.0680418729782106 6.709021937847138 -4.555772498491291 1.5963931701290799 6.733892887913911 1.5878071665724338 0.9999980926513672 
Cyclist -1.0 -1 2.8712566915467894 756.1683202166695 180.6040837040069 806.0948670966418 219.07896282399443 1.4 0.5717305958271026 1.706632275879383 6.28096128802242 1.690600466828866 26.699866841543972 3.1022990822752536 0.999997615814209 
Pedestrian -1.0 -1 2.7209627507128213 484.70622804936386 167.60969263166487 530.9811254412932 246.6690019955636 1.8 0.6955617599189281 0.8672151274979114 -2.4517865957850433 1.6809569309822925 16.95078239056178 2.5773174643477024 0.9999788999557495 
Car -1.0 -1 1.9842665550009564 319.4866178992252 180.15837527171385 495.9904796226742 269.03698303643944 1.5 1.7731901749968528 4.648358610272408 -3.9937744545003238 1.6769275643189059 15.006750002072165 1.7241635203321994 0.9999574422836304 
Pedestrian -1.0 -1 0.885257877690154 532.3031111151158 169.91771747109425 563.9300607014998 233.19111073309145 1.8 0.5652430027723312 0.7561553761363029 -1.8492222021457165 1.7168265198569346 20.991502899859103 0.797390862307276 0.9999352693557739 
Pedestrian -1.0 -1 0.6955786852543917 510.9465907002421 169.8192345163177 542.5413412026265 234.8411544946641 1.8 0.5344169706106185 0.7092842392623424 -2.3997042924472316 1.7163464906405594 20.389187563968623 0.5784227093073981 0.9998418092727661 
Pedestrian -1.0 -1 2.2687092936513054 481.5285835552511 167.18213860412445 523.0960325390222 248.8258476784943 1.8 0.6144262410700321 0.7203002020716667 -2.4895397635702388 1.6753102332161343 16.37239731505995 2.1178080916365207 0.9995753169059753 
Car -1.0 -1 2.3422557226794214 1119.8065887131015 173.6626375144204 1241.0 216.50547761080227 1.5 1.5709471449255943 4.002717745304108 21.01843234564838 1.5310218775756053 26.328427807388728 3.0159696221312107 0.9991635084152222 
Pedestrian -1.0 -1 0.7211692258802405 511.1394445317824 169.6985216651487 545.3614200776275 235.3752129714442 1.8 0.503417433053255 0.8254925280809402 -2.3387553020259495 1.713875677190134 20.214404866970675 0.6059838970515388 0.9990189075469971 
Pedestrian -1.0 -1 0.6894066401430812 523.9768052285058 169.99326755834377 558.2009678830914 233.2666898777008 1.8 0.5983911015093326 0.7914047248661518 -2.051556488219251 1.7189758043316223 20.992621750148707 0.591988488039698 0.9986334443092346 
