Car -1.0 -1 -1.6818977058190867 654.7102893414503 178.7100542273882 706.462625008125 220.68375919519193 1.5 1.5898462876677513 3.7699061006307604 2.650366608762941 1.7447501477901766 28.21087390066348 -1.588224251815353 0.9999954700469971 
Car -1.0 -1 -0.17146000001032993 711.7850814098836 176.03380357407764 1019.9371022130051 290.79570329384075 1.5 1.6287195056676864 4.013626140356064 3.470910944011222 1.551851988758872 10.585414465961438 0.14538864692183903 0.9999912977218628 
Car -1.0 -1 -0.9042545783905054 1037.722982339417 152.33766186955606 1241.0 374.0 1.5 1.6404349848628044 4.406599935889244 4.155445589187773 1.4601147893170567 2.5006823643075844 0.12481121619674138 0.9999343156814575 
Car -1.0 -1 1.9741499652064558 0.0 178.62229500323514 461.54365409168804 374.0 1.5 1.921580222249031 5.811832708120346 -2.8651663013752926 1.574550575899176 6.352935532410929 1.550465746721949 0.9999468326568604 
Car -1.0 -1 2.2782455686175664 0.0 182.32436347011964 176.31122127129575 374.0 1.5 1.3620414331555366 3.137541425228119 -5.828089742496441 1.611471144482224 6.890448901908973 1.5761823534925998 0.9998496770858765 
Car -1.0 -1 -1.664292909364274 642.2202809244754 179.019761754077 684.1507332846082 214.60081214891684 1.5 1.5635177984833717 3.604329240322113 2.33113809498889 1.7967730953839811 32.865320267950125 -1.5934814746168 0.9998291730880737 
Pedestrian -1.0 -1 -1.8454279947807297 730.8645683141311 169.5281633343169 753.5748644528546 222.91314178013823 1.8 0.6315399453043937 0.5677977137267589 4.466616977285101 1.688219396727234 24.638249453189204 -1.6660878370192391 0.9998151659965515 
Pedestrian -1.0 -1 0.8625110138900873 1044.076287876081 160.11410379822283 1080.276508336422 247.04987816958104 1.8 0.5039447478950023 0.40328996516764165 9.456335908466304 1.5365790586644863 15.17389960877346 1.41981308063003 0.9997866749763489 
Car -1.0 -1 1.7327864534702693 427.57571480607373 179.41428639100573 555.1211615836793 260.95593688580726 1.5 1.9215785458683967 5.935499680042267 -2.539554159970252 1.6795555124617128 16.727997349696135 1.5821223139723362 0.9997701048851013 
Pedestrian -1.0 -1 -2.1779863409564535 955.7064792768736 159.55608236091615 999.1764356032862 254.83737182923952 1.8 0.5376231417059898 0.5360278792679309 7.037470333191591 1.5491411466538465 13.930903528715673 -1.7102115313198907 0.9992105960845947 
Pedestrian -1.0 -1 -2.0770161296869416 953.3001720218381 160.3927095447321 984.0827526077543 251.25944941071802 1.8 0.4807308342307806 0.27026357389986516 7.124544455799808 1.5535093015257107 14.43681909984802 -1.6185834641244752 0.9777913689613342 
