Car -1.0 -1 -1.7004174937214267 662.9190355515802 178.33357681580745 730.2152561208675 231.7423291445998 1.5 1.5799550831317901 3.9091116309165956 2.579122196337098 1.6871954776738858 22.632536836493657 -1.5869505769249541 0.9999997615814209 
Car -1.0 -1 -1.8160336034937197 710.5420992545224 176.66303520900715 871.2890118011892 287.5159390120133 1.5 1.6152501598000526 3.7504205971956255 2.695182730818022 1.5725538179648029 11.78193062656575 -1.5911474051561696 0.9999977350234985 
Car -1.0 -1 -1.6721919898157351 638.4324420351769 179.18319031357876 675.1531384290342 209.85490190476605 1.5 1.5571263179183006 3.603598710894585 2.3743514702642656 1.848629818059155 37.87019561231997 -1.6095768483963353 0.9999914169311523 
Car -1.0 -1 3.2272783467793964 450.0109047161702 181.12252811166783 520.431339677814 208.42540754388966 1.5 1.622442577779293 3.8383426636457445 -7.112352192050634 1.983640106781224 41.198277415456 3.056326258178574 0.9997416138648987 
Car -1.0 -1 3.523875660204947 191.2673254304417 182.0757357498294 403.6982148344141 259.3979880259536 1.5 1.5582887947559356 3.746209901571274 -6.432951201400676 1.7027484556324517 15.011711216724747 3.1190198540648044 0.9996212720870972 
Car -1.0 -1 0.6316093624811965 0.0 182.813982496838 320.5803903329272 301.637378659698 1.5 1.647779580950737 4.261073705554009 -6.604434294451472 1.6543591165070397 10.208918418760248 0.05739681323501042 0.9893031120300293 
Car -1.0 -1 -1.6738624283855577 649.5677920600192 178.77946700751895 699.2603949555988 220.07584099080614 1.5 1.566401731967926 3.8312579065561296 2.453551503480339 1.751820636105947 28.688388956484427 -1.5885458375003678 0.9844203591346741 
Car -1.0 -1 -2.8423824010561827 327.96909139339795 181.54502147076042 475.35087118273333 231.50473632587838 1.5 1.6475772976875305 4.180523243546486 -6.557572660811972 1.7857419946303361 22.825848930697305 -3.122135595479284 0.9675145149230957 
Car -1.0 -1 0.4508958325712129 269.1664235047258 181.72626570446985 432.6478934703542 247.68473009678766 1.5 1.537780512869358 3.4287991493940355 -6.307160851235864 1.7285630071875773 17.60856241384763 0.1069460352275031 0.8939061760902405 
Car -1.0 -1 0.34708372137533927 302.9098159868291 181.61975253445618 458.8204589879534 238.6729748041702 1.5 1.577908781170845 3.832533073425293 -6.354864822109801 1.7551112997061122 20.10025512553074 0.040869398913111005 0.8776688575744629 
