Car -1.0 -1 -1.584084053227255 562.5017548628459 179.3917871893342 617.2106495446401 232.2432692527683 1.5 1.5896300345659256 3.620527920126915 -0.7117115410879372 1.7234566788238708 22.77553798099285 -1.6153228330102307 0.9999996423721313 
Car -1.0 -1 -1.8191024168214953 710.180549569447 176.75417232574478 858.0804716178757 286.14560709553837 1.5 1.5207233399152755 3.2479001700878145 2.596287487226857 1.5722599220236053 11.653856558777678 -1.5998986261573178 0.9999988079071045 
Car -1.0 -1 -1.9927030678954964 776.3655894965029 173.87160692138488 1241.0 374.0 1.5 1.584741149842739 3.9580321431159975 2.5346417285893335 1.5112809530369555 5.757614170682744 -1.578008281127785 0.9999966621398926 
Car -1.0 -1 -1.6742454903754527 631.1840861315977 179.0166431178252 678.0828766823945 218.61713862395328 1.5 1.5462451174855232 3.687202048301697 1.742471055944735 1.7708314561220029 29.788465752435744 -1.615817246088062 0.999990701675415 
Car -1.0 -1 -1.4805876301476049 522.3034766132505 180.3750137410105 557.688859067492 210.6196732287731 1.5 1.5723443150520324 3.414224696159363 -3.7150435668893667 1.9179342510889468 38.34588664218662 -1.5771686593678338 0.9999797344207764 
Car -1.0 -1 2.028081797688614 171.06769142570974 183.2039192194987 265.00863469076626 224.55630663760013 1.5 1.661020939052105 4.227515545487404 -15.867629353537298 1.9526766640483832 29.386719459201522 1.5329801281306403 0.9999713897705078 
Car -1.0 -1 -1.3424398610702721 320.8507913049041 179.6371339280102 494.077261668269 307.67360310320674 1.5 1.5749205395579338 3.8129723191261293 -2.793467913577561 1.6180158976189465 10.583785684968054 -1.6004934302207572 0.9999617338180542 
Car -1.0 -1 -1.1413428268943695 0.0 178.9482030753364 430.5979006126992 374.0 1.5 1.5672239035367965 3.5464777171611788 -2.5585461425346763 1.5600871660421505 5.279113908842614 -1.5926388176765782 0.9998612403869629 
Car -1.0 -1 1.0480920112714136 274.2640800635778 181.49007881706027 409.4153321057003 253.11734083241134 1.5 1.5050264567136764 3.4044946104288103 -6.478254067156158 1.725785113593527 17.169868290060194 0.6873032291743414 0.9998052716255188 
Car -1.0 -1 2.1633254845903513 0.0 184.49415007528927 108.67223040388389 249.42074326337175 1.5 1.5788419663906097 3.6763722568750383 -15.373856750594296 1.8414365459979765 19.243309033804913 1.4892436703059333 0.9996180534362793 
Car -1.0 -1 1.5479362035082243 0.0 182.46325288296714 110.1401432330131 374.0 1.5 1.5100915476679801 3.414185953140259 -6.387145286382176 1.6231633381837323 7.444000037896189 0.8388010700556892 0.9985840320587158 
Car -1.0 -1 -1.585262924106027 571.7948553356297 179.80066953637225 606.0817825253505 213.53393282376774 1.5 1.5614249303936958 3.5627572357654573 -1.0795646636227911 1.8513997418460142 34.64421120764032 -1.616414316990648 0.998414158821106 
Pedestrian -1.0 -1 -3.2354035824547362 697.9486255478173 172.6458433422341 713.3971001242035 210.75302050793928 1.8 0.7989331640303134 0.6587753564119339 4.53047895160941 1.7905254220116462 34.490543525618534 -3.1047970811512813 0.998406708240509 
Car -1.0 -1 -1.3574616333577867 405.9571015489696 180.14370769046477 509.7316741815161 260.4883767473049 1.5 1.5036728724837303 3.2482440143823625 -3.1812636467111406 1.6724049090104511 15.395293223372304 -1.5612323498961074 0.9982357025146484 
Car -1.0 -1 0.579828050610202 458.7541970526738 181.08249623456132 520.7002027481946 204.3100710710817 1.5 1.6765514880418777 3.886246544122696 -8.238612759977203 2.079592693886368 49.2398340772271 0.41404764255019594 0.9882043600082397 
