Car -1.0 -1 2.130382861466373 46.22838173119719 182.99595600678938 232.35190788865827 262.6541529954969 1.5 1.572722990810871 4.005625706911087 -10.299669387273067 1.755037681113377 16.10606836401619 1.5614315708491462 0.9999991655349731 
Car -1.0 -1 1.8860300389346063 400.96563394362784 181.43305654647025 454.45713348077567 211.9538866680565 1.5 1.5997196108102798 4.068387535214424 -9.744500350239173 1.9854862254519983 38.7144992999644 1.639450538154465 0.9999809265136719 
Car -1.0 -1 1.879138022742398 354.68775621532996 181.5719148172274 425.28800965849223 218.85708807434676 1.5 1.6949501380324363 4.676515471935272 -9.829183789514191 1.921156015771394 32.474354540523954 1.5852286696394504 0.9999717473983765 
Car -1.0 -1 -1.5669360890409014 569.3173138652361 176.82840867971956 763.1926202157844 363.1033949539506 1.5 1.5926959484815597 3.5479797542095186 0.527509281561844 1.5529163761484241 7.712252988506677 -1.498643600442682 0.9999333620071411 
Car -1.0 -1 1.8629195013690614 462.66251967345704 181.0300707708099 504.3755113751995 204.95460932448827 1.5 1.6431231543421745 4.211148482561112 -8.54813202901905 2.079515063247531 48.919565761687636 1.6899275660475315 0.9999264478683472 
Car -1.0 -1 2.300266992819057 224.85129149542246 183.08823382290907 303.88427310355485 211.34271136880506 1.5 1.7168282091617584 4.351609063148499 -20.20602433454821 2.133688850292895 42.319425638315316 1.8548097491224826 0.9998573064804077 
Car -1.0 -1 2.2099668548333757 235.10172313057583 182.8563650665204 314.028625300563 220.9879612889372 1.5 1.4686067149043083 3.175797176361084 -14.367054655835014 1.9534650209742568 30.97882270946852 1.775720822807175 0.9996944665908813 
Car -1.0 -1 -1.5727523747562335 1141.5612918666527 162.7048166575392 1241.0 374.0 1.5 1.6753085449337959 4.164825987815857 4.403051225599565 1.4728626751464262 3.9705518569723677 -0.7357497374203545 0.9996870756149292 
Car -1.0 -1 -0.906628619257307 687.3932337167702 178.40630634884175 760.0389567728776 214.31966366545777 1.5 1.4600966617465019 3.3535173654556276 5.086329135764487 1.762071081241302 32.33009684241765 -0.7505827705052239 0.9996806383132935 
Car -1.0 -1 -1.080497958936313 722.2240612601366 177.43342346382482 834.8543588763936 233.1226782630556 1.5 1.6282333552837371 3.982572865486145 5.120909351936082 1.6516355207809745 21.79953862627168 -0.8497721711781365 0.9964554309844971 
Car -1.0 -1 -0.8486802641764912 667.0796976520203 178.7527871213708 734.1236897967391 208.31406647520916 1.5 1.5705762922763824 3.67774912416935 4.907950633545762 1.835101538924202 39.13671997182849 -0.7239262620594842 0.9929191470146179 
