Car -1.0 -1 2.677312416652085 864.6729513187407 175.46654983811706 1091.8996064142132 245.18390721424356 1.5 1.7104313269257545 4.305758935213089 8.210410702124523 1.5630123874705284 16.443512027463843 3.1404079079588474 0.9999959468841553 
Car -1.0 -1 1.9851066995924869 189.1440524612016 181.45060371469748 362.88898233919247 275.29636790834616 1.5 1.5785616382956504 3.836134684085846 -6.21207731871473 1.687826726969864 13.807375075615733 1.5623275478694099 0.9999948740005493 
Car -1.0 -1 -1.6957842309040143 675.8958157885119 178.0544427017737 751.027775983806 237.87154630148464 1.5 1.5917234614491462 4.002530735731125 2.780689393789751 1.6622475202961113 20.449464827516838 -1.5606345534932358 0.9999933242797852 
Car -1.0 -1 -1.3422797539209315 390.46534559279723 181.0272214282566 463.02747376761084 229.6996984628225 1.5 1.5897289410233497 3.819721055030823 -6.248283994293558 1.8031511381012515 24.804011895333776 -1.5890516667303187 0.9999778270721436 
Car -1.0 -1 2.328535128322071 0.0 180.20511705290042 252.811256431915 374.0 1.5 1.5280129879713058 3.5048293441534044 -3.7306020161688136 1.559911872193995 4.077707946408772 1.587561118598801 0.9999746084213257 
Car -1.0 -1 2.5679458531609383 912.5879359498272 174.4285165044719 1208.752450395862 261.95437528524354 1.5 1.6860712811350822 4.436249521374703 8.094814362995907 1.5313499941494586 13.297493843189928 3.11477242707811 0.9999686479568481 
Car -1.0 -1 2.790853496282893 795.986209535244 176.82445219872847 944.6965769758691 226.82375228141416 1.5 1.6189909100532531 4.072961819171906 8.029344446786947 1.6293169448576017 22.603943178711493 3.1321699500044407 0.9999377727508545 
Car -1.0 -1 1.775836297384864 459.90519721542427 180.83692686186416 507.7837701465657 213.61477682327165 1.5 1.5960155546665191 3.8588280349969866 -6.25615725641572 1.919456063518456 35.923093267263354 1.603411424156052 0.9997901320457458 
Car -1.0 -1 -0.5852471757948511 1052.0310353534662 174.5039589210405 1183.923182621308 209.4095963863902 1.5 1.7511113107204437 4.58482229411602 22.423308069930197 1.5757345352615153 32.02609830209542 0.025584383806909836 0.9861736297607422 
Car -1.0 -1 -0.8014947752748336 1222.2174768508914 172.0286180916566 1241.0 222.20198085420466 1.5 1.9501122206449508 5.2552180856466295 22.555620421181107 1.4756819107579913 22.587669765003948 -0.016806558766637527 0.97431880235672 
Car -1.0 -1 -0.6317452159251535 1102.4202135692399 173.85005461087482 1241.0 212.69818664700588 1.5 1.7252211019396781 4.527746003866196 22.513128315365844 1.541458190370962 28.837621359934364 0.031107469401087082 0.9741453528404236 
