Car -1.0 -1 -0.7269584344863615 0.0 185.2656593188332 170.20278200721 375.0 1.5 1.623389732837677 4.017060485482216 -4.534787211570426 1.5015504242798379 4.0183110461752785 -1.5726680517571536 0.9999992847442627 
Car -1.0 -1 -0.9240741127850101 0.0 183.6110961590554 198.50766727813811 298.2654224507517 1.5 1.5793098628520965 3.893561524152756 -8.425956287875831 1.4801384924255916 11.354134719964296 -1.5625030249964935 0.9999961853027344 
Car -1.0 -1 -1.2054621037861144 247.11564101819803 181.9409296551464 353.1819355399806 238.18458707212832 1.5 1.5698381260037422 3.8986845433712007 -8.946785851367663 1.4137941756937165 21.14346608635202 -1.605761860558067 0.9999853372573853 
Car -1.0 -1 -1.248807290182247 272.3398662852062 181.02360539181984 431.6360237875687 277.4233968928641 1.5 1.5843600526452064 3.787362810969353 -4.4951638256451725 1.4359013842596262 13.082477897654801 -1.5797708817434055 0.9999799728393555 
Car -1.0 -1 -1.6011535847897984 571.1931750043722 179.72069011206221 610.8734781549055 213.57425769352187 1.5 1.7389949902892112 3.7031179785728456 -0.8682696846952379 1.2576557478641306 33.74502065954288 -1.626878214129482 0.9999680519104004 
Car -1.0 -1 -1.3027437558105768 379.80479290079967 180.85686208465208 468.7225427032646 237.20796936875544 1.5 1.572606761753559 3.764823314547539 -5.297113467867786 1.3851041093663317 21.030052890761215 -1.5494938968357188 0.9999474287033081 
Car -1.0 -1 -0.8730534572226023 0.0 185.39386214540977 21.745344524278742 290.9731115771966 1.5 1.5762117251753807 3.7791161358356478 -12.180444651536074 1.5046314496747268 12.16746366567495 -1.658984766402517 0.9980589747428894 
Car -1.0 -1 -1.516428962565001 513.9678178390294 180.3450707471713 542.821341483715 203.49470728278052 1.5 1.7144088193774223 4.352691259980202 -5.364554783512179 1.185534816521894 48.79537017201625 -1.6259290399637563 0.99538654088974 
Car -1.0 -1 -1.2769175306661247 374.1995517346799 181.20919620177193 441.1695593856513 218.45300171821185 1.5 1.6795184955000877 4.044296082854271 -8.56861824212629 1.3397686994904394 30.990072018892707 -1.5466736471888167 0.9000792503356934 
Car -1.0 -1 -1.4626987726875647 477.6426292924206 180.36010791031194 531.600844601259 215.58608176161258 1.5 1.9626644000411033 4.5572592437267305 -4.67051367788926 1.2943693933268436 32.91633497924232 -1.6036483431842667 0.8436632752418518 
Car -1.0 -1 -1.5228471774701438 465.9217060600092 180.3595675020216 516.8148646109473 220.22019917955188 1.5 1.827665840089321 5.075835672020912 -4.748366014731609 1.318389573320911 29.670936345152963 -1.681535833575998 0.5286191701889038 
