Pedestrian -1.0 -1 0.11535586160779318 583.4543053927551 163.46955656385734 625.4101374631224 239.49373371874833 1.8 0.6735784493386745 0.9468681670725345 -0.04361569754084597 1.398379395978697 17.123541166141283 0.11280874808761052 0.9999982118606567 
Pedestrian -1.0 -1 0.6124560100005472 151.77788740979392 170.5149339113134 198.30811986648055 238.39287333315644 1.8 0.5697268553078174 0.9103612534701824 -11.619817006050859 1.5367990899348525 19.058487806263273 0.06494013865920475 0.9999979734420776 
Pedestrian -1.0 -1 -2.6092701653374184 280.37997606341554 167.82275839829688 324.20365714086853 241.64351749360964 1.8 0.4795285899192095 0.8774443089962005 -7.538540239958466 1.4924849960891244 17.528335646833554 -3.015433506169592 0.9999996423721313 
Pedestrian -1.0 -1 3.3715533081083637 165.05098329478577 168.8365585506797 215.58819696588736 245.27318244176118 1.8 0.5231909945607185 0.957925946265459 -10.019539897617301 1.5269431152638617 17.037351975610175 2.8399352908094944 0.9999978542327881 
Pedestrian -1.0 -1 0.6662332416496055 144.9983842829351 170.25296394349803 193.91763231290943 240.0728479460039 1.8 0.5437568321824073 0.9630551122128963 -11.457256617188147 1.537414871216598 18.54757930818209 0.11288432677718571 0.9999945163726807 
Pedestrian -1.0 -1 -2.4127691858628997 266.96960444543697 167.76452862646886 312.48860462566523 242.87973043881422 1.8 0.5846540004014968 0.8457705870270729 -7.76930685662334 1.4964192915554988 17.344850008510626 -2.8339017192509517 0.9999935626983643 
Cyclist -1.0 -1 -0.4604043743041264 860.0864940708503 175.23749675244983 909.2647143495313 210.031555723705 1.4 0.6365413337945938 1.7660681650042533 11.376777368174848 1.1897482665410122 28.836154394140404 -0.08462090889481134 0.9999719858169556 
Cyclist -1.0 -1 -1.3913946012159344 886.6011323402575 175.19552284866597 917.1863135779428 216.0010990483273 1.4 0.7031479410827159 1.764487524330616 10.561310202200055 1.2195419814082935 25.18449494231896 -0.9943127791073663 0.9998016953468323 
Pedestrian -1.0 -1 3.559427772618208 161.48533869294542 169.26851568558777 210.29042526498137 243.52190180548087 1.8 0.5595360442996025 0.8875812895596027 -10.381966588952537 1.5293340080372038 17.46509367846599 3.023105847831589 0.9997689127922058 
Pedestrian -1.0 -1 3.356334037474091 120.76949231948423 168.42088927988308 168.15982780485484 250.7629355475358 1.8 0.5960065431892871 0.7839752852916717 -10.365410314275476 1.537565951284875 15.869138545034874 2.777726280685288 0.9996434450149536 
Pedestrian -1.0 -1 0.3852050727598384 384.0381614319592 163.8433910024465 440.74325564768884 252.24104465031095 1.8 0.5554985746741294 1.0057674281299114 -4.0457790135323455 1.4624549024308722 14.726932997867298 0.11709944804641179 0.999492883682251 
Pedestrian -1.0 -1 0.35093803542759905 357.70287070364856 164.59275121683305 425.517142714321 250.2582376227133 1.8 0.5283890783786773 1.289268259704113 -4.604078088841166 1.4673788185365064 15.15133106185789 0.05593196948501042 0.9999462366104126 
Car -1.0 -1 -0.6749293926351561 1060.0221978172917 169.27717862039668 1205.1574207360854 211.65186368310867 1.5 1.6321579486131668 4.157611218094826 19.238035166942087 1.1042553170704679 25.91455272621419 -0.03633315960434504 0.9982402324676514 
Car -1.0 -1 -1.2565487211456319 266.7161540605503 178.33080624398633 464.45534760845896 305.7187429640938 1.5 1.578475770354271 3.7033008903265 -3.2367924385395153 1.4761399880103692 10.17716475268425 -1.5644769068483753 0.9969839453697205 
Cyclist -1.0 -1 -0.4611075770819856 1116.0947068756752 172.8468689049904 1205.5616665132495 228.86998781495194 1.4 0.5867687545716762 1.7218385383486747 14.186242945517089 1.2103457322215903 18.12487986169163 0.20299176772567204 0.996684730052948 
Cyclist -1.0 -1 0.017596304882712577 295.9182477427933 184.04092068782984 369.15391110231076 248.92978799448468 1.4 0.5196010254323482 1.5055802211165428 -6.115793075473202 1.483318247024861 15.807802929707732 -0.351552681126867 0.9758346080780029 
Cyclist -1.0 -1 -0.3154652840994706 1223.0 172.41106011617688 1223.0 255.56034109741017 1.4 0.4844793610274792 1.7355524495244026 12.212177031059236 1.2654539245105971 12.500875150728893 0.4582514007899421 0.9729048013687134 
Cyclist -1.0 -1 -0.07558241600226134 281.9978551717672 184.34470886154926 349.54658793917713 251.24069138740703 1.4 0.5567683398723602 1.3230806708335876 -6.340061172732835 1.4883517663838195 15.400800735361573 -0.46610923210648125 0.782146692276001 
Cyclist -1.0 -1 -0.0009391362677789172 295.50916069326433 184.16056129019196 367.4934136276107 251.1185064522314 1.4 0.5594424463808536 1.434510250389576 -5.970456797798808 1.4838398585222934 15.356494342511565 -0.3717448274281366 0.6504189372062683 
Cyclist -1.0 -1 -2.106044714956318 871.5519114182036 175.27303413628204 918.8767905165258 215.74509239299636 1.4 0.7419744998216629 1.8259482949972152 10.3762434063399 1.2207216290877183 25.410703868668655 -1.7183681885388238 0.5026260018348694 
