Car -1.0 -1 -1.7342462253940487 664.411525636852 178.5520323212952 734.5681782394427 230.93279710079022 1.5 1.5872106447815895 3.5767483085393907 2.7312675367457633 1.310307341982667 22.401926527253053 -1.6129239025202138 0.9999988079071045 
Car -1.0 -1 -1.1668845285222333 248.48045680183984 181.88869924921627 360.69058924317886 239.71121250969193 1.5 1.556343075633049 3.868098047375679 -8.57673674415706 1.4148239984500786 20.585472765229905 -1.5616531484436733 0.9999966621398926 
Car -1.0 -1 -0.8718437102280119 0.0 183.92273456490327 176.9433661319385 317.8031951081403 1.5 1.5695004284381866 3.8774511337280275 -8.02923003315162 1.4866447887725867 10.006370971278391 -1.5480535263803346 0.9999934434890747 
Car -1.0 -1 -1.0362629948250686 0.0 181.3022490306921 370.60563726680755 375.0 1.5 1.601048980653286 4.065764185786247 -3.6835271652057555 1.477102044292165 6.4555389804298215 -1.55478387611476 0.9999871253967285 
Car -1.0 -1 -1.3730177356525897 401.0534902673728 180.63740847566416 486.8388407313031 241.33694235833087 1.5 1.5794646486639976 3.705527123808861 -4.407235522403798 1.3879930081922898 19.630991982714292 -1.5938599939134461 0.9999790191650391 
Car -1.0 -1 -1.466491224598267 517.5210652557878 180.2879923750167 550.4651044290957 206.33505630353133 1.5 1.5828287720680236 3.869110581278801 -4.428274754884895 1.2173541420978269 43.33024370888431 -1.5683358777922136 0.9989376664161682 
Car -1.0 -1 -1.581003543941629 583.1818038241796 179.72520290284302 612.9967950151618 207.5744277484485 1.5 1.6067013636231422 3.91643927693367 -0.598907010062936 1.2054050730433274 40.692489327301026 -1.5957203573223693 0.99831223487854 
Car -1.0 -1 -1.4203076096464984 479.73226960378383 180.4360782995067 528.0555706432859 215.7500682823925 1.5 1.6213484600186348 3.677562114596367 -4.651213200578105 1.2981116483650332 32.37545727061387 -1.5629960667018337 0.998056948184967 
Car -1.0 -1 -1.2502834487178789 352.05810262316777 181.38664622065463 421.21374119809917 221.49560347167514 1.5 1.5762607127428054 3.626760330796242 -8.783977698801705 1.3579318003541918 28.71157699122577 -1.547179493182574 0.9964690208435059 
Car -1.0 -1 -1.3335935182615735 416.13386200988526 181.02480021577895 464.34960282322174 210.6494728942522 1.5 1.5988940864801406 4.071578618884087 -8.919714519023405 1.2889314728929548 38.43743837020218 -1.5616156133499486 0.9456873536109924 
