Car -1.0 -1 -1.340097550426194 360.05430056316544 180.34113459374504 494.6459787951356 271.6964674397718 1.5 1.5966272473335266 4.054226216673851 -3.3309191216107092 1.421093762281771 13.830983014030489 -1.5764274169367296 0.9999998807907104 
Car -1.0 -1 -1.146764583563392 38.60906754442956 180.60514848898507 420.99905991585587 375.0 1.5 1.6177882000803947 4.122079026699066 -3.2304369636944763 1.4689292608749038 7.0812280819634 -1.5747602000508947 0.9999996423721313 
Car -1.0 -1 -1.1449622240801258 231.6954305034269 181.86072215257064 362.3708012218213 247.46052397202948 1.5 1.575142566859722 3.933595356345177 -7.83146152857818 1.4244165618254279 18.418508108383346 -1.54699820938078 0.9999986886978149 
Car -1.0 -1 -1.5405137544278662 553.8393578235651 179.39288841190717 618.7000615698341 237.6055877935141 1.5 1.6714454188942909 3.912675616145134 -0.5969170296256843 1.351091506593703 20.47668446378636 -1.5696565599089978 0.9999978542327881 
Car -1.0 -1 -0.8279423604240745 0.0 184.59345552061453 125.26054503398535 349.390765345632 1.5 1.563836869597435 3.558955949544907 -7.617142961543766 1.4954674764185085 8.319983372145595 -1.5692682563702134 0.9999892711639404 
Car -1.0 -1 -1.316699792069706 381.32316910582574 181.1653902183914 443.86859610208427 219.24077283964164 1.5 1.5993312492966651 3.956359487771988 -8.177334847353997 1.3415671416719537 30.301615074100944 -1.5802854719248158 0.9999023675918579 
Car -1.0 -1 -1.2527596273758277 330.24818147427925 181.73516326422484 384.7821620681867 212.51743880287083 1.5 1.5686974421143531 3.685797241330147 -12.800566926712392 1.3315270102404348 36.88083737161114 -1.5868299203601224 0.9993390440940857 
Car -1.0 -1 -1.3937298203137505 448.58978223286874 180.25124027298332 527.9078306552514 237.52713969665797 1.5 1.5782692030072212 4.014472153782845 -3.399005945086369 1.3711168687078694 20.841510351109243 -1.5553948106851918 0.9985758066177368 
Car -1.0 -1 -1.557215885579253 509.42928290578385 180.18387434973667 548.4359179252068 216.66838215355602 1.5 1.598527331650257 3.9394410818815233 -3.4723522220953695 1.2942560957903286 31.587998302492732 -1.666702606776033 0.9982717037200928 
Car -1.0 -1 -0.833980891881269 0.0 185.2905508470161 38.61511942378739 289.01356497823105 1.5 1.6393032416701316 3.759436917304993 -12.052755807436828 1.5026116622047214 12.304466391907471 -1.6090452978995187 0.7463801503181458 
