Car -1.0 -1 -2.173512994162576 955.3637022904204 170.4814672420638 1066.8957549402646 217.97441082639162 1.5 1.633782733976841 3.4194650620222093 13.687923628629727 1.1851297629811115 24.0999128149177 -1.65698125312594 0.9999994039535522 
Car -1.0 -1 -2.3075424860098455 1034.5292303244976 169.2737051947372 1159.7459884255957 217.66512105701318 1.5 1.5909340724349021 3.3554601043462755 16.318364669327536 1.1535712849515778 23.680195741893527 -1.704159692921911 0.9999938011169434 
Car -1.0 -1 0.9133984216565686 1095.9024701886374 168.2701921558504 1223.0 215.41179749322532 1.5 1.6523827359080314 3.994751212000847 19.187639129421473 1.1124093502071868 24.49581383990718 1.5778748869856418 0.9999696016311646 
Pedestrian -1.0 -1 2.7090175100777047 111.70450600417928 168.3335159489838 165.9296448108196 251.72006999815045 1.8 0.6535635821521282 0.8109956540167331 -10.437157128047863 1.5389892132915244 15.77428106234712 2.1244914412458957 0.9999130964279175 
Car -1.0 -1 -1.6032973888985704 602.935244306199 176.11149463721557 635.5422694678552 206.23304353137527 1.5 1.5770476803183555 3.899531674385071 0.6916739589536356 1.282891317514351 37.1653595910111 -1.5846888209369523 0.9999029636383057 
Pedestrian -1.0 -1 2.1366988795883533 77.01688301998645 170.52738976583348 122.84701740840498 244.07831728218127 1.8 0.6022084064781665 0.7971972718834877 -12.680658978804802 1.5575403858244516 17.71318475584529 1.5153891285273688 0.999894380569458 
Pedestrian -1.0 -1 -0.7901166021587227 258.89130557322716 169.30821537588145 307.7609007764854 236.01638744438526 1.8 0.744128555804491 1.0096231035888195 -8.976749470337731 1.4995917118899518 19.675724773699457 -1.2181432406094415 0.9997521042823792 
Pedestrian -1.0 -1 -1.3025868979148596 292.957611972298 173.2256366446595 314.3869196878886 215.829323836107 1.8 0.6610618464648723 0.7883510112762451 -12.93098173137 1.494140151492477 30.302865160582552 -1.705917493500982 0.9995075464248657 
Car -1.0 -1 1.6166713673435802 546.4924519987886 176.84051052125247 579.9240042876546 205.97129405867628 1.5 1.624673467874527 4.361352559924126 -2.2399373630041537 1.312985810347091 38.59269238807364 1.5586959560725349 0.9975208640098572 
Pedestrian -1.0 -1 1.8333472199480265 252.26685517324864 174.0306298130741 270.69374003169224 215.15433371100258 1.8 0.6066838771104812 0.5720329962670803 -15.215710006991905 1.5183042012088774 31.28103427206778 1.3806227882716315 0.9967516660690308 
Pedestrian -1.0 -1 2.219887811211787 116.77230538084054 168.16499374278982 171.63941777179318 252.00982310093582 1.8 0.6623582474887371 0.8073308996856212 -10.195470003001473 1.5368075816461726 15.600022994504533 1.6410176634748996 0.9952788352966309 
Pedestrian -1.0 -1 2.5725805824451493 173.461245856439 168.62497299944445 219.24606673854817 245.8898896956629 1.8 0.6173206053674221 0.7327276773750782 -9.82247188210408 1.5249600029343626 16.93386492906813 2.0469601035078586 0.99277663230896 
Pedestrian -1.0 -1 2.7197466971202346 98.0962768557334 168.45772333862956 155.20807202573826 252.0786767582173 1.8 0.6767149575054645 0.8519646272063255 -10.69474638686689 1.5423994428434944 15.754937799065754 2.1233782649000705 0.9899364709854126 
Pedestrian -1.0 -1 1.1718506775372217 375.29407770531134 171.72771980992957 399.78671362797047 216.65224963134338 1.8 0.6475581347942352 0.9242496944963932 -8.911337165071066 1.4500147555430885 28.886630603495632 0.8726200302455085 0.9499202370643616 
Pedestrian -1.0 -1 2.927117266318035 239.60006021042472 174.19420319897856 254.2628444488156 215.47743982965633 1.8 0.5724299259483814 0.465560707077384 -15.819770068181965 1.526531574509306 31.19216549758833 2.457749116416794 0.9498853087425232 
Pedestrian -1.0 -1 -1.571603690260154 226.9781485533876 174.3265505780233 241.24231224747268 215.79946037528376 1.8 0.5508281782269477 0.47724764123559 -16.294848079853146 1.5335344291822561 31.021684546764153 -2.0552645484593257 0.9493235945701599 
Pedestrian -1.0 -1 2.2028134750856747 131.96267845680583 169.92984524213958 173.5179059397733 242.90146857287402 1.8 0.5777019567787647 0.7053770616650581 -11.420011673357429 1.5408618794932718 17.805728799394426 1.6325309157332004 0.8758821487426758 
Pedestrian -1.0 -1 -0.9369932583574327 217.16488182750413 174.39955513061898 237.19781724509025 215.96042154929862 1.8 0.5522462099790573 0.5550020866096019 -16.547993896902412 1.537263909276011 30.931221269131942 -1.4282419989493234 0.806434690952301 
Cyclist -1.0 -1 1.9592249262904733 496.76699306860354 179.43335227430092 513.5641134686779 202.4866874500368 1.4 0.5655774407088756 1.3330312937498092 -6.160755221378721 1.3365827522360252 43.64879516988005 1.8190073847731174 0.8050031661987305 
Pedestrian -1.0 -1 1.955675929345887 245.6497042616069 174.10292738438633 264.5245690340046 215.28366636298855 1.8 0.5807216770946979 0.5571753278374671 -15.458797824100506 1.5218568951535019 31.199571652652295 1.4956499775263923 0.7257264852523804 
Pedestrian -1.0 -1 2.145306709475078 497.36648340334784 172.8856708892475 513.4394810745031 202.35764339280425 1.8 0.636351716518402 0.8280346661806106 -6.155605040804032 1.3363116728841633 43.68752768526969 2.0053274512251438 0.7259988784790039 
Pedestrian -1.0 -1 1.6617416099636617 1091.1334639482693 128.74902065459239 1196.8639158790804 359.45016912000153 1.8 0.6495306760072708 0.8281401850283145 4.559492516161599 1.397931850202866 6.036477913202079 2.3086409449537815 0.6458711624145508 
