Pedestrian -1.0 -1 -1.6233364451179308 580.85097770417 169.7820582874692 603.5081709263549 225.2223180996095 1.8 0.7060949251055717 0.7915203019976615 -0.33694731773405673 1.420642360441009 23.73826385295608 -1.63752976159123 0.9999945163726807 
Car -1.0 -1 1.7984736590428252 361.09162234833985 180.73343343073154 469.27602514893493 242.8123929227511 1.5 1.854121920466423 4.61558387875557 -4.959235622771386 1.4826722286813696 19.679503380777764 1.5516134937617438 0.999987006187439 
Car -1.0 -1 1.7081568497904684 428.3588819048389 180.35544671868297 497.9349927362159 225.3584333491152 1.5 1.8482454612851142 4.931816321611405 -4.991963106182895 1.462933442706489 26.448659365413288 1.5216097076747077 0.9999467134475708 
Pedestrian -1.0 -1 -1.6089040779575803 602.6252022317395 169.54503917294474 625.5350891313349 224.9565659214792 1.8 0.7238165967166423 0.8463948525488376 0.3865692665847772 1.4127454960401604 23.762936092217725 -1.5926377727326495 0.9998935461044312 
Pedestrian -1.0 -1 -2.4029669808026926 221.8490749283049 150.05116791917965 345.0375275236371 338.6112041218743 1.8 0.7251031257212162 0.8972513049840927 -3.2817053377039977 1.501161497999628 7.339325443977028 -2.8234399119999747 0.99885094165802 
Pedestrian -1.0 -1 -2.983023294567308 1003.3098253209942 142.96488934025305 1116.31813668251 320.32308162793385 1.8 0.7364123620092868 0.9428639456629753 4.976145276822378 1.4102746361221143 7.875637481291696 -2.419520215192114 0.9985466599464417 
Pedestrian -1.0 -1 -2.0236937713765495 753.788716737524 153.9429092126235 836.6368612395495 286.7235807883214 1.8 0.8205595917999744 0.9180688790977001 2.7036551199709318 1.4277549239780776 10.265218328260989 -1.7661621729519708 0.9978343844413757 
Pedestrian -1.0 -1 2.4486746333040594 294.95443909009975 166.1835649035298 354.6492617458154 259.26633937350937 1.8 0.7307979770004749 0.8493332684040069 -5.591501254739162 1.505069992481907 14.43710180561786 2.0791635394056858 0.9961029291152954 
Pedestrian -1.0 -1 -2.7116935795320574 957.380884063732 144.02773063286995 1080.4234383596704 317.92553578856575 1.8 0.884933353215456 0.9099969200789928 4.628024075297829 1.413491233564951 8.060174408980028 -2.190472678342138 0.9957842230796814 
Car -1.0 -1 2.528141353623482 62.757588959352546 0.0 1237.0 373.0 1.5 1.7534798502922058 4.623953115940094 -2.706932261810632 1.510323347482201 2.1588437306536328 1.630574452873093 0.9951477646827698 
Pedestrian -1.0 -1 1.5180751687392307 493.86104999202354 171.4532115924685 519.5913458838472 222.6746161986311 1.8 0.8648778803646564 0.9494212016463279 -3.429370288264528 1.448000781509141 25.786931845348057 1.3858622749659675 0.9917449355125427 
Pedestrian -1.0 -1 2.710684525942005 279.4785219838522 165.7397611972976 347.79098983144604 262.14131139119615 1.8 0.750374936312437 1.0189421035349369 -5.659348186264266 1.506988046662251 14.03808067198797 2.32747195958696 0.6841943264007568 
