Car -1.0 -1 -1.5203694160701913 637.5122431214853 179.31604666825564 666.1250879878703 205.7160961003037 1.5 1.5591895699501037 3.451565143465996 2.530619608520244 1.9076506103312971 43.67473470830632 -1.4624917144563538 0.999984622001648 
Car -1.0 -1 0.3507394695852901 260.13743089005976 181.75656550185286 447.9959491999823 246.0584252051983 1.5 1.6092408940196037 4.086711493134499 -6.29368776175786 1.7313488338342242 17.88870366250642 0.012440009913172045 0.9999423027038574 
Car -1.0 -1 -1.6585209113838266 649.239068327638 178.88360352477252 693.5635277958473 215.99246900565512 1.5 1.590524849295616 3.968387332558632 2.6049686780767387 1.7827263677936278 31.798221661715928 -1.5767816058967752 0.9997230172157288 
Car -1.0 -1 0.2277023252872434 373.7307577228671 181.34506642184888 502.298589461677 222.67776684760904 1.5 1.690821585059166 4.4825831919908525 -6.4964613057632885 1.8328193743771006 27.391568575793116 -0.005165175595555982 0.9985300302505493 
Car -1.0 -1 -2.710765289830017 188.5193421709736 182.1373359885284 401.7042686252635 257.3560019862288 1.5 1.5852150067687034 3.8719190776348116 -6.674191000959199 1.7096532814143222 15.428475630608352 -3.1190464059498653 0.9978354573249817 
Car -1.0 -1 -2.935380612222532 417.04048037436326 181.25275885703803 511.49443637044214 214.03113820671754 1.5 1.6512029364705085 4.150520128011704 -6.9116788860778176 1.9092878847243002 34.287733509300296 -3.1342937509205684 0.9938469529151917 
Car -1.0 -1 -2.6648895909697616 0.0 0.0 1241.0 374.0 1.5 1.5834518268704414 3.767988693714142 2.8668492576114692 1.4636022066670755 1.5319013394198862 -1.584841897771929 0.9730405807495117 
Car -1.0 -1 3.419849983196801 309.1352363073809 181.6358578592276 455.7488501342793 238.04566602558313 1.5 1.5143285065889358 3.646957737207413 -6.349295541769202 1.7564912298848658 20.237903843541098 3.1158423304518283 0.9515045881271362 
Car -1.0 -1 -1.7271813332915251 666.0541910600626 178.11152893822464 746.7405195962174 237.44980601104768 1.5 1.6266460090875625 4.252869871258736 2.6105132292292423 1.6673841012196764 20.7688853727121 -1.60214359784988 0.9432999491691589 
Car -1.0 -1 3.3592509124728247 393.4184524943806 181.37538273349654 493.45667248870217 219.31260003438928 1.5 1.5664242699742317 3.7617749094963076 -6.839536319266911 1.8604171286371265 29.68512340102448 3.1327999710997165 0.8711301684379578 
Pedestrian -1.0 -1 2.1866550391370208 12.48943246606774 171.05065724709408 66.4068990191205 258.90440228019867 1.8 0.5726441301405429 0.7308255441486835 -12.027086742218668 1.7634098837239758 15.161090090232454 1.516021176180567 0.842401385307312 
Car -1.0 -1 3.1852550907419195 358.97444409113757 181.3724080636234 473.9683962767482 228.24529690228385 1.5 1.576923069357872 3.685000774264336 -6.597421992684218 1.8055375662127258 24.679439241755837 2.9240385174711765 0.5454279184341431 
