Car -1.0 -1 1.9640585527926706 190.17254228586782 180.1151572006102 437.1918361267252 325.92381736397823 1.5 1.5872277811169624 3.922962260246277 -3.6661993799871895 1.6169620606458102 9.600865404421032 1.5992860674818576 0.9999953508377075 
Car -1.0 -1 -1.6092663813151498 682.9184950142679 178.06030461026225 745.4131952481049 238.20193411442042 1.5 1.5690280616283416 3.5666781038045885 2.783932164053197 1.6592486148388816 20.165833328506576 -1.4720815728094918 0.9999926090240479 
Car -1.0 -1 -1.3015075457841383 701.4662694972138 178.00974048389776 771.2682248332528 226.2940644768787 1.5 1.4993314191699028 3.403245520591736 4.334787380326485 1.689924866088913 24.668169356638384 -1.1275595585491998 0.9999709129333496 
Car -1.0 -1 1.830892817237305 399.18666236651944 180.0848650368904 513.3381679105886 260.2321606183562 1.5 1.5292699009180069 3.6418332278728487 -3.255062548216604 1.6763440816569977 15.697567872257547 1.6264295458754123 0.9999192953109741 
Car -1.0 -1 2.475384049655918 0.0 179.94486470313763 238.95505790159243 374.0 1.5 1.6329547882080078 4.018800568580628 -3.843655803405998 1.5554446230211745 3.5360533977393773 1.6483278155287326 0.9998657703399658 
Car -1.0 -1 1.0250141368863759 901.3220884672986 173.72779744446203 1241.0 342.2622753207447 1.5 1.6900843501091003 4.383155566453934 5.176484881633287 1.5134825965420962 8.638445856694092 1.5648731430384772 0.9998538494110107 
Car -1.0 -1 1.6644724178321537 508.5273658058161 180.29199656606326 551.2837693592064 218.36762197610022 1.5 1.50033128708601 3.46812219619751 -3.4141835609087607 1.8364148829326536 30.850914804081704 1.5542537411067145 0.9994856119155884 
Car -1.0 -1 1.447662417268899 521.1618754037861 180.22570151612987 564.628690187323 213.24891477726453 1.5 1.6525548443198204 4.0919172137975695 -3.4335261954853014 1.8895976947025914 35.91943135293658 1.352362318834986 0.9963783621788025 
Car -1.0 -1 -0.32982993293166096 852.8605389917716 175.10483362037317 1123.9979520241493 266.6977949177598 1.5 1.5682079389691352 4.004100945591927 6.526744153664841 1.5439446071493985 12.917536300615247 0.13801865180465156 0.995703399181366 
Car -1.0 -1 1.7802821113738738 458.1428731867877 180.02913739206343 542.5278480005455 239.49674972124507 1.5 1.5812978640198707 4.072953251004219 -3.0900160826817875 1.7277341601494813 20.780939485246495 1.6326689600905002 0.9853524565696716 
Car -1.0 -1 -1.0702278353545747 739.2042496450815 177.74430596254192 816.7807639054711 218.94470206416705 1.5 1.524212446808815 3.4297245115041735 6.629839161419682 1.7054919133177255 28.477172667499087 -0.8414899865773064 0.9824390411376953 
Car -1.0 -1 1.012980699382895 491.5998863224446 180.3413527831446 567.7295145619187 213.85921008024053 1.5 1.6803320989012718 4.320904847979546 -4.051668589589822 1.8916502480513149 35.49102489834424 0.899312420687403 0.6186126470565796 
