Pedestrian -1.0 -1 -3.105686049979719 758.053414567276 149.5671439412507 836.5140792131012 307.0368623183584 1.8 0.7930888354778289 0.8789406649768352 2.3354967407382774 1.4363329189489442 8.716513483155957 -2.8438958684590205 0.9999938011169434 
Pedestrian -1.0 -1 -2.3525284944891496 589.1431215533075 168.87869085588983 620.4029288462567 228.64564470978232 1.8 0.7176477022469043 0.6432661347091198 0.07569641730607755 1.421006239383065 22.112422344375 -2.3491052548077445 0.9999929666519165 
Car -1.0 -1 1.8224506079787028 353.221931453576 180.59338916217484 481.6924301754892 251.63346687812637 1.5 1.893700522184372 4.704432052373886 -4.314356007678058 1.4820888669221826 17.5267539442069 1.5810909151991428 0.999998927116394 
Car -1.0 -1 1.7477337318288069 435.0861120581712 180.1635162405011 515.3901012628057 229.25834742822005 1.5 1.8568812429904937 4.7730451941490175 -4.167474448539049 1.46028285664696 24.338039096742623 1.578145492072922 0.9999972581863403 
Pedestrian -1.0 -1 1.8736445247723117 499.64998790378587 169.87595341916276 534.3038347765005 229.45565508761808 1.8 0.8288313195109367 0.9244682759046554 -2.632274428306128 1.4499393530468225 22.230031194260928 1.7557825922926487 0.9999345541000366 
Pedestrian -1.0 -1 -2.850097152684214 1017.6947333317812 133.3711706093251 1164.1182095785502 362.78027713840277 1.8 0.8117675341665744 0.854311466962099 4.182858712519977 1.423763206072777 6.221308961573555 -2.258174494900976 0.9999271631240845 
Pedestrian -1.0 -1 0.4967334103773322 0.0 139.15205698266817 182.71455409169695 373.0 1.8 0.7295441374182701 0.9079504318535327 -3.7982169387202322 1.51276541183698 5.3116462039766175 -0.12403746048477718 0.9996521472930908 
Pedestrian -1.0 -1 -2.146803910179956 198.74385774850074 158.9306466980936 297.62241445980953 298.8535518523429 1.8 0.8255365796387195 0.958950587362051 -4.876910835325702 1.5109952450238997 9.837667234598413 -2.6070365468647823 0.9983966946601868 
Pedestrian -1.0 -1 1.9501005592038236 733.4584419939447 160.7237424348621 776.0123249230431 257.59048793812383 1.8 0.6147114120423793 0.616196871548891 2.9025827219913576 1.4151935613289013 13.77241026893647 2.1578142523726047 0.9973485469818115 
Pedestrian -1.0 -1 -1.9023411497966296 593.3440820548238 169.0649960762998 624.5727943491473 227.50518277646663 1.8 0.7656584985554218 0.7926563292741775 0.2045727438794464 1.4181064646513373 22.619853099903896 -1.8932974497464043 0.9934066534042358 
Pedestrian -1.0 -1 2.3400496413883904 148.6205108260141 163.30179109856329 237.45874673085225 281.5260681484266 1.8 0.8189853772521019 0.9314620427787303 -6.553640827383436 1.5242305282886885 11.487034840008473 1.8215849280317844 0.9814488291740417 
Pedestrian -1.0 -1 -2.9671583353153435 612.9235605000822 168.4857877043645 644.7839049734685 228.98497386534171 1.8 0.7390453040599823 0.8532750912010669 0.8110171744714978 1.413921458253481 21.8205041272633 -2.9300077716496333 0.9585128426551819 
Pedestrian -1.0 -1 1.7295048095440821 749.2705457707186 159.93433231601833 798.0432315445786 260.08731782987275 1.8 0.7975908488035202 0.5992379531264305 3.162031717161005 1.4136811067213952 13.33678423056915 1.9622974276503147 0.8517095446586609 
