Cyclist -1.0 -1 1.8826841904766278 289.84687606561585 186.71652533768994 348.3819940637843 266.83041816092083 1.4 0.5654636330902576 1.6195534288883209 -5.5505349213711135 1.679934300742742 13.720939323873946 1.498278542360987 0.9999921321868896 
Cyclist -1.0 -1 -0.9135095748536681 623.143224218021 181.83708184031912 664.5210921774757 221.19758152915819 1.4 0.6056873619556427 1.7416481420397758 1.232128953694032 1.7461791297774467 26.9141270193801 -0.867761508622442 0.9999241828918457 
Cyclist -1.0 -1 2.1230768976941436 225.603453942793 187.78816202122698 327.7909170209243 291.38567950671694 1.4 0.5628795854747295 1.7642077550292015 -5.038969975268769 1.6452493409771929 10.9196409055251 1.6907343745192112 0.999909520149231 
Pedestrian -1.0 -1 2.6251093285447107 941.4797460340545 164.12538074017345 975.1089960613691 234.84265529123573 1.8 0.5042454719543457 0.6126565419137477 8.943079853179668 1.578184182491517 18.635549605154814 3.072542774673325 0.9998704195022583 
Pedestrian -1.0 -1 0.3709552833600023 185.73158952885606 171.29847288195154 235.0484067356865 247.10031603665797 1.8 0.6012422524392604 0.8891975067555904 -9.72456144743959 1.7634200938819533 17.48930487220255 -0.13650496403244564 0.9998698234558105 
Car -1.0 -1 -1.2449144241285077 461.08390790607876 180.06944339921634 558.7409424825746 226.86030013154672 1.5 2.003125895559788 5.218101900815964 -3.5912791245497733 1.7952041795874516 26.729238451187886 -1.3784722993758065 0.9996758699417114 
Pedestrian -1.0 -1 -3.0817955283798 891.7483611393709 165.8908219670313 917.5616706075302 230.02085477184738 1.8 0.5081996813416481 0.6547890163958072 8.375953442502393 1.6049155276607614 20.619757870009433 -2.6959471265461787 0.998706579208374 
Pedestrian -1.0 -1 0.7399697477124068 0.0 167.2280862346608 11.240799877062253 281.153730460311 1.8 0.6544940665364265 0.8950099840760231 -10.506440837846371 1.711469671324242 11.728871131866144 0.009493275484766283 0.9854770302772522 
Pedestrian -1.0 -1 -3.3523217555061926 813.0834419265325 167.8735865519139 853.99419486435 225.05860485419942 1.8 0.4881727069616318 1.1689095318317413 7.073309402400504 1.6435904467146791 23.003211103140163 -3.05400557915238 0.9833980798721313 
Car -1.0 -1 -2.748835492048024 394.02339925951355 181.62435348515888 470.150706175454 210.55333892070277 1.5 1.5849559128284454 3.681202468276024 -9.654018551106043 1.988689408628248 39.11240480794977 -2.9908260862019405 0.9666816592216492 
Pedestrian -1.0 -1 3.0168825534713943 0.0 166.2632394465228 15.51923367735347 285.5479448306182 1.8 0.5891194127500057 0.6862524457275867 -9.893667324684932 1.7009036342504957 11.337355339484455 2.299378859992844 0.9615371823310852 
Pedestrian -1.0 -1 -3.2891490460043427 802.3934802228097 168.5197155564494 846.1644419939705 222.70493404154075 1.8 0.5297857828438282 1.3502672806382179 7.168124421841392 1.6563755044921515 24.322206386638133 -3.0025476972248897 0.9116722345352173 
Pedestrian -1.0 -1 1.1810700752654448 0.0 167.4171300566424 34.24192855335607 278.7527568881049 1.8 0.5534652180969715 0.8072626337409019 -10.238646831719535 1.712458184650798 12.094111650728554 0.478564186892237 0.8893113732337952 
Pedestrian -1.0 -1 -0.5524181715205992 1158.142629343366 103.32530249628236 1241.0 374.0 1.8 0.5912689052522182 1.0205225579440593 3.5074374237485815 1.4796835320122075 3.717885555472337 0.20386175712081367 0.6750903129577637 
Cyclist -1.0 -1 2.7456943451840434 804.8846344754932 180.25052984622016 857.6390389718076 222.6548846495238 1.4 0.6367282502353191 1.5788440153002739 7.415131448349038 1.6540887823434547 24.35309090690599 3.0412599921186985 0.7230727076530457 
Pedestrian -1.0 -1 1.2052066141275233 0.0 167.45782855882987 52.88716024188915 277.571493733764 1.8 0.4735629566013813 1.0455130159854888 -10.048355279287572 1.7121480250447298 12.256772213343645 0.5184961994502204 0.5751477479934692 
