Pedestrian -1.0 -1 1.0631239678791655 689.1341969767777 154.18211016654817 747.9752994525119 274.3991028500139 1.8 0.54542753174901 0.8881716549396514 1.7228723630531306 1.4076054486388532 11.092659764971822 1.217209263643946 0.9999991655349731 
Pedestrian -1.0 -1 1.3734509709081426 468.9251162467145 164.3148311793877 502.22430616238745 244.39148610909396 1.8 0.5966817520558834 0.8890091001987457 -2.819047347263342 1.4377939532358548 16.410409347240922 1.2033273418757575 0.999998927116394 
Pedestrian -1.0 -1 -3.5966922758487794 1097.8655110029692 156.81993499824202 1154.198169554724 231.87700405801755 1.8 0.5456173352897167 0.9681387364864349 12.704239788800168 1.2337122729743684 17.30557515432335 -2.9634369174626216 0.9999983310699463 
Pedestrian -1.0 -1 1.144204820052766 744.9758005123906 141.23042173177504 829.2969231839237 330.26773180759835 1.8 0.5529236540198326 0.7699701495468616 1.774078342340108 1.427775082627937 7.1564796024600295 1.3872043331477302 0.9999978542327881 
Pedestrian -1.0 -1 -2.6345568360941556 676.193715121648 165.55042664360735 702.9374389101723 223.2952411199711 1.8 0.541277465224266 0.6642902761697769 2.6547243337396624 1.3355516386218835 22.448685874012344 -2.516846076646124 0.9999980926513672 
Pedestrian -1.0 -1 1.3170293784406437 600.0103338712735 155.1301085926365 654.9343598048746 276.9684406635274 1.8 0.6475328028202056 0.8689919047057628 0.2879218077078155 1.4268560054222814 10.937048429087806 1.3433486660334724 0.9999969005584717 
Pedestrian -1.0 -1 1.2178230085823463 610.8929620376119 154.3389397035556 672.080415761919 279.61230058493857 1.8 0.6721089154481887 0.8287343688309192 0.4905694446338689 1.4257680054095119 10.650850476681306 1.26384965976211 0.9999936819076538 
Pedestrian -1.0 -1 1.47152389761404 455.643663589521 164.71276769926442 484.0552397700476 243.74819870197803 1.8 0.576958854496479 0.7739235207438468 -3.209409388880002 1.4420618544211858 16.551209525214766 1.2799929817530769 0.9999821186065674 
Pedestrian -1.0 -1 1.2071502421131177 535.3271554481111 157.93039878821128 577.897474414453 269.26873429341373 1.8 0.4818148471415043 0.7294835083186626 -0.863806751207345 1.436771996900449 11.858223739723726 1.1344341476771491 0.9999710321426392 
Pedestrian -1.0 -1 1.191341725233604 555.9396474126844 163.93397118600498 588.5817384187227 239.68369694714795 1.8 0.555983980000019 0.7494895279407501 -0.8423427811932774 1.4079535284113354 17.25259809616677 1.142556353411402 0.9999579191207886 
Pedestrian -1.0 -1 1.090940481503108 244.5758311417147 161.37464125530136 299.92221755754565 274.6632361420839 1.8 0.6066801518201828 0.6221058338880538 -5.532318959803242 1.497779532942134 11.658652795048464 0.6478800018641608 0.999967098236084 
Pedestrian -1.0 -1 1.3137800980583028 475.7865182850807 156.86085979721332 527.624447085386 278.424765120347 1.8 0.5866527117788791 0.8880893260240554 -1.6628911097003087 1.4516369503217859 10.988223650223564 1.1635858257624763 0.9999544620513916 
Pedestrian -1.0 -1 1.0118168086511923 795.176824385229 140.81390306714138 886.6539768435803 327.92531928815026 1.8 0.5500028401613235 0.7914857499301433 2.348339499139259 1.4199188588126497 7.247525312280438 1.325161619982447 0.99989914894104 
Pedestrian -1.0 -1 1.0250870913847017 767.810208082637 153.81773157755478 819.7691168185397 270.61790603979676 1.8 0.4888132706284523 0.7388600639998912 2.966382990219912 1.3904596140621932 11.315115575601924 1.2814783295008796 0.9998706579208374 
Car -1.0 -1 -1.193970825415499 0.0 181.31873426267563 278.98196550314105 369.0 1.5 1.9669300436973571 5.229489740729332 -3.1740268347901988 1.5092909115075959 3.7595666253747235 -1.8951192061093194 0.9994499087333679 
Pedestrian -1.0 -1 1.2702733521863119 545.8836700227382 163.94935490000935 579.4333689564028 240.2953359585052 1.8 0.5879446424543857 0.8417132802307605 -1.0731070303271484 1.411391823047342 17.162847020608762 1.2078296383235114 0.9993935823440552 
Pedestrian -1.0 -1 1.3107046496560335 606.3527111917572 163.17071307053433 638.751030877691 239.4825035804326 1.8 0.5919782005250454 0.8196086183190345 0.3799091273844385 1.3928507536883914 17.14052590433624 1.3328654011103767 0.999108612537384 
Pedestrian -1.0 -1 1.3665240806620835 551.0137503217724 159.39555257933438 593.2235515304155 261.06828902861054 1.8 0.6051186963915824 0.8877199634909629 -0.6597351590773137 1.4280129875555396 13.018331126438564 1.3158899982783454 0.9991078972816467 
Pedestrian -1.0 -1 0.6728699407824141 265.4490780581479 161.30841611639804 324.364759122082 273.20347422844 1.8 0.5803601376712322 0.683893871307373 -5.186621291048303 1.4929284390168183 11.736471005146022 0.25675277312728334 0.9982494711875916 
Pedestrian -1.0 -1 1.4196886944642104 642.2966392411805 154.55556890101295 691.9528188088257 276.7731621807391 1.8 0.6356254711747169 0.8358969844877719 0.8932863279137047 1.4195576712215845 10.84717012733247 1.5018552978846686 0.9969258904457092 
Pedestrian -1.0 -1 1.2755523635985935 514.9171621682086 157.7363372256282 567.1359434237626 271.237036205037 1.8 0.623039112240076 0.908061259239912 -1.1195886588810173 1.4406479753744132 11.74647114083454 1.1805266579005378 0.9966957569122314 
Pedestrian -1.0 -1 1.3533942974263786 515.4492736635394 164.1281987496841 548.2305009584372 241.76647835082244 1.8 0.5988536894321441 0.8912139132618904 -1.7958201601364174 1.4220359456418223 16.905199859016637 1.247562332949366 0.9962977766990662 
Pedestrian -1.0 -1 1.4968657950824433 571.2594246291982 157.5770300813764 610.0089098774648 268.2857982098447 1.8 0.5860877715051174 0.8989006772637367 -0.29961802983143204 1.4289510417119224 11.967049539699998 1.471834107241358 0.9958227872848511 
Pedestrian -1.0 -1 1.3577819848999242 541.4153063040526 159.75485006680236 580.2103237984091 260.21831948597304 1.8 0.534928173571825 0.9226948514580726 -0.8774973863867588 1.4299517553666667 13.180423355694035 1.2913042744013923 0.9946581721305847 
Pedestrian -1.0 -1 1.1182328779813333 697.2353441723878 140.82659726238327 788.6244460420173 335.33719703419735 1.8 0.5677984587848186 0.858770453184843 1.298717920544839 1.4345615746903089 7.027574909760715 1.3009742935511726 0.9942461848258972 
Pedestrian -1.0 -1 1.346363321080569 502.2344704265845 164.40490362451962 534.6135954910427 241.5082910731473 1.8 0.607659251242876 0.7963525623083114 -2.124261864672923 1.4258614231018256 16.97933534471335 1.2219013412806647 0.9908623695373535 
Pedestrian -1.0 -1 1.246097410083888 705.4626344047767 154.65312896813907 756.0335201558847 271.48538200678803 1.8 0.5767458610236644 0.7741977021098136 1.955385857128328 1.403443265405731 11.314974788743925 1.417221232256617 0.9814510345458984 
Pedestrian -1.0 -1 1.4604198510380526 566.0526166865176 158.47454050160817 609.550136153081 264.2193377735061 1.8 0.6678054600954055 0.932941634953022 -0.36207037604824055 1.426727813124928 12.538793012400484 1.4315518577906745 0.9608884453773499 
Pedestrian -1.0 -1 1.240995147742182 497.64837803044327 158.0061315164043 546.8115570334397 271.42224776065245 1.8 0.5430788293480873 0.906468790769577 -1.4304969155364122 1.4446605080015773 11.742701345352383 1.1197723587367194 0.9547498822212219 
Pedestrian -1.0 -1 -3.484303362483266 1092.2025565839085 157.02405369322884 1142.3086749492784 231.44170300371468 1.8 0.5692442439496517 0.8615662835538387 12.623695881140973 1.2337686119162024 17.4904058857428 -2.8591289083149776 0.9180119633674622 
Pedestrian -1.0 -1 1.301224142846219 599.7842849512999 157.4684314584495 642.8038571825456 266.54362611265844 1.8 0.5572697639465332 0.732949797809124 0.22521972908591303 1.4215755003236852 12.087199537819423 1.3198548992488044 0.9052836298942566 
Pedestrian -1.0 -1 1.3886267948329132 607.8847143383779 157.95057848131222 660.303382848674 262.9787288557703 1.8 0.7459164157509803 1.1211748726665973 0.4611984945702935 1.4151890265984841 12.721478067257427 1.4248644550654548 0.775626003742218 
