Pedestrian -1.0 -1 -1.6920337577448015 498.693600400436 170.81382727471723 526.2102731068786 225.33923893628383 1.8 0.8183098889887332 0.8880491860210895 -3.0340118957967763 1.4483132532253802 24.241379375231336 -1.8165446976807458 0.9999910593032837 
Pedestrian -1.0 -1 -1.969450569198862 917.0202824479037 139.3890690104166 1055.514652955505 342.47444587373377 1.8 0.8451327241957187 0.9922813184559345 3.593572201598126 1.4281409248686359 6.893227858101801 -1.4888934055950982 0.9999855756759644 
Pedestrian -1.0 -1 -1.237023851602481 564.1660976297995 156.13892124653879 645.2713981788695 288.5546589863449 1.8 0.9264274060726165 0.8995987966656684 0.017934224476273044 1.4565765226154794 10.339340143030823 -1.2352892915394647 0.9997203946113586 
Cyclist -1.0 -1 2.176041726731123 405.47322752115446 186.31223406256368 510.77322308507314 290.53325957541495 1.4 0.6855787269771099 1.7031848922371864 -2.1220138122664993 1.478797384184171 10.64898969169374 1.9793491244276584 0.999947190284729 
Pedestrian -1.0 -1 1.8664131930156218 345.4741531632228 153.90168330168441 432.8890713892683 313.2611239014706 1.8 0.7675527155399322 0.9255165725946426 -2.554145155328912 1.4896226107159152 8.576252184621044 1.5769612669905246 0.9993327260017395 
Pedestrian -1.0 -1 -1.6587350574808426 515.2074991832201 170.50067991780728 539.7181145367541 225.88173049935088 1.8 0.7347826406359672 0.8551170609891414 -2.4857117267371667 1.4435918937480139 23.834544195368622 -1.7626497010376794 0.9981270432472229 
Pedestrian -1.0 -1 -1.154594150412259 572.0346809471337 155.75666551890953 663.1112674514387 289.43269632477285 1.8 1.0138857670128345 0.9452977709472179 0.20059090110195876 1.4546811282224896 10.312477931127027 -1.1351453224804742 0.9970465302467346 
Pedestrian -1.0 -1 -1.6140166986155398 544.9114228076194 169.4682515314981 568.6141446089138 228.89751730388338 1.8 0.689570003002882 0.9708294205367565 -1.4200280655048407 1.4367009399839308 22.27382150410239 -1.6776837641980988 0.9969332218170166 
Pedestrian -1.0 -1 -1.6129097481602888 544.599774118711 169.6877512628476 569.1659990142829 227.85073674582202 1.8 0.7333796963095665 0.9812140397727489 -1.4457468427350386 1.4355520112725435 22.75458464766148 -1.6763609657671792 0.9966726303100586 
Cyclist -1.0 -1 1.7652980385653032 445.222986007548 186.2016180655569 511.7206220319024 291.8987377456525 1.4 0.6293255396187305 1.7729336887598037 -1.799131354452486 1.4757919233722674 10.485265724541811 1.5953662276228489 0.9764627814292908 
Pedestrian -1.0 -1 -1.695182991300506 486.6544423913235 171.33804051874398 508.59614272963654 223.80481644089846 1.8 0.6592045098543167 0.8385716497898101 -3.6605215238243383 1.4524401023842053 25.13341839228305 -1.8398097018387658 0.9739006161689758 
Pedestrian -1.0 -1 3.2508954403685326 338.44548765494676 160.2689770436876 398.02735741851956 284.47227461714897 1.8 0.6292713366448879 0.7904405266046524 -3.5338365825552787 1.493624836434533 10.796909832331968 2.9345840096434177 0.9617436528205872 
Pedestrian -1.0 -1 -1.4137566989635109 577.4123555890976 168.92498040664276 606.6364385004113 229.16232081700082 1.8 0.7424441657960414 1.0580557890236377 -0.3068593892974726 1.4253606054447263 22.039093355568912 -1.4276792118933541 0.9349696040153503 
Pedestrian -1.0 -1 -1.560359870900736 587.9386284240996 169.64878790985026 612.3028405591955 225.29658650976842 1.8 0.7882206261157989 0.9692146003246307 -0.0647662465836325 1.4177519295980698 23.720490697064534 -1.5630902564760787 0.8848271369934082 
Pedestrian -1.0 -1 1.2630079649140313 824.8220142757114 143.81457529660133 921.8024951457005 329.5255097709859 1.8 0.7084783658385276 0.8317178606986999 2.7202982993075335 1.4361059213975735 7.391164702092608 1.6156692385634006 0.848916232585907 
Cyclist -1.0 -1 1.9401113284374134 14.275264467810004 194.6044980640815 263.7315740935779 373.0 1.4 0.7859665460884571 1.7617172122001648 -2.95125012892268 1.5052655498714447 4.752843243595025 1.38443390925857 0.834261417388916 
Pedestrian -1.0 -1 -1.7333984096698725 558.9054288295465 169.18640730249967 586.3327216835557 229.2381701251021 1.8 0.7102491825819015 0.846321278065443 -0.9174889515426576 1.4320343030928573 22.015256971883886 -1.7750494490053994 0.6995763182640076 
Pedestrian -1.0 -1 3.6130007799557324 14.870739945599464 153.6958353317863 127.66338840539335 335.0353033376455 1.8 0.679525689035654 0.7222677141427993 -5.571712960088822 1.525380506314977 7.522469807700357 2.9754937767942966 0.5322937369346619 
