Car -1.0 -1 0.39184298736251644 350.2134195567572 181.27714487598672 490.574776015202 232.73227861391968 1.5 1.598249052464962 3.9072709649801256 -5.889999376976397 1.7745676505519632 22.4315235673681 0.13506273826095036 0.9999719858169556 
Car -1.0 -1 3.6042912761407617 47.82068138794804 182.45251193710746 350.48367508175977 289.12614240925706 1.5 1.5519047647714614 3.7775176137685778 -6.228844636683893 1.6603432554776993 11.161049360370615 3.0952598929365696 0.9999630451202393 
Car -1.0 -1 -0.03301444170028135 661.4714155732418 178.7828760008252 749.3875582236407 209.90070146358684 1.5 1.7225629210472106 4.277476903796196 4.7128733225614825 1.8069484111903 36.246103629806555 0.09628443320723944 0.9999175071716309 
Car -1.0 -1 -2.342922166187874 0.0 184.12240940271985 159.85266094009083 374.0 1.5 1.590861615538597 3.84142906665802 -6.402683653205154 1.611373715138911 6.300366770130632 -3.136374668278967 0.9998583793640137 
Car -1.0 -1 3.5010202238401664 209.2395920232202 181.9333403936917 431.76215627885654 253.30411826624513 1.5 1.6491150975227356 4.3491295099258425 -6.435638848048214 1.7156623920602274 16.244487335506857 3.1238167166670383 0.999804675579071 
Car -1.0 -1 -2.0344792211879175 953.0233456648107 174.95589554844605 1115.1481721741543 238.26187551010457 1.5 1.8693835034966468 4.673537847399712 11.227645753352629 1.5645189116063196 19.63726169002897 -1.5150892446425301 0.999575674533844 
Car -1.0 -1 -2.1073772844999072 1037.81926593955 174.25219447372496 1187.7283594431576 233.0046167268794 1.5 1.6313985481858253 4.0802909553051 14.096088909325047 1.5443386094149385 20.60581642504739 -1.5074139321830613 0.9950709342956543 
Car -1.0 -1 -2.8202235570973184 296.92357938512384 181.72447139159402 446.1054359071054 239.60483243582146 1.5 1.5673498183488845 3.561072659492493 -6.48910274296019 1.752643945553009 19.728521559928623 -3.1379967490818843 0.9649800062179565 
Car -1.0 -1 3.3435675916217003 369.9078560853658 181.31790700015088 496.4260180343252 226.8629493181973 1.5 1.5315155059099197 4.017994043231011 -6.077294993702964 1.8024845956041962 24.913067133250543 3.1043004870375217 0.9614313840866089 
Car -1.0 -1 3.5444925409078953 162.22255436863668 182.22823935420286 379.8632681748274 265.16521112843316 1.5 1.5512064591050148 3.5150288164615633 -6.5351420510616185 1.6939476245220662 14.066436937602239 3.1095710873564304 0.9540851712226868 
