Car -1.0 -1 1.848928563731123 450.99036564484766 180.0668876462263 545.8953696579588 235.6081583122905 1.5 1.7366569980978965 4.491151359677315 -3.375301077359613 1.7479811665973428 22.429649252147797 1.699565398689133 0.9999929666519165 
Car -1.0 -1 1.9036324036131818 249.09473593310707 179.858341691035 480.4595009700235 285.7450716884462 1.5 1.9852500900626182 6.853674215078354 -4.313703860730492 1.6712209622836176 14.137429014573481 1.6074790835341037 0.9999675750732422 
Cyclist -1.0 -1 0.8770995746526173 886.8139859905822 178.80199675653265 921.5500709308377 209.85073905118767 1.4 0.5674189448356628 1.6676590338349342 13.705084297201585 1.685854955153708 33.74966278446367 1.2628368576380866 0.9999161958694458 
Cyclist -1.0 -1 -1.125354681002018 889.3211307517507 178.8059791335124 919.2747339131537 209.7983931810071 1.4 0.570576687157154 1.8179253235459327 13.727834704323628 1.6854084623203793 33.729940834994586 -0.7388348142292841 0.9991975426673889 
Car -1.0 -1 -2.834086245452631 513.77133262249 180.1945834744807 603.296279617213 214.30686560821718 1.5 1.5505413085222244 3.8516233235597612 -2.40643706452035 1.8528988517176783 33.44651941377709 -2.9059112826969966 0.786264181137085 
Pedestrian -1.0 -1 2.945667629581943 550.9854218347112 172.85258170887488 577.0295682528457 218.40390271526962 1.8 0.6335014037787914 0.9361177243292331 -1.8901595558165794 1.8003017277842752 28.936304763833423 2.8804389119108738 0.6897605061531067 
Car -1.0 -1 3.158880140592075 437.7776187016064 180.50886668121063 565.8127844806644 229.38967607371583 1.5 1.5949311226606369 3.990387034416199 -3.536900950876918 1.7611049220824444 23.521881216552682 3.0096318602522434 0.638490617275238 
Car -1.0 -1 -2.9592660789853475 492.9944234941765 180.44262922089717 573.817867596285 218.96214835826405 1.5 1.3821764409542083 3.0558648079633715 -3.1117774411831736 1.8161484679127375 29.217653078162254 -3.0653694430973872 0.5484781265258789 
Cyclist -1.0 -1 -2.4011252061121606 565.344106708264 182.15347619693372 604.8120911368858 214.58431171389435 1.4 0.6815464727580547 1.7793616771697998 -1.169953213789755 1.829527757416238 32.46033215019829 -2.437152163186346 0.5355825424194336 
Car -1.0 -1 -2.947623759643424 538.409819579253 180.19420622401933 597.6804907823962 214.2655811788065 1.5 1.0516029343008995 2.53177737146616 -1.9300546834086594 1.8406128316834809 32.752595680608074 -3.0064839879658565 0.6413484215736389 
