Car -1.0 -1 1.3416186670081196 689.956381509458 177.46313095504763 802.6145014380065 255.71343356656487 1.5 1.5651708960533142 3.961167347431183 2.837964152732928 1.6160430065226579 16.086910107636726 1.5162364681574958 0.9999998807907104 
Car -1.0 -1 -1.7752507273494424 638.9277767075278 178.70483028557666 704.4782000882801 226.31669225946877 1.5 1.5750127404928207 3.467574578523636 2.019275180476817 1.7177896728809876 24.99366636770845 -1.6946343491461617 0.999998927116394 
Car -1.0 -1 -1.8507499051326204 727.581472597024 176.18889519941536 925.9555705350091 302.4255954108384 1.5 1.6397342577576637 4.209288817644119 2.905211023400541 1.5600843886848708 10.801247071016048 -1.5879983688381059 0.9999982118606567 
Car -1.0 -1 -1.5482449488155718 426.0164195942807 180.94183650941898 472.11344066298756 224.57422720104924 1.5 1.6010493531823158 3.559667479991913 -6.112120979667124 1.828946720840366 27.409532314624407 -1.7676478336241586 0.9999829530715942 
Car -1.0 -1 -1.791394957758938 607.1000839982812 179.28528689285773 659.2182263682118 216.24235519515392 1.5 1.5538698554039 3.5142655044794084 0.9236341199627479 1.8005863840894736 31.80753190543644 -1.7623648951437814 0.9999790191650391 
Car -1.0 -1 -1.2999220846545227 0.0 184.3557450793891 98.23606743668395 250.75531571379045 1.5 1.5556872382760047 3.527238827943802 -14.853879018333247 1.8322706240435749 18.891952279088336 -1.966225133338247 0.9999505281448364 
Cyclist -1.0 -1 1.552480693113145 504.3714906415722 182.817956960121 518.1008234165205 213.95571349952627 1.4 0.604100202023983 1.8170442923903465 -4.699747858035037 1.8827807514809947 33.987433948288626 1.4150730808589118 0.9980586171150208 
Car -1.0 -1 -1.6906919951065895 570.4035651084906 179.97176956402967 604.03537644974 206.44875792870755 1.5 1.6176339730620384 3.5598727434873583 -1.453211548283498 1.950724493997538 43.76907853554149 -1.723881588378225 0.9978759288787842 
Cyclist -1.0 -1 1.5854878997463537 488.4891425081491 183.0516062740309 501.03592434326225 215.64749184308937 1.4 0.5345501497387886 1.789528553187847 -5.22133988301383 1.8726341678576355 32.489507279210706 1.426141901812281 0.9916433095932007 
Cyclist -1.0 -1 1.5282493736020624 482.94987895294554 183.10698947941927 498.57383647458647 216.18721935062257 1.4 0.6049889631569385 1.8128851920366287 -5.349643425815526 1.8696209428194852 32.07154762732945 1.3629676540705817 0.9915552735328674 
