Car -1.0 -1 -1.4080686897941097 458.1581437434253 180.38357358709297 524.4540448725297 222.7769371944407 1.5 1.813952673971653 4.464903709292412 -4.418117786296877 1.3301566189664058 27.667831567969163 -1.5664160983313364 0.9999992847442627 
Car -1.0 -1 -1.0699199022578048 106.6219820402178 182.73408754732162 272.3214720449638 260.5737761458775 1.5 1.5569162115454673 3.62821803689003 -8.961196347964586 1.4533096168377029 15.67697776975902 -1.5892065773394448 0.9998914003372192 
Car -1.0 -1 -1.515860165195739 504.55820850031796 180.3780727821222 536.6176064548725 206.69480122675148 1.5 1.6849056378006935 4.128702220320702 -5.203876614420787 1.2253963731182451 43.08445088077525 -1.636061073341642 0.9998759031295776 
Car -1.0 -1 -1.559195172015356 573.0278788130547 179.68785286779797 612.4161447831202 214.70212680475515 1.5 1.687580955028534 3.658135470747948 -0.6976872348326463 1.2643201048727215 32.62900680566234 -1.5805743374538166 0.9998635053634644 
Car -1.0 -1 -1.1339991878212496 216.49068849552944 182.34096932308495 315.55271417520197 228.6361059236549 1.5 1.5980979919433593 4.004342344403267 -11.927685394264298 1.4079876357052685 25.292977527289793 -1.5746541605938715 0.999829888343811 
Car -1.0 -1 -1.242010315922154 294.23369678402514 181.16041660404608 427.8261073919443 259.86873636294376 1.5 1.5983738496899604 3.7332335978746416 -5.218831436628981 1.423846821582855 15.56679918950182 -1.565488458206181 0.9965636134147644 
Car -1.0 -1 -1.3148677511318516 377.534986060009 181.27910601674958 432.42383388209686 217.36661001163023 1.5 1.4691101878881454 3.582526233792305 -8.90371347127442 1.337504232375277 31.680158624432316 -1.5888499962773663 0.9927985668182373 
Car -1.0 -1 -1.0626402244316717 0.0 181.84033778007333 341.4266645930283 367.92540587800187 1.5 1.5828516826033592 3.666891020536423 -4.3382935224891 1.473922980807364 7.631119290944679 -1.579576079794441 0.9872272610664368 
Car -1.0 -1 -1.2321247877377515 328.19148128128955 181.44742016390123 411.7143516937396 228.1636019657375 1.5 1.5958022817969322 3.7476478636264803 -8.193538996562035 1.3801363421328172 24.968426981744674 -1.5492085228350503 0.9869818091392517 
Car -1.0 -1 -1.4277285846583088 415.0640781718673 181.05784481119827 456.9384185043162 209.90300596866408 1.5 1.6571635872125625 4.2153945684432985 -9.416625338246536 1.2849153667854518 39.55207900826499 -1.6614589328554017 0.5397142171859741 
