Car -1.0 -1 -1.232899037632536 473.5731079841576 180.0225602245455 567.7622960615787 224.3920705069709 1.5 1.9986002266407012 5.237573993206024 -3.3643327837368013 1.8067114337387202 28.059534115175115 -1.3522291938450677 0.9999630451202393 
Cyclist -1.0 -1 -0.9600499635597419 619.0290249955976 181.83863556066456 657.0051570397815 219.85567463811262 1.4 0.5907843381166458 1.712110874056816 1.0513748941518823 1.7577225289910292 27.835804537794516 -0.9222973148014886 0.9999884366989136 
Cyclist -1.0 -1 2.0136846821202763 294.07261056206005 186.81127311486986 366.21129821549084 274.0609491118875 1.4 0.5124716579914093 1.6897032529115676 -4.942308023972574 1.6629584340008983 12.711591616013575 1.6428677916487278 0.999920129776001 
Pedestrian -1.0 -1 -3.561122393551293 926.4923429796092 165.05575345486878 956.8959945719544 231.55302476169632 1.8 0.5523705415427684 0.5831172250211238 9.053119716818067 1.5892688021868835 19.80725007949455 -3.132412151494299 0.999725878238678 
Pedestrian -1.0 -1 3.6110268774688907 35.75779082351256 167.89195435888013 89.16877386474118 271.9699932410394 1.8 0.5312761783599853 0.5771803230047226 -9.747779970192996 1.714540695375043 12.789483346469835 2.959781396385056 0.9994662404060364 
Car -1.0 -1 -2.717390928071665 400.60492252389736 181.59336376106305 472.7094167806326 209.54142018713705 1.5 1.5314674496650695 3.6267707616090776 -9.744081922090512 2.0041098118604768 40.49666425694861 -2.953516797223364 0.9990719556808472 
Pedestrian -1.0 -1 1.0946658353472365 3.956453833242593 167.95822805572334 72.63254527910281 274.0977260657383 1.8 0.6316635318100452 0.8395615525543689 -10.106596398812377 1.7173313753352621 12.69380367052152 0.42225639422866273 0.996512234210968 
Cyclist -1.0 -1 1.873791849861649 329.40858528683265 185.94758347086957 382.192634347857 256.8992058196829 1.4 0.566858847439289 1.771443386375904 -5.465400234809976 1.6972180181019982 15.460542822001843 1.5339967449519294 0.9962607026100159 
Pedestrian -1.0 -1 2.4382230335853716 874.9542368957663 166.61353658343631 904.5503397353546 227.5566295341202 1.8 0.5078761398792266 0.65527283847332 8.348151350235618 1.6160410400787701 21.656049209249534 2.806156980987412 0.9960606694221497 
Pedestrian -1.0 -1 1.1853363555005612 17.64558240868608 168.6685930706126 77.63557296788936 270.3013346872098 1.8 0.5082755841314792 1.0548435643315315 -10.389662304399028 1.7262308359736995 13.259122301321852 0.5206844051692145 0.993420422077179 
Cyclist -1.0 -1 1.8589217039891124 344.7256972557889 185.83749760670588 394.4858579354755 256.852339959723 1.4 0.5430473506450653 1.727481235563755 -5.156569174588767 1.6934637991987425 15.41351765600756 1.536077900728907 0.9914984107017517 
Pedestrian -1.0 -1 0.4366208005011962 218.9400506579968 171.91207440693427 263.89302882854963 242.1703422377609 1.8 0.5971952833235263 0.8730742640793323 -9.642335256908975 1.7762259189006098 18.797563040922167 -0.03733833233383724 0.9364900588989258 
Pedestrian -1.0 -1 -3.289586018364096 1241.0 55.54198512852783 1241.0 374.0 1.8 0.6389429353177547 0.8045467108488082 2.736229186598766 1.4750954949676052 2.499456752803138 -2.458995834985052 0.9438300728797913 
Pedestrian -1.0 -1 2.164498699096902 22.956023238816602 168.6543840591178 85.66204390371736 269.5570458698181 1.8 0.5494849316775798 0.8247258633375167 -10.276541823188692 1.7254410162444973 13.297893836942873 1.5065678795191901 0.8696280717849731 
Pedestrian -1.0 -1 -1.004053896953845 619.5631494631367 171.69086582012534 651.1058473442858 219.8898870052462 1.8 0.6306407533586025 1.2610801987349987 0.9351529193361586 1.7569203530328668 27.64158998219364 -0.9702354232457024 0.9983301758766174 
Pedestrian -1.0 -1 1.538474515477901 57.4576367148355 168.76019109067605 94.99418194143436 268.3169860777374 1.8 0.5355838246643543 0.9143943458795547 -10.09525183799267 1.7263412508482867 13.567256162897621 0.8987669189784186 0.7410361766815186 
Pedestrian -1.0 -1 0.6509913361070222 1026.025959348644 125.17605948701822 1184.7273857060186 374.0 1.8 0.49783713445067407 0.7747041553258895 3.3915029663731553 1.494995049848914 5.065579044140935 1.240966244539942 0.6394309997558594 
Pedestrian -1.0 -1 1.0924556843441577 0.0 168.2286712333778 36.1063117210655 274.2846943739055 1.8 0.5361106738448143 0.685749065876007 -10.60554472757484 1.7218560319741938 12.622379818460058 0.3936683376643317 0.5560429096221924 
