Car -1.0 -1 1.844295685613451 352.24703348431314 180.15479813771032 490.73394559179013 269.0756245750654 1.5 1.6247090443968772 4.136583444476128 -3.6701897236864407 1.6692744482491673 14.601624438475772 1.5980422377546848 0.9999994039535522 
Car -1.0 -1 1.8612825502850723 493.67686298436774 179.75993614899218 579.6704997726861 236.57104742250635 1.5 1.53804202824831 3.74248908162117 -2.1326051267440937 1.7252809238688671 21.51392197945424 1.762478578086716 0.9999970197677612 
Car -1.0 -1 2.057249650271325 47.82026886082183 180.2434603099053 382.0456426182678 374.0 1.5 1.4649441957473754 3.2906150937080385 -3.596792885670463 1.590657474461841 7.154423839091901 1.5914149165113987 0.9999964237213135 
Car -1.0 -1 -1.999904321378215 827.2221478814978 174.35849561279724 1169.9641182327316 360.889524080414 1.5 1.5884193152189254 4.048132014274597 3.6993512986448223 1.5210000850215115 7.864666033475869 -1.5602353895690781 0.9999951124191284 
Car -1.0 -1 -1.6774682248729045 739.7177431747261 177.44774451703003 813.2025393617122 236.67982499096715 1.5 1.6069276750087738 3.978800264000893 4.613870612172885 1.645055891515733 20.657576470088017 -1.4577247882869584 0.9997500777244568 
Car -1.0 -1 1.925829246644339 640.9948562086411 178.80328641710736 706.9291848590763 215.9526894842955 1.5 1.6104821607470512 4.030747947096825 2.8631322587715236 1.7820103252779906 31.990651382494097 2.0150904536207737 0.9985048770904541 
Car -1.0 -1 -1.7408239897693119 750.9132342307445 176.8517445751499 861.8994789685358 258.58249031391557 1.5 1.6121583551168441 3.8798800230026247 3.9981445722395943 1.5969788166434726 15.435647445990654 -1.4873739043858392 0.9914090037345886 
Car -1.0 -1 -1.8642310222616025 905.9395640117602 176.3148366420607 967.9278351166173 208.4440089968675 1.5 1.6949100911617279 4.176721584796906 16.332696341621453 1.6850979219953812 36.333050287499425 -1.4417703012612206 0.8384286761283875 
Car -1.0 -1 -1.1197750763412027 925.1823584758806 176.02905409594973 1001.612698835282 208.69999518882096 1.5 1.7061716437339782 4.223671790957451 17.375148580400687 1.6651908105132485 35.482152511143774 -0.6644118587162835 0.8239546418190002 
Car -1.0 -1 -3.452437934501033 914.3899919786547 176.18543484839944 1001.125754891701 208.13124749411304 1.5 1.5424263224005699 3.4934072315692903 16.81326185393762 1.666990519014196 35.08641552208395 -3.005571798482214 0.6554605960845947 
Car -1.0 -1 2.6809828885908606 0.0 179.58776841043334 94.68256101576941 374.0 1.5 1.5624622374773025 3.7685296058654787 -3.6105908441069463 1.5362647530938558 1.9366574244071562 1.602514731880051 0.6373034119606018 
