Car -1.0 -1 -1.648826015988262 670.1322883155729 178.61341370783157 716.5401107867671 218.474066092439 1.5 1.583368007838726 3.887264293432236 3.3241336872290184 1.7530670147187688 29.687557588329465 -1.5373198660698277 0.9999972581863403 
Car -1.0 -1 -1.859779289020519 757.4203336894767 176.15970312007403 938.724145708692 285.8973710303495 1.5 1.6484421238303184 4.316918042302132 3.6867035353864206 1.5659598205033105 12.15323721245642 -1.5652505071510119 0.9999945163726807 
Car -1.0 -1 2.2641639880057234 0.0 183.0927640077681 144.9070685731214 332.27422843366105 1.5 1.8289333701133728 4.669308897852898 -8.822423389569371 1.6749782272956122 9.93978034606886 1.5382491787287849 0.9999818801879883 
Car -1.0 -1 -2.0745023949190564 223.46293773050047 180.97785042264982 428.5640226510312 285.55932359648193 1.5 1.621892911195755 3.8427120566368105 -5.045602315768077 1.6615623500040162 12.473623562053614 -2.458883539834295 0.9999624490737915 
Car -1.0 -1 -1.5919796727424214 593.9528034079444 179.58294044683674 628.955871670915 213.29091124538112 1.5 1.5933666869997978 3.523470324277878 -0.011076813052295393 1.8395876334559897 34.5940876513219 -1.5922998665508372 0.9999315738677979 
Car -1.0 -1 -2.1699401422596694 824.2852159054241 172.08783940893818 1241.0 374.0 1.5 2.028823506832123 5.608549576997757 3.4639235701503686 1.4976368130176356 5.391517747259431 -1.5988720292833192 0.9999344348907471 
Car -1.0 -1 -2.283890152358273 423.9687602147542 180.71060826459177 524.157576053719 226.17458095908964 1.5 1.5776755779981613 3.6218273013830187 -5.00531711578612 1.8040517281240873 26.14647994138414 -2.4730354706433157 0.9997983574867249 
Car -1.0 -1 -1.9258015922413758 109.94406047731728 180.8688477568261 380.8906165325788 337.716947538505 1.5 1.6526250660419464 4.155805569887161 -4.80066016853623 1.6237556328825036 9.104178251385873 -2.411052242913519 0.9996521472930908 
Car -1.0 -1 2.0127792714370925 223.03891396999907 182.92010170561025 301.05144577495884 221.27861558748313 1.5 1.5559927120804786 3.790174287557602 -14.941661168312452 1.9608995508802356 31.10931989678068 1.5650192936274665 0.9987407326698303 
Car -1.0 -1 -1.559420141724183 574.4685689221238 179.32850530364118 627.86120339759 230.3727822047526 1.5 1.601232637465 3.4201456725597383 -0.31516911862920766 1.725235896124828 23.346556402265435 -1.5729189194415254 0.9981124401092529 
Car -1.0 -1 -2.1288397305928823 366.6980807394201 180.88434357979705 483.6518159672887 240.90495796709538 1.5 1.5499048426747322 3.508596730232239 -5.292717352610247 1.7456749358643162 20.27101361983875 -2.3842358152058467 0.9959577918052673 
Car -1.0 -1 2.230207213808742 34.086919494924764 183.97662413797914 174.65530434482207 241.6012731265174 1.5 1.516246472299099 3.5866620510816576 -14.815772939362102 1.8572069287225343 21.31615511442525 1.6228117823561252 0.9950283169746399 
Car -1.0 -1 2.0595112582859567 98.95291944631312 182.438887469228 278.3940736161773 265.0377985484945 1.5 1.5975323066115379 4.103267800807953 -8.936204100515498 1.7359342144280583 15.656514734820657 1.540864868960108 0.9351294636726379 
