Car -1.0 -1 -1.6667442563277834 634.9707858559483 179.26023822487048 668.8138736714122 207.41248561241733 1.5 1.5509751185774803 4.024275255203247 2.323584826723426 1.88619288007731 41.412589692530716 -1.610694848993097 0.9999998807907104 
Car -1.0 -1 1.6825063052971416 491.091942888997 180.13199057167355 548.9989565720086 227.8052981784814 1.5 1.5860513344407081 3.8710112243890764 -3.113144024946478 1.7745610382100128 25.237549892158018 1.5597726543757575 0.999998927116394 
Pedestrian -1.0 -1 -1.8524225102511878 773.538601111147 164.83541416476265 810.4994585863323 241.68026111988829 1.8 0.7129391215741634 0.6074936620891094 4.28676607770403 1.6125319100947586 17.215350781915642 -1.6083773831513268 0.9999978542327881 
Car -1.0 -1 -1.9172176320455745 773.4428766760744 175.08521765957832 1045.1546174450125 350.2236490676566 1.5 1.538354393839836 3.609319639205933 2.9370731027302868 1.530790888252471 8.030904930077337 -1.5666064103741688 0.9999904632568359 
Car -1.0 -1 -1.8108319823112566 684.7249393104775 177.75178993667853 776.7306611611989 251.2621918201717 1.5 1.4030788585543632 2.8534045934677126 2.607227918493081 1.621723569393609 16.397164040839755 -1.653147221603666 0.9999709129333496 
Car -1.0 -1 -1.790584294465855 707.3103617044083 176.83075449181126 852.8479586357281 280.5270329390484 1.5 1.5715463578701019 3.981200096011162 2.7145730879710963 1.5807320313899444 12.583949107091666 -1.5781228128497047 0.9999510049819946 
Car -1.0 -1 0.2552419148365783 376.4944703788233 181.98794980991948 444.4847499359302 206.2909777644298 1.5 1.5655642867088317 3.9057935148477556 -12.700233442173062 2.0923558998029232 45.951399503499644 -0.014410571255956373 0.9999039173126221 
Car -1.0 -1 0.2845140172168017 290.44844280469925 182.81060650445866 364.0338384854414 207.33768221050923 1.5 1.6368523731827735 4.066229847073555 -17.98034054445856 2.147887894331626 45.92743784831059 -0.08863861958054134 0.9998999834060669 
Car -1.0 -1 -1.696158559363799 646.044028638597 178.90776368564354 692.677601515746 216.6866132516997 1.5 1.5449228256940841 3.6652299135923387 2.460828287852176 1.7770597712600964 31.11040378500671 -1.6172230626132829 0.9919792413711548 
Car -1.0 -1 -1.696275340148414 655.0356733894291 178.61352298791428 711.5867428806797 224.2907553426865 1.5 1.558014054596424 3.7485166013240816 2.5321995455212614 1.723577230284334 26.065798803121204 -1.5994327860560758 0.9893956780433655 
Car -1.0 -1 -2.797077353576303 323.92115058816023 182.5404638320073 390.0785953149441 206.75762409676204 1.5 1.6499873742461204 3.655979645252228 -16.194305669317664 2.1318482610106937 46.19810999366852 -3.1342335502293452 0.7515535950660706 
