Car -1.0 -1 -1.6658860106377253 673.2849937456008 178.53100446388407 723.0136203324478 219.76935959258319 1.5 1.580115270614624 4.029223185777664 3.4106680630328046 1.743229427341394 28.83384631327358 -1.54814614641038 0.9999730587005615 
Car -1.0 -1 -1.7509786016676865 710.9344631248608 176.97777643418576 835.7990007150986 274.32703424867753 1.5 1.5375195562839508 3.6028707891702654 2.7551539977514405 1.5856040151715531 13.091074408773666 -1.5435454035785539 0.9999713897705078 
Car -1.0 -1 -1.3262068937024591 332.1989354904017 179.32941014957174 519.0981397260933 313.0014377408727 1.5 1.5859952688217163 4.11286601126194 -2.4365976680823533 1.61192012862473 10.36129624666271 -1.5571736982699973 0.9999616146087646 
Pedestrian -1.0 -1 -1.3223728469329028 427.84878583274445 168.86547998318025 457.26403053357666 243.91056359606407 1.8 0.602717001736164 0.4613642606884241 -4.115556128999851 1.7046908598883979 17.539810821666062 -1.5528444266554458 0.9994667172431946 
Car -1.0 -1 -1.3740819253607301 442.4062594636069 179.5784134950315 554.3152361288124 261.76549906470825 1.5 1.594986443221569 4.126643997430802 -2.309296573163685 1.6654400457079865 15.61028172196628 -1.5209510485318047 0.9986613988876343 
Pedestrian -1.0 -1 -1.112473162224129 451.8435748670785 170.53002317841626 471.61162374134585 235.07875812849926 1.8 0.4007289677858353 0.4251215633004904 -4.232594358483136 1.7355516174145802 20.3740040952395 -1.3173044780876977 0.9967436790466309 
Car -1.0 -1 -1.8601375737099775 749.1765880997064 175.13804810929412 1034.95315704034 368.01900039292815 1.5 1.6101466983556747 3.8526906192302706 2.532794448264516 1.5306199411081858 7.605932482479719 -1.5386848087098939 0.9915025234222412 
Pedestrian -1.0 -1 -1.2478691774869075 449.0124632786504 170.6146242777667 465.04262552037363 234.86479591918481 1.8 0.33693705014884473 0.3947365123778582 -4.376569890526148 1.7376206109935577 20.426426524142993 -1.4589381004360062 0.9908378720283508 
Car -1.0 -1 -1.6283536914876826 572.9498933944092 179.93352752652376 603.1257965897563 207.25566587368954 1.5 1.5560243770480156 3.7965843945741655 -1.3682414860287921 1.937463862889504 42.58629923952189 -1.6604713211443765 0.9783719182014465 
Car -1.0 -1 -1.6860834309043193 661.5421747482252 178.98680721914346 697.3685539233361 207.1459024808368 1.5 1.5851036205887794 3.976004433631897 3.8932523498985656 1.8685398841303629 41.31021980615406 -1.5921166884389264 0.7194541096687317 
Pedestrian -1.0 -1 -0.9875240789030175 452.8869548152902 170.91313852768047 468.6005570199325 233.25425144813192 1.8 0.3184648722410202 0.33294460996985437 -4.39963068450608 1.7443185412958637 21.043917675190144 -1.1936244229462487 0.6300437450408936 
