Car -1.0 -1 -2.4558182330499005 959.7354158780164 138.5190948222929 1237.0 373.0 1.5 1.6212417304515838 3.8381951421499254 3.2407867589157116 1.4437578868491678 2.917115477655903 -1.6179064559426648 0.9999719858169556 
Pedestrian -1.0 -1 1.812542033324631 374.74187403601553 155.64568387890947 430.5770901063107 304.2010459275411 1.8 0.5639398962259292 0.5317559957504272 -2.5205508837661945 1.4880727912784908 8.975997949907082 1.538782282671656 0.9997897744178772 
Pedestrian -1.0 -1 -1.4617009304234272 7.543975043607098 146.81173177745163 120.90557828005534 368.44096915265436 1.8 0.7381489992141723 0.5358407765626907 -4.693770560560068 1.5196636781327526 6.250125390756777 -2.105834201970373 0.9996045231819153 
Pedestrian -1.0 -1 2.2024756071687133 35.88733709078628 150.0956875946768 140.4539854168282 350.7991585051925 1.8 0.5965768851339817 0.5321805857121944 -4.8258307089026005 1.519731927404788 6.708224614546707 1.578854310508591 0.9990828037261963 
Pedestrian -1.0 -1 1.0977148108982762 283.2026948682611 148.07252220133222 376.69448802723593 345.01927396124233 1.8 0.5980998769402504 0.7029375553131103 -2.704354468393265 1.495866684828446 7.019853828761216 0.72999374469253 0.9912083148956299 
Pedestrian -1.0 -1 1.6834244477988016 337.6264916342916 151.9905344615575 404.59389340134993 323.54956906835025 1.8 0.6365287609398365 0.6584727697074413 -2.5706308997072584 1.4917477233007193 7.9203661134371055 1.3695909221980231 0.9743353128433228 
Pedestrian -1.0 -1 -1.0278471102830917 22.405827058831242 146.49793052126196 151.11678252547213 368.17588264807335 1.8 0.6763054549694061 0.6209530428051948 -4.441056434232411 1.5171775798176925 6.167051614063092 -1.651953377821718 0.9672672748565674 
Pedestrian -1.0 -1 -1.2922981471162847 271.75972461264155 143.3222009445594 386.253104867958 367.36910047928666 1.8 0.7359209030866622 0.7963350534439086 -2.367788275361665 1.4946698231022173 6.19696938095291 -1.657268517711435 0.9669797420501709 
Pedestrian -1.0 -1 -1.172021608623486 206.77709765711404 143.20567433791993 331.8329113518033 371.8629688360279 1.8 0.7163513012230396 0.7680061765015125 -2.8144562462996765 1.4999388974355865 6.049037441219358 -1.6075040558960778 0.9658095240592957 
Pedestrian -1.0 -1 1.637994524697621 356.64547584530266 153.55821995683615 411.5023167572975 315.2898233678769 1.8 0.5755924180150032 0.5664097636938095 -2.557048069811028 1.4903742582470791 8.333599916435094 1.3402780731532233 0.8890168070793152 
Pedestrian -1.0 -1 -1.2443306292361913 281.1232916676184 141.14851935255567 409.9531566580596 373.0 1.8 0.7664783418178558 0.8696420609951019 -2.1255982136018776 1.4928379514408854 5.93182778116282 -1.5884139510479314 0.7902488708496094 
