Car -1.0 -1 -1.236501146478228 178.86257981179114 179.3090708988217 471.82814080950715 369.5789991481205 1.5 1.5860682845115661 4.110895705223084 -2.747956068409387 1.589288925888965 7.881440327442221 -1.5719831836784748 0.9999994039535522 
Pedestrian -1.0 -1 2.4201134028085045 686.444509611426 165.82282762978085 714.1426812476589 242.65512135966108 1.8 0.4422621361911297 0.4845895364880562 2.1051162307036333 1.6356339981434902 17.220491552292067 2.541754710670334 0.9999959468841553 
Pedestrian -1.0 -1 0.27006967310021524 332.0053990415667 167.6630975125885 348.8273709713838 255.54412201313207 1.8 0.37867431789636613 0.2357276648283005 -5.644482047876252 1.694036550472441 14.975163922828315 -0.09038575092819759 0.9999927282333374 
Car -1.0 -1 -1.516706556760804 594.0059987128283 179.77666252355846 622.5654938919289 204.582905139148 1.5 1.6452549517154693 3.806385260820389 -0.10543383764375279 1.9666561712844903 46.655525439661844 -1.5189663889494283 0.9999881982803345 
Cyclist -1.0 -1 -2.4175196726030554 713.4552606561373 182.41285807751885 798.191428678392 261.9157302605037 1.4 0.48641781583428384 1.6704647362232208 2.6894709934749614 1.5927602946757666 13.70933673870701 -2.2238017479565486 0.9999997615814209 
Cyclist -1.0 -1 -2.7707247966371162 701.1406678319672 182.17160176477674 769.920694428673 246.61230000692126 1.4 0.47247368171811105 1.4706798389554023 2.7992422226889833 1.6199480299468703 16.421371104767356 -2.6018843213703975 0.99953293800354 
Pedestrian -1.0 -1 2.575607634462888 708.5144083742026 164.8504339762409 732.4323722325436 245.80502512146535 1.8 0.39151506759226323 0.38343221209943296 2.444062202950865 1.6224010544100347 16.297062938801126 2.724467742439133 0.9999996423721313 
Pedestrian -1.0 -1 -3.264078363824794 715.9801439394654 163.8567627571353 740.4345556943447 249.82910021458545 1.8 0.39763190113008023 0.4657035253942013 2.4548376191801355 1.6119829853082697 15.311244174431948 -3.1051022569325313 0.9992863535881042 
Car -1.0 -1 1.745541579772003 446.52600146613156 181.29148002580382 479.91983902964483 204.7256613135429 1.5 1.614721168577671 3.7626931935548784 -10.046038216696381 2.1009144847724066 49.4528924552244 1.545125170550074 0.9862996935844421 
Pedestrian -1.0 -1 0.20982591758343136 337.0548110312802 167.57602615548515 354.23813929223496 255.684621163322 1.8 0.39189975038170816 0.25963657796382905 -5.5266352069594085 1.6925323517827675 14.9503670078998 -0.14425976673630306 0.9855977892875671 
Pedestrian -1.0 -1 0.4291629926551894 320.6298553110202 167.55983393208479 347.20690425559445 256.49838417412855 1.8 0.419365943223238 0.3698646117001772 -5.719067621211382 1.693210847197536 14.820781758024552 0.060886545977319996 0.9420392513275146 
