Car -1.0 -1 -1.7042040851486195 671.1976028221426 178.04441749292167 749.7566505438083 240.5651689548169 1.5 1.5737344071269035 3.9401164770126345 2.575895439379028 1.655617002159345 19.608122803301594 -1.5735832718808693 1.0 
Car -1.0 -1 -1.657284599609783 659.3946362155142 178.56372118602013 712.4470861755273 225.4290095387591 1.5 1.5223118036985397 3.7802843868732454 2.564504561057018 1.7168505277643957 25.454898416105493 -1.5568764014777285 0.9999986886978149 
Car -1.0 -1 -1.909812092237658 737.509493364892 175.57756316364222 992.8662415831935 336.13699950568093 1.5 1.6101208075881004 3.8552223265171053 2.7101056471193807 1.5408313410927716 8.762084272651027 -1.6098459074881417 0.9999963045120239 
Car -1.0 -1 3.278576259426691 439.14125578252805 181.18769010434235 513.5990279269402 210.53791039193513 1.5 1.6104383885860443 3.698709097504616 -7.078224285732211 1.9526414577627222 38.267091701039035 3.095674502845627 0.999974250793457 
Car -1.0 -1 3.611641495247544 75.71674480942944 182.4766827596597 354.97589040911373 281.05602176299516 1.5 1.5597394227981567 3.7678538382053377 -6.436978226443838 1.670907734837047 11.961398988985774 3.1179448246916355 0.9999586343765259 
Car -1.0 -1 0.43231690502924014 188.8653296019995 182.05187587676502 403.9723273879537 261.8919898233409 1.5 1.5253445625305175 3.679453817009926 -6.268503589706395 1.696174459763398 14.548981331293659 0.025497361025537766 0.9999430179595947 
Car -1.0 -1 -1.6634407924292556 643.0264614167073 179.06786317012165 682.482734523146 212.74052035956095 1.5 1.555696365237236 3.5285817950963976 2.4418323714298427 1.8135020958977037 34.577687221954534 -1.5929391040143115 0.9998155236244202 
Car -1.0 -1 3.45594502004907 282.91235742762535 181.7297344843059 454.7556536422118 240.00236150182363 1.5 1.6020972773432731 4.143090409040451 -6.513582876060826 1.751890521728655 19.631697676089406 3.135584938522202 0.9997795224189758 
Car -1.0 -1 0.3242690136950266 257.9249204821116 181.7948807930481 431.7524799718303 249.3135331696381 1.5 1.5462702631950378 3.5512449711561205 -6.221969972863172 1.721946488288556 17.06165691213089 -0.025419549145971023 0.9948429465293884 
Car -1.0 -1 0.13123332814685182 422.85676987496345 181.1080494411889 523.7080062597496 215.36143197391266 1.5 1.6304988905787468 4.353771966695786 -6.2238055391116225 1.8883404028800197 32.97891765076029 -0.05529363552597591 0.9870859980583191 
Car -1.0 -1 0.8265538326095034 0.0 183.60153634389707 205.61864194405055 360.2205870437428 1.5 1.61874410957098 4.086473074555397 -6.56775379328437 1.622876657075344 7.234025942417749 0.0893925865504401 0.9800209403038025 
Car -1.0 -1 -1.6391135220951976 630.8248335658928 179.42204674832058 659.7162288001192 203.14183788054152 1.5 1.6678952172398567 4.1304322451353075 2.317606404581636 1.9641148257338956 48.861438080561804 -1.5917168269541604 0.9325166940689087 
