Car -1.0 -1 -1.9048964193799018 756.0229609457948 175.26635016331397 1010.4992421672748 350.7451778924323 1.5 1.5090741708874702 3.238055717945099 2.6296902804689557 1.5320057893816537 7.836454138524878 -1.581132914000426 0.9999990463256836 
Car -1.0 -1 1.7310750594510298 445.7351790324985 180.64155272130068 505.80666539403387 225.02986075931335 1.5 1.6141769036650657 3.852258485555649 -4.986862499678974 1.812836823551638 27.005613805504765 1.5484718521449226 0.9999927282333374 
Car -1.0 -1 1.7069092492619036 502.5177571910334 180.53363947943663 542.0196879194211 207.9392170425701 1.5 1.7405223593115806 4.534293946623802 -5.206410138967875 1.982840360012235 43.04816288320496 1.5865499854048313 0.9999579191207886 
Car -1.0 -1 -0.8393326752301615 0.0 180.69078977584093 185.54181853859424 374.0 1.5 1.584273998439312 3.510427710413933 -4.1433073494715655 1.5635205360328295 4.00581853499911 -1.6416008407857758 0.9999170303344727 
Car -1.0 -1 -1.2283550830524241 262.79091686817225 180.59706232743147 434.8904980665888 282.0841463758697 1.5 1.6232701510190963 4.000075024366379 -4.511147066210949 1.6611482580134926 12.9741983380925 -1.562980695688401 0.999893307685852 
Car -1.0 -1 -1.6561156246434783 666.0461442630638 178.42249233985032 725.0124200090903 229.15073571205878 1.5 1.59727284014225 3.463522207736969 2.6653430816004473 1.695046608541713 23.470810726005283 -1.5430401256915671 0.999531626701355 
Cyclist -1.0 -1 1.687331888572802 561.4008798712644 181.82697015861842 574.638257646565 203.6269354726422 1.4 0.6685741737484932 1.8796906366944313 -2.8196322686521724 2.0102259809458682 48.08057464216766 1.628755080695969 0.9976098537445068 
Cyclist -1.0 -1 1.7162341436334225 553.8454136453577 181.8797533823643 569.0340796274568 203.9771647590838 1.4 0.704151627421379 2.116978217661381 -3.228871952435497 2.010341186487294 47.67796450817154 1.648614871497971 0.9974495768547058 
Cyclist -1.0 -1 1.6473287898768052 567.6018499456508 181.7685442565065 580.0050981921572 203.454421923466 1.4 0.6920562617480754 1.8401690319180488 -2.4442155562701093 2.0082472505079663 48.270713006799056 1.5967364191969455 0.9950538873672485 
Pedestrian -1.0 -1 -0.9500616457259208 35.419814852398 155.58328245467175 144.68187249887976 328.02414168445205 1.8 0.7277201421558857 0.642467525601387 -5.691132489337374 1.620079895876136 7.852486218153059 -1.5772095500167949 0.9347903728485107 
