Car -1.0 -1 -1.246592994819728 260.3554988892311 181.07940339276405 424.1030996760752 277.1548442416443 1.5 1.6022202119231224 3.998268631100655 -4.709448848609113 1.4365523276450396 13.232538961374365 -1.588513449826513 0.9999992847442627 
Car -1.0 -1 -0.9453508755244708 0.0 183.54395040702278 199.7251348626463 293.6311216404138 1.5 1.5636249005794525 3.4768643349409105 -8.362785201438822 1.478352675677559 11.531048488554873 -1.5728167941004527 0.9999986886978149 
Car -1.0 -1 -1.3734438956460928 420.4783930459885 180.61135907793826 495.2552485918519 232.58640697672263 1.5 1.5820373341441154 3.8330963373184206 -4.668634475507968 1.3682499471750538 22.663513140894246 -1.5765998894956452 0.9999945163726807 
Car -1.0 -1 -1.570636654742972 573.0933288516018 179.73618247521387 609.1430085797463 211.65919357435314 1.5 1.6945001229643821 3.7688961744308473 -0.8603263785711013 1.2436594321962215 35.67805857234205 -1.5947455810990674 0.9999849796295166 
Car -1.0 -1 -1.044262698296058 135.39839943218865 182.86261049752122 260.8153763202497 237.89885175848474 1.5 1.5560227006673812 3.791862961649895 -12.129470883995435 1.4369983247632978 21.494184106359416 -1.5580291506510717 0.9999737739562988 
Car -1.0 -1 -1.1927482370910274 244.28632491244687 181.91148276894052 356.7646624818136 240.24389766016068 1.5 1.5923483788967132 3.940521788597107 -8.637924396527332 1.4161643073563017 20.468146976842682 -1.592090309658323 0.999933123588562 
Car -1.0 -1 -0.7313549777087232 0.0 185.23382812136973 167.9270397791324 375.0 1.5 1.5919112160801887 3.6053536951541902 -4.178270052865461 1.5012692309072515 3.6573971078868968 -1.5831300989401085 0.9998565912246704 
Car -1.0 -1 -1.4031501302339313 455.70848661940033 180.58942953023535 507.4802612392701 218.09558068905724 1.5 1.558714409172535 3.8216354817152025 -5.348645661215579 1.316110786461719 30.66048454837092 -1.5758596887488407 0.9988853335380554 
Car -1.0 -1 -1.362380992159203 430.78013413901465 180.9529989107149 473.80035363373764 208.39304340878877 1.5 1.6200379028916359 4.019848492741585 -8.901170420619621 1.2681122854279585 41.30523846645018 -1.5746325022217376 0.991447925567627 
Car -1.0 -1 -1.2990886617772013 359.0313404809731 181.37227768403903 421.3037513965552 219.1769490465594 1.5 1.5621066585183143 3.7890663862228395 -9.164998433918106 1.348633342900239 30.429127129712278 -1.591638336950217 0.9907695651054382 
