Car -1.0 -1 -1.7279063856935915 684.888009419428 177.74508101834596 776.2878801227955 248.14150373513874 1.5 1.5881550058722496 3.7311411023139955 2.757428213257368 1.6316352665339722 17.49724099983149 -1.5715997276154836 0.9999990463256836 
Car -1.0 -1 -1.5843688546160255 583.7597942123732 179.25138604853174 636.7543468075438 228.9614293163707 1.5 1.6353965297341346 3.6824973791837694 -0.06801298739905907 1.7305142804370208 24.10135491929387 -1.5871908041324956 0.9999988079071045 
Car -1.0 -1 -1.6036551490917077 594.6101182594997 179.6097527326011 628.7554717782 212.06967904451315 1.5 1.573118057847023 3.4700731307268144 0.005190076894534227 1.8523599977037697 35.832477353676715 -1.6035103062775475 0.9999760389328003 
Car -1.0 -1 0.8353276164757436 453.83160370973366 180.84698779722981 527.2839998772945 212.2604463033822 1.5 1.5648218363523483 3.8292216628789904 -6.219829668193398 1.932099978166554 37.16947004097985 0.6695267399165289 0.9999077320098877 
Car -1.0 -1 1.0221593211126367 259.87871770074116 181.32554187666267 421.79407346061265 259.66144431594273 1.5 1.5779994919896125 3.840457883477211 -6.08250727201238 1.7093992413979462 16.00220548551927 0.6589211662623541 0.9998824596405029 
Pedestrian -1.0 -1 2.8055754235586257 769.7977295413368 167.88375575452287 799.2546677945015 228.1043461130682 1.8 0.7142333805561065 0.6719068184494972 5.257734932412341 1.6517966689501082 21.953249984676944 3.0406446337660373 0.9998693466186523 
Car -1.0 -1 -1.4009024165027903 512.8954959628396 180.0039667091445 571.0044352542296 225.34780386336456 1.5 1.540512454509735 3.4421539425849916 -2.4484614914605776 1.7776090277681373 26.20097137781493 -1.4940810735013825 0.9998633861541748 
Car -1.0 -1 2.264685500393502 0.0 184.53229099464684 98.00391275635597 256.59640159444507 1.5 1.603531514108181 4.045918446779251 -14.840102222137986 1.8196519960766417 17.698636861576862 1.566912575564112 0.9996418952941895 
Car -1.0 -1 0.9044257177835549 317.1808531256558 181.1984751081657 455.9652717499386 245.39495997293477 1.5 1.5647043034434318 3.634390097856522 -5.9576447115356475 1.7390269735037485 18.96293073539843 0.6000172336909431 0.9995505213737488 
Car -1.0 -1 -0.8900567652430509 0.0 178.81048966922768 341.0509126708669 374.0 1.5 1.5591457977890968 3.3139350384473802 -2.7225989257786933 1.5420454359685185 3.387225263657226 -1.5671010302056116 0.999357283115387 
Car -1.0 -1 0.9406687612041631 390.14204665004087 181.06882465996696 486.93596050869724 225.52179589389257 1.5 1.5583932891488075 3.7965724736452104 -6.465067392937652 1.8267348112430808 26.841181593566755 0.7043072422358649 0.9982631802558899 
Car -1.0 -1 -1.4925803782057636 642.2271081463715 179.2184354753696 674.1613115670478 207.36822987311737 1.5 1.5578290939331054 3.317212921380997 2.7372145874284772 1.8774273593540376 40.99205044056408 -1.4259050796416146 0.9870293140411377 
Car -1.0 -1 1.2635383839537615 0.0 182.28393414464102 223.10000373378566 343.45673830505876 1.5 1.5262453377246856 3.735187512636185 -6.386742667146389 1.6355111720936226 8.62573984692113 0.6261913021418708 0.9861272573471069 
Car -1.0 -1 -1.4152803006266297 535.3092124322039 179.9557640169731 584.3293019650433 217.65864539902284 1.5 1.5531478941440582 3.8483163833618166 -2.164230619733834 1.8293165912536407 31.435180776205154 -1.4840192357685906 0.9173277020454407 
Car -1.0 -1 1.529486941172591 282.03501996272934 182.5185093867762 324.64781586393565 219.17529490843066 1.5 1.6088728353381156 4.071721670031548 -14.049841397027834 1.9697556775887965 32.85798826941233 1.1254221638056892 0.8866977691650391 
