Car -1.0 -1 0.6054155899020894 0.0 183.47128556405204 256.84704656024167 317.27634072710384 1.5 1.68430847376585 4.425280776619911 -7.196426794693284 1.6501570968043398 9.20855961612454 -0.057938412823949535 0.9999973773956299 
Car -1.0 -1 -1.70704950111761 633.8842616144227 178.77141645147165 693.9329720923936 224.63512152601254 1.5 1.615597729384899 4.092005503177643 1.8334979132544653 1.7326892240446006 26.231354061798154 -1.6372658098724229 0.999984860420227 
Cyclist -1.0 -1 1.7344829919667726 442.2965762910952 184.862098446123 478.68853331340716 252.49000963071796 1.4 0.5403245359659195 1.613902722299099 -3.3540568930766805 1.6809925476946372 16.042235653505234 1.5283753116938728 0.9999878406524658 
Car -1.0 -1 -0.43440228985048623 802.9650362314437 175.68055699362688 1060.0632137475977 264.6026248753059 1.5 1.6398702308535575 3.941074621677399 5.649040776331037 1.5550972052047387 13.097395805277385 -0.027198986211095535 0.9999804496765137 
Car -1.0 -1 2.4134911506237113 929.9779354195609 172.74368790272112 1241.0 329.91101077029504 1.5 1.622074519097805 3.9714398354291918 5.7696487177815055 1.4993050746706993 7.881594606701108 3.0453989386519016 0.9999651908874512 
Car -1.0 -1 3.472036603063488 263.36669281559733 181.97033594040855 433.89298553310823 238.12592181023004 1.5 1.5930848687887191 4.239604857563973 -7.328520673352307 1.768192278094781 20.367622894875407 3.126647222038132 0.9999194145202637 
Car -1.0 -1 3.437702340874951 317.0281896077842 181.7294944860723 456.8595860151886 231.2307235261262 1.5 1.5638569861650466 3.9627893388271334 -7.0592123384789724 1.792136900427494 22.93063394343164 3.1390586972197116 0.9999058246612549 
Car -1.0 -1 -0.5178325102220693 820.2158716734751 174.88761098859865 1150.948524069419 285.8687990121046 1.5 1.6093850627541542 4.100661215186119 5.356761330474345 1.533085971645872 10.696136846494165 -0.053534940877233234 0.9997392296791077 
Car -1.0 -1 3.8684515315857166 0.0 184.34141851849017 127.9942668682353 374.0 1.5 1.6308619201183319 4.0466493487358095 -7.021793791269957 1.620237251378143 6.522597522018453 3.046213734145981 0.9952270984649658 
Car -1.0 -1 -1.6847772926507032 617.0670928520931 179.45888976186595 651.9028535685718 207.53785407206865 1.5 1.5823126330971717 3.6231915026903154 1.324678793975164 1.895490463354502 41.29247408416965 -1.6527078981187684 0.9933133721351624 
Car -1.0 -1 -2.904042572860476 405.0565466759048 181.3802437936366 497.38843424812165 214.65552142960425 1.5 1.5835803493857383 3.961850565671921 -7.426132714243256 1.909455927190384 33.78383495816966 -3.120414690175329 0.9059202671051025 
