Car -1.0 -1 2.1121091909291585 126.3344873667857 182.80483767868793 274.6575539292375 245.3192384997878 1.5 1.66328517049551 4.179705169796944 -11.243734788976973 1.806739493555943 20.098248154509843 1.6020483851393283 0.9999991655349731 
Car -1.0 -1 -1.835608214687578 735.5503357307041 176.30704020098105 926.4995064898229 286.83533692026936 1.5 1.8553993225097656 4.570866611599922 3.3896193173063667 1.5698295759757581 12.223188827262828 -1.5650951676678402 0.999998927116394 
Car -1.0 -1 -1.5859973522664539 583.3813059885596 178.96231828237993 650.686192507777 242.37353875256912 1.5 1.6234392791986465 3.362822023034096 0.10442371753434607 1.676206881371203 19.079984889915607 -1.5805244614046556 0.9999966621398926 
Pedestrian -1.0 -1 0.38429260182734937 175.55513236306467 142.91566118977892 292.6251340526927 374.0 1.8 0.6427378885447979 0.6520254097878933 -3.082320124987607 1.5716969910625882 5.860444962350426 -0.09990139404800959 0.9999954700469971 
Car -1.0 -1 -1.5091454231533845 591.5732417765709 179.48107348211386 633.3084335024413 216.3041047364775 1.5 1.6296333193778991 3.5259316235780718 0.11671326312361628 1.8095980343400895 31.854106448045744 -1.5054814452913148 0.9999945163726807 
Car -1.0 -1 -1.6887475809466046 697.6038805909238 178.02185757541642 762.7760103160446 230.21378036030387 1.5 1.5848845735192298 3.940182787179947 3.7175336686347085 1.6803871689645675 23.131807218438524 -1.5293992357936246 0.999988317489624 
Car -1.0 -1 -2.0898160408082425 287.5840681048124 180.80712919989867 461.24002181635836 268.80012309074016 1.5 1.6046038389205932 3.8428748518228533 -4.872511931234514 1.6810588622158422 14.513827652697962 -2.413708702721868 0.9999808073043823 
Car -1.0 -1 -2.1875907881022814 336.6214470365169 180.81574350450515 484.3518893939913 251.03427005725277 1.5 1.6235426560044288 3.6986040443181993 -4.973420110503148 1.7144887032593301 17.610111563454815 -2.462840692200933 0.9999734163284302 
Car -1.0 -1 -2.4083033976429626 506.09115346523805 180.4759264393003 568.8671861299016 208.4929162451863 1.5 1.522914369404316 3.41861569583416 -4.186645643024147 1.9520726884562891 41.135290357933464 -2.5097316066410884 0.9999730587005615 
Car -1.0 -1 2.2940199028354575 0.0 184.02085963743104 113.89765305010793 284.05424304789886 1.5 1.6047295674681663 3.9500127106904985 -11.342356375346748 1.7361715110952916 13.24724005015178 1.585934388633591 0.9999675750732422 
Car -1.0 -1 -2.2408399270062325 455.24345214435124 180.51289417890473 544.8108524075562 222.85386128713867 1.5 1.5479907885193824 3.5663599640131 -4.347906869577889 1.8162894928573754 27.981748487336528 -2.3949908773091177 0.9996722936630249 
Car -1.0 -1 -1.6994907370814243 674.917895761647 178.54192758123597 727.4704174740676 217.48728028919996 1.5 1.6682910293340683 4.128546875715256 3.734193784430201 1.756830418293191 30.462068374879458 -1.577514254548822 0.9993209838867188 
Car -1.0 -1 -2.1663039160119357 391.2545989914388 180.59562352774722 516.035965728845 239.4317901431325 1.5 1.5826309591531753 3.913780164718628 -4.6249473128341885 1.744319249460659 20.816250507342467 -2.384932295480047 0.9988584518432617 
Car -1.0 -1 2.022011520977674 254.57624053611096 182.63230025921246 331.5182728033455 218.65859341625722 1.5 1.629471455514431 4.0708935379982 -14.529485903532905 1.9786733487632555 33.22636067480039 1.6097791075666965 0.998701810836792 
Pedestrian -1.0 -1 -1.3311393960306155 658.0373880580939 172.18114190626892 681.0169456285138 215.15724363207272 1.8 0.8353395879268646 0.6870489127933979 2.492961583266441 1.7721759480639845 30.675640427746547 -1.2500491599228722 0.9805420637130737 
Pedestrian -1.0 -1 -1.5544385886234495 666.842826780198 172.08922521240768 682.6625970604591 215.0925500323167 1.8 0.6582050144672393 0.5751682005822658 2.700671202092306 1.7683464104881996 30.519202666114175 -1.4661776060846192 0.6831358671188354 
Pedestrian -1.0 -1 -2.465064119628338 191.12819973245453 176.46960903133296 207.88503885814745 222.98861721182985 1.8 0.5337547071278095 0.3034268531948328 -16.11233650042095 1.9433642835843963 28.248458703332027 -2.983418897786413 0.6255306005477905 
Car -1.0 -1 -1.664462232817481 673.9921730516808 178.83107387532732 708.8404043178482 215.7440025038299 1.5 1.2896031633019447 1.926427011191845 3.389240478849776 1.7619889886219229 30.606939675638014 -1.5541771641608817 0.6243627667427063 
