Car -1.0 -1 -1.5568658089357612 568.8301986903975 179.38679155747684 621.8294750643252 229.5974699129112 1.5 1.6176112487912178 3.5518551737070085 -0.5070806710268515 1.7319827671143058 23.798066761674555 -1.5781702264819784 0.9999994039535522 
Car -1.0 -1 -1.8741052367374909 752.886252526849 176.03583142898313 945.7499269333665 297.48490641308825 1.5 1.5861591815948486 3.9961966246366503 3.336611850317849 1.557806171190079 11.019318114467234 -1.580084750489567 0.9999979734420776 
Car -1.0 -1 -1.66557019297567 653.8329980987907 178.64844628578896 711.4620412606506 217.1318399184943 1.5 1.97893628180027 5.514775824546814 3.042356093165805 1.7771846267827323 31.710118129092283 -1.5699202074927767 0.9999891519546509 
Car -1.0 -1 -2.5856241926325216 367.415613990522 181.1168817044944 497.7890798393325 230.6851270863739 1.5 1.6058145582675933 3.8875164955854418 -5.8458437624434 1.7868365208230894 23.6499314151421 -2.827949122586523 0.9999866485595703 
Car -1.0 -1 -1.5501162207286474 590.7847670319502 179.53577619707508 629.0619861235683 215.21612238857324 1.5 1.6461933523416519 3.5709629327058794 -0.008164572335995334 1.8208823498460234 32.80747303631609 -1.5503650839116914 0.9999192953109741 
Car -1.0 -1 -1.9157978635529025 0.0 181.37355296614425 299.7249121533553 371.86826380110887 1.5 1.5246583640575408 3.484969449043274 -4.939274612794638 1.6082533502835916 7.480953119030091 -2.4993426958706717 0.9997319579124451 
Car -1.0 -1 -2.239475251993362 458.3547577726797 180.73939305441894 533.2397906420409 213.99898458513385 1.5 1.595126886665821 3.8112035512924196 -5.66307859897471 1.9067278182208764 35.30481004496528 -2.398525671162878 0.9791387915611267 
Car -1.0 -1 1.9771966618966457 327.7555676914361 182.29272959839042 379.40270844362095 210.37060819524618 1.5 1.514032346010208 3.5842793554067613 -14.763191341592774 2.068848689790475 41.617335700219975 1.6363084197004856 0.9608767628669739 
Car -1.0 -1 0.2586318176550999 185.68755273943253 181.9450179262494 402.6815290451802 261.08960541817044 1.5 1.5864069133996963 3.8496049612760546 -6.450524782395457 1.702662859981882 14.985759977027305 -0.14784057537582942 0.9265742301940918 
Car -1.0 -1 -2.3549471149888186 473.09117266197336 180.715587270202 542.1381485174946 211.1299653459751 1.5 1.5405281007289886 3.5692623376846315 -5.471157634673152 1.9343632689418533 38.142709349914476 -2.497414485612188 0.8661154508590698 
