Car -1.0 -1 -1.856556698236398 727.0807598177697 176.44664030225306 894.4897326877622 291.4157314535209 1.5 1.5595600500702858 3.4016391754150392 2.883207823900461 1.5649654648916378 11.245986441092978 -1.6055855872717244 0.9999992847442627 
Car -1.0 -1 0.5950968689014646 0.0 182.8516099851227 295.640626015254 324.22987053417984 1.5 1.5530044704675674 3.6208322763442995 -5.934187042572497 1.6300600313356268 8.561635162609958 -0.010992483296666824 0.9999738931655884 
Car -1.0 -1 3.2679668982898358 418.0860290737143 181.2499187250457 507.0560054055439 213.966525424538 1.5 1.5840322270989418 4.001048442721367 -7.030593392198318 1.9127577183591926 34.49950607822357 3.06693147420488 0.9999669790267944 
Car -1.0 -1 0.46552050789534705 62.31732098664815 182.32753989408744 356.0688974465116 291.2760385449402 1.5 1.5739962950348854 3.5642589002847673 -5.950866038481966 1.6549320341420302 10.924313081463813 -0.03327222267654963 0.9999667406082153 
Car -1.0 -1 -1.6647111024571162 632.5112930630264 179.04726635705296 679.2549869740542 210.34715352616814 1.5 1.9428557276725769 5.797381934523583 2.3299056563220097 1.8574080357249008 38.665095941080764 -1.6045252504434926 0.9999599456787109 
Car -1.0 -1 3.4159613993847575 214.7268134886478 181.94304655145754 404.0056341845311 256.22319616716396 1.5 1.5545622006058692 3.5325391709804537 -6.499669410288158 1.711524101266724 15.783854034670508 3.025330770011765 0.9997450709342957 
Car -1.0 -1 0.2008802300842416 345.6631550366412 181.52266398071367 473.34243651540237 227.0405461172596 1.5 1.6509769976139068 4.032009702920914 -6.935706006009436 1.813540177294272 25.103144386862088 -0.0686833421376092 0.9997132420539856 
Car -1.0 -1 2.908784458955819 702.5465529140553 178.1263572125111 815.1035094104008 217.1426706811034 1.5 1.6270924851298332 4.142457109689713 5.8520787838501285 1.7176687310308618 28.85603623408365 3.1088733553846897 0.9994922876358032 
Car -1.0 -1 -3.4776156786459653 793.669248311486 176.64307668753824 950.9930633430273 237.92802396442565 1.5 1.5509482964873313 3.480363127589226 6.6078051173071914 1.6018694578673456 18.541210921405728 -3.1352642337468013 0.9901096820831299 
Car -1.0 -1 3.9541788483861753 0.0 184.3365548561219 129.95954363341883 374.0 1.5 1.5480634316802024 3.6435338228940966 -6.456090622997878 1.6098940169508773 6.104821996238332 3.140822756286484 0.9890766143798828 
Car -1.0 -1 -0.45472541713621095 750.8518003466783 177.1494277365602 902.7820723829309 231.21491244813106 1.5 1.6385818392038345 3.989482906460762 6.315203477929521 1.6341743992601288 21.336123383468436 -0.1669548312809808 0.9804383516311646 
Car -1.0 -1 3.228409791499329 449.8334152848921 181.0394658151516 531.2550918864357 209.35305367314692 1.5 1.6824547693133354 4.302864384651184 -6.5696929733580145 1.9633648057452795 39.806997253627934 3.0648455500563205 0.926859438419342 
