Car -1.0 -1 -1.7670226440916015 708.0929767085804 177.1278380610269 828.8631316184488 265.07682324134635 1.5 1.5704650923609733 3.9760305106639864 2.965298304657135 1.5979996357012691 14.489378838725132 -1.5651568463679892 0.9999998807907104 
Car -1.0 -1 -1.7240601739067207 691.4018372675317 177.88203278755705 768.9568484132905 240.40161688770104 1.5 1.5031369894742965 3.561425444483757 3.0844675541104034 1.6478579538773004 19.379835397689135 -1.5662254128281516 0.9999867677688599 
Car -1.0 -1 -1.567022889970691 601.2676372806271 179.71102692227961 628.1406372150051 205.19278733809864 1.5 1.6194621592760086 3.7071994066238405 0.2680083257900674 1.9488992535645255 45.334148953760554 -1.561111116842602 0.9999840259552002 
Pedestrian -1.0 -1 1.2709721378070364 702.1522218190321 172.23394696576537 719.9581626854409 212.37833626266038 1.8 0.591789048910141 0.7951689444482326 4.548691633638642 1.7725557233430722 32.78976790990203 1.408815308413233 0.9999687671661377 
Car -1.0 -1 -2.208267263506213 868.6407623940084 169.87584024277317 1241.0 374.0 1.5 1.5888896331191062 3.7110863745212557 2.954717195652181 1.4906982422667614 4.213024306070423 -1.5966497390207393 0.9999619722366333 
Car -1.0 -1 -1.6386922396268853 662.9118322786064 178.80102493679493 703.0511890059875 214.56979058779416 1.5 1.5484732136130333 3.831947830319405 3.228106313843616 1.7870181788726573 32.83865033048024 -1.5407050168749434 0.9999222755432129 
Car -1.0 -1 0.5438094317082116 76.44268963420873 183.7575859027486 261.26433304265896 242.55848430721892 1.5 1.5782462924718856 4.027389597892761 -11.866120456228286 1.8069946636381817 19.493594956692938 -0.0029964009907586194 0.9951098561286926 
Car -1.0 -1 1.761830665855107 458.1989211960321 180.96542684619644 500.568956114027 210.3179634634603 1.5 1.5936650827527046 3.9122047394514086 -7.205749022508603 1.9712900593316565 39.92233352975322 1.5832590937574924 0.9742677211761475 
Car -1.0 -1 1.7618459472901344 436.9316084572726 181.0557954834469 485.08519300399115 214.70096778074407 1.5 1.5993401899933815 3.773801636695862 -7.200161057938789 1.9196377459961702 34.98633940264575 1.5588804920527595 0.956748366355896 
Car -1.0 -1 0.7117496880570149 0.0 185.8587968057832 64.03817077437472 244.83997388196383 1.5 1.6486067816615104 4.288206484913826 -17.66608386188761 1.8694023554740957 19.602004103267838 -0.021749333539281566 0.9248658418655396 
