Pedestrian -1.0 -1 -1.2082055042674475 90.91749371899515 130.34379078403265 258.18771043923135 374.0 1.8 0.6704669937491416 0.8192008852958679 -2.790148872658689 1.5555926342993034 4.6150278908174975 -1.7519851038840157 0.9998824596405029 
Cyclist -1.0 -1 1.5610305129030306 971.4152777505246 180.9685874489556 1011.4368330218291 282.2911890506944 1.4 0.5005517534911632 1.5062317743897438 5.682213619272561 1.5315402669200022 10.877202643552838 2.0424344420393528 0.9995710253715515 
Pedestrian -1.0 -1 0.7743015906835877 820.4602627703458 150.61584453055903 906.8238849417268 303.79073483356336 1.8 0.6449156932532787 0.7856878943741321 3.088152434013775 1.5390312384394216 8.971970485800512 1.1058000763270515 0.9991410970687866 
Pedestrian -1.0 -1 0.13029450505538787 788.8864457872511 151.02120749471558 880.0551137116333 303.84988514486224 1.8 0.7656713508069515 1.0044928200542926 2.771485597265224 1.5432135603645287 9.052032931920612 0.4274046858164924 0.9935240745544434 
Cyclist -1.0 -1 2.0781077191187594 978.5910002122769 180.11394943856413 1062.5047913070941 265.07616803052116 1.4 0.5336317725479602 1.6821185618638992 7.168956503258185 1.534538332661088 12.666731259023667 2.593127238746506 0.9847715497016907 
Pedestrian -1.0 -1 0.5770184564854444 857.034007091795 149.47591166372894 969.6637616608996 306.41131736612084 1.8 0.7174795053899288 1.0639542274177074 3.6763220216817842 1.5322185238811745 8.914671804013135 0.968160076937403 0.967542827129364 
Car -1.0 -1 -3.3831865071095644 1036.6576146637462 174.0453291683525 1216.2995061289348 238.77152218402438 1.5 1.561005462706089 3.385015067458153 12.749313329099515 1.5324796422398705 18.110023728307812 -2.769786314168249 0.9534199237823486 
Pedestrian -1.0 -1 1.5293345714084818 955.6245929075408 160.04872525697257 990.2923721547395 253.1823532260867 1.8 0.5811553940176963 0.890038863569498 7.215357218796704 1.552869430551402 14.46738927856965 1.9919676661451877 0.9376228451728821 
Pedestrian -1.0 -1 0.46559061023909165 106.77925359048554 155.36945520842255 201.24587929717234 324.17584219439584 1.8 0.3715588737279177 0.7943242348730564 -5.04481574211215 1.6139183722356698 7.9162590386333 -0.10178537766007013 0.8983835577964783 
Cyclist -1.0 -1 1.42737333706835 990.1555560473754 179.96310395933534 1057.6054741746036 269.14568501429744 1.4 0.735507209599018 1.9290542721748352 7.083197678219974 1.5339194912977967 12.520846662036334 1.9421996951063694 0.8772194981575012 
Cyclist -1.0 -1 0.9243271819260295 942.9326078614924 180.77898539843162 1060.9054771332992 282.8849544234714 1.4 0.6323777630925178 1.759066854417324 5.829735304050034 1.5307549142151229 10.951171971706072 1.413510008654322 0.8582208156585693 
Cyclist -1.0 -1 -3.3990778680296345 978.3204753166375 180.26968535679444 1068.6966847687754 263.63024530476645 1.4 0.5111169561743736 1.280321229994297 7.144001876086855 1.5340920525805979 12.598812618412214 -2.883248047032629 0.7830544114112854 
