Car -1.0 -1 -1.667977175602066 667.70917439585 178.64888319176615 714.6548819120859 217.3606487429761 1.5 1.577015084028244 4.051961612701416 3.3357658922229376 1.7624748795174343 30.599376949839222 -1.5593917901304108 0.9999970197677612 
Car -1.0 -1 0.2195942908376882 391.29951116616985 181.11431280500798 526.7298827735746 222.46972356247048 1.5 1.7578587427735328 4.774859037995339 -5.707791832439574 1.8250632172618646 27.44666137448954 0.01455728610488347 0.9999932050704956 
Car -1.0 -1 0.4225602891812881 247.3567351807764 181.56938751067935 446.8534553088042 258.40448184368404 1.5 1.5316859379410743 3.6391547441482546 -5.498694940843781 1.694720899896147 15.187988315506354 0.07519785960647038 0.9999678134918213 
Car -1.0 -1 0.2174401939704169 387.2652707634082 181.12588431062207 518.967590294119 226.36718146570132 1.5 1.6168050959706306 4.216888782382012 -5.415986330393971 1.7967926409659951 25.036917035494092 0.004402681193079272 0.9999643564224243 
Car -1.0 -1 0.3797418593231787 291.24717997768823 181.37971826233556 478.396855190953 246.94396731886926 1.5 1.611661960184574 4.082310807704926 -5.496631300836511 1.7211642055083103 17.719938556629362 0.07895855506392888 0.9989513158798218 
Car -1.0 -1 3.8532864740523736 0.0 183.8184426584199 192.80183487854788 345.3334731027329 1.5 1.5470054492354393 3.563099589943886 -6.67958813356445 1.6278427781458633 7.5961063767182635 3.132001626487595 0.9873722791671753 
Car -1.0 -1 0.4329478820990351 155.44003796734984 182.03742134221625 399.0190043107564 273.1032792042645 1.5 1.5501440063118934 3.617498141527176 -5.8394627777118 1.673631508605429 12.825914361185713 0.005706592402185717 0.9846407175064087 
Car -1.0 -1 0.2836640686452345 325.6392177689174 181.47240277519808 475.26672166506614 237.09263248339244 1.5 1.5705708906054496 3.793519598245621 -5.918130863551354 1.7545813064599523 20.490971362655262 0.002498670420374193 0.9737541675567627 
Car -1.0 -1 3.9613918273261364 0.0 184.58989461069334 88.97948302117088 374.0 1.5 1.5820688128471374 4.032844913005829 -6.4138196228906565 1.5995749749467307 5.1603109007844825 3.0681115269621433 0.8779224753379822 
Car -1.0 -1 0.377640453401233 631.0070270069301 179.0500856159401 723.6438730040031 204.78474777006147 1.5 1.8739954128861427 5.4613957673311235 4.1525472639177785 1.9056404537971308 45.121756061942214 0.46941177447768623 0.7897942662239075 
