Car -1.0 -1 -1.7016778172183196 656.5895502350063 178.15751435429559 736.303567330765 243.03822366172437 1.5 1.5697384744882583 3.692804512381554 2.1085788798236234 1.6525707816430344 18.844354838279557 -1.5902468683805806 1.0 
Car -1.0 -1 -1.6670193301432312 636.2799290189821 178.88614148506093 686.2159990363193 221.1993368248869 1.5 1.5585741519927978 3.8640304028987886 1.8863499086757745 1.7515241326075637 28.08673280536407 -1.59995843941835 0.9999996423721313 
Car -1.0 -1 -1.3223375581922636 303.84721001800847 179.33910633694308 503.6580890448188 332.48498161729555 1.5 1.522255551815033 3.4772104144096376 -2.3741786643026943 1.596602272229042 8.958906512887884 -1.5813904265549523 0.9999980926513672 
Car -1.0 -1 -0.991467812414949 0.0 178.53620809367564 403.7862117384834 374.0 1.5 1.5503718078136444 3.2843394696712496 -2.425107195838369 1.5437097897716858 3.847140759826981 -1.5539166080441815 0.9999655485153198 
Car -1.0 -1 -1.5637188999800735 551.9553180393716 179.76495720285516 596.3405547034433 222.09948956739854 1.5 1.6083058461546897 3.4576921284198763 -1.419024859863196 1.7844984512540485 27.900576650723632 -1.6145351688053948 0.9999617338180542 
Car -1.0 -1 2.12524324981562 94.16857267315896 183.61180722346032 216.33346271502725 233.2807371255008 1.5 1.6226789474487304 4.093080621957779 -15.456255785489304 1.899610748008067 24.72562501682393 1.5665642460200446 0.9999521970748901 
Car -1.0 -1 1.0117937080678192 194.82107649140335 181.64210095693315 387.17726356366575 267.3298063552407 1.5 1.6305720925331115 4.186270621418953 -6.680353380875816 1.7036332222718187 14.84630044777509 0.5889667709681647 0.9998823404312134 
Car -1.0 -1 0.8187316389496377 352.0560126570031 181.2988347090475 469.6865814189209 228.3051488365417 1.5 1.6137876108288765 4.1129960238933565 -7.089234994660555 1.8183917343697846 25.412122188081025 0.5466777523371833 0.9991652965545654 
Car -1.0 -1 -2.277972364857758 476.1631615727515 180.82507197332882 535.6129923890795 206.08866840826875 1.5 1.636054229736328 3.8433185338974 -6.68288025400816 2.0283122937724873 45.906203374733956 -2.422533706822668 0.9991130232810974 
Car -1.0 -1 -2.1588234087536256 402.04950788475486 181.09961358023241 485.360775614947 222.54773747843706 1.5 1.5289728090167045 3.4883132696151735 -6.661414401556602 1.8467457143404906 28.55719559917705 -2.38799120584992 0.9980639815330505 
Car -1.0 -1 -1.4696353155668855 556.6706812149944 180.00219850123392 593.0207375557611 210.18596040932678 1.5 1.5854981288313865 3.6182774722576143 -1.8715530534582758 1.9008882449559965 38.578350130604186 -1.5181103507664544 0.9947562217712402 
Car -1.0 -1 -2.158986667655819 441.84580252391197 180.90856505453462 513.9728606190805 214.21336616595596 1.5 1.639503662288189 3.798615050315857 -6.5519978309856794 1.9167217643623087 35.362483624547956 -2.342190162339483 0.8133955001831055 
