Car -1.0 -1 2.0536102945958286 0.0 179.2111765574322 403.1174844505793 374.0 1.5 1.6334565848112106 4.125402730703354 -3.007823124279347 1.5671210990297102 5.497960157240227 1.5530118187281745 0.99998939037323 
Car -1.0 -1 2.2355571172249658 0.0 181.9977593973867 215.88426670089368 374.0 1.5 1.4934553325176239 3.455105659365654 -5.741460635630449 1.615004090439752 7.316009189099475 1.5701655586573737 0.9999715089797974 
Car -1.0 -1 -0.049434184230994244 643.1385561430732 178.55147328467137 763.3323201721201 225.18994039649232 1.5 1.6482091069221496 3.9024604976177217 3.0522192079202424 1.7007552127158887 24.407988510141784 0.07497005065413884 0.9999659061431885 
Car -1.0 -1 1.7252694282979129 459.00042023940637 179.8534693111351 549.3830067412671 236.3884610224345 1.5 1.9207960486412048 5.85706816315651 -3.2090457722749113 1.750223220055655 22.812189037822506 1.585514056678635 0.9999396800994873 
Car -1.0 -1 -0.310896012535546 721.4143136638799 175.8431892512201 1057.9197925823787 288.10288068063664 1.5 1.6538452848792076 4.302160304784775 3.8421066631364065 1.5480061616776182 10.592659039554839 0.03706018527480534 0.9998719692230225 
Car -1.0 -1 1.7081638102109433 519.1296380598299 179.98121960967075 575.0000832006665 214.43769539188744 1.5 1.9429466247558593 6.007589262723923 -3.039798873543228 1.88336107314815 35.72071903034057 1.6232693076094211 0.999725878238678 
Car -1.0 -1 -0.18373219358899065 685.0468895247277 177.38436090646533 887.2843338398635 247.13071291759928 1.5 1.6467763602733612 4.269897055625916 3.8638080676929554 1.6100904272296312 16.554273475308833 0.04556529124709538 0.9978287816047668 
Car -1.0 -1 1.7996940446761895 363.49922045987154 179.84940907363847 504.7239976002301 281.8930930119424 1.5 1.5676742911338806 3.858163443207741 -2.9834757477411076 1.6431595176505471 12.7972604154578 1.5706512173030036 0.9975007176399231 
Car -1.0 -1 -1.7807705016385742 624.0408196899053 179.4059277031847 661.3951170264975 207.09474063173485 1.5 1.514357005059719 3.1804660826921465 1.8137901642538865 1.8933357438265614 41.58069027633219 -1.7371771643545968 0.7149391770362854 
Car -1.0 -1 1.981562053130329 263.7032121297274 181.11232811777427 412.83451062993356 261.72704442939244 1.5 1.5890809267759323 3.9866259813308718 -5.8295827685352 1.7054163988649804 15.876801014391082 1.629668223853928 0.6505969166755676 
