Car -1.0 -1 -1.8126045348166437 736.2605261246981 176.75297566207956 871.4023645312541 269.6843938576662 1.5 1.5719682469964027 3.7393345057964327 3.447232449048557 1.5843901797875424 13.67445167267983 -1.5656570369054121 0.9999988079071045 
Car -1.0 -1 3.4398783808303968 267.1245134256002 181.67568012044615 445.8310537611814 248.74603383443568 1.5 1.5395701423287391 3.730228778719902 -5.9873693290578895 1.720835777510241 17.192512387197034 3.104759442802292 0.9999914169311523 
Car -1.0 -1 -1.7574869242327078 710.5109525230544 177.5669441674345 800.9529153473603 243.4248663813617 1.5 1.5707180395722389 3.844471511244774 3.5946148452831435 1.6346522343787566 18.632050158878325 -1.5669020373050613 0.9999889135360718 
Car -1.0 -1 0.5797315923459323 46.86288491119325 182.06020435717352 384.7333773619173 298.4152078584441 1.5 1.6430931657552719 4.067104172706604 -5.614399571394942 1.6464310310808572 10.451089092376918 0.08676318725081852 0.9999866485595703 
Car -1.0 -1 3.359934590948776 361.006662472875 181.3372639692438 483.30739386230107 231.86917306061025 1.5 1.5470600247383117 3.442865100502968 -5.841368542457448 1.7750769729026674 22.529403862240034 3.1062433600386203 0.9999864101409912 
Car -1.0 -1 -1.6933045113530127 681.2408654789664 178.62250820661455 725.497768466155 214.92050061787765 1.5 1.5401915207505226 3.3431148648262026 4.0523122447888165 1.7697618968913147 32.020772047465655 -1.5674210873574508 0.9997612833976746 
Car -1.0 -1 0.23218905455349678 392.8074950373387 181.07710083393022 520.9948356820988 226.55660412594432 1.5 1.5929507583379745 4.07905490398407 -5.271844121387684 1.7943146746820393 24.945536137154207 0.023919387659754078 0.9984132051467896 
Car -1.0 -1 -2.892818178870094 410.4543192406235 181.108746763044 514.0106203852588 222.3842371861256 1.5 1.5197720870375633 3.5898594677448274 -5.606507523503903 1.8234986550954366 27.399349114262318 -3.094653920331274 0.9981486797332764 
Car -1.0 -1 0.23443081666325447 443.70961840074784 180.84389248708598 541.9201226655933 218.71252148291796 1.5 1.56915323138237 3.754626822471619 -4.852035476021927 1.8415242278098802 29.886448112652275 0.07348601420852116 0.9968881011009216 
Car -1.0 -1 0.205187195600222 451.8794701344885 180.82426434410232 548.6834314060947 215.85635704340658 1.5 1.6033990800380706 4.032096874713898 -4.893143795703703 1.8663122160466656 32.21639673135489 0.054455562433924 0.9964824914932251 
