Car -1.0 -1 -1.5596069878955556 600.0079784706795 179.43644417437815 637.038683430394 212.7082731410419 1.5 1.7163970068097114 4.491488870978356 0.4058123660199879 1.8466072513839518 35.687026955893 -1.5482360525664431 0.9999938011169434 
Car -1.0 -1 -1.7377741820624708 770.8504961174266 175.99684191466065 925.8562851393781 299.60541362868076 1.5 1.5523775041103363 3.4764120846986772 3.2765278483705917 1.5547963111136682 10.67063212397224 -1.4398526708271844 0.9999909400939941 
Car -1.0 -1 -2.1680385415425043 834.6140934565552 170.5461439205673 1241.0 374.0 1.5 1.649441246688366 4.267237943410874 2.820166953105924 1.4933680197065298 4.332450935630351 -1.5910025789078814 0.9999829530715942 
Car -1.0 -1 2.1510913161276752 0.0 179.8290356806604 322.0032262959856 374.0 1.5 1.7152486860752105 4.356846448779106 -3.7716209083984538 1.5720964397922432 5.201961778640706 1.523758097490992 0.9999725818634033 
Car -1.0 -1 -1.287116640057294 379.53907631115385 181.46522296811898 440.8587102862933 215.12579329771935 1.5 1.6640695303678512 4.74194051027298 -9.839076566365005 1.9555356549584644 35.75349909697768 -1.5556613337856275 0.9999685287475586 
Car -1.0 -1 -0.40759812168663645 810.3679673555476 176.64957318666015 997.5671835839865 214.13653573724798 1.5 2.1724759161472322 6.990665060281754 12.167847997376137 1.665848092865911 30.281845762726558 -0.025523857274327957 0.9999243021011353 
Car -1.0 -1 -2.263244728497164 0.0 184.37606302309504 200.05857864175084 280.9466650433197 1.5 2.3324432343244554 7.183909279108048 -11.691364494273685 1.7407565935643834 13.33314670985389 -2.9831298152592525 0.999836802482605 
Car -1.0 -1 -1.4521584659953808 788.1463031481637 176.45015698463834 890.0487963594984 254.8684619975916 1.5 1.694115300476551 4.187640783190727 5.223966716273321 1.592668904620142 16.262291432717465 -1.141338453688894 0.9994945526123047 
Car -1.0 -1 -1.7792936204819414 720.883125711165 178.19771905811137 773.041170464998 210.32010536216816 1.5 1.688585852086544 4.554696989059448 6.857758801549551 1.7895728493792529 36.751667903994964 -1.5948179392751796 0.9994590878486633 
Car -1.0 -1 -1.3822282297153499 449.2394913726829 180.81594345561845 501.8376700142239 214.52184075982973 1.5 1.6859600812196731 4.771678385138512 -6.591138376642148 1.919905250962993 35.62749117373886 -1.5651614210244758 0.9965518712997437 
Car -1.0 -1 -0.9217052081772761 839.0892770594004 176.11044259684067 985.4019119497808 236.46336797661306 1.5 1.6556241109967231 3.955957901477814 8.285309546963395 1.5975490857960792 19.823384307910665 -0.5258156816151482 0.9631268978118896 
Car -1.0 -1 -1.1662248976553269 272.63353675228905 182.56424677233605 341.0722783727691 215.1830034085745 1.5 1.6226569682359695 4.348169502615929 -15.336862393970511 2.023060344714841 36.65687870460824 -1.5624833098289115 0.8314701914787292 
