Car -1.0 -1 -1.9675822369971963 791.459870880824 175.02473898195493 1084.544965771453 334.0048975993553 1.5 1.653105255961418 4.306878757476807 3.617388598863481 1.5340511339081988 9.030433973681488 -1.5865781205382687 0.9999996423721313 
Car -1.0 -1 -1.6947600596484296 678.2733927204828 178.38705599186542 735.2167931889953 223.50924251314623 1.5 1.5801605328917503 3.8686426848173143 3.4195009760768684 1.7176634605714967 26.396845691654153 -1.5659354408879322 0.9999958276748657 
Car -1.0 -1 2.1866068450549387 173.20462531313245 183.12434315097605 276.4770293099164 226.19499980634086 1.5 1.6032420590519905 3.8748091578483583 -14.921748130104282 1.9293897697625435 28.114866094529166 1.6986689448317112 0.9999769926071167 
Car -1.0 -1 -1.5289224198705091 571.9491126822155 179.33732500688134 626.0037208293791 230.45424808024518 1.5 1.6062334671616554 3.355192255973816 -0.3396433501885999 1.7250104798868198 23.300253636098063 -1.5434981966998917 0.9999252557754517 
Car -1.0 -1 2.2691962418491145 0.0 184.6487660146305 95.13654761616628 254.96914570802076 1.5 1.5714718520641326 3.5125704973936083 -14.752079564145012 1.8191402854045817 17.738648247518462 1.5754611372908176 0.9998804330825806 
Car -1.0 -1 -1.9580435530317457 87.61609684761937 181.1785508569831 356.6700557279703 333.24350765778337 1.5 1.6080080091953277 3.9236082255840303 -5.098406312972563 1.6276167220441136 9.172631718571347 -2.4653502861645564 0.9998643398284912 
Car -1.0 -1 -1.7694999122804846 0.0 181.02674439540442 254.94650256068132 374.0 1.5 1.6088665023446083 4.1484786689281465 -4.706505026912954 1.5890611571641198 5.880079626720131 -2.4444939653065547 0.9997468590736389 
Car -1.0 -1 -1.7009367770523267 641.2967248905308 179.14110217895706 682.836821277312 204.247141832105 1.5 1.9946273908019065 5.61672845184803 3.3110730168653344 1.93838804940853 47.404254234887304 -1.6312024417009694 0.9993512034416199 
Car -1.0 -1 -2.2396991369369967 402.3032260806406 180.7451154475005 511.5691582558142 232.8943624017023 1.5 1.561749216914177 3.505346414446831 -4.961801657596939 1.7705811893093937 22.988293714652755 -2.452278391518865 0.9991569519042969 
Car -1.0 -1 -2.1227161910388346 321.0308750224734 180.9760383513488 460.9013178102962 253.69937314665043 1.5 1.5608611077070236 3.4525981664657595 -5.260716197868982 1.7110292123255466 16.98875810121624 -2.4230104247715816 0.9991470575332642 
Car -1.0 -1 -1.549928108989696 592.6254081628523 179.56252703823515 628.7457354380224 213.84333374931157 1.5 1.6164826720952987 3.516889598965645 0.028256510258917473 1.8333757923193765 34.03954844482519 -1.5490980009224755 0.9984952211380005 
Car -1.0 -1 -2.586315761184979 480.72937095405393 180.66154820392435 555.2919395403517 210.1223063957247 1.5 1.5656112253665924 3.733951833844185 -5.012799002257317 1.938572192813456 39.008660542453754 -2.714120105901037 0.9942466616630554 
Car -1.0 -1 1.961946550676667 272.95273917675985 182.04890232718128 365.3835485612521 234.5179618259011 1.5 1.5297089263796806 3.4342287600040438 -9.18969756133483 1.8148918526989122 22.954277562074008 1.5811402678450168 0.9811946749687195 
Car -1.0 -1 -2.5243571228883113 0.0 0.0 1241.0 374.0 1.5 1.991511744260788 5.994155865907669 3.329532558856274 1.4644751167962893 2.083062967881518 -1.5126146386053902 0.9478262066841125 
