Car -1.0 -1 1.7142402718007477 458.05433525332944 179.90154012804678 543.6219000133137 245.3025674688719 1.5 1.6487414509057998 4.139869523048401 -2.810090140082595 1.7068406339373086 19.064959785775084 1.567898436388697 0.9999988079071045 
Car -1.0 -1 1.6844574966726371 426.6272320139697 180.69561054732878 487.08356701707856 228.60626242369108 1.5 1.6173573702573776 4.194858533143997 -5.3579695033280865 1.8005981319645863 25.459632679825138 1.4770347317073005 0.9999973773956299 
Car -1.0 -1 1.8365874092291745 354.1077268702522 180.7723207825923 460.1246591337004 246.25725374226937 1.5 1.6385414198040962 4.236892101168633 -5.280205932403174 1.7339169788287305 19.158760720485756 1.5676609714839118 0.9999966621398926 
Car -1.0 -1 2.5460646573207653 840.3264523726733 174.1530069034094 1241.0 301.33494347823887 1.5 1.6674435257911682 4.489532348513603 5.498990414797451 1.519288421168464 9.519863370953095 3.0698757052382053 0.9999955892562866 
Car -1.0 -1 -0.33189386394112863 799.0003034844376 176.9671088056875 940.894106681159 217.34878247385822 1.5 1.8234730258584022 4.835023221373558 9.926638211280421 1.6648875691350682 27.924686879862268 0.009653611979212084 0.9999891519546509 
Car -1.0 -1 -0.7328463473225334 1204.2722078721506 172.56634967911435 1241.0 220.05368827600822 1.5 1.6104942679405212 4.025969889760018 22.11400064292331 1.4912716874589829 23.632803776754056 0.01936380465957097 0.9998812675476074 
Car -1.0 -1 -1.2601015005060126 596.7901681205757 179.71593118526422 635.8367305092518 203.44768434835305 1.5 1.6039290025830268 3.6333496242761614 0.43610483797923466 1.9825434628936625 48.72283362881927 -1.2511510113861901 0.9994872808456421 
Car -1.0 -1 1.4290992434264547 651.4027481129716 178.95734552645675 695.1005595083528 210.67328862112643 1.5 1.6481487572193145 4.202078890800476 3.152529202791017 1.8322759876881802 37.092133802524316 1.513887329897608 0.9994078874588013 
Car -1.0 -1 -2.0354003751307763 948.993450012199 175.89047192407452 1017.9337623291906 206.56254211746005 1.5 1.6624032080173492 3.7756382048130037 19.31238944877865 1.6663955446186935 37.555443937225334 -1.5604283419114096 0.9987531900405884 
Car -1.0 -1 -0.6254391170097516 1105.5998118065456 173.82991422928757 1241.0 213.42933007036729 1.5 1.651242983341217 4.281239446997643 22.114914649918976 1.5398382660864993 28.280153522580825 0.03822581370803289 0.9987454414367676 
Car -1.0 -1 -2.066901265185975 992.2499807307444 175.44537996298683 1063.824166526653 205.890928344094 1.5 1.638958466053009 3.7658906102180483 21.75562878139074 1.6428705239513477 37.774237756400886 -1.5443621436741692 0.9978926777839661 
Car -1.0 -1 -0.6757360918765747 1155.1760733404483 173.17534422193881 1241.0 216.53138399261698 1.5 1.698724415898323 4.339348760247231 22.368248861061353 1.5123082489252815 25.902375213844614 0.03657762607070378 0.9942822456359863 
Car -1.0 -1 -0.7409520389526504 1183.69069682194 172.81883383246125 1241.0 218.4038007748822 1.5 1.629968036711216 4.303983461856842 22.284610641797787 1.4992006352993088 24.56381736399764 -0.004166201749120435 0.9380079507827759 
Car -1.0 -1 -3.3881554827241995 895.9663825292427 175.90477732797902 1032.8552481474567 221.68105810221005 1.5 1.5944943323731422 3.982081499695778 12.116379719854427 1.6110218407416044 24.9845282837968 -2.936615900197302 0.694424033164978 
