Car -1.0 -1 0.7560333479476473 0.0 183.70958612115552 196.0595835703569 362.67721726207077 1.5 1.5508275970816612 3.646957364678383 -6.308524159929466 1.6172044770468352 6.953373220956661 0.019221111139978684 0.9999852180480957 
Car -1.0 -1 0.6331450844437445 0.0 182.55360039479683 330.06425158815875 316.34101386685904 1.5 1.6066743552684783 3.9618151754140856 -5.892448922381868 1.6356915371012775 9.1425945225509 0.060642405352319996 0.9999732971191406 
Car -1.0 -1 -0.5806077173118079 924.2037369166027 173.71104827581678 1241.0 294.81815875587034 1.5 1.543116246163845 3.5879677653312685 6.312691990914113 1.5128398067968625 9.725351204388483 -0.004867867627416334 0.999971866607666 
Car -1.0 -1 -1.6392879783680556 638.7425864339975 179.05619438538085 678.2895626951258 213.61425742382679 1.5 1.5754208460450172 4.083763670921326 2.197830441787282 1.811033966190203 34.09493736817904 -1.5749149681676669 0.999967098236084 
Car -1.0 -1 -0.2784377756232874 742.1558251278185 177.18052093306818 905.0681416438548 235.45258886489336 1.5 1.619633150100708 3.9258258908987047 5.635903113702004 1.6222322470918773 19.50701140357874 0.00282017787429265 0.9999579191207886 
Car -1.0 -1 3.6093517225186162 75.57627239085463 182.35883789795596 366.31890748400974 284.7680394767888 1.5 1.5399612978100776 3.8055649518966677 -6.104550675185731 1.6628061568702632 11.522306238328031 3.12214707135759 0.9999438524246216 
Car -1.0 -1 -0.7750702043728442 1020.0355424801592 171.44150252963766 1241.0 336.4513300386003 1.5 1.5597139045596122 3.7094707161188127 6.455936427695995 1.487517770311045 7.447541844227914 -0.06087215343979426 0.9999324083328247 
Car -1.0 -1 3.470934001736108 231.9592278999793 181.93448283059516 417.2561761515899 251.69336400325545 1.5 1.5584322184324264 3.656250473856926 -6.5044049780954145 1.7200541559423057 16.59514874709132 3.0973898053129734 0.9990336894989014 
Car -1.0 -1 3.4430031011535 147.74588544573186 182.12977066033895 381.41876610922196 266.9180152860081 1.5 1.594940435886383 3.7994442999362947 -6.605405398297095 1.6944532903029608 14.043797148138683 3.0033610939940036 0.9947070479393005 
Car -1.0 -1 0.3067535599173692 378.98947830826205 181.31492670349402 498.5645087121199 222.62624128309062 1.5 1.6348707050085067 4.145088654756546 -6.529279598672325 1.8349429662135843 27.56156476254785 0.07414369185897282 0.993976354598999 
Car -1.0 -1 3.3993653483870645 281.52466450925834 181.70724855359634 445.1374223348585 241.7575258505082 1.5 1.593506571650505 3.845268723368645 -6.515070871393013 1.7476188566252613 19.221518113706153 3.0725712656935276 0.9591478109359741 
