Car -1.0 -1 -1.7186427406779075 632.9535810862499 178.97932295478273 683.9100866830504 217.24888809531308 1.5 1.5962904810905456 4.009176281094551 1.9721976761036326 1.7811098773081213 31.004007534005325 -1.6551172743227822 0.9999960660934448 
Car -1.0 -1 0.4254816199336455 91.1853293260667 182.48919227358073 374.63729793143364 266.7156803874177 1.5 1.6957566633820533 4.5977315425872805 -7.194071214586923 1.7004731079430255 14.024736825566812 -0.048476890721593585 0.9999933242797852 
Cyclist -1.0 -1 1.6034057357710692 496.67275075360266 183.56357375230598 515.3590316300254 230.34129789082425 1.4 0.5355886675417423 1.625436221063137 -3.3231612253464293 1.7514380375119982 22.81307192088543 1.4587539871546882 0.9999914169311523 
Car -1.0 -1 -2.8514098555220704 338.7971722821255 181.64481987475895 468.1794992376702 226.46952422704962 1.5 1.5775727599859237 4.077477988600731 -7.210838856468812 1.818248409780074 25.27550112519124 -3.129316882291113 0.9999874830245972 
Car -1.0 -1 3.60748733032701 3.5052859459657433 182.78802696051278 315.79238345652186 288.2164453543027 1.5 1.611884918808937 3.883304309844971 -6.966207061508132 1.6707082891489968 11.407408797025525 3.0592563033064426 0.9999639987945557 
Car -1.0 -1 3.8771222607751827 0.0 184.1153243196795 161.30014855144316 368.9068814662126 1.5 1.568724264204502 3.8799508035182955 -6.74732639561843 1.6205374203104908 6.828728277179346 3.097720015045029 0.9999221563339233 
Car -1.0 -1 -0.3432767763631499 763.9856928821791 176.4784289831114 979.9419080946865 250.19996347593522 1.5 1.6225813448429107 4.073132809996605 5.487093781326805 1.5827544480384979 15.579714016635737 -0.004648045697484694 0.9999070167541504 
Car -1.0 -1 -0.34639337365631095 760.9011997489008 176.82081646565172 937.4828814072109 241.2708346431137 1.5 1.6120929762721061 3.8039761155843737 5.750651590259491 1.602824302661735 17.766208898136252 -0.0333514968541009 0.9998481273651123 
Car -1.0 -1 2.659123391246075 813.4592871390172 175.51576410641832 1072.254099012482 267.53390635844175 1.5 1.5157104030251503 3.875638034939766 5.686221453423471 1.5503875643586014 12.684398247965024 3.0805499434431614 0.9995560050010681 
Car -1.0 -1 3.3738390965271754 376.1945971450914 181.4108797027688 492.33125987127704 221.99879901493836 1.5 1.6127998501062393 4.091228035092354 -6.755061672241505 1.840097998393944 27.826547843661633 3.1356898426970066 0.9993249177932739 
Car -1.0 -1 -0.6526889372761862 907.384140723144 174.00405142274235 1218.365383013511 294.9324718328747 1.5 1.558425699174404 3.380352121591568 6.0443063036406155 1.5176888586280637 9.917999886886939 -0.10536594788101741 0.9912944436073303 
Car -1.0 -1 -1.5994017883013922 622.4431735159432 179.52713290185375 649.1725417951977 204.49239491329308 1.5 1.598268423974514 3.4948723882436754 1.58261066931599 1.9423718474456684 46.03837554356023 -1.5650394177672011 0.9896831512451172 
Car -1.0 -1 -0.6492605163168944 972.0822307386202 172.18751907833771 1241.0 332.21825958673526 1.5 1.549905028939247 3.6297185838222505 5.949250281984654 1.4941108321296936 7.566184062807949 0.01706747611495427 0.9860324263572693 
Car -1.0 -1 -0.6022607522874479 902.7177358897493 174.2481360138706 1182.9369327759555 290.18217030458595 1.5 1.5048427999019622 3.1043490886688234 5.955283599562122 1.5217827954823264 10.219693825602198 -0.07463939587143488 0.9842367172241211 
Car -1.0 -1 -0.9256819569174328 863.6648184882993 174.78882338894297 1110.280428945339 282.69795602059077 1.5 1.6492290914058685 3.673505645990372 6.028233573110141 1.535647713244365 11.619900957710225 -0.44711931149033135 0.9708700180053711 
