Car -1.0 -1 -1.5498095928720166 594.3968274369097 179.3880393318227 636.5547401612105 219.40506937817892 1.5 1.616239783167839 3.559185054898262 0.21671025820046938 1.783241180694041 29.433583212740025 -1.5424470389869553 0.9999927282333374 
Car -1.0 -1 -1.2016284465906506 799.1854432850491 174.9490012690833 1044.0041603007862 314.4019555032285 1.5 1.6583307206630706 4.174204406142235 4.366140980813256 1.5350481686994526 9.882610183824662 -0.7856142083790643 0.9999861717224121 
Car -1.0 -1 -1.4056666160136606 967.3642434092062 172.22378810481135 1241.0 374.0 1.5 1.6292106851935386 3.9358126491308214 4.795100792473838 1.4962964084906436 6.608744106378659 -0.7779854694989068 0.9999016523361206 
Car -1.0 -1 -0.8893156096033012 693.9612213475887 177.57083556805767 828.5452790787263 236.59172556173192 1.5 1.5894419074058532 3.9832192033529283 4.311547734839563 1.646672471764266 20.506669079883753 -0.6820830265667779 0.9998399019241333 
Car -1.0 -1 -0.9897126642647198 715.6854991374682 177.00028188967067 872.7764944416613 250.23275935987255 1.5 1.656474781036377 3.987207126617432 4.358812821216827 1.6090146309233824 16.95166825110695 -0.7380330721524102 0.9997264742851257 
Car -1.0 -1 -1.063093369903748 735.8197158609416 176.33514946003234 922.9034788634389 272.04475213848866 1.5 1.6262218847870826 3.8896704584360124 4.115216424675908 1.5742480434899757 13.379294031361713 -0.7646961371090752 0.9997190833091736 
Car -1.0 -1 -0.8498807825193773 660.2968331511712 178.73680164773538 735.6942182111528 209.06689494615173 1.5 1.6433742389082908 4.175227370858193 4.6951181687966885 1.8302903190871407 38.46130772767246 -0.7284079949047906 0.9995427131652832 
Car -1.0 -1 -0.856800804247025 681.1544193103452 178.17323905039686 780.5361956865371 220.9979781360813 1.5 1.5832365050911903 3.8959658265113832 4.620335860068481 1.717358626433494 27.581405094413686 -0.6908255378392083 0.9990881681442261 
Car -1.0 -1 -0.7279542974769679 646.2439341825288 179.07668444393587 709.262982566293 204.56987470471776 1.5 1.5714429810643196 3.853553768992424 4.224543488406891 1.9045844215110792 45.09349306858072 -0.6345428387310845 0.9947602152824402 
Car -1.0 -1 1.78283779352884 495.11944340176257 180.7779601890169 529.9802025773372 204.80007313503623 1.5 1.5775179982185363 3.6364833384752275 -6.493277252940878 2.049892937055914 48.16248876181363 1.6488256335218967 0.9801543354988098 
