Car -1.0 -1 -1.062083341547441 93.829679250887 182.51022223049142 295.46713279869647 272.7395737899659 1.5 1.5901897594332695 4.064629462361336 -7.799568437734786 1.4561545352924525 13.979179231231669 -1.5710034503452504 1.0 
Car -1.0 -1 -1.3880291643333396 403.7067767608036 180.29857374641304 508.2173027509989 255.32587822587092 1.5 1.6082842394709587 4.037978735566139 -3.363542563821616 1.4028244854717495 16.402388349774224 -1.5902893664923055 0.9999998807907104 
Car -1.0 -1 -1.241573521208596 328.7513328443364 181.44689824744714 410.96946597342213 227.7303058597649 1.5 1.576811683177948 3.843005982041359 -8.2797997490031 1.3789880619421373 25.224511897561612 -1.5587368850272638 0.999998927116394 
Car -1.0 -1 -1.5580472600060826 558.483424434257 179.63470910767208 607.2185972525467 223.6814413734484 1.5 1.6600862637162208 3.820355844497681 -0.9319235432820202 1.3110720538790106 26.405066937674373 -1.593325977274452 0.9999812841415405 
Car -1.0 -1 -1.481362791731361 513.0764900864684 180.30840064327995 546.6801089678803 207.20378872612775 1.5 1.614008893072605 3.9009212076663973 -4.537283165787562 1.2274431329033146 42.052707218624484 -1.5888421601292235 0.9999426603317261 
Car -1.0 -1 -1.4324986254642968 481.1768341360657 180.37792251507074 531.1792476869304 218.69148028033044 1.5 1.5703607842326164 3.701850634813309 -4.210549841433484 1.3117292087715975 29.991739003626236 -1.5719773633780447 0.9979214072227478 
Car -1.0 -1 -1.1436954783976667 294.7297236045445 181.8953365444742 367.5397726423321 216.73398319882023 1.5 1.599787038564682 4.010707747936249 -12.634425238527387 1.358170909721868 32.99770110413448 -1.509363696971212 0.9967756867408752 
Car -1.0 -1 -1.1617872234610604 199.06345980544427 182.4985285203266 296.27853734941783 227.70368441383238 1.5 1.5996145576238632 4.192935538291931 -12.913173572735838 1.4109699088668868 25.98468252813533 -1.6229944984104974 0.9869520664215088 
Car -1.0 -1 -1.04306739181639 87.77529806928332 183.18382087911743 226.6264463185773 241.74037593396014 1.5 1.5809713423252105 3.89088713824749 -12.627926409789 1.4490820849392585 20.37674751996369 -1.5978625575688226 0.8277876377105713 
Car -1.0 -1 -1.410130949543705 418.86929122303206 181.0210593236929 462.2483880179725 211.26616191652192 1.5 1.6116286188364028 3.8896026581525804 -8.726268356407536 1.293098881855678 37.642221129835676 -1.637928434708391 0.5301569700241089 
