Car -1.0 -1 1.7145368127919298 455.1826676905504 180.14192041731098 531.9327513211927 236.70581944981186 1.5 1.6889704883098602 4.272046920657158 -3.4559956084498147 1.742584454479674 21.831778372730604 1.5575384338709968 1.0 
Car -1.0 -1 2.109773672869154 15.152367723968641 181.66250664284632 294.5870727627891 323.95400203660324 1.5 1.4994767054915428 3.520881247520447 -5.759738378461743 1.6389005610269631 9.583740802164535 1.568626089892115 0.9999992847442627 
Car -1.0 -1 1.6976594865403072 491.0150005965733 180.25638897864457 545.036966807389 222.30895561194285 1.5 1.609748651087284 4.097925361990929 -3.5997545027513818 1.8138642985985696 28.505909266138453 1.5720434069593967 0.9999969005584717 
Car -1.0 -1 1.7602516903074472 381.9881426461854 180.04670299641887 498.7972427380896 267.1421425276661 1.5 1.5823133781552314 3.9938157916069033 -3.3621667873141994 1.6678934017791438 14.780826879749634 1.5365893085810798 0.9999969005584717 
Cyclist -1.0 -1 -3.203017149264186 780.1326707607228 182.41805082290875 902.6750633365738 274.2855740243245 1.4 0.5803051896393299 1.834709060192108 3.628226633764198 1.5607815457647325 11.598720601085072 -2.899847463765417 0.9999924898147583 
Car -1.0 -1 1.9391230070052938 224.00769897926628 181.34230351689493 375.5904308052933 273.20830243527973 1.5 1.495067824423313 3.5143578916788103 -5.835444160766011 1.6846668827265303 13.885744291941505 1.541284962496485 0.999993085861206 
Car -1.0 -1 0.017984886010750753 612.8852922349466 179.55083434000704 677.3504576003525 202.94065020872694 1.5 1.6970014691352844 4.19247844517231 2.3050674359749803 1.953353178728927 47.8191841694379 0.06615142425033026 0.9999115467071533 
Car -1.0 -1 -0.11290826356064246 634.8569585982232 179.04588238198696 724.6671626645978 211.9328441778267 1.5 1.643010278046131 4.060795766115189 3.2086350802409824 1.8003148310421686 34.09107762499084 -0.019065217175756176 0.9998942613601685 
Cyclist -1.0 -1 -3.070964220294816 824.9528382558002 182.446045984717 950.7872882704285 290.129528570265 1.4 0.6279950521886348 1.6024625420570373 3.833310902413055 1.5430533473174506 10.10992686874327 -2.708548740544592 0.9992387294769287 
Car -1.0 -1 -3.8692600806654194 1127.0794277447462 172.2134065760446 1241.0 261.6115377911356 1.5 1.5561985343694686 3.7890272706747057 11.647648223316494 1.4896094251131948 12.895086783247603 -3.134645418324743 0.994088888168335 
