Car -1.0 -1 1.994838985013099 207.70923453371344 181.13969136026503 390.39831979139586 276.2354759811863 1.5 1.6212568178772926 4.140433904528618 -5.756597168333513 1.683321512435714 13.83672426239598 1.6005840182264865 0.9999996423721313 
Car -1.0 -1 -1.8093691059683557 725.2122846228838 176.8112614832365 863.6484828065367 271.55916938407006 1.5 1.5823586404323577 3.895484146475792 3.222247912779404 1.5853078181083193 13.53484402751973 -1.5756492782991869 0.9999991655349731 
Car -1.0 -1 -1.982351985308401 788.9257765453552 174.79110380666222 1103.5469208168538 355.9168655168437 1.5 1.571456205844879 3.941430759429932 3.2517904082942413 1.527200882521062 8.00553966723185 -1.5965186460551364 0.9999986886978149 
Car -1.0 -1 -1.742303905374538 666.131935002659 178.59093297105127 722.0055899184572 219.17283697840574 1.5 1.5898507580161094 3.8979324072599413 3.289697254474603 1.7485758205742885 29.22307333706571 -1.6302039297905309 0.9999992847442627 
Car -1.0 -1 -3.8165463516206586 1051.1959215892025 172.15488207216217 1241.0 293.8749883173326 1.5 1.6014772027730941 3.848034751415253 8.335554889432567 1.4917424010575782 9.751509737305218 -3.1092743436482295 0.999994158744812 
Car -1.0 -1 1.8575576332296635 351.83871375284264 181.07077210552657 443.1469836990192 243.1884134585557 1.5 1.465190064907074 3.4163384258747103 -5.708550222510389 1.742884057476164 19.583710815372463 1.573921906944138 0.9999899864196777 
Car -1.0 -1 2.308602771867614 0.0 181.96726350993362 176.98944274455795 374.0 1.5 1.610940557718277 4.122137886285782 -5.922504057146032 1.6073002982144333 6.395991120924982 1.5616227825495856 0.9999799728393555 
Car -1.0 -1 1.706502824377267 501.7902185569816 180.67181504117994 535.2922052511942 207.01448621138613 1.5 1.5565976992249488 3.573959928750992 -5.562011057704448 1.9959461363702133 43.94259153163688 1.5805978655775608 0.999714195728302 
Car -1.0 -1 1.8265319910377467 438.15056262611967 180.7330018737769 503.3236645076422 222.14243901012279 1.5 1.59922284334898 4.035688427090645 -5.548878766871775 1.8394843811583015 28.986970998312646 1.6373934626539768 0.9993898868560791 
Car -1.0 -1 -1.729233087398874 648.0063542749084 179.06039234234206 688.8555099564676 209.84941666899087 1.5 1.572645504772663 3.6013959467411043 2.9719441370786814 1.8411254818832719 37.75625283236554 -1.6506810943272454 0.998184859752655 
Car -1.0 -1 1.4113791001495826 681.6196940977668 178.18298727339587 750.4740255575781 229.65584727982562 1.5 1.593203891813755 3.846111756563187 3.2975954175252076 1.68724304628124 23.36327227482989 1.551597281298365 0.9883285760879517 
Car -1.0 -1 -0.28997110908504187 649.0276109877152 178.8878409862465 740.019012494054 209.55845098862315 1.5 1.5577795475721359 4.355466973781586 4.259078242836657 1.8183940064514463 36.8824525908742 -0.1750032464650018 0.5982720851898193 
