Pedestrian -1.0 -1 3.0794694110053316 293.0121990516161 161.34537520379533 352.91968013972405 282.4258281143941 1.8 0.7205228812992572 0.8230954900383949 -4.383585740321374 1.501686443021218 11.176598953989725 2.7056956171949924 0.9999988079071045 
Pedestrian -1.0 -1 -1.9463062483077684 846.1013169519749 149.1954217881878 939.9958550082052 302.84842504572515 1.8 0.7786830447614193 0.9445528991520404 3.5305563851650734 1.4229078722014354 8.885790884087042 -1.568107105153848 0.9999966621398926 
Pedestrian -1.0 -1 -1.0612952260370574 553.0816116297736 160.5446360873455 624.5113041936745 268.82514835064427 1.8 0.9277515605092048 0.9020460329949855 -0.2534680608232005 1.4529353574083237 12.554748903075929 -1.0814815024521691 0.9999951124191284 
Cyclist -1.0 -1 1.6696173796538192 504.93657443782814 183.89267322764854 537.8188155505057 248.9286397921337 1.4 0.5816856890916824 1.737125825881958 -1.8436164629443654 1.458725844929414 16.39682831208136 1.5576502521845954 0.9999895095825195 
Pedestrian -1.0 -1 -1.5635255542221493 539.4196780733787 171.00105985519244 560.2335091041359 222.11541313553204 1.8 0.7318520478904247 0.7867617093026638 -1.8673099969955376 1.4313378577914824 25.710063921636554 -1.636027784147535 0.9999750852584839 
Pedestrian -1.0 -1 2.461659236187562 443.51762241408534 162.70903746020926 513.201331730331 265.79485386222177 1.8 0.8194866150617599 0.9573525309562683 -2.293185750248245 1.4731640315939745 13.170422750471 2.2892711043318332 0.9999815225601196 
Pedestrian -1.0 -1 1.3247757280410783 743.870339228013 157.62509315834055 801.1762808525194 271.0434868954723 1.8 0.7179178789258003 0.9002326548099517 2.7636746877808536 1.4223905138990445 11.853820064370563 1.5538303097102302 0.9998109936714172 
Pedestrian -1.0 -1 -1.4938468341551006 532.3166324320263 171.17270598215984 553.6350687793279 221.74757215787452 1.8 0.714892105013132 0.7248707607388496 -2.126854257745186 1.4334984360837193 25.927686324598152 -1.5756938178699953 0.9995404481887817 
Pedestrian -1.0 -1 1.5941894436071664 746.5024467270845 158.12682469965196 786.528488340103 269.04688449144385 1.8 0.6371707215905189 0.7129132308065891 2.7388617790922054 1.4219938386417577 12.077851494782353 1.8171853899916233 0.9919723272323608 
Pedestrian -1.0 -1 2.2562438831837213 427.6759546213913 164.10599445469734 481.65896736939266 260.7493336755112 1.8 0.704827581346035 0.7533197782933712 -2.86828156883503 1.477295644420374 13.87355754342973 2.052371728416306 0.9788303971290588 
Pedestrian -1.0 -1 -1.5631107572287277 561.4725577489539 170.18839193301972 585.9158527621249 224.42754413696807 1.8 0.8110745370388031 0.9187372893095016 -0.9605431123998879 1.425693362916192 24.30834370138117 -1.6026051650431496 0.8885588645935059 
Cyclist -1.0 -1 2.215358689772583 0.0 205.58392874429018 169.36894041016788 373.0 1.4 0.6635013528168201 1.6893834367394447 -2.1149489547901847 1.5038803290285918 2.1728929625952444 1.4434732635829108 0.831425130367279 
Pedestrian -1.0 -1 -1.6641117367963931 551.0553225453797 170.235427179228 576.1859606166396 224.8290239814195 1.8 0.7547117330133915 0.9940763495862484 -1.3076879966558403 1.4296839843137605 24.228557864466193 -1.7180324206736428 0.798130452632904 
Pedestrian -1.0 -1 -1.6472345168381637 585.6499596650284 169.82247950677512 610.8331440785275 224.59457986855608 1.8 0.7688014328479766 1.0100020587444305 -0.1402108669981712 1.4173248235903475 24.139224340786612 -1.653042876222406 0.5837910771369934 
